33,
34,
42,
37,
34,
32,
34,
33,
40,
57,
39,
41,
40,
71,
73,
80,
107,
70,
37,
96,
63,
50,
116,
58,
115,
48,
45,
115,
117,
44,
127,
104,
74,
42,
40,
113,
128,
35,
135,
41,
101,
39,
42,
126,
137,
102,
36,
117,
151,
106,
34,
101,
41,
102,
145,
93,
113,
113,
139,
173,
108,
98,
65,
168,
167,
163,
160,
188,
175,
183,
172,
147,
163,
179,
138,
136,
161,
187,
156,
163,
200,
83,
160,
124,
108,
154,
188,
149,
135,
140,
176,
58,
176,
184,
135,
160,
171,
141,
158,
185,
104,
78,
50,
174,
148,
45,
51,
151,
166,
47,
112,
35,
204,
120,
161,
186,
160,
151,
170,
214,
170,
221,
136,
77,
140,
98,
34,
222,
208,
126,
122,
227,
163,
166,
172,
125,
187,
179,
154,
114,
180,
146,
222,
76,
126,
155,
218,
142,
215,
172,
212,
138,
227,
136,
186,
134,
211,
148,
134,
152,
190,
206,
190,
131,
167,
38,
232,
174,
227,
127,
37,
221,
216,
168,
159,
234,
220,
176,
37,
170,
141,
233,
190,
226,
201,
140,
247,
177,
41,
213,
173,
223,
133,
95,
44,
205,
85,
115,
113,
203,
107,
98,
140,
194,
41,
55,
136,
74,
167,
48,
93,
202,
75,
134,
153,
174,
65,
142,
37,
233,
228,
218,
143,
114,
227,
209,
106,
65,
293,
203,
188,
218,
140,
182,
80,
222,
40,
258,
204,
103,
112,
237,
194,
136,
56,
70,
182,
141,
194,
185,
40,
294,
208,
55,
231,
169,
146,
115,
179,
197,
208,
54,
191,
189,
53,
166,
78,
161,
197,
176,
171,
186,
302,
160,
54,
167,
202,
156,
121,
300,
167,
53,
128,
293,
56,
176,
246,
162,
129,
52,
48,
111,
155,
197,
167,
47,
144,
143,
283,
140,
243,
162,
38,
113,
201,
192,
164,
236,
205,
229,
268,
184,
275,
232,
163,
266,
40,
276,
229,
274,
263,
182,
179,
316,
212,
284,
181,
117,
258,
280,
192,
139,
160,
209,
182,
297,
303,
253,
185,
121,
37,
253,
216,
178,
231,
295,
234,
227,
192,
182,
176,
39,
190,
257,
129,
256,
187,
161,
162,
157,
118,
161,
36,
208,
235,
187,
122,
262,
241,
322,
39,
270,
140,
111,
34,
120,
108,
89,
40,
200,
93,
81,
40,
79,
95,
249,
237,
230,
161,
104,
228,
41,
216,
76,
211,
152,
157,
42,
133,
164,
208,
190,
119,
131,
187,
116,
209,
152,
162,
211,
241,
195,
187,
293,
175,
194,
165,
185,
180,
81,
65,
193,
162,
227,
63,
164,
157,
176,
198,
155,
152,
242,
167,
172,
54,
247,
121,
170,
283,
160,
47,
166,
133,
196,
175,
108,
139,
124,
343,
209,
118,
47,
113,
142,
56,
336,
136,
230,
117,
255,
158,
158,
242,
265,
221,
206,
121,
148,
131,
143,
208,
259,
190,
41,
181,
37,
326,
322,
260,
179,
98,
260,
321,
286,
264,
172,
264,
149,
286,
192,
152,
214,
351,
255,
221,
317,
256,
156,
242,
182,
193,
36,
229,
162,
140,
349,
144,
231,
169,
285,
215,
147,
33,
281,
325,
217,
280,
215,
163,
267,
349,
241,
182,
241,
272,
244,
179,
176,
187,
256,
229,
303,
183,
141,
34,
226,
232,
169,
230,
263,
189,
353,
142,
169,
187,
276,
392,
190,
142,
326,
112,
148,
206,
200,
211,
99,
276,
233,
226,
240,
107,
109,
81,
154,
91,
85,
189,
79,
238,
80,
52,
40,
126,
121,
59,
42,
170,
118,
89,
154,
44,
153,
180,
170,
238,
215,
137,
164,
120,
244,
162,
113,
185,
198,
236,
174,
126,
63,
245,
183,
173,
168,
122,
189,
56,
117,
188,
112,
126,
175,
225,
224,
235,
53,
117,
48,
233,
160,
182,
324,
281,
139,
172,
218,
166,
238,
106,
99,
212,
117,
292,
37,
37,
302,
94,
192,
153,
136,
193,
184,
381,
386,
150,
146,
189,
243,
122,
205,
172,
376,
191,
110,
358,
211,
183,
212,
225,
152,
370,
143,
103,
200,
153,
34,
260,
161,
347,
121,
367,
179,
184,
221,
346,
236,
269,
167,
136,
405,
235,
253,
226,
147,
217,
162,
207,
392,
371,
167,
265,
150,
216,
245,
35,
331,
186,
163,
298,
220,
402,
267,
283,
41,
281,
169,
324,
37,
371,
358,
273,
383,
316,
191,
298,
216,
328,
369,
187,
264,
192,
235,
261,
270,
262,
358,
235,
138,
36,
215,
256,
208,
35,
235,
265,
347,
208,
35,
393,
179,
155,
86,
368,
177,
161,
128,
223,
89,
293,
128,
123,
62,
128,
47,
353,
184,
433,
39,
145,
76,
48,
161,
42,
143,
41,
182,
122,
195,
234,
195,
227,
186,
200,
193,
177,
197,
182,
112,
145,
144,
186,
55,
165,
176,
111,
234,
148,
252,
199,
71,
211,
152,
51,
225,
169,
127,
223,
163,
243,
199,
211,
166,
200,
223,
45,
176,
242,
139,
227,
159,
218,
107,
45,
116,
222,
165,
226,
141,
199,
180,
107,
72,
137,
158,
211,
251,
131,
38,
394,
224,
90,
143,
143,
172,
136,
37,
126,
422,
184,
199,
42,
293,
386,
280,
180,
40,
261,
138,
437,
252,
277,
162,
443,
261,
36,
415,
246,
287,
249,
173,
254,
168,
236,
108,
304,
115,
228,
409,
261,
220,
379,
162,
347,
164,
228,
157,
417,
36,
141,
388,
200,
245,
142,
217,
299,
284,
288,
382,
271,
440,
226,
243,
334,
294,
240,
287,
230,
398,
238,
259,
254,
304,
205,
281,
320,
259,
277,
226,
215,
292,
325,
222,
311,
238,
433,
293,
270,
271,
242,
454,
390,
199,
340,
137,
250,
222,
200,
105,
381,
303,
201,
174,
253,
349,
131,
409,
108,
325,
124,
99,
107,
211,
42,
130,
323,
232,
89,
95,
242,
173,
122,
151,
80,
69,
170,
136,
121,
170,
75,
149,
196,
154,
208,
158,
132,
458,
206,
209,
231,
219,
76,
122,
110,
229,
224,
281,
170,
131,
216,
177,
76,
174,
214,
131,
116,
181,
208,
393,
334,
243,
224,
219,
240,
73,
283,
200,
213,
198,
69,
169,
284,
158,
120,
127,
177,
195,
191,
183,
149,
163,
260,
43,
315,
201,
158,
173,
186,
158,
102,
112,
201,
144,
242,
165,
127,
172,
191,
121,
190,
156,
185,
251,
208,
249,
188,
157,
197,
37,
233,
205,
121,
287,
211,
209,
396,
269,
145,
249,
222,
143,
174,
415,
211,
87,
261,
387,
147,
253,
183,
291,
154,
230,
177,
309,
226,
64,
187,
194,
126,
223,
224,
356,
43,
296,
209,
452,
210,
461,
153,
35,
149,
168,
173,
193,
142,
238,
128,
228,
324,
35,
194,
126,
331,
240,
379,
174,
171,
179,
297,
199,
290,
39,
398,
293,
38,
247,
161,
265,
259,
167,
271,
161,
284,
129,
218,
243,
399,
179,
460,
391,
428,
391,
241,
440,
153,
227,
162,
37,
412,
234,
220,
310,
132,
378,
182,
257,
94,
430,
76,
335,
374,
68,
417,
67,
481,
140,
309,
60,
245,
320,
448,
146,
133,
210,
359,
166,
147,
183,
176,
137,
145,
131,
116,
144,
107,
357,
236,
218,
206,
75,
198,
143,
216,
233,
74,
206,
203,
192,
245,
160,
212,
131,
197,
168,
189,
165,
237,
45,
179,
155,
154,
69,
153,
187,
164,
154,
65,
104,
116,
57,
181,
155,
108,
151,
58,
138,
137,
205,
54,
153,
153,
246,
157,
186,
194,
48,
169,
157,
201,
418,
146,
166,
167,
232,
237,
177,
119,
166,
39,
474,
168,
232,
300,
215,
149,
260,
543,
240,
204,
272,
351,
279,
364,
175,
154,
246,
200,
521,
157,
162,
414,
244,
260,
190,
155,
174,
203,
232,
41,
362,
166,
407,
544,
313,
112,
264,
199,
286,
328,
202,
441,
339,
45,
328,
174,
177,
41,
170,
417,
40,
320,
38,
260,
135,
218,
267,
445,
482,
178,
232,
120,
299,
292,
40,
478,
406,
230,
185,
227,
129,
192,
210,
41,
204,
170,
393,
305,
133,
221,
181,
39,
482,
420,
202,
96,
114,
157,
408,
226,
244,
415,
107,
113,
341,
388,
174,
46,
351,
144,
487,
117,
59,
429,
388,
307,
472,
371,
273,
128,
119,
105,
432,
119,
362,
39,
96,
173,
384,
146,
190,
401,
367,
132,
161,
120,
127,
113,
378,
159,
107,
127,
199,
138,
141,
112,
214,
66,
106,
240,
143,
229,
455,
148,
65,
218,
362,
220,
245,
233,
213,
169,
199,
203,
356,
212,
195,
178,
192,
169,
205,
221,
196,
447,
245,
193,
326,
420,
191,
40,
201,
180,
81,
50,
194,
382,
179,
108,
431,
139,
121,
384,
129,
103,
45,
449,
127,
169,
193,
169,
188,
434,
241,
231,
121,
200,
135,
397,
40,
259,
99,
376,
38,
195,
180,
166,
231,
152,
172,
191,
39,
207,
130,
223,
37,
258,
172,
200,
212,
211,
317,
160,
243,
198,
119,
260,
43,
247,
45,
254,
172,
38,
170,
296,
245,
386,
240,
243,
182,
235,
334,
303,
115,
379,
221,
189,
198,
270,
395,
177,
172,
136,
160,
387,
40,
283,
286,
238,
246,
368,
198,
375,
242,
289,
253,
153,
233,
174,
217,
139,
37,
114,
191,
219,
231,
107,
289,
105,
164,
38,
274,
162,
42,
257,
133,
216,
165,
126,
454,
43,
116,
38,
195,
355,
198,
112,
89,
132,
151,
349,
446,
37,
83,
481,
374,
44,
433,
381,
348,
157,
371,
260,
358,
434,
323,
100,
133,
310,
351,
428,
130,
100,
160,
420,
88,
329,
131,
122,
43,
360,
406,
160,
234,
210,
492,
133,
104,
145,
412,
247,
220,
229,
212,
239,
183,
67,
411,
145,
410,
61,
248,
180,
202,
222,
209,
231,
400,
204,
248,
208,
239,
188,
197,
225,
131,
171,
208,
398,
193,
45,
231,
160,
390,
207,
226,
127,
177,
170,
211,
145,
185,
194,
201,
135,
450,
107,
111,
118,
152,
168,
48,
384,
160,
418,
43,
197,
193,
192,
217,
80,
159,
176,
235,
37,
164,
379,
378,
185,
143,
253,
169,
118,
163,
144,
358,
180,
177,
387,
129,
229,
133,
221,
103,
114,
343,
398,
310,
333,
124,
251,
178,
109,
226,
342,
197,
445,
149,
278,
43,
263,
406,
191,
310,
237,
430,
251,
177,
136,
473,
219,
213,
305,
240,
404,
300,
279,
219,
208,
339,
37,
446,
110,
204,
257,
149,
137,
217,
420,
132,
38,
407,
202,
183,
187,
319,
179,
177,
39,
384,
162,
156,
253,
333,
151,
351,
37,
131,
287,
198,
192,
138,
340,
203,
381,
117,
39,
82,
168,
142,
327,
356,
145,
37,
320,
137,
44,
63,
331,
323,
62,
315,
142,
301,
295,
170,
363,
424,
357,
163,
573,
405,
125,
447,
45,
179,
370,
214,
115,
119,
44,
111,
230,
427,
207,
43,
223,
351,
222,
106,
229,
116,
165,
222,
198,
156,
57,
373,
234,
217,
209,
56,
234,
442,
143,
243,
195,
229,
205,
224,
188,
106,
292,
371,
221,
183,
192,
43,
173,
236,
238,
429,
165,
364,
199,
169,
185,
204,
47,
158,
117,
154,
109,
43,
220,
191,
36,
159,
150,
166,
328,
165,
253,
165,
453,
120,
137,
195,
135,
181,
216,
36,
224,
114,
35,
128,
196,
202,
228,
144,
302,
133,
117,
376,
512,
224,
194,
108,
200,
140,
489,
356,
152,
198,
379,
237,
122,
337,
168,
330,
151,
228,
185,
357,
136,
227,
169,
198,
158,
189,
120,
167,
141,
175,
163,
119,
145,
35,
152,
348,
377,
153,
217,
163,
153,
151,
321,
45,
313,
512,
169,
188,
520,
174,
190,
287,
35,
179,
150,
167,
208,
286,
253,
144,
131,
314,
535,
282,
140,
98,
206,
35,
190,
388,
147,
228,
148,
302,
209,
161,
164,
353,
299,
179,
99,
123,
297,
299,
111,
104,
300,
133,
102,
321,
240,
180,
317,
259,
348,
224,
350,
133,
389,
233,
283,
228,
78,
184,
86,
123,
196,
138,
313,
342,
355,
86,
213,
51,
310,
85,
204,
411,
394,
167,
309,
111,
44,
211,
41,
306,
40,
166,
661,
224,
459,
247,
194,
445,
218,
201,
189,
177,
116,
432,
156,
209,
221,
201,
164,
85,
226,
131,
259,
126,
86,
478,
167,
197,
143,
189,
208,
141,
193,
187,
39,
78,
77,
165,
63,
93,
139,
200,
176,
137,
367,
254,
62,
162,
511,
185,
137,
328,
160,
61,
234,
194,
60,
127,
116,
388,
163,
53,
199,
230,
140,
168,
111,
205,
38,
184,
117,
266,
158,
246,
225,
141,
163,
191,
240,
319,
165,
215,
522,
197,
168,
101,
208,
204,
51,
41,
177,
226,
352,
136,
273,
305,
367,
139,
109,
38,
193,
174,
395,
136,
245,
163,
42,
166,
174,
164,
175,
519,
245,
369,
231,
151,
564,
174,
181,
192,
35,
150,
149,
190,
184,
169,
173,
426,
115,
179,
264,
138,
190,
181,
159,
394,
263,
243,
153,
216,
161,
139,
371,
201,
315,
383,
313,
323,
340,
305,
164,
172,
338,
326,
243,
180,
386,
45,
318,
245,
377,
136,
119,
362,
113,
316,
399,
144,
307,
146,
107,
240,
47,
249,
300,
111,
407,
219,
44,
89,
83,
216,
57,
288,
49,
256,
358,
329,
385,
133,
375,
202,
167,
78,
358,
37,
268,
320,
158,
350,
198,
106,
352,
326,
208,
224,
149,
131,
509,
204,
223,
209,
230,
80,
198,
219,
746,
205,
267,
522,
79,
290,
178,
319,
42,
230,
233,
170,
289,
141,
98,
102,
195,
229,
139,
288,
173,
78,
190,
463,
120,
303,
205,
173,
185,
125,
73,
299,
171,
141,
72,
182,
170,
207,
236,
165,
147,
163,
126,
170,
61,
169,
305,
135,
158,
131,
181,
128,
69,
362,
57,
133,
135,
393,
209,
56,
293,
141,
49,
204,
369,
281,
120,
186,
233,
161,
315,
47,
172,
188,
272,
268,
209,
199,
214,
171,
208,
111,
266,
198,
182,
188,
180,
155,
149,
154,
187,
131,
201,
163,
181,
239,
221,
246,
410,
228,
211,
134,
320,
45,
294,
192,
209,
256,
458,
244,
315,
149,
196,
365,
260,
143,
160,
174,
157,
395,
610,
379,
183,
46,
274,
250,
49,
154,
201,
237,
150,
645,
432,
188,
329,
238,
198,
181,
121,
134,
323,
114,
39,
298,
197,
159,
330,
369,
306,
189,
38,
348,
187,
164,
247,
108,
141,
93,
102,
351,
166,
170,
242,
348,
170,
114,
339,
331,
114,
113,
193,
110,
42,
135,
78,
341,
329,
69,
140,
344,
107,
320,
206,
335,
296,
37,
65,
37,
305,
310,
248,
237,
415,
207,
316,
735,
320,
178,
662,
186,
167,
156,
134,
180,
138,
203,
44,
42,
204,
186,
214,
145,
133,
172,
191,
125,
303,
196,
199,
163,
73,
120,
183,
192,
206,
190,
328,
203,
169,
764,
106,
170,
154,
151,
164,
178,
307,
310,
76,
69,
120,
51,
170,
238,
153,
159,
50,
277,
694,
313,
121,
83,
612,
156,
171,
67,
277,
133,
142,
168,
195,
307,
173,
312,
111,
134,
453,
125,
58,
137,
143,
204,
42,
141,
222,
129,
255,
141,
39,
138,
145,
309,
141,
61,
200,
122,
39,
129,
161,
53,
168,
248,
168,
210,
177,
147,
160,
52,
204,
155,
407,
375,
48,
187,
45,
192,
181,
302,
687,
254,
45,
249,
264,
286,
159,
286,
359,
135,
223,
360,
209,
164,
322,
412,
320,
47,
45,
236,
210,
247,
348,
175,
325,
360,
239,
200,
232,
243,
49,
692,
332,
245,
356,
325,
359,
335,
324,
330,
48,
174,
372,
226,
165,
127,
96,
135,
331,
46,
331,
261,
309,
164,
37,
278,
134,
199,
93,
355,
43,
336,
176,
307,
191,
239,
128,
37,
287,
88,
265,
36,
283,
315,
86,
253,
86,
345,
129,
102,
112,
322,
262,
64,
313,
56,
261,
202,
313,
248,
796,
254,
185,
241,
177,
169,
181,
239,
145,
72,
183,
227,
238,
39,
163,
173,
56,
205,
226,
137,
198,
172,
307,
56,
201,
232,
202,
153,
170,
172,
41,
39,
126,
140,
210,
172,
188,
146,
104,
178,
377,
202,
57,
221,
201,
39,
286,
192,
178,
87,
50,
189,
182,
168,
83,
237,
166,
182,
176,
173,
44,
162,
43,
176,
249,
157,
127,
177,
162,
389,
33,
128,
94,
220,
231,
186,
46,
170,
176,
264,
691,
360,
254,
44,
137,
206,
360,
252,
195,
164,
172,
204,
386,
33,
380,
127,
150,
738,
164,
87,
335,
177,
146,
318,
302,
47,
334,
846,
255,
313,
286,
129,
160,
34,
153,
268,
252,
105,
268,
380,
318,
345,
164,
341,
233,
415,
363,
284,
328,
378,
223,
402,
420,
358,
342,
132,
330,
214,
272,
348,
278,
267,
340,
296,
294,
214,
235,
324,
244,
266,
308,
312,
197,
267,
208,
213,
342,
102,
296,
226,
110,
93,
279,
376,
121,
383,
176,
377,
39,
98,
117,
260,
380,
388,
259,
402,
365,
41,
70,
47,
152,
288,
365,
173,
242,
146,
254,
79,
188,
115,
242,
240,
151,
96,
177,
130,
360,
97,
38,
442,
217,
154,
168,
65,
222,
88,
213,
212,
754,
209,
212,
358,
362,
266,
234,
241,
177,
61,
212,
277,
154,
203,
183,
182,
215,
187,
60,
164,
269,
248,
129,
224,
171,
172,
166,
133,
287,
189,
875,
145,
180,
177,
150,
894,
250,
181,
132,
185,
261,
109,
314,
246,
152,
51,
241,
132,
158,
231,
144,
375,
211,
222,
190,
143,
151,
184,
154,
399,
369,
249,
153,
173,
376,
359,
118,
134,
222,
184,
47,
172,
144,
188,
387,
112,
46,
156,
396,
180,
147,
111,
151,
354,
151,
203,
82,
140,
44,
144,
284,
43,
120,
189,
239,
315,
365,
388,
215,
190,
298,
129,
142,
252,
373,
139,
382,
128,
45,
165,
278,
144,
334,
147,
341,
296,
420,
381,
280,
787,
412,
43,
242,
206,
117,
97,
256,
334,
333,
793,
288,
326,
118,
211,
258,
43,
249,
423,
293,
215,
236,
352,
790,
221,
201,
196,
288,
39,
128,
161,
300,
245,
258,
188,
264,
311,
46,
291,
222,
117,
267,
138,
169,
136,
296,
204,
373,
39,
86,
301,
296,
260,
373,
345,
41,
373,
385,
357,
270,
178,
256,
266,
45,
373,
52,
81,
51,
894,
230,
385,
240,
64,
366,
153,
81,
41,
146,
214,
932,
357,
48,
936,
124,
135,
272,
165,
271,
43,
238,
70,
142,
39,
212,
134,
354,
249,
38,
193,
368,
59,
188,
179,
174,
212,
126,
177,
222,
160,
170,
255,
146,
122,
170,
126,
174,
136,
157,
180,
145,
180,
339,
115,
58,
145,
370,
125,
183,
136,
40,
49,
215,
148,
142,
153,
245,
178,
49,
128,
196,
121,
113,
213,
44,
185,
229,
189,
151,
195,
208,
114,
202,
119,
189,
201,
175,
359,
193,
35,
227,
195,
325,
188,
116,
270,
168,
176,
159,
140,
245,
35,
159,
303,
405,
188,
413,
125,
121,
145,
166,
340,
275,
273,
388,
271,
252,
417,
324,
150,
173,
159,
133,
185,
257,
270,
158,
132,
401,
202,
145,
342,
259,
38,
838,
275,
130,
177,
218,
288,
826,
179,
181,
244,
871,
499,
39,
400,
158,
202,
41,
312,
305,
165,
230,
37,
466,
281,
252,
41,
790,
135,
234,
186,
443,
282,
411,
240,
297,
404,
467,
232,
263,
42,
189,
177,
36,
221,
263,
212,
109,
37,
319,
823,
192,
137,
368,
207,
39,
197,
200,
175,
108,
188,
37,
46,
186,
311,
189,
33,
42,
233,
388,
184,
867,
338,
121,
213,
241,
172,
41,
306,
170,
312,
828,
340,
238,
115,
405,
167,
272,
158,
404,
347,
155,
153,
117,
407,
140,
413,
257,
148,
227,
288,
155,
136,
196,
136,
261,
421,
152,
285,
236,
127,
430,
256,
44,
198,
125,
805,
208,
181,
405,
121,
168,
117,
262,
190,
73,
221,
186,
153,
162,
166,
52,
162,
161,
209,
161,
37,
108,
159,
132,
153,
50,
845,
263,
140,
34,
129,
399,
132,
147,
42,
192,
405,
121,
176,
194,
256,
164,
33,
99,
189,
234,
203,
159,
431,
329,
211,
174,
113,
229,
314,
403,
214,
254,
199,
161,
409,
193,
42,
243,
225,
408,
37,
258,
253,
151,
403,
41,
233,
37,
96,
821,
292,
223,
160,
272,
205,
192,
154,
395,
251,
368,
185,
1023,
167,
191,
164,
153,
99,
245,
399,
191,
178,
408,
184,
123,
212,
134,
126,
156,
37,
409,
384,
463,
188,
172,
242,
230,
427,
165,
363,
100,
532,
189,
135,
441,
41,
146,
37,
180,
362,
182,
382,
162,
195,
191,
188,
134,
151,
144,
140,
138,
206,
183,
431,
210,
458,
453,
145,
209,
152,
443,
286,
400,
113,
132,
44,
496,
137,
222,
371,
420,
225,
521,
389,
239,
155,
235,
109,
435,
157,
79,
376,
84,
169,
410,
51,
113,
42,
415,
402,
76,
316,
86,
400,
339,
387,
523,
387,
327,
392,
356,
45,
1059,
361,
172,
328,
290,
179,
152,
283,
153,
248,
194,
169,
207,
108,
364,
220,
203,
114,
167,
252,
195,
259,
333,
167,
152,
238,
227,
74,
216,
174,
44,
181,
194,
109,
143,
188,
73,
142,
392,
454,
158,
71,
135,
148,
148,
131,
191,
81,
62,
159,
161,
40,
260,
139,
429,
193,
193,
408,
122,
55,
178,
410,
106,
228,
186,
171,
196,
118,
184,
155,
40,
56,
187,
45,
176,
118,
417,
380,
918,
206,
161,
163,
209,
199,
58,
901,
147,
139,
134,
380,
231,
143,
174,
184,
186,
200,
188,
377,
141,
249,
208,
225,
181,
174,
397,
194,
236,
160,
366,
142,
391,
203,
179,
160,
148,
146,
196,
332,
394,
169,
222,
147,
224,
150,
179,
186,
162,
211,
197,
183,
213,
428,
145,
186,
418,
368,
193,
333,
415,
479,
375,
133,
421,
330,
342,
243,
132,
439,
451,
317,
110,
44,
469,
118,
123,
47,
262,
424,
174,
447,
78,
173,
111,
64,
192,
38,
46,
94,
429,
418,
40,
96,
443,
178,
123,
321,
416,
430,
181,
406,
378,
330,
1096,
179,
318,
174,
361,
339,
165,
203,
155,
147,
201,
274,
314,
132,
293,
129,
281,
102,
342,
275,
41,
1148,
95,
152,
409,
315,
272,
179,
116,
166,
200,
95,
406,
190,
187,
165,
87,
151,
173,
394,
155,
45,
112,
115,
87,
956,
182,
175,
406,
84,
204,
231,
261,
159,
110,
246,
458,
401,
82,
193,
184,
344,
191,
183,
170,
193,
220,
209,
343,
138,
131,
118,
315,
192,
150,
278,
208,
83,
187,
267,
225,
384,
134,
241,
152,
80,
195,
164,
182,
205,
247,
212,
201,
162,
380,
375,
133,
182,
240,
374,
329,
157,
259,
149,
116,
242,
212,
182,
177,
258,
164,
415,
172,
984,
456,
397,
280,
192,
138,
164,
385,
389,
38,
385,
231,
496,
370,
504,
451,
178,
157,
482,
443,
93,
179,
454,
133,
100,
461,
133,
125,
112,
392,
428,
46,
380,
45,
379,
121,
447,
113,
165,
144,
391,
435,
425,
373,
176,
331,
193,
64,
82,
325,
351,
504,
470,
69,
390,
344,
334,
443,
437,
277,
200,
466,
204,
188,
344,
164,
300,
305,
301,
304,
472,
180,
294,
163,
199,
139,
310,
270,
478,
280,
261,
241,
183,
215,
130,
253,
182,
321,
251,
289,
213,
194,
207,
129,
178,
243,
475,
211,
239,
182,
230,
155,
198,
381,
287,
331,
129,
234,
289,
146,
205,
195,
125,
225,
145,
115,
128,
198,
262,
210,
263,
204,
112,
235,
185,
145,
163,
252,
175,
126,
355,
224,
95,
385,
123,
217,
292,
183,
127,
151,
125,
141,
190,
402,
124,
176,
209,
220,
193,
159,
197,
205,
40,
235,
219,
164,
216,
118,
44,
246,
224,
150,
310,
320,
196,
229,
208,
275,
109,
243,
307,
135,
407,
40,
157,
225,
229,
219,
219,
183,
197,
212,
144,
108,
1058,
186,
154,
142,
219,
226,
200,
216,
311,
193,
205,
192,
98,
100,
411,
98,
448,
97,
498,
483,
455,
197,
96,
217,
449,
95,
446,
377,
74,
95,
313,
135,
85,
74,
126,
491,
284,
457,
84,
420,
125,
450,
84,
411,
202,
402,
83,
291,
167,
378,
101,
79,
393,
69,
58,
164,
77,
214,
196,
466,
383,
49,
42,
226,
376,
157,
242,
211,
362,
486,
177,
44,
236,
70,
74,
348,
532,
223,
468,
335,
241,
67,
36,
331,
219,
42,
175,
226,
199,
318,
192,
190,
522,
232,
176,
162,
252,
158,
253,
183,
487,
170,
169,
231,
223,
79,
206,
190,
174,
226,
169,
70,
204,
251,
240,
192,
473,
296,
247,
200,
93,
233,
75,
227,
523,
61,
520,
107,
221,
286,
61,
444,
1319,
186,
175,
45,
311,
56,
84,
187,
136,
274,
139,
284,
271,
123,
44,
130,
423,
155,
279,
184,
122,
144,
176,
415,
227,
126,
181,
118,
151,
408,
116,
120,
43,
40,
200,
172,
459,
59,
112,
460,
200,
437,
233,
54,
297,
243,
393,
400,
186,
276,
424,
203,
166,
179,
122,
280,
210,
1128,
167,
178,
447,
264,
199,
185,
212,
138,
252,
177,
177,
297,
124,
381,
303,
148,
266,
365,
120,
97,
351,
120,
184,
350,
430,
160,
188,
170,
412,
276,
56,
174,
44,
117,
431,
142,
319,
353,
312,
1131,
146,
444,
243,
120,
58,
429,
299,
465,
517,
58,
1316,
503,
185,
460,
542,
368,
414,
114,
218,
197,
177,
114,
57,
535,
519,
448,
266,
445,
94,
121,
528,
108,
528,
176,
430,
45,
522,
422,
82,
52,
111,
427,
188,
414,
322,
38,
299,
178,
399,
47,
329,
56,
237,
330,
414,
45,
442,
238,
245,
459,
164,
143,
406,
374,
253,
229,
239,
362,
214,
450,
205,
270,
203,
241,
314,
220,
81,
167,
282,
245,
162,
216,
214,
86,
202,
209,
251,
246,
126,
213,
146,
178,
140,
45,
321,
299,
101,
189,
107,
427,
101,
298,
423,
200,
91,
201,
80,
204,
420,
76,
417,
83,
110,
436,
183,
40,
159,
138,
110,
152,
170,
388,
168,
104,
73,
160,
132,
129,
209,
112,
176,
110,
1152,
414,
139,
201,
154,
244,
334,
297,
228,
214,
58,
211,
153,
122,
447,
168,
1396,
55,
188,
44,
131,
151,
174,
328,
188,
47,
206,
135,
273,
133,
165,
184,
158,
374,
169,
106,
158,
350,
195,
162,
251,
49,
411,
493,
343,
284,
438,
50,
331,
393,
513,
280,
522,
42,
1143,
51,
249,
497,
510,
257,
395,
485,
478,
299,
311,
328,
274,
234,
340,
446,
497,
514,
308,
444,
456,
572,
86,
286,
465,
310,
127,
134,
405,
299,
314,
118,
449,
47,
575,
106,
194,
59,
560,
40,
428,
120,
104,
398,
341,
469,
41,
345,
40,
431,
139,
318,
553,
37,
227,
323,
240,
77,
1438,
520,
251,
244,
175,
217,
237,
78,
222,
216,
212,
1412,
471,
222,
242,
244,
232,
241,
69,
169,
218,
205,
523,
427,
240,
68,
46,
211,
199,
241,
159,
182,
184,
245,
178,
403,
128,
61,
182,
176,
283,
183,
255,
523,
41,
270,
174,
111,
93,
345,
162,
169,
423,
173,
247,
196,
280,
162,
1431,
238,
165,
334,
382,
154,
81,
195,
147,
153,
162,
313,
155,
508,
50,
125,
132,
146,
122,
132,
168,
494,
438,
137,
189,
126,
140,
168,
105,
173,
267,
182,
145,
435,
152,
471,
171,
251,
227,
134,
43,
44,
189,
468,
205,
129,
151,
202,
494,
40,
197,
150,
35,
283,
392,
1204,
328,
124,
34,
184,
157,
225,
389,
130,
232,
476,
196,
150,
149,
223,
391,
123,
475,
231,
98,
358,
403,
176,
247,
92,
401,
348,
214,
210,
204,
337,
505,
149,
354,
501,
179,
195,
337,
41,
478,
204,
178,
39,
463,
382,
338,
157,
39,
440,
469,
43,
391,
185,
370,
432,
278,
128,
311,
145,
39,
321,
542,
545,
353,
120,
117,
1326,
39,
332,
40,
410,
410,
126,
1235,
36,
164,
299,
326,
532,
293,
410,
280,
238,
438,
379,
211,
281,
121,
398,
422,
265,
573,
484,
184,
336,
49,
179,
238,
296,
41,
468,
175,
444,
460,
82,
93,
1464,
458,
422,
334,
193,
323,
191,
181,
64,
313,
392,
190,
187,
441,
155,
173,
356,
155,
450,
130,
55,
343,
140,
382,
512,
333,
213,
144,
130,
136,
124,
129,
469,
121,
217,
227,
159,
137,
194,
104,
197,
312,
455,
214,
103,
122,
456,
48,
119,
101,
218,
440,
245,
99,
230,
173,
198,
224,
197,
48,
404,
180,
406,
122,
175,
487,
179,
158,
199,
185,
70,
154,
44,
403,
202,
154,
433,
129,
264,
110,
43,
161,
42,
224,
40,
151,
148,
144,
40,
167,
205,
48,
121,
40,
38,
158,
37,
196,
141,
56,
293,
213,
143,
107,
164,
120,
435,
236,
178,
177,
324,
140,
39,
385,
44,
312,
278,
159,
384,
1207,
153,
137,
277,
198,
145,
41,
151,
172,
136,
160,
288,
147,
41,
195,
398,
401,
144,
126,
183,
269,
141,
153,
216,
352,
153,
198,
389,
194,
44,
245,
311,
205,
218,
152,
149,
541,
319,
210,
130,
537,
161,
248,
314,
41,
36,
268,
493,
531,
356,
442,
1137,
289,
111,
480,
147,
503,
342,
493,
174,
460,
302,
285,
498,
435,
301,
270,
37,
434,
111,
283,
526,
153,
208,
342,
129,
147,
436,
244,
488,
188,
44,
278,
44,
292,
37,
419,
128,
284,
263,
320,
512,
212,
38,
291,
454,
167,
294,
323,
87,
89,
391,
229,
189,
379,
244,
237,
182,
416,
332,
40,
362,
416,
352,
510,
66,
155,
154,
154,
241,
137,
352,
519,
163,
161,
111,
156,
501,
131,
119,
449,
122,
111,
102,
106,
294,
136,
252,
257,
499,
262,
234,
176,
225,
453,
310,
172,
293,
462,
241,
245,
165,
231,
456,
143,
160,
154,
62,
488,
152,
252,
107,
147,
150,
250,
450,
140,
148,
150,
161,
417,
143,
173,
130,
440,
142,
121,
141,
468,
80,
285,
159,
536,
286,
1277,
205,
132,
299,
487,
249,
300,
114,
350,
286,
460,
465,
343,
481,
257,
106,
128,
467,
42,
208,
158,
165,
256,
145,
39,
326,
145,
247,
324,
132,
198,
244,
1338,
277,
160,
186,
234,
320,
158,
40,
142,
417,
138,
132,
188,
437,
448,
482,
507,
179,
254,
236,
138,
217,
225,
160,
205,
500,
499,
202,
261,
416,
342,
224,
221,
204,
510,
226,
1218,
287,
171,
479,
235,
138,
321,
193,
215,
24,
279,
399,
408,
211,
121,
147,
581,
40,
274,
446,
201,
400,
163,
499,
250,
113,
180,
1222,
137,
267,
245,
122,
430,
283,
42,
207,
124,
192,
463,
531,
396,
176,
418,
164,
263,
390,
419,
189,
479,
490,
430,
1632,
140,
126,
465,
78,
544,
68,
200,
204,
62,
143,
172,
274,
376,
122,
104,
498,
215,
416,
182,
159,
95,
491,
143,
79,
533,
332,
180,
234,
493,
181,
313,
173,
177,
141,
509,
261,
145,
190,
435,
307,
152,
159,
278,
183,
185,
157,
481,
168,
270,
157,
163,
102,
100,
298,
264,
157,
171,
156,
361,
154,
134,
462,
150,
97,
141,
313,
101,
155,
77,
153,
326,
211,
322,
133,
78,
237,
307,
267,
191,
283,
129,
209,
42,
184,
246,
355,
124,
198,
296,
204,
44,
419,
152,
135,
41,
149,
82,
254,
179,
191,
174,
172,
193,
150,
280,
298,
141,
83,
204,
165,
128,
224,
196,
221,
249,
257,
154,
118,
487,
190,
148,
127,
165,
300,
472,
172,
134,
151,
1252,
149,
80,
198,
521,
123,
377,
200,
80,
135,
175,
190,
181,
242,
263,
146,
142,
195,
207,
178,
522,
244,
81,
131,
273,
232,
283,
113,
161,
486,
196,
240,
127,
294,
164,
82,
155,
264,
496,
126,
201,
546,
81,
156,
133,
201,
526,
41,
519,
483,
421,
124,
504,
150,
304,
199,
517,
140,
511,
452,
121,
114,
102,
307,
507,
340,
40,
505,
130,
332,
269,
402,
474,
486,
111,
41,
474,
99,
168,
139,
136,
94,
52,
250,
119,
472,
1166,
175,
487,
552,
494,
95,
188,
42,
493,
133,
317,
153,
465,
81,
443,
87,
358,
139,
351,
440,
161,
191,
275,
267,
468,
266,
465,
264,
183,
311,
39,
188,
1732,
118,
327,
171,
334,
322,
312,
307,
462,
220,
296,
298,
217,
207,
225,
114,
78,
229,
165,
213,
222,
175,
205,
328,
221,
104,
195,
172,
286,
181,
347,
215,
100,
287,
191,
126,
477,
96,
223,
147,
175,
195,
155,
40,
93,
282,
208,
471,
135,
472,
121,
170,
154,
86,
243,
293,
470,
480,
244,
136,
237,
130,
177,
191,
471,
169,
40,
445,
211,
218,
88,
279,
347,
215,
169,
184,
473,
39,
414,
137,
83,
239,
133,
132,
1210,
259,
113,
201,
150,
487,
143,
178,
129,
294,
178,
259,
168,
85,
256,
200,
216,
228,
177,
255,
143,
232,
264,
293,
266,
179,
441,
165,
273,
271,
232,
178,
422,
214,
249,
187,
188,
231,
130,
208,
495,
166,
452,
244,
520,
262,
43,
449,
307,
175,
468,
453,
377,
1219,
138,
444,
577,
425,
182,
202,
110,
187,
41,
144,
113,
125,
332,
41,
452,
234,
459,
409,
263,
172,
373,
172,
168,
125,
484,
87,
188,
160,
471,
148,
225,
42,
463,
221,
230,
543,
488,
587,
457,
223,
472,
42,
201,
386,
216,
472,
232,
169,
215,
228,
202,
230,
271,
269,
305,
209,
118,
250,
314,
248,
255,
38,
237,
220,
214,
1822,
335,
201,
130,
476,
506,
335,
40,
130,
535,
94,
289,
99,
195,
456,
202,
461,
303,
323,
142,
309,
185,
162,
112,
208,
201,
471,
41,
1207,
209,
137,
121,
204,
128,
1297,
195,
449,
225,
136,
256,
42,
480,
1336,
468,
233,
435,
117,
146,
136,
157,
113,
217,
46,
235,
231,
261,
140,
197,
160,
147,
162,
195,
102,
144,
227,
180,
145,
336,
174,
168,
176,
1300,
185,
290,
129,
144,
434,
254,
152,
120,
173,
218,
482,
173,
128,
285,
291,
130,
182,
160,
133,
478,
493,
126,
40,
111,
434,
143,
165,
486,
1268,
475,
365,
188,
492,
361,
455,
117,
46,
343,
397,
381,
109,
286,
252,
133,
127,
517,
99,
89,
464,
79,
426,
58,
105,
468,
357,
178,
480,
86,
338,
154,
244,
77,
209,
268,
545,
44,
277,
261,
543,
261,
461,
281,
268,
439,
252,
394,
247,
426,
232,
235,
387,
263,
222,
227,
177,
312,
275,
221,
1876,
281,
293,
208,
78,
482,
275,
241,
231,
383,
330,
259,
221,
42,
272,
340,
332,
291,
288,
261,
40,
479,
434,
253,
233,
132,
273,
245,
222,
143,
322,
285,
262,
148,
229,
259,
361,
441,
175,
272,
352,
291,
135,
113,
378,
161,
274,
152,
178,
237,
102,
122,
146,
327,
432,
225,
222,
117,
411,
243,
323,
220,
377,
289,
110,
44,
219,
164,
125,
261,
139,
507,
155,
175,
253,
547,
190,
147,
134,
163,
234,
230,
128,
229,
261,
133,
236,
288,
268,
111,
222,
507,
314,
220,
41,
133,
202,
243,
267,
253,
167,
143,
210,
496,
117,
152,
156,
253,
251,
1302,
183,
255,
291,
123,
145,
1902,
183,
423,
230,
100,
507,
139,
171,
287,
99,
51,
140,
192,
491,
136,
261,
280,
95,
118,
207,
192,
108,
267,
257,
123,
505,
480,
43,
102,
502,
41,
424,
464,
250,
424,
484,
386,
475,
446,
297,
407,
355,
123,
93,
396,
426,
147,
348,
75,
201,
38,
381,
468,
282,
594,
409,
219,
40,
303,
482,
512,
250,
407,
283,
497,
431,
207,
480,
60,
247,
90,
1938,
282,
271,
277,
601,
282,
566,
383,
277,
267,
276,
297,
274,
292,
481,
269,
236,
273,
277,
71,
262,
293,
241,
359,
232,
297,
270,
216,
301,
222,
479,
252,
276,
164,
270,
377,
294,
240,
157,
247,
182,
51,
281,
332,
243,
273,
279,
241,
211,
217,
295,
238,
248,
163,
313,
109,
162,
244,
236,
311,
38,
394,
263,
429,
233,
100,
155,
232,
374,
290,
226,
283,
414,
251,
86,
255,
132,
187,
125,
165,
224,
367,
426,
124,
180,
116,
141,
284,
211,
202,
284,
418,
162,
430,
122,
171,
163,
106,
189,
273,
173,
363,
210,
268,
342,
406,
136,
141,
167,
167,
355,
308,
312,
121,
310,
152,
155,
343,
139,
303,
124,
260,
450,
255,
278,
93,
122,
170,
291,
264,
255,
151,
296,
228,
118,
101,
341,
173,
232,
158,
183,
91,
162,
194,
417,
183,
294,
90,
1351,
121,
162,
139,
193,
192,
467,
119,
459,
111,
430,
47,
126,
445,
42,
415,
418,
393,
438,
131,
580,
382,
391,
72,
474,
159,
98,
43,
89,
533,
425,
1990,
317,
436,
1426,
85,
310,
49,
273,
75,
316,
597,
62,
322,
277,
163,
225,
428,
275,
241,
274,
51,
575,
163,
267,
503,
47,
45,
476,
281,
222,
39,
236,
273,
253,
268,
464,
300,
213,
229,
221,
498,
242,
268,
236,
71,
208,
354,
477,
226,
231,
252,
190,
43,
373,
237,
212,
133,
225,
134,
201,
292,
200,
245,
488,
207,
254,
206,
245,
182,
160,
237,
265,
172,
221,
202,
555,
303,
231,
218,
134,
237,
298,
201,
170,
184,
230,
156,
531,
237,
186,
41,
226,
421,
130,
216,
126,
374,
123,
222,
183,
343,
249,
181,
103,
291,
315,
167,
200,
137,
210,
149,
46,
447,
138,
285,
87,
122,
520,
258,
178,
121,
363,
317,
134,
232,
160,
362,
175,
215,
116,
131,
148,
242,
230,
123,
149,
327,
342,
452,
83,
301,
140,
338,
185,
319,
292,
122,
270,
237,
150,
159,
159,
195,
182,
381,
376,
163,
220,
1488,
240,
147,
246,
143,
166,
192,
157,
184,
93,
254,
280,
156,
159,
318,
175,
141,
335,
273,
152,
132,
297,
126,
158,
154,
147,
90,
369,
127,
152,
450,
150,
376,
92,
52,
37,
479,
121,
371,
91,
44,
49,
363,
89,
361,
445,
132,
444,
40,
89,
463,
113,
367,
359,
111,
414,
375,
418,
445,
109,
345,
344,
114,
456,
339,
445,
222,
440,
310,
63,
135,
170,
279,
328,
459,
224,
462,
314,
371,
215,
450,
492,
273,
156,
202,
491,
266,
274,
74,
233,
39,
522,
467,
235,
144,
227,
249,
230,
38,
41,
468,
223,
233,
279,
232,
228,
219,
239,
240,
469,
308,
180,
128,
439,
193,
194,
237,
45,
440,
277,
210,
500,
248,
242,
1456,
231,
415,
224,
114,
262,
287,
154,
213,
125,
192,
183,
372,
152,
138,
227,
291,
197,
102,
431,
226,
430,
138,
137,
282,
95,
135,
156,
189,
137,
221,
198,
398,
327,
179,
206,
225,
99,
111,
113,
368,
285,
221,
245,
219,
128,
161,
252,
107,
193,
214,
206,
101,
259,
101,
155,
114,
160,
244,
222,
85,
120,
36,
78,
425,
154,
103,
185,
343,
479,
465,
73,
304,
1473,
199,
213,
106,
148,
437,
147,
171,
453,
157,
350,
152,
71,
171,
169,
179,
431,
444,
400,
149,
165,
215,
363,
141,
229,
73,
445,
125,
230,
177,
322,
174,
387,
245,
370,
357,
42,
126,
94,
39,
353,
137,
104,
204,
446,
75,
127,
307,
311,
159,
317,
305,
342,
302,
234,
209,
287,
116,
343,
464,
77,
348,
166,
42,
230,
411,
365,
371,
155,
254,
423,
465,
332,
184,
271,
1451,
265,
127,
454,
452,
47,
221,
414,
414,
238,
453,
310,
162,
227,
131,
187,
135,
122,
286,
52,
477,
46,
109,
112,
113,
452,
491,
294,
131,
470,
205,
272,
227,
446,
275,
83,
315,
47,
416,
401,
41,
198,
305,
480,
229,
43,
241,
252,
286,
199,
475,
37,
226,
93,
189,
213,
170,
473,
199,
310,
181,
231,
268,
204,
282,
172,
406,
209,
164,
480,
243,
421,
199,
2175,
242,
183,
133,
113,
197,
169,
243,
167,
110,
225,
409,
193,
147,
254,
110,
88,
136,
163,
437,
109,
140,
466,
82,
150,
208,
182,
403,
268,
191,
175,
100,
36,
206,
109,
155,
465,
250,
118,
94,
181,
109,
134,
135,
267,
106,
228,
176,
367,
418,
86,
206,
231,
84,
239,
208,
119,
46,
169,
498,
43,
445,
174,
129,
160,
192,
2196,
340,
422,
172,
172,
191,
166,
400,
158,
185,
185,
182,
129,
403,
279,
145,
435,
182,
425,
204,
240,
176,
297,
462,
264,
385,
137,
124,
389,
125,
381,
1494,
42,
470,
460,
386,
68,
345,
352,
376,
185,
473,
166,
166,
286,
402,
67,
468,
200,
1414,
373,
408,
384,
197,
347,
458,
386,
236,
358,
146,
466,
390,
40,
565,
432,
413,
423,
336,
286,
549,
336,
426,
471,
153,
382,
89,
119,
115,
454,
85,
436,
79,
373,
229,
87,
185,
173,
193,
226,
468,
373,
225,
37,
212,
119,
226,
221,
251,
136,
234,
2113,
208,
421,
227,
184,
153,
150,
173,
206,
419,
288,
42,
224,
205,
153,
135,
211,
222,
152,
38,
238,
175,
77,
146,
181,
97,
199,
172,
207,
177,
205,
211,
488,
152,
146,
162,
98,
112,
116,
174,
176,
224,
133,
146,
97,
210,
144,
235,
168,
236,
288,
143,
41,
85,
245,
306,
198,
124,
89,
187,
278,
206,
142,
241,
505,
210,
71,
134,
493,
174,
175,
212,
103,
111,
192,
195,
71,
153,
442,
42,
203,
278,
243,
70,
187,
163,
438,
146,
42,
164,
207,
160,
53,
65,
189,
114,
489,
64,
106,
121,
130,
175,
118,
43,
57,
176,
399,
1389,
482,
204,
154,
181,
174,
366,
123,
182,
194,
372,
432,
140,
458,
133,
184,
365,
169,
173,
192,
140,
199,
388,
399,
126,
55,
259,
181,
481,
133,
409,
159,
259,
292,
180,
43,
193,
458,
224,
254,
376,
331,
396,
109,
50,
368,
101,
342,
359,
38,
247,
125,
329,
473,
418,
210,
415,
310,
302,
323,
335,
337,
396,
145,
389,
117,
289,
171,
1239,
415,
354,
352,
454,
36,
203,
434,
303,
327,
364,
419,
320,
1244,
38,
616,
316,
444,
284,
189,
281,
190,
398,
386,
277,
392,
280,
388,
200,
181,
2063,
179,
191,
171,
533,
69,
157,
388,
170,
145,
134,
248,
157,
41,
376,
412,
38,
323,
120,
201,
144,
79,
2157,
204,
212,
238,
475,
249,
495,
77,
205,
45,
191,
202,
383,
215,
320,
123,
88,
38,
181,
223,
336,
132,
545,
78,
77,
134,
118,
163,
282,
200,
355,
179,
72,
499,
147,
261,
174,
216,
232,
74,
184,
79,
171,
126,
493,
248,
143,
68,
182,
155,
169,
137,
474,
188,
296,
139,
69,
121,
466,
216,
170,
68,
436,
163,
146,
188,
45,
133,
204,
61,
240,
189,
473,
473,
137,
175,
139,
58,
373,
146,
57,
180,
172,
410,
363,
221,
196,
163,
183,
40,
145,
180,
364,
269,
433,
52,
164,
170,
370,
145,
259,
351,
445,
191,
407,
120,
159,
185,
180,
398,
457,
345,
207,
444,
51,
311,
370,
166,
422,
310,
1579,
339,
1410,
1309,
388,
343,
344,
380,
129,
1451,
277,
283,
385,
332,
396,
38,
380,
339,
143,
193,
322,
40,
109,
111,
130,
471,
288,
284,
143,
279,
426,
101,
386,
2096,
87,
38,
457,
81,
404,
169,
75,
281,
293,
406,
222,
422,
184,
203,
39,
182,
133,
533,
229,
327,
442,
193,
197,
180,
175,
503,
263,
173,
436,
151,
171,
250,
169,
165,
500,
413,
161,
165,
144,
43,
129,
462,
209,
148,
243,
139,
262,
281,
203,
495,
292,
201,
290,
150,
85,
262,
194,
537,
1580,
81,
210,
204,
2167,
202,
110,
213,
484,
192,
183,
81,
177,
196,
321,
168,
261,
194,
156,
40,
146,
81,
159,
493,
109,
80,
318,
100,
255,
295,
144,
506,
292,
139,
80,
106,
155,
287,
78,
410,
448,
242,
79,
179,
77,
154,
353,
238,
151,
202,
379,
217,
105,
128,
387,
384,
180,
100,
183,
34,
334,
187,
451,
233,
161,
381,
221,
70,
277,
501,
443,
130,
299,
156,
172,
289,
328,
445,
150,
443,
134,
363,
230,
72,
162,
360,
166,
199,
241,
345,
165,
118,
462,
287,
397,
190,
121,
269,
48,
392,
425,
270,
160,
146,
262,
387,
168,
368,
428,
418,
154,
343,
138,
419,
40,
200,
440,
113,
379,
425,
465,
334,
162,
432,
483,
133,
347,
429,
206,
433,
158,
413,
174,
397,
295,
155,
326,
111,
246,
132,
40,
376,
363,
420,
121,
394,
408,
196,
129,
389,
325,
430,
132,
393,
230,
388,
414,
438,
139,
256,
99,
427,
391,
283,
184,
421,
136,
454,
276,
191,
250,
151,
211,
431,
190,
411,
218,
367,
104,
39,
191,
46,
409,
38,
100,
461,
278,
165,
150,
460,
190,
164,
162,
298,
140,
378,
273,
138,
245,
392,
205,
202,
2175,
116,
161,
195,
284,
199,
115,
197,
211,
185,
310,
177,
359,
114,
192,
148,
109,
190,
169,
186,
182,
314,
145,
330,
403,
45,
114,
107,
150,
253,
324,
98,
383,
159,
49,
46,
94,
241,
117,
44,
124,
199,
42,
387,
40,
116,
112,
222,
103,
124,
368,
43,
388,
440,
200,
184,
331,
36,
107,
171,
100,
126,
90,
363,
386,
134,
241,
291,
324,
126,
413,
101,
195,
332,
587,
129,
117,
376,
109,
188,
189,
192,
96,
152,
193,
408,
139,
203,
410,
339,
493,
101,
158,
157,
2207,
92,
390,
153,
157,
368,
119,
200,
487,
127,
195,
465,
449,
313,
121,
156,
198,
145,
303,
374,
327,
160,
94,
182,
466,
496,
326,
161,
124,
123,
323,
176,
406,
95,
381,
447,
46,
375,
321,
402,
340,
354,
117,
192,
378,
399,
331,
278,
251,
153,
156,
341,
360,
451,
115,
392,
454,
357,
203,
282,
284,
210,
44,
357,
444,
40,
117,
375,
173,
439,
208,
75,
410,
419,
189,
50,
265,
262,
278,
44,
399,
256,
376,
245,
472,
129,
145,
430,
55,
414,
216,
41,
265,
410,
364,
216,
213,
260,
210,
139,
364,
395,
96,
309,
332,
395,
363,
214,
43,
192,
323,
238,
234,
41,
212,
326,
344,
207,
211,
202,
123,
216,
231,
44,
232,
390,
220,
177,
212,
195,
135,
184,
207,
260,
201,
201,
211,
131,
217,
190,
185,
2096,
146,
83,
189,
356,
123,
287,
121,
384,
328,
296,
350,
120,
161,
389,
336,
197,
240,
148,
38,
289,
199,
384,
94,
122,
200,
140,
243,
157,
103,
174,
364,
355,
123,
123,
223,
325,
359,
388,
125,
162,
347,
129,
123,
136,
80,
130,
163,
335,
41,
282,
375,
121,
490,
161,
182,
389,
361,
283,
124,
331,
194,
179,
368,
365,
154,
247,
320,
163,
331,
381,
115,
189,
2111,
148,
153,
123,
420,
2244,
137,
378,
128,
363,
150,
179,
426,
175,
163,
481,
90,
520,
122,
493,
156,
214,
264,
145,
305,
256,
151,
336,
209,
454,
45,
23,
301,
497,
433,
417,
148,
130,
278,
356,
189,
337,
123,
342,
412,
351,
393,
1450,
423,
172,
510,
316,
45,
420,
43,
410,
1504,
182,
418,
349,
136,
175,
113,
278,
134,
338,
44,
372,
127,
278,
412,
115,
345,
451,
161,
233,
352,
410,
340,
134,
165,
435,
371,
336,
287,
486,
37,
41,
336,
300,
257,
166,
241,
189,
474,
36,
237,
227,
308,
147,
381,
402,
217,
498,
252,
297,
222,
351,
242,
240,
40,
254,
249,
170,
391,
240,
387,
254,
228,
147,
241,
385,
207,
231,
211,
510,
364,
235,
174,
206,
248,
215,
165,
224,
140,
201,
217,
179,
141,
153,
2130,
230,
40,
347,
399,
128,
310,
353,
135,
190,
225,
131,
326,
151,
129,
355,
38,
127,
450,
168,
321,
160,
350,
527,
108,
528,
403,
129,
147,
207,
410,
368,
313,
118,
144,
157,
137,
163,
366,
127,
122,
1572,
128,
151,
390,
490,
131,
167,
189,
153,
125,
157,
193,
2200,
451,
423,
427,
204,
126,
179,
271,
429,
469,
152,
354,
124,
122,
149,
511,
165,
93,
160,
448,
123,
149,
48,
370,
527,
507,
215,
150,
147,
423,
344,
163,
340,
110,
271,
503,
109,
161,
251,
377,
291,
333,
47,
150,
196,
109,
419,
146,
346,
112,
139,
375,
415,
489,
218,
284,
413,
119,
1632,
324,
117,
484,
146,
261,
275,
325,
124,
125,
287,
215,
219,
179,
420,
349,
271,
246,
49,
331,
44,
311,
372,
181,
456,
319,
127,
275,
49,
376,
275,
304,
331,
380,
190,
345,
68,
42,
389,
57,
361,
38,
357,
42,
352,
289,
338,
226,
196,
141,
345,
403,
421,
272,
377,
207,
514,
167,
284,
401,
40,
289,
258,
242,
354,
139,
377,
329,
182,
242,
238,
176,
173,
278,
415,
138,
276,
234,
243,
253,
202,
279,
229,
251,
259,
245,
273,
492,
376,
239,
363,
243,
221,
228,
222,
136,
390,
214,
219,
223,
395,
241,
39,
136,
247,
37,
398,
162,
402,
201,
185,
345,
116,
396,
417,
277,
513,
146,
242,
592,
115,
452,
168,
348,
173,
39,
163,
103,
199,
133,
378,
146,
452,
467,
154,
372,
242,
203,
156,
146,
483,
368,
420,
142,
142,
382,
186,
381,
92,
159,
133,
181,
349,
335,
474,
186,
2202,
332,
335,
90,
178,
137,
523,
156,
379,
146,
490,
224,
323,
122,
133,
183,
273,
1755,
389,
89,
431,
321,
296,
523,
221,
211,
122,
233,
323,
484,
133,
398,
104,
512,
1583,
453,
156,
162,
390,
401,
41,
404,
361,
139,
208,
301,
124,
318,
209,
243,
335,
133,
318,
42,
357,
513,
142,
178,
295,
348,
497,
199,
40,
345,
505,
367,
288,
280,
146,
197,
372,
350,
285,
1548,
42,
378,
312,
281,
367,
225,
326,
391,
99,
174,
341,
382,
67,
62,
169,
138,
104,
358,
112,
42,
373,
268,
128,
373,
53,
214,
40,
270,
168,
247,
300,
154,
41,
380,
45,
280,
272,
269,
242,
151,
298,
125,
385,
234,
383,
379,
138,
169,
1449,
285,
353,
242,
371,
138,
281,
286,
287,
284,
335,
232,
43,
268,
148,
341,
242,
224,
221,
373,
333,
237,
305,
276,
381,
284,
173,
332,
272,
230,
169,
2181,
272,
132,
258,
237,
2222,
141,
2042,
516,
304,
425,
137,
253,
377,
1822,
93,
398,
343,
1866,
158,
148,
133,
306,
1689,
349,
251,
159,
289,
328,
438,
251,
171,
191,
83,
166,
406,
87,
282,
173,
134,
178,
352,
173,
130,
392,
357,
365,
168,
430,
131,
320,
134,
130,
130,
120,
1652,
188,
393,
143,
172,
172,
118,
326,
2153,
272,
135,
274,
121,
198,
119,
206,
169,
160,
154,
48,
119,
303,
121,
165,
385,
192,
278,
275,
383,
161,
147,
420,
296,
217,
159,
186,
392,
123,
214,
172,
36,
562,
347,
310,
364,
125,
523,
232,
193,
124,
366,
1407,
127,
322,
336,
291,
282,
336,
295,
43,
401,
180,
39,
291,
179,
146,
397,
261,
281,
1418,
41,
346,
290,
320,
224,
138,
387,
242,
248,
215,
299,
168,
170,
135,
388,
304,
393,
1685,
95,
125,
1378,
282,
413,
36,
1786,
330,
221,
133,
1348,
270,
133,
40,
131,
408,
414,
159,
1533,
216,
38,
48,
398,
130,
412,
80,
403,
183,
43,
387,
299,
131,
283,
288,
331,
247,
158,
255,
293,
222,
295,
175,
337,
123,
301,
186,
295,
257,
266,
46,
389,
221,
1499,
44,
151,
174,
1271,
229,
146,
43,
188,
127,
325,
342,
156,
256,
152,
317,
132,
39,
291,
427,
339,
187,
461,
45,
1365,
158,
1562,
432,
338,
140,
122,
280,
135,
336,
210,
149,
313,
339,
260,
269,
176,
107,
321,
118,
163,
218,
180,
236,
222,
297,
231,
130,
164,
105,
102,
209,
146,
500,
283,
42,
176,
136,
151,
238,
150,
164,
263,
144,
457,
324,
120,
367,
140,
253,
400,
171,
146,
1614,
164,
277,
171,
214,
166,
167,
149,
146,
139,
413,
225,
171,
335,
132,
277,
150,
140,
130,
334,
172,
128,
248,
384,
162,
192,
364,
167,
133,
146,
253,
133,
437,
294,
272,
141,
257,
398,
133,
298,
310,
165,
131,
217,
526,
1396,
112,
388,
421,
339,
301,
198,
243,
288,
204,
110,
1360,
533,
391,
156,
197,
359,
514,
124,
410,
283,
308,
436,
262,
117,
291,
406,
390,
256,
1459,
188,
329,
138,
219,
234,
176,
206,
47,
283,
171,
45,
401,
43,
120,
42,
89,
244,
188,
40,
266,
387,
435,
210,
71,
1435,
181,
161,
242,
158,
309,
38,
129,
150,
354,
405,
569,
146,
101,
138,
37,
238,
273,
1131,
412,
364,
128,
148,
135,
206,
1093,
293,
244,
196,
278,
139,
135,
38,
206,
1224,
243,
1050,
319,
408,
1103,
260,
296,
242,
309,
200,
195,
295,
204,
446,
187,
1367,
451,
452,
89,
112,
406,
1361,
100,
46,
296,
414,
194,
389,
252,
387,
450,
344,
378,
347,
233,
162,
144,
351,
340,
190,
157,
213,
337,
118,
226,
206,
192,
138,
347,
198,
329,
176,
139,
182,
162,
447,
140,
234,
127,
158,
257,
210,
135,
185,
164,
1161,
180,
39,
277,
321,
219,
451,
165,
194,
187,
132,
105,
169,
351,
195,
146,
188,
330,
1217,
282,
110,
166,
148,
308,
385,
171,
162,
224,
180,
82,
170,
196,
43,
146,
557,
181,
150,
124,
149,
246,
315,
97,
502,
177,
317,
289,
463,
129,
182,
155,
442,
105,
156,
142,
1321,
209,
136,
396,
261,
257,
172,
172,
535,
393,
1361,
161,
451,
282,
1060,
167,
141,
44,
141,
149,
319,
444,
214,
156,
136,
555,
120,
187,
189,
43,
113,
250,
41,
231,
177,
130,
162,
524,
417,
176,
393,
567,
85,
475,
442,
460,
178,
42,
85,
177,
82,
52,
148,
455,
323,
195,
144,
468,
367,
47,
87,
1089,
38,
285,
39,
470,
417,
338,
191,
513,
879,
216,
318,
312,
128,
316,
309,
134,
370,
132,
267,
215,
302,
311,
493,
310,
337,
214,
920,
296,
183,
287,
419,
271,
467,
916,
43,
167,
423,
143,
141,
176,
41,
137,
199,
292,
263,
398,
186,
494,
165,
915,
130,
390,
403,
1007,
425,
460,
204,
137,
185,
395,
98,
198,
407,
174,
401,
169,
128,
506,
379,
249,
140,
352,
350,
164,
167,
168,
255,
575,
133,
164,
203,
137,
166,
310,
129,
143,
448,
198,
44,
316,
128,
404,
287,
166,
171,
306,
184,
137,
191,
135,
440,
359,
231,
157,
108,
129,
168,
178,
42,
153,
181,
322,
368,
112,
179,
132,
169,
202,
121,
188,
164,
1173,
131,
202,
154,
45,
154,
122,
1075,
187,
225,
199,
144,
158,
190,
162,
251,
175,
41,
38,
519,
199,
112,
121,
129,
178,
405,
170,
140,
995,
399,
430,
134,
179,
236,
142,
179,
318,
127,
133,
120,
140,
45,
695,
254,
173,
44,
131,
192,
110,
130,
738,
600,
246,
316,
35,
134,
450,
794,
215,
617,
833,
193,
132,
104,
785,
442,
118,
286,
480,
315,
792,
431,
987,
158,
215,
144,
40,
128,
180,
282,
154,
457,
54,
44,
259,
150,
93,
116,
471,
213,
245,
323,
320,
337,
544,
216,
331,
176,
311,
418,
255,
335,
49,
515,
39,
300,
682,
163,
198,
216,
48,
280,
164,
38,
213,
180,
159,
425,
1045,
189,
644,
165,
120,
493,
130,
231,
91,
334,
423,
420,
136,
162,
124,
155,
573,
256,
584,
529,
145,
127,
224,
149,
400,
569,
174,
116,
167,
171,
135,
169,
109,
181,
127,
186,
46,
168,
109,
160,
246,
327,
144,
210,
192,
227,
44,
154,
125,
169,
102,
161,
181,
43,
575,
645,
142,
156,
39,
164,
123,
140,
144,
707,
207,
149,
618,
262,
202,
259,
175,
132,
175,
167,
759,
494,
584,
401,
145,
120,
291,
345,
192,
155,
191,
166,
333,
150,
417,
43,
561,
180,
154,
153,
268,
189,
112,
186,
115,
231,
127,
160,
157,
148,
452,
133,
132,
119,
198,
337,
139,
197,
141,
658,
975,
1043,
512,
162,
119,
510,
295,
1018,
40,
241,
248,
500,
504,
958,
513,
164,
43,
175,
145,
513,
187,
132,
513,
41,
515,
37,
172,
185,
435,
107,
568,
399,
211,
244,
49,
145,
315,
43,
41,
276,
134,
121,
114,
621,
366,
110,
214,
576,
538,
260,
206,
209,
234,
251,
89,
610,
427,
605,
154,
208,
187,
104,
332,
509,
414,
386,
335,
180,
470,
316,
313,
242,
574,
162,
202,
553,
427,
164,
72,
156,
254,
550,
154,
482,
434,
608,
420,
215,
390,
166,
430,
150,
419,
346,
550,
473,
183,
163,
161,
547,
352,
104,
162,
172,
179,
136,
170,
46,
339,
159,
140,
244,
156,
160,
171,
146,
484,
116,
146,
198,
173,
402,
268,
139,
124,
184,
167,
202,
155,
170,
46,
120,
155,
191,
115,
336,
150,
118,
284,
168,
499,
578,
42,
497,
538,
175,
418,
617,
220,
161,
244,
672,
417,
42,
146,
408,
418,
637,
319,
340,
180,
147,
242,
533,
183,
209,
163,
207,
198,
189,
167,
149,
305,
137,
208,
193,
162,
165,
150,
135,
148,
242,
163,
533,
144,
707,
149,
424,
600,
42,
497,
142,
592,
618,
533,
157,
596,
148,
169,
329,
150,
155,
537,
602,
534,
335,
253,
528,
150,
774,
169,
664,
259,
530,
540,
236,
170,
188,
297,
153,
254,
532,
212,
340,
188,
237,
274,
177,
45,
137,
41,
48,
156,
195,
113,
117,
258,
41,
119,
123,
311,
103,
342,
37,
275,
36,
127,
117,
257,
37,
178,
169,
313,
97,
311,
310,
664,
148,
40,
147,
562,
304,
364,
139,
290,
146,
165,
422,
251,
420,
285,
235,
467,
170,
248,
253,
146,
312,
115,
176,
397,
94,
230,
413,
156,
422,
419,
249,
619,
239,
144,
418,
337,
654,
260,
567,
416,
140,
44,
203,
164,
600,
651,
338,
616,
413,
201,
161,
133,
224,
148,
183,
134,
132,
351,
43,
86,
204,
41,
112,
151,
322,
104,
596,
40,
338,
87,
139,
595,
596,
316,
122,
424,
104,
189,
585,
205,
326,
212,
602,
364,
323,
167,
308,
499,
118,
407,
678,
168,
308,
216,
514,
438,
85,
337,
208,
189,
186,
185,
645,
530,
215,
316,
221,
189,
138,
179,
134,
40,
141,
200,
173,
167,
199,
525,
85,
161,
175,
208,
121,
203,
204,
135,
156,
158,
177,
176,
173,
174,
124,
121,
299,
42,
261,
345,
192,
87,
234,
267,
360,
315,
395,
200,
313,
511,
318,
261,
194,
327,
89,
159,
633,
471,
136,
171,
191,
216,
422,
174,
40,
387,
295,
413,
226,
174,
185,
562,
176,
160,
353,
315,
170,
365,
153,
168,
43,
364,
270,
401,
104,
313,
38,
345,
175,
559,
145,
43,
262,
290,
324,
233,
155,
41,
252,
144,
146,
208,
130,
394,
327,
668,
652,
690,
297,
85,
425,
667,
312,
166,
637,
131,
235,
107,
572,
221,
243,
277,
312,
306,
422,
411,
147,
426,
231,
117,
695,
662,
251,
248,
419,
407,
506,
411,
225,
297,
117,
337,
314,
217,
165,
116,
400,
313,
332,
406,
347,
518,
191,
114,
586,
305,
144,
178,
280,
347,
329,
509,
342,
130,
579,
167,
121,
280,
191,
81,
165,
41,
522,
107,
151,
197,
184,
109,
82,
131,
102,
80,
647,
687,
215,
193,
258,
140,
40,
159,
139,
173,
654,
594,
159,
152,
115,
162,
162,
311,
38,
121,
316,
243,
144,
328,
473,
304,
155,
69,
311,
177,
322,
201,
204,
307,
207,
295,
235,
41,
285,
185,
684,
143,
167,
252,
203,
229,
178,
306,
160,
227,
209,
133,
70,
132,
230,
137,
246,
293,
158,
166,
160,
160,
146,
42,
107,
194,
333,
203,
136,
291,
266,
283,
303,
70,
367,
276,
219,
309,
431,
161,
242,
211,
42,
178,
43,
223,
314,
310,
254,
139,
206,
273,
425,
368,
247,
617,
748,
432,
41,
273,
213,
426,
213,
380,
205,
772,
202,
362,
360,
441,
182,
436,
321,
283,
185,
208,
185,
250,
429,
635,
197,
213,
276,
263,
454,
559,
766,
180,
132,
324,
248,
218,
376,
281,
81,
201,
396,
291,
264,
145,
389,
404,
393,
171,
41,
159,
226,
317,
383,
157,
43,
445,
138,
632,
145,
41,
732,
359,
89,
580,
585,
382,
230,
332,
393,
244,
337,
729,
213,
328,
332,
323,
630,
42,
236,
212,
209,
327,
176,
320,
241,
161,
80,
161,
323,
230,
178,
320,
78,
186,
149,
349,
660,
199,
45,
309,
317,
128,
288,
321,
254,
316,
125,
287,
253,
150,
252,
120,
249,
322,
282,
96,
234,
194,
80,
151,
151,
143,
79,
817,
595,
160,
78,
169,
213,
819,
208,
168,
160,
517,
78,
103,
74,
494,
313,
140,
541,
142,
73,
254,
508,
683,
73,
226,
195,
142,
322,
151,
304,
247,
756,
168,
307,
175,
207,
67,
170,
169,
159,
178,
203,
355,
46,
197,
275,
165,
166,
153,
230,
341,
323,
184,
130,
70,
248,
133,
146,
174,
219,
191,
177,
248,
190,
194,
271,
110,
226,
226,
220,
45,
737,
188,
422,
624,
179,
427,
112,
69,
317,
250,
147,
157,
424,
239,
622,
531,
240,
380,
45,
354,
317,
329,
237,
141,
206,
761,
183,
74,
346,
477,
192,
163,
413,
203,
271,
243,
354,
375,
76,
447,
37,
254,
252,
74,
228,
402,
332,
285,
245,
435,
195,
252,
162,
426,
153,
90,
184,
108,
66,
359,
367,
147,
298,
41,
118,
276,
44,
87,
231,
307,
282,
258,
160,
268,
142,
305,
275,
207,
301,
296,
163,
155,
446,
300,
105,
194,
295,
287,
40,
111,
191,
240,
291,
310,
218,
273,
176,
137,
614,
594,
238,
775,
303,
298,
236,
780,
703,
93,
289,
557,
768,
220,
244,
177,
230,
91,
236,
774,
209,
216,
222,
198,
546,
244,
235,
774,
206,
90,
195,
39,
785,
235,
286,
200,
193,
73,
191,
507,
128,
248,
185,
143,
793,
226,
69,
179,
162,
141,
436,
225,
192,
68,
237,
192,
127,
142,
490,
131,
224,
136,
172,
46,
68,
178,
237,
110,
158,
196,
65,
159,
425,
202,
61,
100,
504,
219,
190,
432,
152,
238,
133,
152,
294,
59,
428,
137,
149,
162,
173,
143,
201,
200,
59,
147,
163,
103,
383,
157,
46,
58,
302,
162,
318,
44,
167,
229,
141,
168,
376,
130,
59,
43,
300,
278,
328,
55,
145,
42,
125,
198,
326,
278,
195,
44,
135,
317,
166,
259,
440,
303,
213,
243,
54,
258,
536,
294,
151,
170,
242,
265,
425,
262,
308,
365,
364,
56,
149,
170,
132,
297,
358,
393,
302,
246,
509,
351,
532,
390,
418,
311,
260,
58,
169,
199,
348,
426,
41,
341,
854,
305,
311,
291,
362,
264,
526,
59,
193,
58,
196,
356,
478,
205,
259,
250,
373,
296,
391,
40,
480,
202,
278,
60,
272,
295,
113,
39,
369,
358,
306,
272,
472,
482,
268,
63,
447,
38,
255,
229,
224,
47,
182,
220,
217,
266,
336,
226,
281,
232,
43,
242,
212,
205,
311,
274,
205,
224,
178,
248,
122,
174,
780,
853,
222,
856,
253,
324,
233,
475,
307,
211,
90,
186,
202,
202,
185,
145,
752,
199,
130,
433,
134,
175,
76,
156,
39,
191,
177,
211,
75,
814,
830,
184,
152,
803,
157,
173,
146,
70,
147,
158,
69,
843,
180,
124,
121,
136,
69,
422,
787,
144,
68,
179,
140,
148,
411,
186,
105,
172,
160,
66,
156,
166,
115,
58,
896,
168,
110,
134,
88,
141,
138,
429,
300,
111,
109,
241,
207,
52,
180,
875,
145,
170,
193,
211,
118,
118,
160,
47,
414,
189,
157,
45,
161,
313,
108,
190,
40,
345,
46,
375,
372,
35,
176,
330,
34,
322,
290,
326,
420,
230,
290,
156,
344,
192,
339,
225,
201,
167,
42,
324,
186,
38,
313,
202,
130,
424,
297,
417,
168,
178,
266,
104,
282,
384,
425,
39,
413,
307,
153,
423,
318,
349,
378,
306,
413,
535,
348,
155,
238,
248,
229,
330,
423,
529,
43,
464,
184,
430,
229,
415,
232,
539,
309,
237,
205,
537,
257,
167,
304,
329,
327,
285,
221,
483,
386,
50,
227,
873,
42,
37,
152,
298,
484,
340,
134,
149,
56,
461,
309,
222,
157,
140,
147,
473,
134,
37,
138,
292,
44,
133,
130,
160,
106,
208,
40,
168,
126,
702,
106,
141,
95,
83,
164,
482,
105,
153,
808,
419,
475,
812,
150,
906,
192,
404,
879,
354,
805,
135,
135,
47,
172,
145,
891,
170,
359,
114,
159,
130,
368,
369,
162,
113,
132,
142,
131,
237,
406,
263,
165,
165,
306,
150,
42,
921,
119,
131,
180,
113,
112,
41,
406,
227,
217,
37,
109,
147,
400,
190,
179,
141,
247,
37,
159,
157,
124,
139,
151,
437,
395,
153,
35,
159,
178,
42,
238,
31,
118,
401,
142,
388,
131,
108,
345,
112,
427,
125,
162,
395,
342,
190,
207,
390,
337,
417,
149,
421,
413,
146,
143,
225,
33,
162,
314,
181,
404,
393,
388,
342,
385,
147,
192,
376,
407,
334,
185,
191,
37,
329,
198,
210,
149,
396,
36,
346,
137,
43,
143,
131,
321,
225,
125,
44,
299,
182,
315,
479,
181,
288,
127,
265,
135,
223,
422,
263,
297,
294,
362,
352,
302,
265,
229,
313,
171,
130,
238,
269,
157,
459,
236,
161,
319,
409,
253,
222,
444,
277,
285,
39,
170,
383,
178,
271,
935,
250,
306,
257,
97,
149,
43,
242,
370,
35,
430,
459,
44,
272,
271,
184,
154,
440,
142,
171,
142,
135,
125,
341,
144,
117,
142,
112,
289,
395,
119,
105,
118,
43,
152,
111,
368,
99,
367,
351,
359,
196,
374,
287,
488,
228,
467,
131,
349,
619,
157,
323,
473,
959,
467,
448,
311,
157,
64,
149,
167,
403,
64,
136,
453,
397,
63,
147,
427,
35,
190,
264,
471,
212,
136,
170,
62,
126,
117,
129,
148,
407,
58,
137,
125,
386,
57,
118,
410,
151,
952,
894,
53,
406,
44,
195,
179,
46,
37,
880,
158,
45,
135,
161,
124,
944,
151,
270,
36,
259,
184,
411,
314,
137,
450,
188,
480,
276,
247,
195,
335,
952,
132,
489,
223,
152,
41,
263,
912,
294,
415,
405,
404,
34,
476,
168,
397,
203,
121,
297,
275,
429,
266,
44,
140,
145,
249,
422,
214,
279,
286,
458,
256,
45,
277,
226,
270,
448,
219,
219,
303,
186,
327,
225,
44,
180,
323,
137,
170,
49,
221,
498,
199,
40,
44,
260,
42,
184,
208,
234,
460,
41,
179,
200,
410,
39,
433,
45,
268,
225,
174,
447,
192,
241,
105,
121,
47,
208,
422,
430,
198,
255,
422,
149,
204,
308,
947,
85,
439,
153,
443,
183,
158,
440,
141,
151,
370,
306,
126,
392,
442,
453,
154,
116,
316,
81,
129,
136,
231,
433,
151,
431,
365,
114,
401,
342,
439,
104,
365,
340,
199,
121,
180,
115,
478,
247,
171,
69,
473,
670,
164,
344,
711,
171,
140,
46,
160,
163,
68,
45,
529,
129,
147,
67,
127,
45,
140,
136,
117,
120,
139,
67,
63,
412,
51,
229,
329,
121,
50,
426,
45,
48,
152,
261,
414,
162,
50,
587,
219,
402,
315,
162,
241,
170,
559,
215,
190,
236,
156,
133,
226,
53,
249,
424,
289,
95,
416,
209,
285,
109,
288,
142,
54,
158,
549,
188,
569,
417,
244,
496,
46,
494,
198,
347,
511,
239,
564,
290,
201,
216,
206,
1014,
300,
308,
537,
251,
199,
42,
42,
183,
181,
317,
299,
466,
456,
149,
454,
226,
142,
225,
43,
347,
248,
239,
137,
356,
259,
148,
466,
283,
254,
421,
197,
151,
239,
191,
405,
162,
271,
231,
265,
173,
510,
425,
213,
310,
1006,
201,
496,
178,
41,
496,
1055,
177,
197,
193,
186,
294,
270,
215,
239,
179,
293,
1005,
187,
212,
497,
163,
168,
40,
295,
253,
435,
89,
311,
485,
157,
167,
205,
148,
417,
121,
381,
458,
259,
436,
170,
145,
177,
157,
110,
277,
81,
163,
224,
406,
141,
280,
159,
46,
392,
117,
67,
446,
437,
160,
391,
446,
224,
387,
446,
848,
382,
125,
278,
1011,
747,
188,
175,
808,
75,
166,
363,
1083,
41,
233,
290,
201,
75,
165,
71,
155,
195,
283,
350,
506,
174,
189,
62,
516,
188,
333,
43,
135,
144,
295,
480,
151,
157,
983,
149,
144,
294,
858,
63,
322,
1005,
214,
509,
425,
955,
62,
150,
329,
356,
254,
259,
123,
437,
204,
469,
155,
58,
146,
161,
56,
207,
348,
225,
457,
178,
325,
151,
136,
366,
513,
236,
170,
438,
579,
574,
294,
37,
299,
251,
497,
175,
484,
60,
277,
175,
137,
226,
195,
491,
174,
450,
475,
131,
395,
527,
266,
441,
195,
61,
581,
302,
357,
260,
284,
260,
176,
451,
329,
240,
219,
280,
243,
218,
312,
169,
313,
477,
319,
61,
210,
303,
36,
311,
201,
300,
525,
287,
229,
170,
245,
256,
181,
214,
184,
434,
220,
191,
251,
149,
57,
515,
146,
231,
181,
155,
247,
175,
507,
310,
418,
145,
58,
174,
229,
160,
142,
135,
287,
1100,
227,
309,
52,
238,
1224,
137,
144,
309,
214,
189,
248,
172,
430,
211,
54,
196,
84,
44,
204,
162,
133,
397,
52,
219,
163,
273,
270,
175,
181,
310,
501,
499,
543,
51,
46,
47,
188,
299,
167,
67,
162,
139,
50,
1137,
162,
42,
138,
145,
524,
160,
406,
135,
434,
128,
217,
622,
166,
141,
412,
405,
136,
126,
400,
112,
407,
489,
40,
406,
173,
134,
223,
391,
152,
157,
530,
875,
947,
201,
389,
327,
200,
1042,
65,
443,
817,
60,
199,
358,
127,
194,
185,
59,
210,
196,
98,
193,
181,
175,
195,
164,
186,
180,
1132,
102,
174,
191,
1103,
154,
118,
274,
55,
161,
994,
197,
154,
189,
172,
55,
1110,
255,
146,
143,
146,
162,
499,
121,
50,
1102,
506,
156,
211,
422,
1063,
43,
225,
52,
419,
144,
454,
192,
151,
156,
324,
176,
964,
282,
469,
709,
45,
153,
630,
45,
156,
664,
276,
44,
173,
225,
198,
162,
660,
266,
184,
254,
141,
196,
184,
222,
817,
212,
205,
45,
253,
150,
132,
427,
189,
249,
467,
265,
179,
186,
41,
44,
456,
300,
310,
200,
674,
968,
180,
271,
852,
45,
469,
440,
196,
201,
168,
436,
229,
143,
291,
47,
321,
437,
46,
288,
303,
383,
303,
142,
463,
221,
303,
220,
429,
295,
168,
297,
308,
449,
42,
39,
306,
204,
1191,
687,
296,
41,
245,
175,
306,
40,
450,
235,
1166,
671,
40,
256,
181,
294,
1296,
159,
400,
257,
175,
156,
132,
160,
88,
144,
444,
402,
249,
287,
179,
40,
81,
312,
146,
228,
1187,
401,
159,
138,
78,
238,
195,
45,
173,
189,
1286,
140,
402,
131,
118,
435,
107,
403,
102,
145,
444,
94,
192,
42,
423,
121,
143,
379,
394,
259,
438,
150,
104,
1099,
131,
1104,
374,
431,
154,
167,
883,
63,
366,
776,
1094,
118,
188,
96,
122,
154,
159,
199,
91,
129,
55,
116,
293,
183,
990,
43,
195,
221,
205,
136,
128,
1120,
142,
55,
122,
159,
100,
149,
152,
468,
99,
138,
73,
294,
176,
232,
132,
184,
39,
484,
183,
413,
44,
39,
142,
396,
236,
38,
184,
462,
203,
836,
192,
404,
35,
152,
41,
153,
200,
104,
40,
236,
176,
250,
416,
450,
236,
234,
243,
135,
211,
148,
180,
177,
40,
230,
752,
430,
694,
207,
194,
191,
206,
281,
267,
165,
35,
248,
403,
174,
214,
209,
216,
428,
279,
141,
211,
243,
1148,
196,
165,
166,
169,
262,
184,
227,
210,
486,
415,
153,
130,
392,
226,
310,
481,
768,
185,
710,
394,
40,
441,
809,
346,
134,
207,
163,
383,
224,
391,
41,
381,
272,
234,
229,
296,
382,
419,
216,
193,
160,
200,
295,
40,
167,
232,
180,
230,
143,
269,
401,
168,
43,
140,
39,
431,
384,
243,
218,
163,
43,
403,
167,
171,
143,
369,
191,
168,
132,
54,
1213,
165,
409,
143,
111,
1224,
48,
368,
144,
153,
41,
38,
372,
116,
432,
128,
114,
166,
112,
109,
1221,
98,
395,
68,
372,
368,
167,
40,
89,
94,
395,
99,
165,
391,
107,
353,
40,
360,
363,
167,
183,
168,
58,
323,
1050,
167,
79,
155,
115,
395,
39,
136,
119,
151,
127,
146,
204,
754,
134,
86,
115,
127,
180,
118,
135,
134,
374,
170,
134,
41,
156,
1167,
131,
58,
133,
128,
109,
41,
359,
126,
1177,
57,
1197,
180,
115,
53,
108,
368,
106,
148,
148,
118,
104,
350,
204,
194,
155,
48,
47,
119,
135,
43,
41,
186,
216,
170,
242,
88,
170,
169,
268,
111,
355,
392,
149,
301,
296,
231,
352,
348,
246,
288,
203,
282,
329,
318,
255,
344,
789,
185,
338,
308,
236,
35,
168,
346,
198,
339,
222,
263,
134,
191,
1204,
163,
295,
149,
224,
219,
141,
1265,
125,
829,
286,
168,
358,
1232,
698,
277,
1259,
781,
334,
202,
244,
1170,
133,
180,
327,
346,
213,
1179,
248,
327,
343,
39,
176,
264,
325,
274,
148,
343,
238,
37,
216,
254,
800,
168,
115,
243,
300,
174,
165,
320,
38,
848,
157,
224,
142,
330,
153,
232,
39,
296,
182,
287,
326,
171,
208,
198,
295,
233,
205,
137,
45,
115,
152,
259,
155,
363,
179,
165,
235,
163,
193,
372,
150,
162,
39,
130,
253,
147,
126,
218,
140,
107,
47,
324,
118,
106,
355,
96,
48,
114,
410,
156,
105,
830,
44,
403,
105,
134,
130,
44,
350,
127,
347,
664,
108,
43,
81,
40,
538,
926,
58,
190,
134,
184,
349,
179,
164,
1215,
139,
42,
171,
40,
157,
830,
140,
54,
191,
98,
164,
830,
1222,
163,
136,
133,
53,
101,
241,
138,
900,
132,
193,
53,
109,
112,
141,
140,
119,
129,
116,
46,
100,
193,
41,
92,
43,
517,
136,
191,
131,
122,
306,
219,
193,
113,
101,
271,
358,
187,
39,
173,
134,
113,
308,
167,
231,
39,
213,
274,
838,
234,
268,
318,
445,
198,
205,
190,
36,
237,
335,
216,
42,
197,
191,
371,
37,
376,
396,
197,
178,
148,
379,
186,
1281,
258,
270,
143,
144,
341,
199,
223,
121,
155,
200,
173,
1294,
121,
203,
145,
38,
118,
185,
861,
252,
1294,
151,
38,
128,
364,
137,
212,
1246,
120,
40,
203,
725,
541,
109,
304,
36,
139,
381,
737,
180,
239,
144,
881,
321,
190,
232,
259,
149,
230,
305,
168,
130,
230,
248,
45,
165,
175,
177,
160,
877,
43,
298,
212,
121,
374,
227,
259,
202,
333,
358,
230,
890,
200,
1327,
506,
253,
148,
347,
309,
53,
187,
162,
467,
334,
99,
888,
149,
179,
434,
126,
96,
353,
894,
134,
94,
248,
426,
43,
43,
154,
113,
169,
68,
134,
467,
161,
40,
464,
183,
174,
194,
886,
163,
439,
117,
178,
151,
184,
128,
255,
174,
462,
153,
177,
206,
70,
47,
133,
92,
158,
130,
69,
112,
125,
306,
147,
129,
196,
136,
112,
85,
69,
153,
399,
327,
103,
301,
128,
63,
115,
1169,
96,
122,
148,
119,
63,
266,
45,
154,
612,
228,
229,
340,
317,
546,
166,
110,
251,
327,
1338,
222,
925,
281,
330,
224,
57,
116,
56,
319,
550,
42,
934,
268,
154,
57,
948,
133,
212,
197,
285,
955,
1366,
179,
166,
273,
210,
182,
432,
272,
238,
210,
175,
126,
163,
197,
183,
195,
180,
203,
168,
204,
1186,
228,
178,
187,
1287,
220,
154,
134,
168,
258,
221,
138,
157,
332,
164,
251,
260,
217,
1056,
1288,
238,
331,
40,
221,
994,
197,
293,
137,
237,
313,
231,
197,
166,
264,
148,
948,
132,
313,
247,
277,
195,
189,
295,
929,
235,
133,
270,
290,
341,
181,
933,
254,
259,
420,
174,
312,
101,
961,
202,
105,
876,
171,
518,
406,
972,
43,
183,
63,
166,
128,
522,
43,
415,
491,
172,
478,
176,
520,
180,
140,
164,
162,
126,
125,
150,
138,
496,
115,
154,
1258,
1368,
146,
213,
1008,
272,
314,
199,
44,
92,
964,
1367,
195,
91,
319,
207,
87,
355,
204,
184,
170,
194,
92,
89,
93,
338,
151,
208,
205,
290,
166,
77,
165,
92,
167,
156,
150,
309,
100,
241,
1305,
91,
135,
146,
204,
1360,
268,
91,
152,
105,
338,
86,
117,
79,
193,
81,
127,
115,
179,
81,
103,
332,
130,
74,
41,
655,
99,
431,
73,
199,
880,
168,
162,
173,
229,
133,
189,
222,
133,
74,
243,
149,
920,
201,
200,
217,
218,
107,
148,
225,
176,
118,
1031,
75,
287,
152,
1011,
481,
246,
246,
178,
233,
1022,
245,
335,
1028,
178,
200,
76,
185,
226,
1422,
270,
230,
198,
150,
247,
448,
244,
157,
151,
177,
302,
270,
268,
146,
676,
78,
48,
633,
665,
77,
148,
133,
273,
266,
223,
196,
692,
207,
144,
161,
49,
156,
1475,
188,
78,
1255,
170,
1035,
290,
1424,
231,
76,
322,
273,
660,
207,
277,
966,
194,
247,
45,
181,
221,
971,
75,
37,
193,
642,
183,
972,
46,
970,
176,
212,
324,
179,
340,
229,
277,
330,
673,
545,
73,
149,
245,
261,
986,
147,
102,
973,
165,
523,
260,
135,
192,
466,
178,
542,
41,
540,
41,
39,
173,
217,
150,
154,
493,
173,
202,
40,
536,
132,
172,
492,
209,
124,
633,
172,
487,
168,
536,
144,
153,
316,
200,
38,
124,
719,
110,
86,
491,
147,
221,
1383,
197,
214,
195,
192,
41,
86,
190,
188,
124,
288,
143,
150,
169,
236,
302,
103,
38,
181,
154,
100,
170,
278,
262,
205,
191,
1023,
84,
153,
318,
1290,
80,
1331,
262,
223,
1009,
311,
79,
124,
499,
131,
1419,
129,
267,
94,
202,
76,
1299,
590,
151,
172,
202,
75,
40,
126,
128,
183,
521,
74,
145,
70,
133,
200,
188,
150,
158,
332,
66,
733,
182,
123,
65,
141,
237,
241,
178,
138,
207,
183,
274,
65,
104,
209,
169,
184,
120,
214,
244,
236,
189,
53,
264,
227,
207,
256,
156,
149,
1027,
385,
157,
143,
165,
1460,
281,
175,
170,
142,
744,
56,
722,
1380,
209,
996,
166,
1320,
956,
135,
246,
167,
52,
801,
720,
138,
247,
1337,
252,
46,
51,
334,
264,
633,
967,
270,
272,
51,
274,
143,
52,
1358,
977,
383,
268,
309,
187,
227,
135,
268,
141,
307,
324,
135,
251,
1051,
193,
380,
261,
1393,
213,
266,
384,
234,
291,
156,
321,
351,
217,
43,
207,
241,
293,
324,
203,
204,
185,
301,
215,
238,
970,
255,
213,
351,
303,
154,
274,
270,
350,
178,
931,
43,
337,
41,
241,
145,
979,
190,
202,
176,
986,
41,
185,
344,
35,
179,
178,
105,
205,
174,
177,
1036,
160,
123,
554,
367,
168,
67,
250,
336,
546,
198,
268,
177,
62,
154,
193,
206,
172,
529,
185,
528,
149,
1010,
193,
147,
196,
179,
128,
203,
165,
45,
184,
118,
75,
527,
110,
997,
173,
138,
74,
243,
89,
140,
90,
335,
170,
163,
265,
122,
103,
960,
153,
1429,
67,
127,
135,
1340,
339,
97,
1462,
1495,
134,
1439,
142,
117,
151,
199,
109,
325,
148,
1414,
94,
1382,
279,
110,
61,
1388,
241,
203,
261,
38,
60,
259,
198,
178,
168,
56,
344,
47,
199,
214,
55,
223,
170,
239,
223,
214,
51,
368,
172,
165,
171,
238,
214,
51,
162,
198,
274,
204,
373,
159,
185,
184,
1121,
280,
171,
178,
365,
946,
199,
176,
284,
50,
160,
319,
220,
193,
379,
276,
1453,
147,
229,
159,
155,
289,
48,
153,
119,
319,
306,
221,
133,
339,
1446,
292,
331,
49,
258,
762,
285,
737,
48,
44,
1039,
748,
237,
956,
275,
145,
913,
865,
40,
363,
38,
810,
188,
268,
46,
967,
229,
818,
1060,
238,
1474,
163,
345,
288,
394,
312,
357,
380,
221,
91,
292,
526,
373,
264,
361,
41,
173,
37,
347,
374,
144,
84,
173,
170,
239,
379,
940,
160,
176,
37,
227,
172,
165,
535,
361,
261,
598,
161,
294,
243,
134,
209,
240,
128,
158,
205,
175,
115,
192,
169,
715,
550,
934,
171,
284,
111,
192,
147,
143,
129,
80,
557,
198,
107,
41,
327,
168,
214,
255,
156,
79,
142,
159,
249,
554,
119,
173,
185,
171,
141,
166,
162,
156,
72,
213,
144,
149,
363,
140,
238,
279,
142,
110,
67,
108,
127,
239,
127,
356,
152,
180,
210,
66,
189,
108,
1408,
62,
207,
114,
363,
137,
140,
107,
835,
139,
61,
131,
125,
1455,
54,
90,
98,
78,
103,
187,
54,
49,
164,
1444,
212,
46,
161,
389,
270,
321,
372,
159,
45,
171,
39,
189,
368,
173,
265,
229,
362,
195,
218,
174,
295,
47,
290,
383,
184,
201,
346,
345,
672,
276,
171,
224,
167,
155,
800,
45,
362,
183,
1454,
622,
549,
150,
365,
210,
175,
365,
191,
340,
45,
177,
199,
658,
126,
346,
238,
160,
1396,
147,
137,
287,
166,
162,
269,
332,
47,
300,
281,
770,
138,
47,
117,
156,
721,
240,
42,
229,
1636,
251,
256,
215,
48,
178,
212,
283,
1494,
364,
294,
228,
284,
48,
260,
44,
177,
46,
298,
187,
329,
259,
43,
247,
295,
316,
47,
256,
181,
798,
973,
268,
357,
211,
42,
965,
42,
363,
41,
353,
528,
262,
312,
159,
330,
354,
218,
102,
403,
64,
92,
539,
358,
47,
60,
531,
191,
291,
357,
303,
40,
388,
603,
365,
602,
187,
166,
265,
49,
185,
162,
597,
166,
156,
172,
172,
226,
572,
188,
195,
141,
163,
154,
76,
560,
180,
133,
265,
68,
162,
153,
142,
106,
116,
118,
64,
325,
235,
146,
168,
90,
308,
115,
126,
139,
171,
131,
349,
129,
160,
390,
38,
187,
241,
163,
167,
161,
318,
66,
159,
227,
249,
326,
159,
139,
1478,
158,
1484,
169,
109,
1419,
136,
379,
114,
93,
126,
148,
59,
101,
303,
109,
116,
341,
55,
187,
131,
131,
360,
327,
51,
151,
200,
193,
116,
206,
198,
277,
392,
206,
351,
299,
171,
275,
50,
303,
191,
209,
395,
179,
116,
245,
91,
184,
51,
216,
271,
383,
184,
496,
181,
262,
503,
160,
271,
196,
536,
182,
49,
662,
45,
197,
439,
337,
892,
166,
38,
1381,
249,
143,
340,
131,
305,
323,
48,
350,
848,
287,
591,
123,
321,
1470,
1413,
1391,
326,
338,
206,
183,
1454,
367,
233,
1534,
345,
776,
270,
513,
248,
1573,
263,
36,
246,
366,
292,
187,
155,
288,
955,
1552,
38,
233,
679,
1544,
693,
361,
337,
212,
265,
248,
345,
610,
374,
318,
335,
41,
328,
377,
781,
276,
372,
340,
736,
38,
253,
374,
356,
205,
264,
340,
355,
386,
60,
67,
212,
525,
117,
267,
156,
57,
197,
207,
198,
271,
339,
152,
119,
182,
220,
150,
39,
86,
624,
257,
256,
254,
155,
193,
135,
187,
173,
224,
1539,
44,
48,
1125,
186,
144,
39,
603,
156,
173,
568,
118,
179,
388,
143,
169,
131,
151,
583,
117,
474,
127,
626,
155,
70,
237,
149,
118,
368,
198,
69,
122,
133,
142,
126,
152,
68,
64,
120,
248,
137,
61,
175,
124,
128,
164,
60,
267,
122,
326,
195,
284,
117,
237,
246,
237,
122,
118,
182,
37,
173,
62,
239,
210,
219,
64,
1630,
158,
188,
334,
134,
163,
220,
235,
204,
202,
413,
65,
172,
317,
164,
119,
262,
492,
391,
253,
145,
382,
584,
238,
542,
376,
349,
194,
62,
383,
276,
500,
188,
218,
244,
335,
179,
302,
362,
62,
242,
45,
187,
177,
290,
55,
298,
376,
185,
310,
275,
508,
187,
255,
357,
272,
273,
228,
276,
55,
779,
596,
155,
160,
235,
262,
234,
218,
225,
463,
372,
156,
205,
200,
248,
609,
355,
42,
299,
255,
383,
337,
265,
173,
1580,
330,
358,
1586,
244,
187,
41,
406,
324,
205,
245,
48,
1568,
220,
277,
166,
149,
403,
256,
226,
251,
280,
404,
377,
215,
358,
208,
316,
46,
220,
88,
78,
139,
427,
295,
247,
203,
708,
198,
142,
413,
202,
51,
193,
403,
645,
305,
274,
618,
77,
461,
184,
193,
144,
256,
270,
372,
178,
168,
1104,
133,
259,
196,
622,
143,
43,
620,
177,
223,
135,
612,
186,
782,
373,
99,
209,
248,
149,
161,
603,
169,
166,
226,
167,
85,
164,
163,
155,
194,
177,
370,
196,
84,
203,
193,
395,
132,
375,
156,
362,
410,
137,
152,
257,
83,
169,
138,
345,
183,
141,
140,
156,
126,
83,
258,
195,
146,
207,
303,
300,
160,
78,
1633,
101,
124,
234,
130,
176,
223,
139,
151,
95,
296,
190,
190,
106,
80,
194,
268,
120,
168,
191,
254,
325,
183,
326,
195,
191,
81,
190,
161,
335,
234,
185,
166,
1661,
670,
270,
180,
1607,
196,
84,
155,
176,
118,
295,
121,
243,
160,
356,
247,
1660,
197,
82,
498,
671,
397,
281,
223,
421,
279,
427,
251,
391,
248,
507,
197,
153,
193,
84,
169,
202,
202,
751,
1616,
224,
136,
159,
222,
1187,
84,
180,
162,
223,
162,
151,
418,
254,
146,
184,
223,
150,
284,
157,
404,
128,
125,
309,
1154,
272,
800,
178,
198,
1103,
195,
42,
301,
276,
400,
38,
207,
183,
305,
139,
152,
365,
362,
193,
297,
285,
168,
201,
262,
258,
415,
277,
354,
251,
212,
333,
190,
425,
147,
54,
147,
318,
374,
195,
369,
199,
45,
416,
162,
170,
432,
183,
629,
317,
229,
47,
385,
532,
144,
180,
43,
194,
213,
705,
42,
359,
189,
374,
48,
46,
121,
385,
391,
141,
82,
399,
231,
381,
678,
443,
664,
231,
662,
195,
211,
1154,
223,
199,
40,
198,
185,
176,
128,
636,
639,
175,
211,
100,
225,
201,
206,
119,
281,
205,
203,
118,
281,
168,
481,
191,
188,
202,
158,
217,
403,
118,
143,
184,
147,
291,
225,
108,
88,
1666,
316,
146,
147,
105,
42,
359,
168,
92,
104,
151,
274,
663,
160,
139,
194,
262,
118,
1709,
358,
262,
94,
240,
130,
342,
154,
295,
178,
177,
1649,
205,
117,
163,
203,
1639,
90,
155,
259,
44,
137,
282,
145,
130,
135,
156,
254,
269,
187,
108,
193,
237,
167,
386,
163,
159,
370,
43,
38,
177,
215,
89,
170,
467,
154,
377,
137,
192,
583,
157,
258,
193,
155,
252,
237,
182,
197,
135,
130,
280,
114,
309,
297,
230,
166,
1697,
198,
201,
213,
172,
878,
1132,
343,
333,
258,
354,
188,
319,
324,
314,
164,
417,
263,
41,
168,
401,
217,
173,
200,
171,
203,
394,
402,
37,
170,
601,
175,
403,
365,
151,
333,
344,
161,
390,
180,
172,
344,
379,
229,
161,
186,
171,
335,
272,
170,
174,
1697,
133,
187,
186,
207,
394,
394,
701,
153,
196,
194,
146,
155,
235,
48,
1734,
233,
231,
212,
200,
165,
345,
118,
42,
155,
160,
190,
384,
733,
354,
135,
287,
247,
142,
713,
218,
466,
665,
246,
245,
39,
240,
908,
210,
220,
218,
208,
220,
194,
245,
47,
140,
218,
235,
132,
139,
663,
210,
667,
194,
1633,
157,
215,
92,
42,
203,
148,
202,
176,
210,
215,
136,
1707,
138,
112,
89,
1667,
134,
1663,
164,
155,
119,
130,
1610,
130,
128,
105,
135,
119,
129,
435,
419,
128,
164,
218,
125,
197,
359,
175,
201,
142,
155,
226,
141,
162,
339,
337,
200,
360,
196,
204,
138,
357,
209,
330,
192,
140,
124,
47,
169,
188,
155,
298,
1040,
289,
154,
115,
116,
244,
185,
186,
207,
218,
181,
179,
201,
113,
151,
198,
184,
208,
179,
136,
247,
160,
118,
150,
234,
139,
162,
43,
135,
146,
177,
52,
121,
173,
313,
302,
190,
159,
136,
189,
186,
43,
155,
932,
171,
130,
166,
164,
170,
290,
326,
155,
184,
46,
170,
412,
189,
256,
374,
131,
244,
44,
1839,
163,
307,
146,
436,
347,
176,
137,
198,
209,
421,
417,
1815,
312,
183,
344,
200,
218,
1770,
43,
105,
137,
175,
153,
664,
339,
40,
129,
132,
331,
144,
211,
173,
182,
1771,
417,
64,
198,
314,
387,
243,
151,
166,
816,
299,
261,
364,
151,
42,
111,
714,
369,
734,
303,
367,
275,
816,
662,
247,
339,
689,
991,
245,
242,
134,
658,
1071,
257,
276,
121,
401,
253,
169,
235,
176,
244,
194,
266,
340,
411,
286,
243,
273,
261,
396,
223,
156,
229,
240,
224,
257,
260,
170,
392,
152,
255,
217,
238,
248,
653,
159,
168,
236,
381,
230,
138,
252,
103,
189,
217,
661,
250,
160,
41,
294,
216,
93,
158,
124,
299,
159,
230,
128,
171,
125,
1711,
1804,
156,
355,
192,
157,
114,
108,
132,
149,
1800,
164,
103,
141,
358,
145,
158,
171,
41,
114,
144,
167,
176,
364,
175,
293,
185,
366,
144,
185,
165,
101,
281,
163,
242,
355,
158,
247,
143,
174,
164,
136,
113,
189,
227,
227,
130,
181,
685,
155,
209,
176,
150,
143,
162,
183,
157,
242,
159,
183,
144,
164,
1816,
116,
153,
151,
129,
151,
129,
324,
141,
195,
1046,
142,
110,
173,
50,
305,
43,
172,
161,
153,
954,
165,
272,
180,
873,
171,
344,
38,
149,
183,
405,
239,
171,
441,
699,
420,
40,
389,
163,
695,
444,
121,
177,
250,
141,
381,
408,
151,
192,
433,
145,
407,
367,
199,
110,
40,
78,
373,
384,
94,
191,
345,
159,
145,
280,
63,
699,
402,
37,
314,
147,
265,
134,
353,
306,
144,
136,
730,
217,
211,
66,
206,
43,
282,
286,
1002,
199,
734,
281,
278,
924,
91,
321,
690,
1155,
698,
1190,
1830,
225,
272,
270,
267,
672,
274,
692,
293,
155,
284,
161,
236,
289,
262,
274,
154,
270,
211,
168,
230,
153,
233,
160,
253,
152,
241,
116,
157,
111,
106,
119,
252,
119,
167,
140,
241,
252,
103,
92,
152,
235,
370,
138,
137,
322,
199,
136,
201,
1796,
226,
40,
181,
138,
392,
1891,
190,
160,
166,
162,
124,
197,
1898,
132,
149,
207,
169,
240,
152,
129,
172,
108,
94,
681,
93,
127,
275,
121,
250,
90,
147,
757,
754,
223,
201,
196,
221,
765,
168,
200,
225,
156,
196,
122,
341,
234,
180,
42,
171,
191,
156,
88,
143,
262,
134,
145,
977,
42,
232,
126,
205,
137,
151,
87,
1122,
294,
191,
40,
217,
132,
401,
173,
858,
697,
166,
832,
876,
85,
386,
172,
888,
170,
433,
182,
448,
194,
206,
378,
177,
888,
170,
162,
389,
411,
163,
699,
432,
888,
417,
370,
381,
174,
147,
294,
701,
884,
122,
329,
177,
205,
335,
144,
306,
427,
168,
393,
397,
220,
317,
384,
335,
125,
374,
320,
633,
251,
143,
83,
394,
447,
137,
291,
92,
742,
398,
192,
235,
135,
229,
683,
747,
282,
737,
283,
740,
287,
921,
118,
291,
154,
308,
227,
230,
405,
246,
244,
291,
223,
118,
218,
188,
242,
236,
724,
741,
92,
203,
313,
241,
218,
729,
155,
213,
160,
208,
1942,
170,
142,
185,
134,
143,
1940,
408,
1665,
105,
129,
202,
211,
165,
197,
105,
1915,
402,
219,
43,
133,
132,
130,
170,
138,
144,
172,
124,
102,
227,
41,
119,
80,
1797,
435,
40,
115,
105,
113,
80,
240,
160,
111,
78,
190,
98,
149,
90,
77,
197,
128,
39,
150,
143,
351,
142,
119,
140,
126,
156,
143,
361,
125,
264,
146,
245,
676,
63,
142,
351,
684,
238,
62,
60,
45,
198,
262,
219,
407,
183,
770,
192,
268,
188,
167,
158,
60,
168,
183,
55,
195,
177,
122,
397,
422,
138,
323,
117,
136,
161,
172,
779,
53,
215,
258,
152,
244,
214,
50,
408,
157,
953,
214,
307,
224,
197,
342,
160,
690,
1912,
223,
52,
313,
220,
186,
175,
203,
50,
278,
138,
195,
140,
880,
46,
166,
433,
297,
694,
890,
46,
178,
41,
871,
161,
224,
142,
189,
399,
389,
197,
1248,
233,
435,
201,
344,
243,
794,
349,
45,
112,
102,
437,
188,
801,
44,
235,
245,
41,
174,
209,
439,
240,
267,
226,
53,
909,
238,
41,
817,
437,
252,
717,
283,
166,
405,
160,
264,
817,
905,
264,
814,
817,
1279,
1082,
402,
784,
399,
236,
442,
261,
782,
238,
118,
220,
58,
1545,
172,
226,
234,
219,
1093,
164,
140,
57,
207,
195,
214,
202,
116,
197,
98,
199,
818,
205,
138,
229,
192,
130,
267,
194,
209,
58,
162,
203,
130,
654,
414,
150,
187,
137,
193,
57,
119,
145,
199,
130,
652,
185,
117,
89,
143,
156,
120,
41,
153,
150,
1982,
170,
142,
57,
1986,
255,
140,
41,
112,
167,
94,
285,
56,
130,
118,
52,
99,
96,
300,
1195,
125,
282,
129,
52,
214,
168,
92,
214,
51,
211,
123,
200,
159,
173,
51,
226,
427,
122,
163,
340,
175,
44,
42,
255,
220,
430,
146,
107,
43,
1953,
450,
35,
199,
398,
629,
749,
136,
188,
286,
35,
410,
341,
193,
1829,
159,
34,
214,
178,
169,
138,
479,
224,
352,
157,
154,
35,
462,
221,
45,
336,
302,
147,
158,
35,
258,
141,
184,
964,
432,
860,
203,
34,
254,
148,
1036,
375,
245,
263,
48,
322,
136,
250,
339,
464,
249,
126,
426,
234,
186,
296,
240,
196,
184,
393,
379,
443,
301,
36,
215,
254,
239,
2054,
350,
204,
422,
193,
311,
212,
370,
211,
123,
423,
180,
382,
405,
249,
307,
100,
37,
133,
146,
199,
871,
222,
100,
2059,
243,
90,
225,
403,
35,
49,
417,
178,
45,
215,
406,
177,
275,
219,
119,
219,
825,
407,
784,
206,
408,
862,
163,
100,
404,
247,
135,
176,
783,
162,
1169,
283,
648,
773,
1330,
47,
1189,
174,
51,
226,
880,
594,
772,
52,
156,
47,
162,
149,
43,
192,
120,
155,
46,
116,
111,
118,
165,
450,
46,
148,
409,
100,
39,
136,
151,
105,
104,
147,
92,
96,
46,
877,
228,
157,
292,
110,
232,
102,
45,
122,
42,
2058,
44,
38,
35,
119,
108,
132,
218,
162,
183,
169,
239,
133,
103,
122,
175,
35,
79,
185,
190,
167,
205,
210,
35,
186,
177,
111,
247,
303,
165,
202,
214,
36,
186,
118,
40,
503,
177,
148,
419,
180,
451,
218,
190,
775,
178,
283,
134,
142,
32,
214,
155,
190,
263,
185,
246,
161,
190,
131,
425,
122,
243,
318,
225,
35,
230,
130,
271,
1865,
299,
421,
326,
277,
292,
281,
48,
285,
243,
1155,
221,
37,
132,
205,
248,
240,
266,
424,
176,
236,
40,
381,
457,
354,
419,
191,
264,
34,
406,
219,
137,
612,
184,
457,
281,
383,
235,
291,
194,
423,
434,
204,
891,
241,
259,
394,
406,
387,
37,
249,
199,
198,
208,
335,
795,
38,
43,
215,
426,
37,
221,
439,
1900,
56,
209,
36,
390,
281,
34,
390,
42,
824,
33,
399,
164,
411,
189,
213,
33,
132,
824,
43,
426,
149,
178,
397,
152,
811,
245,
792,
1129,
165,
745,
398,
734,
216,
1029,
214,
151,
159,
130,
149,
139,
167,
364,
381,
146,
116,
38,
978,
126,
122,
165,
180,
121,
349,
37,
97,
155,
272,
121,
87,
107,
45,
168,
2132,
103,
43,
291,
115,
109,
127,
154,
187,
131,
202,
38,
286,
2064,
136,
282,
156,
109,
235,
35,
154,
300,
103,
107,
41,
117,
193,
78,
134,
128,
149,
1996,
156,
166,
97,
36,
134,
433,
35,
202,
249,
221,
34,
214,
142,
180,
233,
208,
163,
260,
290,
2137,
174,
173,
189,
43,
196,
34,
121,
271,
231,
256,
199,
160,
246,
413,
229,
1859,
159,
300,
186,
238,
152,
120,
280,
406,
144,
191,
123,
247,
123,
128,
36,
149,
163,
340,
256,
130,
194,
239,
395,
1060,
124,
122,
468,
37,
181,
955,
138,
393,
287,
220,
37,
446,
230,
43,
138,
40,
228,
273,
419,
269,
297,
366,
387,
153,
222,
254,
342,
41,
36,
319,
200,
188,
249,
416,
318,
42,
249,
454,
339,
208,
381,
454,
139,
209,
340,
40,
373,
190,
216,
39,
428,
2211,
271,
447,
177,
385,
40,
145,
712,
183,
159,
2201,
317,
214,
133,
40,
965,
193,
121,
1974,
36,
144,
437,
410,
323,
137,
185,
34,
36,
123,
437,
79,
807,
2212,
280,
751,
418,
782,
164,
136,
231,
780,
874,
244,
1073,
413,
151,
132,
163,
163,
913,
149,
991,
271,
743,
160,
119,
148,
151,
130,
386,
152,
408,
116,
225,
252,
114,
102,
36,
107,
129,
121,
177,
101,
179,
322,
158,
2002,
2064,
349,
269,
174,
32,
247,
257,
2060,
1988,
87,
168,
147,
173,
106,
391,
236,
151,
106,
414,
142,
39,
198,
175,
230,
38,
328,
134,
409,
142,
132,
184,
35,
124,
305,
351,
1031,
249,
204,
113,
156,
303,
203,
265,
96,
298,
263,
257,
143,
203,
100,
308,
139,
262,
179,
276,
188,
262,
199,
140,
160,
404,
407,
37,
122,
272,
178,
237,
136,
339,
223,
34,
393,
229,
44,
281,
404,
172,
2004,
285,
389,
221,
164,
44,
213,
183,
405,
372,
171,
37,
1050,
1036,
290,
308,
377,
229,
129,
136,
187,
193,
153,
38,
380,
109,
227,
152,
274,
301,
192,
379,
361,
330,
39,
216,
130,
110,
269,
327,
223,
346,
388,
222,
342,
211,
41,
356,
322,
123,
140,
211,
245,
155,
276,
363,
217,
222,
291,
120,
368,
382,
38,
368,
181,
353,
281,
382,
39,
256,
98,
336,
41,
283,
119,
309,
706,
2261,
89,
282,
340,
65,
142,
63,
218,
2271,
60,
229,
115,
2076,
47,
801,
51,
334,
340,
262,
330,
154,
241,
802,
43,
145,
328,
266,
177,
797,
329,
1617,
1057,
141,
179,
132,
235,
161,
142,
278,
60,
134,
158,
789,
1164,
275,
145,
327,
143,
800,
136,
132,
774,
58,
130,
125,
122,
154,
56,
170,
131,
143,
153,
150,
133,
126,
155,
174,
219,
114,
54,
109,
41,
107,
122,
151,
51,
121,
105,
1014,
136,
156,
138,
1222,
93,
340,
46,
156,
151,
260,
321,
146,
330,
257,
370,
247,
44,
147,
172,
322,
129,
246,
212,
338,
315,
131,
1113,
126,
145,
192,
235,
44,
247,
209,
36,
176,
182,
408,
213,
381,
325,
44,
802,
233,
198,
245,
198,
107,
102,
765,
243,
149,
176,
153,
354,
167,
187,
265,
174,
41,
191,
998,
135,
245,
186,
140,
162,
930,
127,
199,
173,
158,
140,
150,
43,
238,
195,
1109,
336,
217,
163,
139,
172,
39,
200,
274,
38,
313,
118,
259,
135,
170,
912,
364,
205,
130,
314,
201,
374,
164,
320,
122,
358,
40,
253,
174,
315,
344,
185,
140,
41,
188,
343,
305,
235,
168,
141,
290,
340,
201,
44,
43,
265,
193,
208,
313,
149,
352,
202,
45,
275,
222,
156,
89,
267,
127,
126,
54,
301,
2071,
122,
2169,
250,
201,
222,
379,
207,
288,
249,
103,
128,
319,
149,
327,
288,
844,
294,
275,
288,
294,
826,
1063,
187,
192,
324,
772,
1559,
826,
823,
156,
150,
188,
187,
163,
171,
180,
148,
37,
734,
731,
244,
161,
127,
205,
388,
169,
134,
162,
154,
129,
141,
291,
134,
126,
145,
309,
61,
155,
232,
161,
132,
154,
143,
136,
61,
81,
298,
153,
163,
106,
2098,
134,
346,
2164,
128,
84,
304,
2161,
40,
177,
286,
110,
165,
54,
183,
200,
214,
164,
292,
167,
148,
205,
138,
54,
159,
38,
2191,
254,
168,
99,
301,
289,
124,
385,
122,
56,
183,
256,
243,
143,
149,
172,
198,
57,
142,
120,
118,
758,
143,
684,
249,
175,
119,
848,
112,
155,
769,
773,
194,
161,
58,
399,
163,
144,
183,
181,
158,
236,
175,
185,
147,
172,
273,
2122,
181,
199,
149,
131,
240,
339,
238,
146,
143,
2127,
241,
126,
180,
200,
130,
157,
298,
210,
164,
133,
196,
137,
163,
320,
259,
270,
151,
107,
859,
123,
223,
216,
177,
288,
183,
171,
788,
162,
795,
345,
166,
43,
42,
707,
358,
788,
177,
41,
373,
144,
798,
370,
264,
246,
2220,
163,
380,
271,
186,
372,
424,
309,
150,
156,
366,
142,
433,
137,
199,
86,
135,
2229,
713,
262,
185,
170,
2239,
449,
