0,7.0,
1,12.0,
1,14.0,
2,20.0,
2,11.0,
2,4.0,
2,30.5,
2,10.5,
3,12.0,
3,3.0,
3,65.0,
3,14.52,
3,26.02,
3,3.5,
3,62.519999999999996,
3,11.0,
4,2.4,
4,39.15,
4,34.0,
4,85.15,
4,20.0,
4,37.65,
4,176.65,
4,3.63,
4,14.52,
4,25.15,
4,2.5,
4,46.65,
4,12.0,
5,0.6,
5,52.309999999999995,
5,18.8,
5,119.30999999999997,
5,41.0,
5,8.6,
5,129.4,
5,40.21,
5,7.99,
5,46.519999999999996,
5,5.27,
5,69.28,
5,12.1,
5,1.36,
5,89.38,
5,3.74,
6,54.41,
6,21.8,
6,115.41,
6,23.0,
6,18.75,
6,145.55,
6,30.66,
6,8.67,
6,47.21,
6,2.89,
6,70.27,
6,10.19,
6,2.21,
6,87.71,
6,3.23,
7,19.8,
7,17.0,
7,26.5,
7,151.3,
7,16.83,
7,55.11,
7,6.93,
7,90.37,
7,20.57,
7,4.29,
7,111.94000000000001,
7,5.28,
8,118.0,
8,15.6,
8,17.0,
8,21.0,
8,133.6,
8,58.0,
8,14.75,
8,51.9,
8,4.25,
8,84.89999999999999,
8,12.0,
8,3.25,
8,103.39999999999999,
8,3.25,
9,95.0,
9,3.4,
9,85.0,
9,75.27,
9,41.12,
9,6.97,
9,75.27,
9,3.57,
9,75.27,
9,8.58,
9,1.82,
9,75.27,
9,1.26,
10,21.0,
10,3.4,
10,65.0,
10,74.79,
10,5.0,
10,74.79,
10,3.4,
10,74.79,
10,14.74,
10,2.21,
10,74.79,
10,1.53,
11,5.0,
11,1.5,
11,9.5,
11,17.0,
11,165.5,
11,8.25,
11,32.6,
11,7.92,
11,70.27,
11,18.259999999999998,
11,4.29,
11,89.53,
11,2.97,
12,21.5,
12,17.0,
12,1.65,
12,61.15,
12,100.65,
12,8.25,
12,5.61,
12,32.36,
12,18.259999999999998,
12,4.29,
12,56.62,
12,2.97,
13,31.5,
13,17.0,
13,70.5,
13,143.0,
13,25.5,
13,6.25,
13,4.25,
13,33.0,
13,11.0,
13,3.25,
13,53.5,
13,2.25,
14,7.0,
14,20.0,
14,17.0,
14,59.5,
14,143.5,
14,4.0,
14,8.25,
14,4.62,
14,31.37,
14,19.58,
14,5.61,
14,51.949999999999996,
14,2.97,
15,217.86000000000004,
15,5.61,
15,65.0,
15,43.85999999999999,
15,5.0,
15,2.8,
15,18.55,
15,23.400000000000002,
15,2.6,
15,26.250000000000004,
15,1.8,
16,232.0,
16,237.37000000000003,
16,5.61,
16,99.0,
16,82.36999999999999,
16,5.0,
16,2.8,
16,18.05,
16,30.400000000000002,
16,2.6,
16,24.760000000000005,
16,1.8,
17,144.0,
17,261.75,
17,5.61,
17,8.91,
17,57.41,
17,105.28999999999999,
17,53.42000000000001,
17,4.25,
17,2.38,
17,14.629999999999999,
17,15.290000000000001,
17,2.21,
17,20.680000000000003,
17,1.53,
18,34.65,
18,12.0,
18,213.66,
18,94.65,
18,5.61,
18,30.75,
18,67.83,
18,223.48000000000002,
18,80.32999999999998,
18,4.29,
18,16.13,
18,4.25,
18,2.38,
18,13.629999999999999,
18,3.25,
18,22.43,
18,2.25,
19,33.0,
19,7.92,
19,255.5,
19,136.0,
19,5.61,
19,16.5,
19,56.92,
19,69.58,
19,4.29,
19,19.12,
19,4.25,
19,1.87,
19,11.870000000000001,
19,3.25,
19,19.68,
19,2.25,
20,6.36,
20,10.0,
20,157.1,
20,14.34,
20,236.09999999999997,
20,6.72,
20,2.04,
20,28.25,
20,77.19,
20,57.04,
20,17.189999999999998,
20,3.0,
20,57.04,
20,1.32,
20,57.040000000000006,
20,2.1,
20,57.04,
20,1.26,
20,15.04,
21,20.0,
21,39.5,
21,21.12,
21,93.0,
21,81.5,
21,5.61,
21,11.55,
21,7.59,
21,104.76,
21,145.76000000000002,
21,215.20000000000005,
21,58.8,
21,5.0,
21,2.8,
21,20.01,
21,5.61,
21,34.59,
21,2.97,
21,19.61,
22,20.0,
22,65.0,
22,17.0,
22,12.0,
22,106.81999999999998,
22,175.82000000000002,
22,138.0,
22,4.25,
22,14.5,
22,58.51,
22,29.96,
22,20.310000000000002,
22,3.5,
22,1.96,
22,9.26,
22,3.0,
22,15.810000000000002,
22,1.8,
23,20.0,
23,90.0,
23,45.0,
23,21.12,
23,116.66000000000001,
23,172.0,
23,17.0,
23,19.14,
23,83.26,
23,26.4,
23,8.2,
23,2.2,
23,19.9,
23,7.5,
23,41.9,
23,4.5,
24,8.0,
24,90.0,
24,45.0,
24,12.0,
24,42.25,
24,17.0,
24,29.0,
24,138.0,
24,56.0,
24,8.25,
24,55.78,
24,2.75,
24,73.78,
24,8.0,
24,101.28,
24,4.5,
25,5.6,
25,85.0,
25,45.0,
25,15.84,
25,31.78,
25,3.4,
25,17.16,
25,81.5,
25,139.28,
25,93.97,
25,65.84,
25,6.97,
25,93.97000000000001,
25,1.87,
25,93.97000000000001,
25,3.4,
25,93.97000000000001,
25,1.8,
26,5.6,
26,139.0,
26,68.0,
26,15.84,
26,28.89,
26,3.4,
26,17.16,
26,92.0,
26,146.89,
26,97.41999999999999,
26,83.48,
26,5.61,
26,97.42,
26,1.87,
26,97.42,
26,2.6,
26,97.42,
26,1.8,
27,4.8,
27,9.48,
27,15.84,
27,42.400000000000006,
27,38.8,
27,15.5,
27,3.4,
27,8.91,
27,62.75,
27,142.15,
27,129.07,
27,51.12,
27,4.25,
27,129.07000000000002,
27,1.87,
27,129.07,
27,3.6,
27,129.07000000000002,
27,1.8,
28,4.8,
28,89.0,
28,7.92,
28,26.05,
28,99.8,
28,3.4,
28,15.51,
28,71.93,
28,154.98,
28,98.05,
28,5.0,
28,98.05,
28,2.2,
28,98.05,
28,3.6,
28,98.05,
28,1.8,
29,10.0,
29,79.0,
29,11.4,
29,59.0,
29,70.0,
29,164.0,
29,17.0,
29,24.6,
29,57.5,
29,220.5,
29,8.25,
29,3.63,
29,20.88,
29,9.0,
29,46.38,
29,4.5,
30,10.0,
30,36.0,
30,9.6,
30,47.3,
30,72.5,
30,146.29999999999998,
30,8.5,
30,2.0,
30,15.2,
30,45.8,
30,215.29999999999998,
30,8.25,
30,3.63,
30,32.38,
30,9.0,
30,60.88,
30,4.5,
30,17.5,
31,10.0,
31,7.92,
31,41.5,
31,89.0,
31,8.5,
31,17.16,
31,37.29,
31,105.37,
31,243.86999999999998,
31,50.730000000000004,
31,6.25,
31,2.75,
31,19.23,
31,27.0,
31,3.75,
31,30.23,
31,2.25,
32,20.0,
32,63.0,
32,15.84,
32,48.0,
32,8.5,
32,13.86,
32,37.62,
32,110.32,
32,199.32,
32,151.21,
32,6.25,
32,2.75,
32,21.21,
32,45.5,
32,3.25,
32,32.71,
32,2.25,
33,40.0,
33,115.0,
33,15.84,
33,8.5,
33,8.25,
33,29.04,
33,96.13,
33,145.13,
33,81.48,
33,6.25,
33,2.75,
33,19.23,
33,48.75,
33,4.5,
33,30.98,
33,2.25,
34,26.5,
34,125.0,
34,10.0,
34,20.0,
34,35.5,
34,17.0,
34,12.5,
34,44.0,
34,194.5,
34,68.0,
34,12.5,
34,5.5,
34,10.0,
34,4.25,
34,13.5,
34,2.25,
35,33.0,
35,52.0,
35,96.0,
35,16.0,
35,168.0,
35,8.5,
35,12.5,
35,42.0,
35,210.5,
35,43.26,
35,73.0,
35,16.5,
35,5.5,
35,4.29,
35,10.76,
35,2.97,
36,17.49,
36,79.0,
36,28.0,
36,137.49,
36,66.49,
36,17.0,
36,12.5,
36,147.5,
36,66.5,
36,20.5,
36,7.0,
36,8.0,
36,19.5,
36,4.5,
37,13.2,
37,16.0,
37,87.91,
37,116.2,
37,193.10999999999999,
37,17.0,
37,10.5,
37,65.44,
37,20.970000000000002,
37,4.25,
37,1.87,
37,27.62,
37,7.5,
37,46.62,
37,4.5,
38,4.4,
38,12.2,
38,151.83999999999997,
38,22.04,
38,227.83999999999995,
38,2.38,
38,6.6,
38,43.050000000000004,
38,106.08999999999999,
38,61.19,
38,28.740000000000002,
38,3.96,
38,61.190000000000005,
38,1.68,
38,61.190000000000005,
38,1.82,
38,61.19,
38,1.26,
39,5.83,
39,12.2,
39,156.71000000000004,
39,22.630000000000003,
39,214.71,
39,2.38,
39,8.4,
39,39.6,
39,131.23,
39,71.49000000000001,
39,27.72,
39,4.92,
39,71.49000000000001,
39,1.68,
39,71.49000000000001,
39,2.24,
39,71.49,
39,1.26,
40,5.6,
40,115.0,
40,9.6,
40,99.6,
40,27.4,
40,125.19999999999999,
40,17.0,
40,5.0,
40,41.35,
40,137.75,
40,30.25,
40,5.61,
40,61.059999999999995,
40,1.87,
40,91.03999999999999,
40,6.5,
40,114.03999999999999,
40,4.5,
41,6.8,
41,115.0,
41,41.0,
41,4.62,
41,9.6,
41,17.0,
41,10.89,
41,64.00999999999999,
41,150.61,
41,68.0,
41,6.25,
41,47.21999999999999,
41,2.75,
41,78.72,
41,9.0,
41,107.22,
41,4.5,
42,40.0,
42,85.0,
42,90.0,
42,3.4,
42,13.86,
42,62.36,
42,111.36,
42,45.599999999999994,
42,23.700000000000003,
42,4.25,
42,45.599999999999994,
42,1.87,
42,45.599999999999994,
42,13.58,
42,1.82,
42,45.599999999999994,
42,1.26,
43,40.0,
43,95.0,
43,15.0,
43,8.5,
43,19.14,
43,72.64,
43,76.64,
43,175.73,
43,6.25,
43,3.5,
43,19.98,
43,39.25,
43,4.0,
43,31.23,
43,2.25,
44,26.5,
44,134.0,
44,40.5,
44,8.5,
44,27.5,
44,7.5,
44,153.0,
44,53.5,
44,25.0,
44,11.0,
44,39.5,
44,4.25,
44,10.0,
44,2.25,
45,26.07,
45,114.07,
45,54.07,
45,17.0,
45,20.5,
45,15.5,
45,112.0,
45,25.0,
45,11.0,
45,47.92,
45,4.95,
45,17.919999999999998,
45,2.97,
46,26.07,
46,1.5,
46,151.07,
46,93.07,
46,8.5,
46,16.0,
46,9.5,
46,113.0,
46,53.32,
46,21.8,
46,6.6,
46,2.2,
46,14.739999999999998,
46,5.61,
46,26.819999999999997,
46,2.97,
47,26.25,
47,15.84,
47,91.25,
47,34.25,
47,8.5,
47,14.52,
47,20.79,
47,110.15,
47,290.40000000000003,
47,162.51,
47,20.2,
47,5.0,
47,2.2,
47,17.43,
47,5.61,
47,31.009999999999998,
47,2.97,
48,21.98,
48,20.0,
48,18.48,
48,49.519999999999996,
48,3.4,
48,1.65,
48,16.83,
48,53.46,
48,199.97999999999996,
48,121.79,
48,15.120000000000001,
48,4.25,
48,121.79,
48,1.87,
48,121.79,
48,3.2,
48,121.79,
48,1.8,
49,15.72,
49,15.0,
49,6.0,
49,215.48,
49,34.9,
49,2.89,
49,8.75,
49,25.0,
49,85.95,
49,193.85000000000002,
49,87.53000000000002,
49,4.25,
49,87.53,
49,1.87,
49,87.53,
49,2.89,
49,87.53,
49,1.53,
50,38.94,
50,14.0,
50,102.06,
50,98.94,
50,5.61,
50,7.5,
50,28.25,
50,85.06,
50,273.0,
50,8.25,
50,4.62,
50,24.87,
50,27.189999999999998,
50,5.61,
50,43.449999999999996,
50,2.97,
50,11.61,
51,26.07,
51,12.0,
51,113.93999999999998,
51,94.57,
51,3.4,
51,4.75,
51,25.25,
51,74.00999999999999,
51,198.57999999999998,
51,32.93,
51,5.0,
51,2.2,
51,22.7,
51,16.73,
51,3.6,
51,38.1,
51,1.8,
51,4.4,
52,21.78,
52,8.0,
52,67.38,
52,178.78,
52,92.16,
52,5.61,
52,6.0,
52,18.0,
52,60.379999999999995,
52,8.25,
52,3.63,
52,20.88,
52,37.52,
52,5.94,
52,36.79,
52,2.97,
52,7.61,
53,30.36,
53,7.92,
53,74.36,
53,17.0,
53,8.25,
53,2.64,
53,67.31,
53,152.67,
53,25.0,
53,11.0,
53,36.91,
53,5.94,
53,15.910000000000002,
53,2.97,
54,20.16,
54,10.56,
54,24.240000000000002,
54,3.4,
54,16.5,
54,86.06,
54,114.30000000000001,
54,60.99,
54,5.0,
54,60.99,
54,2.2,
54,60.989999999999995,
54,2.6,
54,60.989999999999995,
54,1.8,
55,30.94,
55,24.0,
55,31.94,
55,3.4,
55,29.0,
55,171.0,
55,76.44,
55,5.0,
55,76.44,
55,2.2,
55,76.44,
55,2.6,
55,76.44,
55,1.8,
56,135.0,
56,15.84,
56,97.2,
56,250.0,
56,17.0,
56,17.16,
56,71.0,
56,9.2,
56,5.0,
56,2.2,
56,25.7,
56,7.5,
56,44.7,
56,4.5,
57,27.0,
57,42.0,
57,13.2,
57,126.04,
57,184.0,
57,5.61,
57,11.55,
57,67.75,
57,49.29,
57,8.120000000000001,
57,4.25,
57,1.87,
57,17.37,
57,4.25,
57,26.180000000000003,
57,2.25,
58,106.0,
58,20.0,
58,27.0,
58,3.4,
58,16.0,
58,7.5,
58,129.5,
58,98.80000000000001,
58,5.0,
58,98.80000000000001,
58,2.2,
58,98.80000000000001,
58,3.4,
58,98.80000000000001,
58,1.8,
59,10.56,
59,14.96,
59,3.4,
59,17.16,
59,39.27,
59,115.49000000000001,
59,211.45000000000002,
59,87.46000000000001,
59,5.0,
59,87.46,
59,2.2,
59,87.46000000000001,
59,2.6,
59,87.46000000000001,
59,1.8,
60,18.48,
60,36.5,
60,8.5,
60,19.14,
60,20.79,
60,96.41,
60,234.91,
60,148.71,
60,6.25,
60,2.75,
60,21.21,
60,13.5,
60,4.25,
60,36.21,
60,2.25,
61,36.0,
61,7.92,
61,57.5,
61,5.61,
61,10.89,
61,12.54,
61,58.35,
61,208.85,
61,8.25,
61,3.63,
61,30.38,
61,37.69,
61,5.61,
61,57.96,
61,2.97,
61,8.11,
62,25.0,
62,10.56,
62,67.5,
62,17.0,
62,8.25,
62,16.5,
62,83.81,
62,248.31,
62,55.5,
62,12.5,
62,5.5,
62,24.5,
62,3.75,
62,28.0,
62,2.25,
63,10.56,
63,73.5,
63,17.0,
63,17.16,
63,25.08,
63,90.8,
63,245.3,
63,87.5,
63,12.5,
63,5.5,
63,24.5,
63,3.75,
63,28.0,
63,2.25,
64,10.56,
64,81.0,
64,3.0,
64,17.0,
64,19.14,
64,25.08,
64,103.28,
64,286.28,
64,78.75,
64,12.5,
64,5.5,
64,24.75,
64,4.0,
64,21.25,
64,2.25,
65,13.2,
65,53.46,
65,5.61,
65,10.89,
65,25.08,
65,97.67,
65,216.13,
65,68.16,
65,44.75,
65,12.5,
65,162.62000000000003,
65,5.5,
65,22.75,
65,2.72,
65,7.55,
65,1.53,
66,7.92,
66,42.9,
66,5.61,
66,13.86,
66,40.92,
66,116.2,
66,212.10000000000002,
66,95.96,
66,25.0,
66,186.86,
66,11.0,
66,37.4,
66,2.6,
66,9.350000000000001,
66,1.8,
67,7.92,
67,41.25,
67,3.0,
67,5.61,
67,13.86,
67,33.0,
67,119.28,
67,229.52999999999997,
67,96.3,
67,58.89,
67,12.5,
67,144.55000000000004,
67,5.5,
67,22.89,
67,1.36,
67,6.19,
67,1.53,
68,13.2,
68,78.5,
68,34.0,
68,8.5,
68,18.15,
68,30.69,
68,121.03999999999999,
68,272.54,
68,133.8,
68,62.8,
68,12.5,
68,5.5,
68,17.8,
68,3.0,
68,8.3,
68,1.8,
69,10.56,
69,77.0,
69,17.0,
69,8.5,
69,10.89,
69,8.91,
69,73.36,
69,203.35999999999999,
69,57.4,
69,45.9,
69,12.5,
69,5.5,
69,14.9,
69,1.6,
69,6.8999999999999995,
69,1.8,
70,6.0,
70,81.77,
70,77.0,
70,17.0,
70,6.25,
70,51.19,
70,162.19,
70,23.580000000000002,
70,6.6,
70,2.2,
70,24.3,
70,12.780000000000001,
70,2.4,
70,35.5,
70,1.8,
71,21.0,
71,8.0,
71,91.89,
71,51.5,
71,17.0,
71,14.5,
71,57.81,
71,124.31,
71,27.080000000000002,
71,5.0,
71,2.2,
71,25.7,
71,13.38,
71,3.0,
71,37.5,
71,1.8,
72,118.0,
72,20.0,
72,162.0,
72,17.0,
72,25.0,
72,174.0,
72,8.25,
72,3.63,
72,21.38,
72,40.26,
72,4.29,
72,35.64,
72,2.97,
73,13.6,
73,106.0,
73,24.0,
73,46.1,
73,17.0,
73,23.0,
73,154.0,
73,48.25,
73,6.25,
73,79.75999999999999,
73,2.75,
73,95.75999999999999,
73,26.25,
73,4.0,
73,109.00999999999999,
73,2.25,
74,16.32,
74,15.0,
74,13.2,
74,42.32,
74,17.0,
74,12.54,
74,79.24000000000001,
74,186.55999999999997,
74,44.5,
74,6.25,
74,67.07,
74,2.75,
74,87.57,
74,26.5,
74,3.25,
74,100.07,
74,2.25,
75,14.88,
75,101.0,
75,18.48,
75,41.06,
75,72.88,
75,3.4,
75,0.99,
75,10.23,
75,83.2,
75,197.26,
75,113.3,
75,0.8,
75,5.0,
75,113.30000000000001,
75,2.2,
75,113.30000000000001,
75,39.59,
75,3.06,
75,113.30000000000001,
75,1.53,
76,13.2,
76,3.0,
76,13.2,
76,33.2,
76,99.2,
76,5.38,
76,3.4,
76,22.44,
76,84.14,
76,198.33999999999997,
76,120.50000000000001,
76,5.0,
76,120.5,
76,2.2,
76,120.5,
76,3.4,
76,120.5,
76,1.8,
77,80.85,
77,1.65,
77,20.0,
77,222.0,
77,172.85,
77,38.15,
77,8.5,
77,38.0,
77,165.0,
77,204.6,
77,6.25,
77,2.75,
77,23.189999999999998,
77,5.94,
77,38.099999999999994,
77,2.97,
78,80.85,
78,24.0,
78,221.85,
78,135.85,
78,38.0,
78,5.61,
78,2.5,
78,13.5,
78,84.0,
78,212.70000000000002,
78,1.32,
78,6.25,
78,2.75,
78,23.189999999999998,
78,5.61,
78,36.769999999999996,
78,2.97,
78,19.93,
79,91.0,
79,31.68,
79,24.42,
79,10.56,
79,214.97,
79,302.6,
79,91.60000000000001,
79,4.25,
79,16.5,
79,18.15,
79,93.71000000000001,
79,107.25999999999999,
79,6.6,
79,2.2,
79,18.05,
79,4.25,
79,28.51,
79,2.25,
79,8.25,
