32,
32,
38,
40,
33,
33,
41,
68,
37,
32,
74,
73,
32,
72,
31,
33,
81,
34,
33,
83,
77,
32,
87,
67,
38,
41,
101,
90,
35,
32,
96,
93,
90,
83,
35,
116,
67,
121,
108,
84,
43,
78,
33,
44,
49,
93,
74,
38,
33,
144,
133,
128,
145,
132,
154,
79,
69,
40,
100,
89,
43,
129,
42,
109,
77,
40,
112,
106,
127,
88,
155,
94,
32,
85,
162,
174,
167,
135,
171,
146,
167,
129,
125,
130,
135,
41,
63,
102,
81,
40,
136,
156,
39,
167,
143,
38,
36,
171,
140,
96,
166,
180,
36,
31,
191,
102,
171,
79,
180,
153,
87,
151,
99,
115,
202,
194,
161,
194,
131,
162,
96,
189,
192,
192,
161,
205,
112,
128,
65,
162,
36,
76,
191,
170,
93,
194,
192,
146,
183,
198,
190,
178,
96,
31,
173,
39,
169,
54,
192,
205,
155,
142,
202,
205,
200,
131,
214,
189,
160,
170,
157,
217,
195,
160,
211,
136,
149,
190,
146,
155,
117,
159,
144,
155,
205,
146,
148,
184,
137,
176,
198,
157,
190,
163,
226,
167,
194,
124,
188,
99,
117,
56,
232,
205,
183,
187,
119,
112,
166,
204,
55,
182,
187,
53,
230,
139,
220,
198,
119,
53,
197,
118,
189,
134,
134,
42,
171,
140,
198,
107,
80,
122,
39,
141,
38,
139,
243,
34,
240,
216,
223,
127,
86,
34,
78,
153,
160,
148,
183,
175,
173,
177,
96,
110,
138,
102,
203,
95,
130,
34,
128,
183,
159,
33,
143,
105,
277,
131,
129,
113,
103,
92,
86,
140,
103,
110,
108,
37,
101,
99,
47,
143,
110,
37,
111,
280,
95,
45,
103,
106,
74,
98,
78,
130,
293,
116,
157,
92,
91,
177,
92,
150,
286,
262,
137,
304,
269,
140,
203,
104,
92,
263,
206,
313,
159,
81,
303,
90,
314,
281,
312,
289,
60,
117,
44,
49,
260,
153,
116,
221,
301,
103,
276,
313,
84,
320,
227,
73,
95,
196,
203,
122,
328,
144,
178,
268,
275,
86,
157,
221,
250,
307,
269,
176,
184,
246,
181,
129,
91,
295,
172,
269,
269,
86,
240,
242,
85,
274,
311,
39,
346,
121,
271,
310,
102,
246,
36,
208,
256,
257,
324,
254,
310,
197,
342,
276,
218,
88,
115,
261,
284,
239,
162,
98,
306,
211,
213,
298,
230,
320,
216,
163,
127,
243,
46,
297,
128,
206,
97,
283,
346,
257,
297,
231,
264,
144,
99,
152,
293,
281,
45,
266,
300,
246,
255,
215,
122,
99,
39,
99,
222,
153,
130,
165,
105,
257,
185,
236,
104,
171,
161,
88,
169,
177,
139,
248,
190,
144,
195,
70,
96,
193,
94,
238,
135,
162,
171,
42,
284,
299,
155,
191,
178,
271,
155,
305,
299,
121,
267,
276,
286,
271,
77,
263,
275,
189,
220,
326,
359,
341,
368,
243,
266,
335,
37,
202,
122,
77,
305,
40,
179,
382,
243,
103,
369,
102,
223,
194,
115,
138,
282,
239,
257,
334,
175,
99,
200,
220,
339,
322,
165,
250,
235,
209,
94,
291,
124,
131,
140,
185,
385,
160,
45,
269,
241,
166,
164,
125,
179,
127,
304,
88,
139,
316,
278,
332,
60,
324,
209,
162,
299,
41,
78,
271,
290,
95,
270,
347,
201,
245,
264,
275,
139,
97,
207,
309,
291,
225,
394,
269,
67,
360,
107,
219,
103,
57,
368,
98,
372,
203,
97,
92,
407,
405,
95,
337,
106,
44,
94,
389,
86,
128,
237,
123,
147,
137,
394,
119,
140,
146,
155,
143,
61,
401,
159,
124,
38,
96,
158,
273,
141,
234,
124,
415,
232,
99,
189,
39,
146,
103,
262,
123,
142,
455,
103,
94,
365,
436,
374,
119,
343,
290,
116,
433,
408,
345,
325,
310,
186,
93,
277,
310,
290,
177,
39,
245,
277,
466,
283,
182,
476,
441,
331,
240,
111,
301,
417,
126,
103,
42,
303,
137,
455,
399,
235,
253,
206,
81,
379,
222,
369,
176,
270,
142,
73,
107,
241,
401,
37,
260,
200,
135,
143,
78,
503,
207,
118,
188,
210,
342,
483,
277,
259,
248,
363,
492,
517,
454,
456,
271,
73,
441,
371,
334,
78,
299,
347,
277,
480,
485,
227,
43,
474,
297,
365,
146,
430,
462,
37,
343,
239,
152,
294,
52,
462,
345,
357,
284,
199,
401,
408,
500,
401,
464,
374,
399,
353,
112,
250,
471,
390,
100,
421,
249,
326,
430,
313,
159,
45,
93,
174,
284,
464,
88,
202,
43,
147,
136,
279,
377,
391,
264,
447,
412,
265,
247,
168,
289,
285,
479,
136,
254,
381,
260,
358,
500,
412,
368,
392,
312,
488,
348,
427,
381,
407,
376,
416,
289,
459,
188,
548,
314,
329,
204,
212,
319,
481,
67,
377,
317,
482,
328,
318,
296,
480,
333,
108,
99,
177,
43,
64,
217,
447,
314,
95,
42,
222,
210,
324,
205,
277,
242,
212,
371,
321,
504,
399,
446,
509,
516,
206,
220,
506,
196,
296,
381,
201,
320,
116,
411,
335,
376,
390,
46,
275,
95,
198,
281,
287,
400,
389,
326,
357,
361,
201,
291,
201,
422,
298,
335,
211,
412,
268,
208,
211,
353,
518,
198,
287,
525,
413,
238,
484,
405,
254,
278,
192,
182,
251,
315,
237,
310,
285,
200,
485,
484,
314,
439,
246,
243,
561,
89,
181,
239,
249,
425,
447,
439,
507,
103,
205,
431,
284,
342,
472,
514,
194,
247,
333,
92,
328,
38,
214,
91,
89,
346,
60,
87,
496,
115,
138,
79,
205,
116,
208,
538,
41,
241,
443,
536,
493,
478,
584,
472,
544,
489,
42,
554,
617,
433,
289,
454,
426,
540,
421,
129,
501,
531,
98,
558,
218,
205,
311,
278,
139,
542,
161,
554,
143,
525,
648,
308,
134,
417,
529,
416,
103,
123,
299,
43,
420,
373,
559,
557,
395,
251,
43,
392,
497,
224,
410,
228,
66,
212,
450,
147,
399,
312,
453,
242,
214,
208,
594,
436,
365,
182,
99,
456,
399,
490,
657,
273,
411,
384,
376,
364,
458,
39,
293,
380,
222,
356,
226,
451,
45,
200,
499,
530,
524,
206,
362,
352,
529,
142,
438,
500,
181,
351,
332,
508,
374,
270,
470,
302,
99,
328,
676,
267,
219,
467,
41,
40,
103,
600,
38,
520,
40,
524,
103,
366,
190,
102,
585,
360,
101,
324,
256,
488,
301,
583,
298,
298,
313,
169,
195,
281,
713,
154,
598,
526,
40,
591,
693,
552,
93,
267,
450,
318,
346,
93,
286,
594,
285,
319,
491,
598,
267,
473,
93,
475,
284,
282,
346,
279,
305,
223,
247,
288,
472,
301,
331,
233,
253,
261,
67,
528,
537,
220,
602,
595,
279,
461,
479,
454,
474,
373,
508,
331,
623,
40,
421,
288,
246,
317,
591,
274,
211,
64,
670,
196,
544,
464,
578,
480,
215,
513,
546,
210,
121,
303,
670,
457,
676,
282,
656,
666,
126,
444,
433,
465,
227,
198,
464,
120,
260,
258,
434,
727,
477,
422,
90,
427,
215,
378,
285,
423,
626,
412,
375,
383,
45,
245,
507,
370,
372,
395,
42,
93,
524,
250,
382,
387,
326,
358,
572,
370,
348,
452,
364,
447,
643,
410,
579,
309,
411,
41,
41,
494,
258,
572,
620,
600,
379,
548,
579,
384,
274,
304,
381,
417,
83,
236,
83,
603,
417,
220,
418,
537,
518,
668,
81,
514,
116,
465,
289,
496,
438,
79,
492,
141,
261,
416,
202,
79,
481,
568,
411,
41,
366,
389,
256,
62,
352,
561,
507,
419,
335,
332,
371,
357,
82,
601,
541,
530,
365,
328,
396,
318,
345,
572,
565,
349,
266,
397,
396,
585,
396,
154,
74,
580,
585,
444,
235,
422,
641,
44,
402,
555,
572,
575,
151,
664,
40,
541,
245,
306,
50,
301,
104,
554,
581,
733,
663,
547,
40,
103,
309,
551,
314,
690,
88,
520,
526,
553,
539,
324,
692,
492,
511,
143,
257,
520,
282,
619,
571,
337,
405,
268,
242,
560,
313,
140,
365,
357,
706,
344,
601,
275,
311,
242,
581,
524,
479,
241,
147,
496,
485,
469,
476,
310,
143,
234,
350,
282,
475,
315,
369,
496,
456,
692,
298,
294,
478,
436,
207,
593,
203,
172,
406,
117,
288,
514,
206,
369,
479,
396,
424,
512,
236,
152,
285,
250,
106,
418,
643,
526,
437,
464,
281,
391,
400,
339,
398,
540,
665,
417,
308,
331,
41,
395,
392,
405,
402,
128,
612,
236,
325,
386,
112,
406,
325,
452,
393,
44,
339,
354,
379,
640,
406,
395,
181,
424,
306,
324,
508,
476,
388,
317,
353,
628,
401,
401,
197,
458,
631,
301,
119,
336,
402,
620,
40,
334,
579,
411,
92,
317,
692,
493,
185,
391,
237,
111,
284,
422,
290,
475,
429,
92,
415,
39,
257,
317,
287,
377,
362,
500,
343,
699,
398,
298,
237,
693,
41,
407,
43,
379,
100,
377,
452,
103,
270,
342,
197,
680,
602,
273,
160,
435,
406,
254,
316,
217,
286,
590,
386,
136,
216,
311,
318,
535,
344,
522,
524,
265,
294,
299,
644,
348,
414,
519,
320,
278,
179,
287,
328,
583,
374,
256,
314,
321,
344,
146,
302,
52,
45,
716,
320,
238,
136,
42,
237,
795,
43,
294,
312,
218,
522,
648,
363,
209,
251,
260,
568,
40,
312,
209,
368,
110,
517,
611,
601,
435,
260,
577,
418,
846,
298,
360,
160,
298,
301,
323,
564,
352,
418,
302,
260,
309,
285,
805,
326,
272,
520,
38,
339,
276,
297,
302,
311,
301,
437,
187,
207,
234,
288,
399,
291,
212,
297,
230,
154,
249,
194,
117,
436,
619,
297,
135,
221,
42,
555,
866,
867,
124,
64,
322,
434,
831,
725,
168,
119,
128,
280,
45,
707,
216,
803,
351,
341,
205,
120,
716,
262,
167,
122,
343,
319,
354,
280,
229,
393,
340,
156,
350,
258,
109,
415,
524,
667,
130,
41,
712,
338,
384,
540,
501,
289,
136,
528,
801,
316,
325,
118,
719,
665,
528,
516,
602,
228,
800,
590,
791,
271,
225,
236,
489,
485,
225,
179,
243,
382,
299,
413,
134,
48,
320,
792,
212,
792,
373,
118,
161,
153,
699,
135,
116,
42,
95,
172,
50,
259,
326,
324,
171,
40,
291,
217,
281,
347,
808,
89,
253,
37,
336,
316,
224,
581,
178,
159,
250,
154,
128,
241,
121,
54,
157,
44,
90,
238,
46,
73,
608,
41,
203,
316,
57,
130,
160,
165,
157,
421,
461,
150,
164,
439,
121,
111,
39,
472,
422,
476,
357,
80,
284,
488,
245,
119,
398,
656,
487,
304,
49,
136,
105,
320,
308,
111,
122,
329,
284,
136,
352,
291,
839,
135,
551,
322,
40,
602,
127,
237,
634,
43,
38,
52,
120,
122,
248,
365,
401,
453,
375,
549,
115,
821,
218,
262,
748,
287,
296,
138,
136,
283,
214,
166,
118,
275,
683,
276,
324,
326,
348,
288,
689,
379,
323,
302,
866,
566,
107,
691,
824,
662,
45,
735,
285,
669,
44,
302,
376,
137,
211,
237,
95,
290,
89,
702,
777,
156,
85,
515,
475,
417,
175,
364,
179,
135,
144,
362,
298,
401,
573,
348,
295,
195,
315,
615,
411,
478,
435,
451,
639,
227,
298,
515,
515,
295,
615,
452,
305,
671,
789,
632,
652,
326,
637,
360,
119,
636,
77,
234,
106,
273,
430,
869,
388,
312,
428,
360,
791,
276,
641,
287,
398,
392,
47,
281,
431,
304,
428,
487,
462,
448,
266,
280,
666,
375,
454,
386,
436,
755,
658,
40,
283,
285,
435,
416,
292,
104,
263,
359,
275,
84,
266,
315,
253,
172,
271,
294,
278,
437,
263,
79,
590,
253,
572,
643,
291,
200,
184,
58,
540,
666,
602,
584,
321,
658,
661,
279,
309,
561,
653,
462,
473,
651,
452,
170,
238,
42,
242,
551,
681,
157,
526,
262,
371,
238,
497,
235,
513,
504,
57,
461,
641,
416,
407,
464,
529,
639,
407,
477,
477,
463,
640,
290,
101,
436,
418,
470,
437,
329,
163,
456,
495,
88,
361,
477,
328,
541,
400,
326,
384,
382,
368,
335,
426,
495,
184,
436,
381,
569,
339,
408,
186,
363,
468,
180,
165,
598,
60,
143,
445,
340,
407,
488,
394,
386,
567,
147,
435,
373,
177,
43,
708,
575,
324,
335,
368,
234,
318,
396,
447,
256,
318,
281,
419,
147,
291,
468,
304,
447,
403,
571,
450,
440,
545,
103,
345,
465,
408,
130,
433,
65,
133,
413,
40,
292,
254,
318,
422,
298,
49,
881,
237,
132,
560,
446,
433,
193,
278,
45,
385,
419,
42,
440,
271,
45,
391,
522,
43,
883,
296,
117,
465,
91,
203,
484,
179,
562,
381,
154,
296,
275,
562,
165,
507,
418,
353,
43,
441,
926,
247,
178,
381,
90,
236,
963,
404,
584,
763,
235,
569,
391,
178,
45,
787,
734,
274,
896,
252,
591,
383,
721,
473,
1006,
482,
246,
714,
375,
181,
481,
559,
900,
530,
431,
500,
176,
443,
472,
405,
175,
429,
175,
40,
658,
958,
175,
224,
458,
174,
398,
42,
403,
462,
191,
200,
168,
133,
167,
209,
156,
456,
159,
191,
168,
217,
458,
146,
166,
96,
207,
152,
95,
145,
310,
93,
366,
106,
134,
49,
456,
143,
420,
440,
80,
134,
407,
126,
331,
423,
39,
413,
377,
159,
38,
87,
65,
459,
130,
399,
427,
576,
42,
759,
481,
293,
269,
39,
287,
40,
151,
609,
330,
914,
513,
754,
349,
293,
553,
139,
548,
609,
761,
393,
293,
64,
266,
388,
610,
373,
251,
493,
286,
208,
78,
160,
340,
153,
174,
387,
310,
146,
544,
158,
460,
542,
581,
432,
43,
159,
787,
397,
1054,
413,
475,
107,
422,
397,
65,
1029,
642,
46,
458,
879,
910,
328,
512,
387,
843,
1055,
163,
309,
41,
888,
863,
330,
509,
1042,
533,
575,
343,
309,
352,
76,
37,
42,
396,
292,
337,
296,
804,
256,
267,
242,
77,
337,
393,
176,
76,
109,
200,
256,
278,
451,
1054,
53,
1048,
94,
40,
174,
335,
623,
712,
870,
131,
901,
259,
706,
168,
777,
582,
252,
1083,
132,
329,
914,
902,
325,
990,
160,
47,
189,
593,
1077,
82,
46,
561,
675,
81,
79,
1043,
909,
252,
180,
923,
721,
395,
1054,
910,
46,
174,
996,
693,
1074,
737,
81,
205,
283,
677,
401,
722,
516,
376,
801,
369,
343,
496,
318,
1003,
635,
458,
478,
623,
473,
382,
41,
263,
571,
362,
318,
660,
430,
79,
317,
299,
292,
319,
392,
281,
77,
691,
397,
221,
944,
942,
948,
228,
156,
516,
43,
248,
921,
148,
256,
284,
349,
163,
191,
539,
579,
359,
50,
626,
143,
322,
543,
671,
740,
540,
388,
357,
802,
552,
552,
528,
843,
316,
391,
560,
414,
374,
151,
404,
440,
658,
50,
629,
61,
814,
458,
43,
649,
381,
437,
611,
354,
348,
344,
829,
527,
503,
602,
447,
601,
287,
377,
47,
663,
347,
622,
324,
276,
46,
1088,
614,
481,
574,
467,
483,
104,
1060,
367,
511,
733,
461,
488,
174,
580,
447,
460,
615,
513,
148,
573,
570,
870,
129,
172,
562,
222,
46,
489,
158,
40,
391,
559,
504,
539,
45,
121,
520,
372,
588,
518,
548,
176,
570,
612,
506,
153,
328,
180,
653,
792,
205,
553,
517,
493,
177,
206,
328,
375,
800,
205,
203,
311,
857,
495,
309,
546,
814,
482,
203,
472,
371,
1179,
832,
467,
284,
78,
91,
43,
467,
50,
904,
43,
48,
435,
524,
80,
1164,
875,
552,
426,
459,
41,
336,
421,
866,
538,
333,
78,
448,
446,
323,
469,
772,
421,
577,
811,
386,
825,
843,
490,
384,
779,
543,
1185,
867,
461,
1179,
803,
580,
619,
1185,
161,
194,
43,
867,
1170,
492,
316,
533,
50,
44,
223,
513,
387,
396,
493,
556,
501,
457,
488,
725,
247,
848,
448,
41,
213,
612,
429,
498,
81,
365,
41,
1159,
168,
438,
450,
395,
403,
493,
367,
37,
510,
469,
349,
1185,
430,
476,
228,
481,
349,
407,
613,
567,
1208,
340,
501,
324,
736,
476,
402,
114,
549,
1176,
345,
414,
369,
389,
332,
366,
1183,
366,
356,
67,
1164,
339,
286,
44,
413,
524,
365,
341,
39,
264,
318,
351,
487,
97,
445,
614,
869,
335,
426,
486,
1192,
245,
81,
192,
38,
854,
867,
407,
562,
599,
568,
859,
126,
103,
798,
824,
799,
503,
692,
617,
503,
395,
540,
418,
776,
567,
347,
430,
511,
279,
456,
554,
297,
473,
580,
331,
860,
504,
412,
369,
518,
140,
1126,
250,
245,
319,
388,
543,
272,
514,
109,
249,
289,
542,
375,
187,
423,
227,
211,
534,
405,
1240,
314,
352,
333,
42,
555,
331,
592,
444,
824,
41,
596,
223,
115,
326,
914,
263,
199,
206,
803,
324,
892,
372,
317,
197,
258,
384,
199,
249,
79,
442,
205,
368,
219,
357,
586,
278,
493,
763,
261,
755,
162,
373,
259,
665,
699,
484,
1022,
281,
261,
43,
423,
749,
552,
1220,
51,
1076,
744,
711,
264,
444,
859,
320,
917,
42,
258,
551,
960,
1146,
426,
305,
184,
948,
561,
412,
527,
1201,
84,
593,
795,
540,
1227,
57,
852,
145,
705,
359,
808,
541,
144,
135,
505,
349,
520,
141,
560,
655,
85,
792,
111,
556,
215,
269,
803,
381,
555,
798,
264,
167,
1197,
795,
361,
594,
132,
446,
608,
213,
167,
115,
139,
235,
755,
188,
181,
531,
503,
320,
154,
120,
740,
1277,
1187,
1184,
255,
111,
491,
120,
1150,
1119,
773,
111,
636,
591,
895,
133,
302,
90,
803,
244,
428,
770,
349,
763,
723,
594,
825,
979,
513,
96,
370,
551,
537,
566,
746,
312,
93,
771,
559,
808,
38,
628,
731,
282,
359,
546,
224,
557,
446,
317,
341,
42,
278,
95,
303,
327,
408,
459,
41,
293,
453,
126,
104,
368,
800,
308,
507,
186,
257,
104,
43,
222,
354,
356,
560,
317,
549,
434,
233,
74,
1256,
40,
317,
577,
110,
294,
743,
610,
622,
598,
558,
723,
426,
222,
254,
668,
228,
90,
710,
760,
907,
682,
589,
117,
294,
1012,
662,
43,
1128,
177,
544,
158,
547,
513,
179,
665,
143,
752,
89,
530,
54,
625,
119,
794,
607,
45,
533,
685,
658,
640,
470,
699,
44,
433,
1034,
595,
598,
365,
596,
628,
572,
817,
626,
895,
567,
1068,
661,
634,
544,
154,
816,
309,
812,
970,
429,
788,
888,
588,
627,
151,
66,
44,
999,
968,
545,
509,
1291,
1042,
51,
393,
1115,
597,
348,
270,
947,
380,
964,
1118,
714,
890,
84,
43,
933,
548,
890,
992,
878,
503,
1152,
262,
363,
410,
594,
38,
412,
402,
543,
237,
1210,
411,
401,
1020,
405,
573,
398,
895,
412,
370,
872,
888,
400,
433,
180,
169,
106,
773,
1388,
729,
110,
1056,
820,
809,
383,
553,
544,
627,
621,
1121,
44,
591,
1321,
1356,
526,
99,
281,
509,
97,
625,
839,
157,
1390,
260,
1312,
164,
882,
896,
159,
944,
797,
43,
555,
609,
41,
373,
75,
316,
1176,
400,
779,
478,
924,
148,
352,
161,
174,
196,
594,
167,
651,
370,
293,
41,
374,
506,
311,
219,
831,
40,
546,
137,
579,
295,
241,
577,
420,
1014,
887,
67,
1221,
527,
1220,
399,
59,
945,
136,
1380,
87,
1018,
1007,
1009,
462,
88,
657,
573,
1043,
611,
516,
701,
987,
737,
1378,
42,
50,
523,
613,
561,
396,
78,
454,
624,
875,
845,
327,
1352,
304,
778,
199,
263,
135,
404,
1400,
155,
46,
156,
422,
1443,
136,
418,
1392,
1131,
77,
41,
320,
403,
1383,
1027,
383,
197,
421,
839,
624,
837,
302,
353,
657,
1436,
800,
1364,
38,
830,
131,
1319,
877,
368,
874,
98,
128,
1404,
134,
892,
1357,
900,
862,
852,
152,
1269,
84,
548,
78,
131,
1429,
329,
1337,
211,
648,
757,
41,
762,
85,
641,
385,
762,
366,
1013,
358,
1354,
1458,
1385,
1053,
40,
153,
1361,
1251,
1223,
1248,
1351,
1189,
830,
878,
849,
466,
1347,
1022,
261,
598,
964,
171,
607,
873,
167,
1137,
629,
1464,
1381,
604,
827,
1132,
823,
36,
813,
670,
40,
939,
1356,
1034,
318,
625,
810,
160,
796,
704,
521,
1444,
942,
1508,
74,
1361,
1038,
167,
1366,
956,
871,
1024,
1366,
896,
43,
1241,
40,
596,
464,
126,
904,
1478,
476,
365,
341,
965,
1182,
370,
482,
623,
794,
347,
372,
1381,
1370,
112,
365,
848,
450,
215,
131,
719,
820,
41,
251,
1334,
1207,
172,
1438,
214,
752,
1339,
1424,
193,
504,
717,
956,
923,
86,
411,
804,
398,
897,
1120,
1408,
1069,
505,
382,
1413,
503,
319,
205,
822,
435,
536,
41,
185,
91,
41,
82,
477,
77,
83,
772,
863,
735,
712,
695,
470,
69,
793,
787,
40,
676,
460,
642,
790,
77,
45,
643,
931,
98,
824,
106,
92,
504,
80,
968,
1381,
441,
690,
198,
717,
83,
501,
656,
802,
194,
47,
320,
925,
723,
191,
43,
479,
173,
324,
468,
556,
39,
873,
665,
672,
676,
106,
665,
856,
844,
762,
652,
186,
100,
316,
210,
665,
238,
648,
641,
1442,
680,
541,
1135,
95,
805,
39,
564,
828,
617,
695,
654,
697,
1074,
562,
581,
889,
1025,
77,
733,
565,
680,
505,
1016,
996,
1261,
830,
1022,
896,
816,
1034,
536,
646,
821,
721,
1030,
328,
707,
704,
422,
1518,
816,
885,
1569,
760,
807,
721,
980,
972,
640,
45,
40,
871,
695,
692,
995,
571,
661,
671,
524,
576,
285,
514,
507,
663,
543,
536,
536,
81,
705,
1074,
520,
866,
783,
77,
575,
47,
183,
1469,
934,
1289,
523,
1471,
535,
269,
349,
1511,
1549,
1315,
834,
736,
451,
447,
630,
454,
470,
518,
447,
448,
465,
423,
447,
40,
484,
730,
527,
85,
406,
90,
401,
248,
461,
166,
188,
132,
40,
38,
1005,
1516,
515,
395,
394,
479,
512,
289,
709,
723,
556,
258,
789,
1524,
598,
1043,
1087,
1332,
134,
518,
868,
706,
990,
78,
406,
728,
1269,
1495,
821,
592,
775,
926,
1574,
1379,
1071,
612,
60,
1065,
702,
704,
752,
1566,
1108,
425,
718,
747,
1529,
521,
1371,
1502,
973,
657,
1485,
967,
1540,
510,
662,
525,
322,
493,
951,
267,
474,
502,
183,
263,
336,
540,
427,
1225,
423,
489,
207,
1553,
278,
636,
201,
419,
403,
1260,
146,
196,
251,
460,
712,
1602,
823,
1613,
318,
766,
294,
1395,
333,
1575,
292,
1661,
205,
291,
290,
248,
265,
175,
211,
94,
1548,
225,
233,
207,
471,
89,
238,
1684,
191,
778,
716,
327,
382,
398,
833,
233,
161,
1615,
766,
723,
1565,
1086,
1049,
1037,
469,
710,
990,
748,
183,
469,
275,
174,
468,
259,
466,
516,
1254,
733,
468,
579,
253,
585,
1139,
466,
155,
1398,
1047,
323,
1418,
773,
1237,
1101,
1143,
1001,
1088,
1054,
1259,
1078,
590,
145,
134,
258,
1533,
530,
814,
985,
223,
1351,
174,
1129,
532,
161,
1487,
279,
147,
462,
603,
801,
663,
1416,
830,
590,
848,
1039,
193,
1410,
435,
433,
1007,
434,
173,
1443,
1186,
1336,
422,
402,
215,
808,
1526,
409,
1583,
184,
1423,
378,
82,
183,
1556,
1519,
149,
1486,
579,
148,
1065,
1141,
568,
147,
1266,
145,
1036,
899,
1006,
1033,
291,
366,
792,
176,
1073,
1208,
145,
626,
205,
1416,
432,
172,
279,
391,
355,
450,
1066,
251,
188,
416,
166,
359,
1563,
406,
830,
375,
169,
688,
275,
552,
1574,
100,
596,
567,
643,
698,
566,
552,
135,
1642,
130,
107,
94,
129,
185,
523,
758,
223,
1614,
93,
427,
127,
91,
103,
78,
1466,
552,
1592,
87,
968,
880,
74,
1451,
67,
1256,
1045,
347,
397,
1045,
511,
190,
1376,
1035,
580,
79,
138,
65,
411,
940,
568,
1253,
70,
350,
174,
52,
581,
207,
986,
577,
1360,
64,
137,
1081,
580,
534,
73,
740,
1466,
1646,
76,
186,
1511,
1294,
75,
156,
544,
248,
1062,
789,
259,
931,
542,
908,
354,
726,
876,
1072,
839,
832,
1291,
289,
237,
321,
543,
680,
336,
295,
248,
806,
82,
813,
529,
1030,
377,
655,
702,
752,
356,
743,
184,
543,
1291,
198,
233,
251,
1060,
713,
267,
1107,
862,
551,
396,
155,
616,
1075,
392,
1858,
635,
923,
166,
712,
1092,
553,
41,
1752,
715,
1023,
576,
565,
529,
1017,
711,
1014,
1021,
1084,
529,
37,
1086,
550,
1000,
42,
235,
542,
1751,
1735,
695,
501,
221,
225,
508,
218,
42,
1444,
1068,
728,
320,
622,
577,
482,
211,
356,
364,
193,
840,
697,
328,
205,
102,
1409,
1489,
684,
1039,
1059,
178,
205,
48,
231,
43,
1274,
41,
1253,
133,
575,
438,
240,
223,
521,
202,
558,
177,
51,
420,
438,
547,
798,
1374,
1593,
611,
156,
1911,
908,
1587,
1036,
610,
1415,
584,
1172,
606,
992,
1036,
535,
842,
603,
631,
960,
1814,
628,
599,
825,
359,
1409,
601,
600,
714,
1376,
1427,
1046,
599,
1025,
1604,
532,
1172,
719,
1815,
142,
1081,
597,
1550,
154,
463,
131,
1710,
294,
417,
150,
544,
1171,
926,
775,
630,
1724,
129,
1326,
120,
273,
1139,
128,
1012,
167,
973,
265,
603,
1124,
737,
1450,
940,
614,
1728,
733,
1148,
736,
1046,
1142,
717,
156,
625,
461,
41,
1442,
698,
431,
697,
475,
133,
96,
41,
1447,
825,
1445,
1251,
1213,
291,
313,
391,
237,
751,
235,
661,
1433,
470,
243,
222,
175,
256,
434,
192,
213,
408,
686,
757,
1835,
278,
1271,
171,
753,
212,
921,
417,
162,
1245,
1451,
164,
1627,
1043,
288,
159,
45,
152,
881,
1211,
1049,
353,
143,
1000,
858,
148,
140,
483,
480,
741,
1032,
404,
739,
585,
704,
581,
316,
972,
1099,
1086,
750,
229,
64,
676,
1661,
305,
323,
52,
556,
1180,
230,
594,
1170,
371,
262,
81,
352,
357,
251,
1190,
543,
345,
285,
333,
752,
1270,
328,
855,
184,
788,
828,
1312,
334,
1063,
795,
864,
915,
1878,
1088,
1137,
164,
161,
1570,
1045,
333,
865,
903,
839,
162,
502,
664,
1803,
162,
1142,
871,
915,
954,
815,
1182,
112,
245,
269,
765,
889,
1034,
901,
491,
763,
857,
770,
621,
459,
836,
797,
885,
1824,
262,
297,
1062,
607,
1080,
1025,
80,
501,
125,
788,
766,
79,
1101,
1028,
609,
690,
374,
1085,
241,
763,
1556,
1020,
581,
64,
1142,
1010,
1553,
120,
1005,
472,
503,
429,
1332,
926,
959,
1785,
1156,
1018,
747,
86,
430,
1216,
345,
1179,
377,
1689,
723,
1613,
1121,
874,
1683,
47,
772,
1703,
346,
331,
132,
132,
288,
208,
1354,
630,
918,
1150,
1612,
629,
1335,
492,
483,
576,
36,
267,
601,
243,
1556,
218,
1115,
566,
204,
1557,
1075,
1179,
308,
852,
1183,
174,
1164,
547,
1153,
1179,
206,
1705,
1118,
1065,
835,
1164,
805,
1955,
1049,
567,
461,
1089,
558,
386,
1178,
486,
1153,
1162,
1141,
608,
399,
301,
958,
874,
87,
392,
1208,
899,
300,
1189,
240,
1755,
40,
393,
301,
1106,
373,
379,
381,
225,
1101,
78,
844,
1433,
822,
398,
1014,
1254,
741,
459,
385,
1038,
281,
1168,
267,
557,
855,
877,
130,
1164,
353,
1254,
1251,
308,
1177,
444,
1353,
1276,
1106,
810,
1156,
343,
1170,
975,
251,
862,
1609,
629,
113,
85,
1163,
645,
40,
367,
127,
1399,
1587,
569,
408,
1168,
971,
602,
1243,
1237,
1213,
303,
823,
756,
1164,
616,
1302,
905,
742,
858,
406,
1180,
184,
122,
781,
847,
446,
266,
852,
1019,
849,
1247,
1166,
1171,
933,
112,
262,
1066,
813,
606,
1161,
273,
969,
695,
245,
999,
258,
236,
812,
373,
1160,
1014,
1167,
655,
1028,
1195,
1049,
521,
989,
1359,
245,
229,
366,
245,
130,
1212,
244,
1370,
944,
244,
989,
366,
871,
736,
976,
559,
232,
221,
105,
884,
1403,
723,
875,
484,
202,
992,
542,
1260,
964,
605,
351,
926,
1036,
196,
477,
850,
562,
443,
1161,
1057,
848,
846,
978,
931,
1333,
885,
373,
1190,
1021,
410,
653,
202,
40,
948,
855,
253,
175,
1242,
364,
1234,
1175,
171,
311,
886,
1254,
852,
885,
244,
1203,
471,
290,
143,
1211,
314,
1145,
372,
41,
304,
559,
307,
290,
46,
303,
303,
957,
956,
869,
1059,
883,
424,
962,
880,
1144,
1136,
875,
838,
1299,
81,
904,
533,
433,
207,
1365,
45,
310,
43,
175,
323,
433,
411,
314,
740,
347,
139,
375,
247,
297,
519,
783,
170,
785,
394,
47,
912,
375,
1217,
591,
169,
325,
346,
869,
152,
1139,
767,
488,
1465,
807,
277,
712,
150,
591,
802,
139,
801,
782,
558,
548,
672,
787,
1318,
69,
485,
1266,
1250,
635,
591,
819,
1929,
270,
277,
315,
1265,
525,
314,
373,
508,
1931,
1911,
856,
1930,
1178,
1437,
158,
1792,
43,
41,
141,
381,
268,
141,
418,
169,
327,
294,
42,
75,
379,
43,
41,
386,
489,
130,
843,
40,
462,
1161,
1371,
930,
1142,
462,
945,
345,
220,
1210,
290,
1205,
276,
488,
1058,
72,
208,
1523,
203,
1255,
434,
1072,
464,
396,
347,
1126,
49,
1010,
134,
361,
256,
202,
524,
492,
1045,
42,
1109,
999,
1072,
1100,
321,
1039,
349,
871,
448,
992,
36,
570,
931,
171,
159,
1212,
425,
879,
372,
157,
975,
978,
966,
1227,
151,
900,
1293,
867,
680,
477,
1026,
1190,
447,
1106,
734,
1216,
1904,
1235,
1891,
1220,
532,
1263,
161,
149,
399,
379,
1263,
148,
333,
102,
1006,
951,
1310,
88,
176,
148,
1575,
1142,
1243,
349,
72,
192,
927,
1299,
629,
178,
436,
39,
334,
807,
174,
1252,
173,
126,
1305,
895,
1086,
40,
645,
1118,
1115,
987,
997,
1032,
424,
716,
966,
163,
1177,
154,
481,
43,
141,
493,
692,
153,
1194,
489,
262,
388,
139,
840,
369,
409,
1239,
1652,
1201,
1031,
349,
499,
973,
272,
1251,
1017,
609,
524,
620,
1744,
339,
338,
275,
618,
331,
353,
466,
316,
1022,
2006,
371,
278,
311,
402,
324,
142,
298,
385,
142,
139,
196,
130,
1231,
181,
501,
498,
184,
181,
467,
223,
306,
128,
125,
45,
128,
493,
446,
127,
388,
335,
434,
385,
445,
320,
423,
82,
528,
424,
1403,
1240,
1401,
297,
965,
41,
239,
462,
401,
449,
376,
40,
388,
392,
148,
135,
408,
43,
147,
413,
434,
380,
278,
338,
380,
374,
909,
141,
425,
69,
354,
389,
1342,
297,
272,
1199,
434,
1116,
291,
350,
1148,
472,
350,
1161,
1078,
467,
962,
1213,
900,
1298,
38,
466,
42,
450,
1272,
811,
1205,
276,
961,
820,
582,
1413,
1390,
1394,
1995,
129,
1403,
406,
465,
958,
359,
1299,
122,
200,
287,
181,
264,
433,
411,
987,
1046,
1026,
175,
1081,
1833,
500,
1805,
1422,
713,
899,
956,
1737,
1304,
476,
1066,
711,
416,
706,
1307,
41,
496,
790,
699,
1706,
177,
429,
507,
60,
165,
969,
956,
1361,
136,
230,
1052,
1416,
1184,
538,
123,
1293,
980,
753,
1345,
1080,
525,
1125,
424,
1094,
1298,
405,
1309,
44,
51,
475,
429,
1121,
456,
39,
921,
1954,
140,
258,
484,
124,
133,
885,
775,
245,
243,
92,
512,
39,
775,
793,
517,
421,
1903,
948,
229,
317,
1896,
574,
262,
1577,
700,
222,
250,
1039,
824,
1395,
517,
191,
1003,
781,
1014,
783,
809,
242,
230,
922,
164,
46,
222,
235,
242,
673,
1027,
204,
163,
1123,
229,
1065,
1015,
1046,
935,
777,
45,
1081,
1361,
1099,
1204,
1012,
1015,
186,
846,
1000,
152,
1063,
161,
46,
789,
1045,
1252,
231,
1248,
1105,
995,
243,
158,
1479,
253,
966,
215,
1219,
157,
2089,
1143,
496,
2358,
490,
504,
368,
516,
462,
1054,
72,
1548,
1102,
403,
239,
1145,
764,
2105,
403,
1132,
390,
1131,
814,
152,
235,
152,
150,
1545,
493,
1080,
142,
769,
833,
324,
725,
999,
519,
1400,
484,
502,
2066,
1099,
1194,
300,
198,
447,
2121,
180,
1212,
1513,
283,
1272,
165,
1076,
1063,
1163,
1188,
1705,
1073,
1005,
869,
382,
515,
165,
149,
154,
211,
1110,
191,
571,
175,
842,
851,
93,
649,
474,
492,
1215,
582,
113,
521,
377,
2137,
419,
139,
155,
504,
534,
158,
412,
153,
125,
479,
599,
554,
82,
543,
510,
892,
1428,
144,
463,
534,
568,
532,
449,
154,
667,
743,
848,
475,
532,
491,
499,
654,
2228,
556,
558,
637,
1413,
1898,
1440,
2066,
1404,
1534,
1005,
552,
812,
1762,
1020,
2228,
1766,
2227,
486,
1434,
436,
2205,
1616,
1088,
1087,
943,
555,
1897,
318,
985,
2220,
358,
384,
468,
1318,
438,
487,
315,
577,
2180,
545,
1096,
443,
760,
315,
890,
131,
1086,
935,
1878,
690,
1044,
81,
1013,
479,
246,
884,
775,
92,
165,
1072,
1366,
556,
501,
1034,
634,
166,
397,
557,
371,
815,
1149,
1538,
75,
1798,
852,
1592,
1120,
1227,
1333,
1810,
170,
2251,
1457,
1425,
2250,
863,
398,
183,
342,
853,
2173,
1259,
526,
1675,
2105,
214,
301,
1343,
1425,
568,
1029,
2135,
496,
1030,
375,
1675,
1026,
652,
292,
1610,
219,
1620,
671,
891,
2166,
145,
1191,
2180,
282,
1700,
623,
281,
1261,
345,
593,
2175,
340,
299,
1977,
1910,
281,
995,
313,
287,
1040,
853,
757,
1038,
2155,
1813,
1037,
126,
623,
470,
2108,
108,
466,
107,
105,
107,
2162,
320,
97,
108,
107,
1646,
1418,
735,
1567,
1113,
644,
113,
736,
893,
1906,
1686,
1467,
1583,
1652,
1445,
1202,
1596,
1883,
1432,
249,
52,
1240,
369,
1309,
561,
74,
1025,
577,
546,
1199,
584,
1004,
74,
605,
1316,
2074,
572,
1200,
244,
241,
885,
553,
440,
536,
586,
659,
672,
704,
634,
708,
236,
2105,
675,
763,
2031,
1655,
814,
235,
1943,
1360,
774,
233,
691,
1301,
684,
209,
2188,
616,
1345,
1301,
879,
208,
1266,
202,
87,
1240,
1128,
1388,
201,
802,
330,
1200,
1669,
1137,
775,
763,
199,
1200,
1056,
1135,
1652,
1158,
818,
662,
276,
197,
1397,
1039,
1100,
576,
1158,
838,
1545,
285,
244,
1431,
283,
1297,
853,
791,
1940,
199,
1139,
1740,
265,
121,
1590,
640,
651,
569,
673,
947,
195,
1699,
190,
266,
681,
2291,
651,
528,
992,
934,
180,
1962,
999,
1360,
117,
917,
1410,
487,
1036,
568,
174,
142,
1317,
1166,
289,
743,
1950,
182,
1635,
918,
1483,
260,
818,
1054,
655,
647,
146,
629,
2000,
156,
154,
1977,
1423,
674,
1040,
1296,
1059,
1416,
1428,
1128,
619,
1420,
1986,
1241,
96,
261,
539,
2207,
156,
643,
523,
1643,
154,
1756,
1325,
130,
1948,
660,
1548,
133,
53,
647,
571,
617,
1797,
2286,
49,
797,
208,
658,
2202,
928,
934,
1330,
143,
1919,
927,
1543,
115,
1025,
1626,
800,
757,
787,
590,
48,
492,
107,
295,
268,
1313,
306,
264,
583,
241,
249,
813,
949,
794,
51,
817,
801,
545,
740,
1545,
770,
705,
50,
1328,
1321,
848,
187,
692,
1374,
782,
1336,
1481,
862,
718,
47,
642,
792,
1782,
51,
1381,
1075,
2156,
965,
630,
720,
46,
819,
1457,
1045,
699,
1575,
1615,
220,
1400,
56,
45,
1291,
2244,
1491,
826,
44,
1112,
696,
43,
41,
1047,
2252,
1478,
1176,
703,
88,
40,
1495,
1063,
2042,
880,
570,
87,
695,
1176,
1556,
1027,
494,
136,
1620,
1526,
334,
475,
42,
261,
79,
40,
581,
220,
327,
1297,
2281,
708,
662,
704,
2202,
42,
809,
718,
692,
163,
215,
872,
752,
2219,
857,
1007,
232,
235,
720,
1497,
669,
165,
40,
1765,
725,
139,
210,
162,
1445,
312,
40,
1780,
599,
484,
1426,
301,
1944,
823,
879,
1505,
1595,
1720,
606,
1280,
2110,
814,
964,
687,
678,
1390,
707,
1567,
1550,
2000,
720,
737,
1482,
616,
1944,
724,
537,
182,
152,
759,
42,
691,
1647,
800,
814,
40,
505,
1409,
861,
1897,
659,
714,
791,
728,
690,
159,
2036,
1483,
890,
867,
772,
710,
795,
769,
907,
1551,
1557,
1489,
621,
160,
41,
1184,
1453,
719,
733,
160,
282,
159,
41,
1187,
1600,
500,
2300,
158,
578,
1471,
1901,
1010,
146,
158,
627,
692,
617,
1351,
41,
598,
1025,
157,
945,
584,
1541,
117,
150,
614,
619,
149,
139,
782,
745,
441,
194,
84,
149,
871,
1519,
148,
41,
134,
780,
651,
272,
725,
802,
1005,
780,
793,
1698,
678,
2307,
748,
768,
602,
624,
712,
113,
1718,
777,
1177,
769,
148,
767,
1377,
122,
755,
771,
437,
749,
2013,
796,
2300,
1235,
46,
700,
2036,
44,
630,
59,
608,
2036,
638,
706,
773,
44,
1751,
639,
1353,
1570,
1661,
625,
643,
622,
592,
606,
105,
960,
1331,
605,
668,
1974,
514,
786,
582,
43,
1455,
828,
1056,
702,
754,
1840,
570,
2273,
851,
595,
656,
1337,
107,
954,
915,
712,
1592,
782,
1245,
2325,
694,
1925,
2284,
1966,
770,
1856,
816,
1925,
1439,
1277,
343,
780,
776,
650,
1628,
1524,
1638,
709,
421,
729,
471,
589,
772,
647,
1458,
1495,
1938,
365,
1886,
640,
454,
896,
548,
554,
42,
1683,
510,
1692,
495,
1599,
782,
560,
372,
254,
42,
1544,
520,
549,
361,
41,
264,
540,
1458,
783,
256,
37,
1535,
559,
2214,
563,
70,
835,
203,
469,
427,
797,
761,
1965,
359,
350,
809,
783,
149,
1773,
333,
1182,
950,
1538,
41,
793,
783,
767,
147,
831,
380,
91,
555,
1789,
685,
333,
1622,
802,
814,
124,
773,
1777,
246,
794,
779,
474,
729,
862,
223,
228,
123,
785,
723,
378,
47,
1514,
958,
42,
812,
359,
1351,
41,
824,
1450,
1984,
1480,
1959,
679,
799,
1006,
1726,
2109,
1437,
1095,
1935,
620,
1594,
1095,
1440,
2299,
289,
1595,
763,
246,
593,
1095,
2319,
1600,
1094,
858,
583,
1474,
1640,
2128,
39,
2300,
1305,
240,
61,
1363,
659,
636,
1118,
242,
59,
2297,
54,
1304,
1304,
834,
142,
591,
95,
1601,
355,
1698,
1620,
829,
374,
147,
2118,
44,
837,
2269,
352,
42,
1646,
99,
2136,
1434,
1680,
509,
1585,
1418,
1844,
1718,
898,
518,
98,
745,
382,
1065,
381,
663,
226,
194,
1070,
215,
836,
1073,
185,
845,
165,
1397,
862,
359,
2008,
1032,
152,
824,
1556,
1500,
342,
816,
621,
2098,
346,
1473,
1394,
254,
251,
1991,
224,
136,
839,
1015,
253,
82,
136,
548,
739,
1992,
2282,
1766,
1170,
198,
172,
257,
774,
1517,
247,
278,
172,
85,
586,
148,
67,
256,
66,
1935,
64,
775,
120,
264,
135,
590,
2244,
117,
201,
59,
105,
129,
45,
2176,
771,
473,
43,
631,
63,
767,
743,
39,
259,
1275,
2060,
839,
108,
642,
132,
138,
1552,
1967,
2058,
1673,
1603,
1592,
60,
1954,
1528,
1283,
1505,
1296,
2002,
1200,
758,
46,
791,
869,
740,
1875,
517,
1527,
47,
754,
1881,
761,
759,
750,
231,
755,
248,
257,
406,
220,
1227,
750,
81,
207,
754,
175,
362,
397,
39,
1660,
342,
1626,
589,
786,
1938,
255,
203,
222,
40,
1741,
198,
361,
331,
2077,
78,
239,
677,
1562,
163,
626,
1896,
669,
48,
1196,
188,
531,
46,
1183,
525,
1961,
1562,
1016,
1899,
2242,
159,
1561,
892,
159,
278,
39,
1162,
1160,
941,
2093,
2262,
857,
1919,
1157,
1987,
1156,
154,
1168,
2117,
1154,
1960,
702,
451,
1154,
512,
695,
485,
1155,
1885,
646,
153,
151,
1154,
141,
228,
1777,
660,
1153,
275,
876,
1147,
1030,
2224,
2378,
451,
922,
1869,
1093,
447,
209,
1629,
162,
199,
1137,
535,
369,
2410,
711,
1686,
251,
115,
425,
434,
636,
166,
2115,
1129,
514,
424,
1126,
589,
449,
1016,
517,
458,
771,
301,
905,
274,
876,
2123,
679,
575,
1508,
511,
41,
1142,
1495,
837,
2048,
39,
1624,
869,
877,
980,
2365,
1715,
1033,
216,
929,
904,
354,
874,
1024,
483,
1139,
1581,
1030,
580,
720,
242,
1033,
975,
228,
882,
872,
1041,
1202,
327,
917,
1504,
839,
2048,
1109,
1615,
601,
297,
1363,
323,
792,
2029,
1131,
239,
1126,
546,
2048,
773,
479,
2326,
863,
688,
1406,
881,
512,
841,
386,
836,
411,
684,
904,
2365,
491,
378,
2457,
882,
392,
576,
411,
2046,
800,
435,
523,
521,
511,
849,
45,
835,
1576,
1598,
2136,
755,
487,
570,
62,
44,
798,
1417,
504,
579,
450,
576,
246,
40,
1415,
528,
360,
144,
82,
1414,
379,
872,
90,
579,
600,
496,
41,
304,
507,
78,
525,
575,
484,
479,
319,
478,
432,
312,
568,
476,
372,
448,
458,
318,
421,
490,
39,
616,
1003,
443,
823,
980,
778,
2574,
1148,
1619,
267,
91,
774,
152,
388,
126,
385,
465,
1008,
1844,
39,
332,
452,
1897,
445,
510,
1523,
455,
403,
400,
2003,
1723,
668,
1841,
42,
390,
1657,
394,
42,
546,
42,
2375,
244,
1079,
37,
2366,
197,
1099,
1418,
40,
1638,
1107,
1113,
36,
1442,
1176,
390,
527,
1098,
369,
911,
106,
558,
108,
1668,
1161,
604,
582,
327,
578,
1868,
41,
541,
87,
540,
136,
40,
1050,
37,
257,
42,
1959,
39,
370,
1103,
367,
555,
340,
542,
549,
324,
478,
257,
543,
327,
1113,
39,
541,
333,
537,
1132,
42,
1688,
526,
516,
111,
514,
512,
127,
1694,
1893,
978,
224,
109,
1716,
42,
2394,
1615,
470,
269,
473,
64,
1503,
1351,
221,
478,
1299,
52,
186,
1076,
2156,
416,
42,
1455,
1666,
471,
1135,
583,
1397,
403,
2186,
80,
1492,
592,
1121,
2268,
91,
449,
1503,
1482,
583,
2185,
1874,
413,
408,
303,
399,
1365,
274,
568,
42,
261,
546,
1890,
393,
537,
405,
550,
392,
404,
1561,
1345,
40,
1064,
399,
359,
1377,
821,
213,
1549,
1875,
1385,
197,
607,
1063,
72,
501,
39,
1673,
197,
1132,
734,
1364,
584,
198,
515,
915,
1225,
726,
582,
227,
1522,
1553,
509,
912,
507,
1648,
1720,
507,
504,
79,
44,
493,
447,
1048,
96,
1039,
41,
684,
86,
40,
75,
43,
47,
916,
1046,
674,
1177,
40,
934,
41,
39,
79,
535,
247,
126,
133,
1635,
45,
1759,
112,
975,
960,
616,
640,
625,
623,
616,
74,
614,
596,
452,
606,
412,
1642,
510,
469,
466,
491,
497,
602,
468,
464,
463,
505,
854,
1632,
467,
454,
456,
1770,
446,
1232,
43,
447,
453,
477,
2378,
1835,
897,
489,
563,
1345,
612,
558,
446,
333,
2361,
777,
503,
443,
2389,
1092,
339,
363,
497,
2598,
77,
506,
2373,
1193,
511,
99,
1026,
1707,
538,
2646,
437,
68,
473,
2499,
1749,
42,
303,
1699,
1727,
274,
2595,
383,
343,
2093,
2357,
273,
2590,
2441,
405,
272,
2566,
78,
271,
89,
373,
2539,
2556,
79,
1139,
964,
1068,
433,
461,
2529,
1161,
2181,
1132,
2529,
563,
244,
2447,
1046,
771,
234,
319,
328,
369,
57,
1014,
956,
493,
1479,
316,
364,
45,
290,
44,
289,
876,
40,
72,
991,
486,
1122,
292,
574,
379,
289,
304,
278,
394,
521,
304,
485,
480,
314,
1025,
1078,
47,
42,
528,
1138,
852,
41,
85,
124,
1485,
2779,
1312,
1111,
1531,
43,
1026,
454,
671,
2814,
661,
2144,
105,
415,
97,
1268,
1018,
1133,
611,
1104,
463,
782,
1161,
80,
343,
1218,
94,
480,
1118,
2504,
1065,
1037,
614,
1076,
1192,
1631,
883,
1913,
598,
1166,
2325,
325,
1263,
332,
874,
865,
1048,
965,
1679,
450,
1268,
1819,
1012,
1325,
959,
327,
2308,
869,
1309,
650,
224,
1847,
1832,
1138,
717,
860,
329,
1894,
1060,
1860,
1408,
1324,
280,
539,
1311,
2501,
1107,
1082,
1312,
1345,
1100,
1832,
2550,
2251,
339,
1639,
1798,
921,
339,
1043,
696,
1010,
891,
338,
663,
764,
336,
881,
741,
255,
335,
647,
857,
334,
277,
693,
355,
485,
735,
1846,
333,
366,
339,
342,
1743,
717,
679,
492,
374,
389,
676,
372,
209,
1047,
208,
1031,
1039,
1400,
941,
509,
574,
1561,
207,
1524,
339,
89,
936,
206,
394,
357,
1541,
1554,
1147,
997,
1447,
351,
1135,
503,
881,
782,
345,
933,
351,
127,
343,
197,
417,
861,
197,
1058,
1851,
612,
345,
122,
752,
720,
1470,
569,
197,
85,
1949,
980,
344,
103,
2269,
1440,
1550,
540,
2050,
700,
1329,
753,
426,
861,
1023,
737,
544,
656,
750,
548,
533,
385,
345,
1485,
537,
641,
148,
88,
344,
420,
364,
1051,
926,
1433,
343,
415,
907,
424,
1038,
983,
1476,
1026,
865,
953,
342,
1338,
945,
702,
1327,
340,
1060,
585,
369,
915,
83,
1430,
619,
372,
1735,
1659,
708,
1740,
2227,
1292,
460,
638,
1126,
584,
1216,
2231,
2038,
634,
1092,
1964,
576,
1412,
598,
2331,
713,
369,
716,
1876,
303,
378,
446,
380,
1093,
523,
379,
1113,
1338,
431,
246,
876,
367,
995,
888,
999,
523,
645,
376,
949,
380,
989,
1684,
1157,
2171,
175,
2480,
366,
1226,
380,
1377,
556,
2264,
852,
1042,
1254,
1128,
2591,
399,
1339,
2244,
1190,
990,
2676,
1034,
1553,
1465,
444,
663,
487,
2675,
103,
1805,
2562,
556,
2256,
505,
352,
539,
215,
685,
205,
356,
1081,
1231,
704,
1784,
2426,
580,
549,
695,
2443,
655,
2026,
408,
308,
460,
995,
87,
94,
435,
1246,
441,
445,
2406,
1085,
995,
281,
595,
316,
157,
1763,
625,
688,
374,
384,
1737,
756,
681,
925,
1547,
430,
673,
469,
151,
517,
480,
360,
144,
642,
440,
662,
1182,
2094,
387,
979,
934,
125,
475,
385,
389,
1860,
564,
549,
2084,
1260,
375,
518,
1325,
481,
324,
2118,
485,
586,
650,
183,
2331,
817,
1194,
2985,
1505,
1168,
1928,
1165,
1901,
1163,
402,
2975,
513,
2362,
1327,
1304,
2351,
1739,
828,
143,
140,
1782,
438,
1372,
1596,
2642,
544,
2987,
2027,
134,
1283,
1897,
624,
1924,
1441,
121,
785,
2978,
1833,
642,
79,
436,
120,
423,
1560,
443,
1107,
1228,
780,
2912,
1476,
418,
423,
120,
1165,
1575,
402,
2267,
1301,
2270,
1365,
433,
220,
358,
400,
328,
172,
1926,
2224,
637,
1838,
1889,
346,
410,
736,
2270,
1725,
416,
642,
839,
722,
145,
395,
323,
119,
746,
2123,
362,
335,
405,
1476,
351,
670,
321,
334,
609,
1809,
121,
363,
505,
1876,
1722,
1763,
193,
1713,
430,
394,
667,
1851,
1660,
332,
665,
128,
1468,
721,
862,
328,
564,
1990,
333,
1971,
1864,
2164,
137,
1135,
634,
1470,
800,
2323,
653,
39,
371,
744,
1038,
117,
861,
448,
1120,
655,
458,
2334,
847,
199,
114,
2030,
985,
1026,
457,
1892,
432,
929,
1385,
660,
1159,
420,
2673,
1406,
1962,
1449,
656,
935,
755,
927,
1551,
155,
1890,
154,
1004,
655,
1488,
655,
2016,
700,
885,
943,
654,
2945,
795,
406,
106,
1683,
1649,
485,
632,
415,
402,
1752,
86,
647,
1922,
642,
1435,
1890,
1917,
2027,
83,
78,
402,
1759,
542,
399,
631,
640,
396,
279,
819,
372,
369,
393,
366,
840,
268,
1237,
1772,
1593,
1108,
366,
1755,
389,
1502,
357,
92,
362,
952,
287,
1150,
1483,
1404,
394,
397,
286,
882,
76,
1122,
1119,
283,
1400,
1418,
841,
1398,
1045,
1789,
370,
685,
810,
378,
1138,
698,
1204,
2094,
1414,
2340,
477,
2774,
475,
1192,
1134,
724,
694,
2430,
2022,
1329,
2461,
789,
1178,
2645,
1312,
1795,
653,
76,
778,
1067,
2334,
1314,
1306,
2659,
241,
1467,
649,
1297,
359,
606,
1993,
1478,
241,
610,
1555,
97,
2290,
687,
1865,
835,
1440,
844,
2976,
333,
2306,
1438,
80,
83,
806,
2987,
2596,
800,
844,
1845,
1505,
160,
823,
2754,
2554,
1942,
920,
114,
2631,
668,
1968,
102,
921,
918,
1993,
793,
1872,
876,
96,
736,
918,
1569,
1403,
2272,
617,
809,
1328,
789,
1419,
1351,
363,
98,
614,
2205,
2511,
1321,
1970,
1341,
1259,
94,
1958,
433,
738,
1190,
1286,
1637,
93,
411,
1047,
86,
1647,
1995,
534,
1484,
2363,
82,
850,
1192,
1055,
710,
513,
2558,
67,
877,
81,
680,
414,
425,
475,
707,
928,
384,
1893,
1907,
1852,
858,
878,
68,
699,
521,
557,
2328,
54,
1325,
1450,
277,
584,
1316,
41,
1936,
1887,
275,
587,
631,
2107,
613,
574,
40,
1913,
1040,
764,
555,
1325,
2016,
1033,
634,
42,
628,
1375,
1384,
1760,
629,
1343,
1436,
38,
614,
1861,
2026,
1309,
1073,
634,
1099,
356,
1084,
684,
1677,
88,
1378,
1519,
1104,
355,
632,
2611,
1515,
347,
896,
696,
1589,
295,
307,
287,
711,
1191,
304,
472,
593,
1488,
286,
527,
531,
1620,
284,
280,
557,
1900,
901,
2610,
1868,
2050,
1444,
545,
1386,
444,
1397,
47,
1041,
892,
1324,
955,
2655,
2177,
636,
390,
144,
47,
61,
46,
390,
1668,
338,
902,
46,
585,
1333,
117,
686,
77,
917,
680,
890,
886,
665,
695,
362,
946,
47,
2020,
88,
879,
856,
45,
881,
514,
875,
1128,
1369,
2569,
1184,
317,
2293,
1110,
1384,
103,
2073,
956,
78,
678,
268,
1254,
2623,
389,
487,
307,
268,
271,
456,
1564,
938,
321,
945,
905,
260,
2622,
568,
2523,
269,
74,
257,
263,
945,
332,
922,
82,
274,
502,
39,
1608,
622,
261,
72,
706,
696,
850,
720,
916,
91,
1283,
354,
698,
450,
636,
266,
272,
556,
1358,
1577,
699,
960,
517,
262,
911,
415,
837,
898,
274,
2188,
515,
660,
517,
261,
551,
837,
567,
212,
275,
272,
472,
558,
266,
550,
1081,
211,
715,
359,
985,
265,
449,
953,
256,
435,
1624,
696,
612,
1532,
961,
709,
1875,
948,
273,
211,
48,
1398,
185,
264,
1024,
251,
1404,
337,
288,
627,
571,
695,
257,
1026,
48,
680,
404,
48,
2149,
334,
250,
1310,
981,
238,
329,
1921,
268,
48,
80,
849,
646,
47,
335,
1046,
2604,
323,
1290,
254,
2054,
267,
252,
739,
2633,
250,
130,
925,
325,
417,
1153,
816,
869,
936,
87,
815,
1839,
1396,
2639,
1972,
1010,
2077,
682,
2104,
2098,
2155,
107,
117,
131,
61,
1508,
105,
1310,
340,
1852,
85,
339,
685,
99,
1017,
49,
1517,
2580,
449,
2607,
1513,
1745,
1653,
995,
134,
41,
970,
97,
2425,
2658,
1642,
41,
3162,
1708,
1636,
2378,
772,
80,
1515,
88,
2109,
373,
305,
357,
972,
44,
341,
730,
40,
320,
387,
263,
953,
2669,
230,
1523,
1055,
1100,
1019,
940,
231,
1619,
1674,
717,
1030,
209,
1483,
621,
776,
88,
38,
1635,
638,
2001,
1408,
1476,
1130,
1270,
1338,
2018,
1061,
706,
678,
628,
1841,
658,
1355,
1738,
2602,
171,
451,
79,
43,
667,
42,
331,
40,
710,
705,
420,
617,
486,
1939,
550,
1665,
646,
2324,
1408,
1412,
1820,
476,
318,
1139,
663,
326,
372,
204,
2175,
330,
1076,
1061,
147,
1065,
526,
1075,
46,
327,
2654,
3192,
445,
372,
440,
2143,
776,
461,
1050,
339,
408,
893,
497,
346,
700,
1169,
650,
1022,
1846,
280,
535,
49,
1009,
328,
449,
722,
497,
353,
256,
2027,
287,
681,
596,
417,
989,
1286,
51,
1868,
820,
350,
673,
290,
2006,
457,
126,
625,
559,
725,
1939,
35,
1475,
1775,
378,
2005,
699,
693,
517,
345,
484,
1431,
406,
264,
1428,
1437,
3206,
1422,
282,
1687,
3097,
1997,
1305,
1225,
431,
2186,
3181,
671,
1390,
1420,
1995,
1283,
55,
1677,
1899,
1667,
1983,
2204,
1964,
1385,
1621,
1193,
1269,
2265,
342,
1790,
1281,
571,
267,
1659,
355,
717,
375,
642,
1185,
41,
1629,
756,
1910,
1192,
274,
1699,
1704,
114,
399,
671,
1508,
299,
653,
280,
382,
106,
1489,
1335,
1325,
1198,
308,
1718,
613,
1613,
380,
1864,
2658,
1258,
1913,
410,
748,
268,
742,
563,
553,
276,
1405,
280,
508,
2742,
234,
316,
1632,
473,
1921,
269,
1609,
1746,
275,
285,
709,
648,
247,
701,
1390,
246,
1124,
274,
2208,
625,
1742,
564,
2677,
1740,
1122,
552,
476,
320,
382,
2171,
270,
780,
640,
687,
97,
2270,
267,
1070,
1454,
248,
42,
2746,
1741,
1083,
1635,
1362,
2044,
1918,
41,
245,
515,
1733,
918,
460,
80,
686,
238,
1064,
241,
259,
1624,
1126,
42,
641,
429,
1137,
1071,
1889,
36,
1084,
2023,
459,
828,
670,
2508,
2664,
71,
1474,
268,
1654,
1624,
527,
539,
39,
259,
257,
709,
52,
922,
564,
2443,
686,
1129,
663,
603,
1429,
138,
2204,
692,
781,
751,
125,
257,
398,
2695,
41,
552,
131,
107,
523,
521,
338,
85,
263,
358,
216,
279,
75,
255,
267,
313,
259,
263,
380,
348,
396,
354,
473,
271,
1883,
438,
235,
569,
453,
488,
3104,
79,
245,
456,
1168,
92,
1652,
628,
2689,
1068,
180,
1084,
1346,
2662,
778,
1271,
2311,
371,
1099,
305,
1070,
485,
462,
296,
960,
372,
1266,
1273,
1090,
462,
1272,
262,
481,
2475,
309,
3122,
1686,
295,
1782,
992,
1005,
328,
1086,
3117,
2757,
2809,
3115,
303,
1142,
1992,
285,
42,
1944,
85,
20,
1433,
206,
502,
2526,
995,
1981,
494,
452,
1178,
1387,
1279,
711,
1813,
1823,
1304,
1161,
1263,
99,
293,
41,
569,
60,
1670,
1637,
2774,
3343,
100,
567,
236,
2532,
88,
1655,
915,
42,
88,
1726,
1125,
1831,
2820,
252,
295,
1609,
2083,
229,
659,
87,
1289,
1842,
1716,
689,
46,
1940,
771,
180,
132,
408,
1835,
1102,
271,
202,
1895,
101,
322,
461,
116,
332,
1309,
1520,
1060,
1525,
322,
994,
95,
272,
250,
338,
1400,
628,
333,
846,
1910,
332,
598,
523,
1508,
324,
1914,
1880,
470,
1898,
2292,
1545,
1482,
45,
80,
2529,
737,
730,
344,
1471,
277,
748,
2843,
1412,
715,
1091,
1025,
1134,
583,
1235,
1326,
1264,
92,
1212,
382,
529,
2647,
360,
1095,
482,
1081,
86,
1092,
921,
292,
2410,
346,
287,
534,
819,
3188,
282,
1659,
611,
293,
251,
299,
302,
672,
1911,
1282,
344,
299,
431,
647,
298,
246,
293,
609,
116,
551,
1902,
1561,
2785,
237,
209,
262,
89,
1103,
79,
100,
77,
1542,
330,
2482,
365,
313,
77,
1284,
1846,
2805,
129,
1525,
829,
77,
488,
1297,
85,
293,
108,
236,
560,
86,
105,
76,
2806,
2029,
2818,
108,
72,
95,
76,
66,
1948,
45,
1806,
1802,
41,
1027,
81,
477,
1017,
111,
71,
44,
1913,
353,
83,
2480,
1625,
44,
2692,
2789,
1833,
261,
1298,
2469,
1540,
1967,
98,
1467,
726,
456,
420,
85,
442,
626,
310,
273,
649,
278,
264,
437,
322,
642,
278,
302,
454,
1197,
36,
53,
423,
1584,
1247,
1153,
1207,
1575,
47,
1136,
1408,
1095,
38,
1207,
37,
935,
1495,
269,
1426,
2103,
1568,
262,
290,
2104,
137,
1557,
2067,
229,
322,
1363,
362,
612,
1225,
1531,
661,
202,
1233,
2128,
1238,
589,
2340,
2697,
1186,
864,
148,
1370,
534,
119,
407,
41,
1360,
208,
2518,
1480,
1356,
1123,
2151,
2003,
1543,
2001,
1680,
2730,
1552,
621,
809,
42,
1173,
40,
619,
1846,
254,
1978,
116,
814,
368,
833,
1471,
1852,
1463,
44,
440,
428,
435,
1366,
1460,
43,
1343,
112,
129,
135,
37,
2906,
111,
1660,
78,
447,
666,
2906,
336,
333,
379,
660,
786,
664,
317,
1143,
1417,
106,
703,
714,
978,
85,
674,
299,
45,
841,
335,
1147,
296,
2913,
316,
789,
554,
696,
712,
426,
902,
335,
766,
512,
1854,
1475,
334,
711,
426,
550,
1100,
318,
973,
745,
318,
336,
51,
993,
593,
349,
317,
47,
314,
1640,
2509,
297,
413,
323,
1354,
76,
1134,
1245,
1252,
1383,
2101,
71,
1389,
297,
429,
67,
699,
87,
69,
349,
428,
716,
87,
1148,
338,
2158,
264,
354,
2716,
266,
76,
1166,
2739,
643,
126,
452,
45,
2031,
287,
624,
713,
1365,
453,
1215,
779,
1190,
443,
114,
112,
230,
270,
443,
1176,
1953,
43,
2077,
2972,
439,
134,
153,
1695,
437,
57,
40,
356,
47,
436,
259,
39,
666,
436,
2031,
266,
630,
42,
114,
574,
109,
238,
564,
732,
97,
680,
94,
682,
671,
90,
653,
167,
565,
564,
310,
1019,
2621,
92,
304,
520,
77,
44,
871,
42,
496,
2005,
822,
821,
2089,
820,
183,
1605,
2994,
141,
36,
677,
501,
534,
421,
1854,
661,
1826,
403,
260,
1113,
389,
679,
1228,
1215,
239,
244,
74,
412,
621,
628,
152,
688,
117,
616,
37,
375,
292,
72,
2791,
80,
382,
3022,
380,
100,
1799,
1068,
1241,
419,
428,
413,
90,
283,
86,
409,
2156,
1257,
1342,
375,
91,
407,
528,
399,
40,
83,
359,
49,
533,
1013,
88,
1071,
348,
88,
1045,
780,
968,
839,
1317,
1398,
37,
939,
391,
1348,
299,
818,
953,
1131,
862,
1335,
36,
1291,
1407,
867,
1314,
1099,
1045,
950,
1283,
1283,
912,
513,
1616,
1347,
948,
926,
1182,
2061,
1334,
859,
2019,
1532,
1345,
1811,
1322,
1345,
1316,
1170,
947,
2292,
1519,
1154,
85,
72,
2094,
1151,
69,
389,
1313,
1128,
976,
1318,
1339,
200,
1305,
966,
384,
1953,
395,
286,
385,
1512,
1855,
44,
1742,
1967,
402,
427,
1741,
288,
432,
1036,
375,
1659,
442,
1561,
408,
1179,
1974,
265,
42,
1961,
2303,
286,
2449,
168,
912,
415,
403,
403,
672,
320,
224,
220,
86,
81,
41,
68,
2415,
923,
39,
61,
1384,
385,
956,
2083,
1192,
2494,
1182,
2225,
989,
964,
168,
1679,
220,
1178,
1276,
626,
591,
42,
39,
96,
2454,
932,
1769,
1137,
1569,
1261,
1002,
1233,
1633,
948,
2867,
1411,
161,
652,
2400,
1534,
1779,
1780,
1446,
898,
1727,
1719,
1513,
46,
170,
2460,
2099,
40,
1615,
2003,
136,
1264,
935,
392,
732,
256,
134,
130,
1008,
110,
207,
255,
2893,
373,
109,
977,
1339,
737,
723,
90,
657,
669,
205,
95,
2645,
40,
675,
2129,
742,
671,
1057,
628,
661,
45,
73,
1017,
245,
637,
1469,
2911,
2019,
637,
1416,
1385,
67,
1428,
40,
1020,
1913,
1441,
75,
1036,
535,
1393,
353,
949,
1611,
447,
1817,
1290,
952,
758,
1014,
1407,
1315,
794,
528,
71,
361,
339,
1237,
1532,
1456,
459,
1383,
76,
463,
305,
1015,
1089,
508,
1013,
272,
1305,
1303,
1541,
155,
42,
94,
1454,
120,
52,
57,
89,
619,
39,
378,
85,
280,
339,
435,
84,
440,
451,
1224,
313,
315,
1209,
1548,
309,
312,
459,
1850,
253,
38,
307,
236,
1788,
82,
91,
2377,
79,
39,
1811,
2120,
37,
2844,
78,
248,
160,
2958,
94,
1780,
1784,
41,
78,
242,
1708,
234,
37,
2961,
2846,
869,
1097,
245,
1293,
474,
240,
234,
1651,
301,
1681,
1512,
744,
3079,
230,
1641,
1111,
991,
978,
942,
938,
744,
2328,
2872,
238,
1903,
237,
233,
2707,
2726,
37,
233,
1139,
2807,
1263,
1011,
1458,
1650,
51,
316,
273,
567,
252,
203,
770,
1118,
1353,
288,
1640,
1744,
1891,
194,
1743,
159,
299,
1672,
41,
328,
189,
160,
1443,
158,
96,
155,
767,
770,
285,
40,
2222,
754,
1232,
160,
2021,
156,
762,
854,
2849,
769,
304,
755,
297,
2012,
768,
762,
1071,
315,
736,
2395,
1590,
753,
158,
39,
2210,
2216,
2044,
2247,
801,
134,
38,
867,
2009,
470,
727,
2970,
475,
319,
156,
81,
155,
1332,
591,
692,
44,
472,
1139,
741,
42,
483,
148,
306,
1391,
319,
316,
347,
1402,
1150,
40,
1107,
792,
1106,
873,
1393,
496,
1757,
1797,
2650,
1990,
2732,
2038,
51,
1027,
47,
50,
1614,
162,
202,
49,
2247,
1324,
159,
49,
953,
991,
45,
226,
819,
1084,
1309,
765,
804,
796,
164,
770,
584,
160,
762,
1211,
767,
482,
1895,
156,
119,
139,
569,
1885,
75,
1029,
1814,
1388,
1321,
793,
109,
1677,
1818,
862,
1807,
1826,
1717,
1728,
1388,
2094,
1671,
1727,
2179,
867,
2883,
118,
189,
1908,
57,
975,
837,
754,
206,
1733,
964,
3015,
249,
1280,
1111,
2031,
59,
58,
76,
555,
938,
528,
1127,
72,
1170,
1217,
1239,
72,
711,
2550,
680,
2590,
2920,
676,
2855,
1822,
3088,
1817,
1352,
2511,
122,
1187,
1816,
1093,
250,
127,
1813,
1340,
1053,
1357,
1659,
1679,
118,
2141,
122,
1221,
1811,
1136,
875,
1841,
1810,
1150,
1963,
1845,
662,
432,
1132,
1052,
1061,
1816,
1867,
325,
1847,
2099,
2398,
1081,
1142,
1014,
1231,
1409,
1064,
2939,
2501,
227,
1640,
1603,
1051,
2754,
1005,
1791,
1939,
2864,
2308,
1029,
2073,
2501,
1316,
1785,
1987,
1083,
1948,
400,
1017,
2491,
2187,
431,
125,
142,
422,
1062,
1504,
805,
1818,
447,
1828,
1819,
1826,
310,
1148,
1666,
126,
401,
1735,
1706,
1875,
998,
1700,
118,
614,
1373,
1654,
1661,
124,
1520,
2991,
2841,
757,
1664,
1768,
344,
82,
2946,
1169,
110,
378,
1862,
515,
2533,
100,
156,
1163,
2226,
1872,
1854,
2946,
2534,
2523,
1032,
1716,
906,
1877,
2106,
1866,
1410,
1262,
603,
1518,
866,
1743,
1882,
1168,
339,
618,
1911,
1267,
737,
635,
1063,
469,
1070,
465,
539,
617,
453,
1828,
559,
713,
671,
1789,
1707,
1259,
1825,
1217,
1835,
155,
662,
207,
3063,
2615,
434,
819,
152,
483,
130,
471,
1839,
474,
293,
1554,
1514,
814,
1790,
97,
1481,
1722,
1089,
442,
483,
408,
1381,
808,
1125,
763,
716,
432,
2667,
1274,
1604,
851,
807,
487,
462,
144,
2881,
1440,
1304,
1215,
1402,
514,
674,
779,
951,
461,
1272,
458,
959,
370,
1584,
945,
510,
1769,
1604,
2412,
104,
1369,
904,
82,
936,
1328,
512,
437,
2165,
446,
1881,
1432,
1327,
910,
1476,
924,
823,
449,
1019,
947,
2466,
1741,
1757,
280,
1739,
1106,
1719,
38,
2039,
1093,
1112,
160,
2829,
1931,
592,
156,
579,
1000,
155,
383,
114,
1269,
402,
2464,
1378,
1950,
1599,
706,
1775,
2661,
100,
2950,
1138,
115,
319,
2657,
107,
3105,
405,
1601,
988,
2294,
82,
2275,
1594,
2300,
1460,
2166,
1304,
1293,
1154,
1371,
2289,
336,
1817,
492,
1639,
1313,
1910,
781,
485,
1921,
88,
86,
718,
1942,
498,
417,
1147,
1905,
2653,
492,
516,
2515,
425,
1197,
1341,
377,
2839,
509,
686,
2313,
2819,
1906,
1304,
1357,
1149,
2790,
417,
410,
880,
321,
1781,
414,
790,
1897,
2162,
1359,
1631,
3107,
2239,
2957,
2843,
1634,
427,
2202,
1961,
1408,
425,
433,
1315,
744,
1942,
323,
141,
2200,
2508,
1879,
1854,
2184,
22,
1828,
1430,
181,
835,
2102,
557,
2671,
3114,
1848,
1896,
2291,
2190,
584,
591,
3113,
285,
1797,
629,
1859,
178,
1462,
656,
1842,
1859,
174,
1161,
1112,
2671,
746,
1949,
323,
3107,
739,
173,
2653,
2102,
2193,
1389,
2031,
1029,
292,
831,
1650,
1328,
1180,
692,
2021,
2091,
173,
826,
1535,
1419,
600,
1668,
604,
1382,
1497,
1238,
1015,
1174,
1189,
1156,
175,
810,
1174,
599,
666,
894,
1029,
604,
1160,
1747,
590,
565,
656,
1959,
1868,
600,
600,
552,
570,
1176,
623,
452,
594,
1052,
156,
565,
305,
1460,
463,
560,
935,
669,
447,
602,
169,
452,
2686,
314,
435,
350,
709,
644,
3045,
54,
387,
296,
266,
431,
1467,
1012,
2972,
1164,
836,
2007,
807,
1344,
624,
742,
313,
1294,
1565,
326,
2743,
2232,
1777,
140,
439,
1180,
1460,
449,
1436,
157,
675,
1318,
467,
1687,
445,
1690,
141,
455,
2899,
1845,
494,
1182,
1335,
275,
1354,
442,
1161,
2907,
2017,
489,
1618,
1501,
826,
2789,
340,
111,
1156,
1103,
1348,
218,
278,
1117,
2028,
679,
193,
227,
695,
279,
348,
1723,
3007,
694,
1146,
1674,
273,
224,
1785,
268,
720,
1629,
1681,
363,
393,
2771,
2933,
1162,
400,
1146,
450,
397,
336,
392,
1886,
390,
1613,
1979,
2795,
406,
412,
328,
377,
416,
344,
493,
2770,
262,
2866,
1148,
338,
583,
103,
318,
2548,
1679,
313,
419,
2411,
750,
1684,
772,
128,
318,
348,
626,
1936,
1138,
1599,
111,
392,
1937,
880,
152,
354,
799,
105,
375,
364,
386,
124,
879,
110,
2339,
350,
369,
323,
1734,
1195,
348,
336,
343,
331,
113,
2724,
771,
359,
1818,
366,
2900,
388,
2585,
2255,
2292,
181,
341,
507,
2264,
168,
1162,
1095,
2247,
2715,
270,
2225,
167,
2508,
1123,
1456,
1143,
1123,
2766,
1191,
2675,
637,
1398,
928,
892,
564,
1418,
2743,
1694,
1344,
1008,
1124,
630,
1342,
1189,
1882,
146,
2682,
1441,
2237,
145,
761,
1342,
718,
270,
260,
1095,
1976,
80,
318,
1244,
1205,
299,
1240,
714,
279,
832,
503,
986,
1634,
868,
1342,
1190,
626,
1573,
271,
351,
1062,
355,
390,
361,
2078,
350,
331,
1151,
358,
1009,
427,
303,
363,
995,
842,
357,
982,
1929,
387,
563,
1051,
876,
1046,
203,
1088,
1245,
447,
1159,
249,
869,
429,
454,
212,
386,
248,
350,
374,
139,
809,
1653,
480,
1000,
133,
249,
1243,
121,
426,
1591,
85,
1528,
892,
1951,
1565,
874,
85,
110,
120,
366,
447,
2000,
430,
97,
126,
342,
877,
830,
384,
913,
1807,
87,
803,
919,
1489,
808,
1222,
842,
1578,
885,
935,
1360,
1110,
375,
1176,
1499,
353,
2972,
1564,
444,
1139,
83,
1569,
1596,
1531,
103,
1415,
1475,
2699,
347,
1539,
459,
1295,
1156,
100,
1504,
194,
1160,
250,
173,
521,
382,
82,
743,
162,
78,
720,
1158,
1171,
2632,
105,
328,
341,
1952,
1307,
1535,
158,
322,
157,
78,
1279,
329,
74,
72,
1290,
1625,
260,
1929,
68,
2306,
1591,
63,
2279,
1284,
1439,
628,
625,
59,
361,
239,
2006,
1220,
1023,
593,
2300,
415,
1380,
836,
54,
1643,
1659,
153,
433,
1376,
2700,
898,
1127,
1169,
1172,
2295,
379,
921,
161,
357,
46,
2691,
168,
352,
435,
388,
424,
337,
155,
442,
419,
431,
406,
423,
634,
152,
412,
852,
1085,
419,
872,
53,
281,
1048,
1329,
1332,
61,
487,
422,
941,
40,
916,
1656,
467,
1110,
1498,
119,
1146,
821,
1656,
642,
2038,
1223,
2077,
118,
2493,
1269,
2254,
233,
375,
1569,
925,
1095,
711,
377,
107,
1264,
405,
424,
1175,
1206,
111,
636,
1192,
1500,
437,
1612,
79,
576,
1066,
438,
421,
2714,
1240,
1204,
572,
1493,
939,
1273,
948,
1491,
86,
638,
821,
943,
926,
2132,
1785,
1303,
79,
748,
1645,
918,
404,
394,
1222,
1881,
377,
633,
434,
1266,
557,
1212,
740,
388,
1210,
1506,
2675,
146,
1366,
1854,
1572,
738,
1341,
1860,
374,
368,
945,
730,
372,
102,
2782,
1704,
362,
430,
1523,
955,
1856,
509,
1641,
819,
623,
932,
109,
1692,
973,
359,
628,
1356,
571,
508,
85,
352,
661,
741,
2035,
471,
2727,
1238,
739,
739,
356,
1144,
413,
1230,
525,
744,
417,
81,
309,
729,
249,
1600,
727,
212,
308,
491,
1243,
667,
306,
364,
421,
153,
736,
303,
233,
351,
1353,
894,
307,
1494,
323,
932,
591,
328,
189,
191,
79,
429,
485,
2743,
188,
960,
280,
76,
536,
1468,
1306,
713,
2334,
1549,
711,
606,
2022,
529,
2016,
428,
462,
73,
188,
77,
1479,
467,
2443,
2688,
442,
1539,
2032,
127,
744,
1985,
948,
467,
1145,
2700,
2002,
1436,
465,
460,
463,
1478,
2805,
80,
1485,
94,
1384,
138,
572,
134,
88,
2779,
2182,
2666,
909,
1386,
55,
462,
910,
91,
1000,
90,
131,
2469,
1518,
2911,
267,
2372,
1000,
2936,
82,
997,
2058,
1276,
2733,
189,
87,
1708,
1623,
551,
1269,
82,
1578,
80,
1264,
2466,
1259,
1262,
1826,
2051,
1837,
1380,
1634,
1580,
732,
730,
551,
1675,
1047,
1313,
743,
443,
2551,
333,
920,
1047,
1003,
1411,
2471,
444,
1653,
555,
430,
1502,
2447,
351,
1648,
452,
669,
1558,
1281,
87,
1844,
2240,
740,
2001,
1470,
953,
1630,
1997,
504,
661,
2235,
736,
2386,
605,
360,
1619,
646,
356,
1200,
77,
281,
1203,
1141,
240,
644,
1333,
1179,
1075,
1353,
1760,
1578,
1339,
175,
168,
1229,
744,
530,
650,
378,
640,
364,
109,
635,
174,
2244,
383,
2098,
372,
378,
363,
1413,
1037,
107,
1015,
1417,
255,
374,
362,
379,
253,
1239,
374,
759,
81,
1083,
471,
418,
2635,
404,
1040,
1455,
363,
673,
418,
2315,
248,
776,
440,
1099,
94,
260,
1040,
1521,
1097,
1494,
1514,
1464,
1242,
466,
1444,
1037,
678,
1063,
279,
1085,
822,
504,
1637,
820,
757,
994,
410,
96,
385,
2055,
250,
460,
397,
502,
449,
419,
300,
260,
1333,
249,
240,
411,
1331,
2119,
610,
247,
405,
272,
852,
404,
798,
417,
1028,
153,
381,
394,
231,
151,
231,
214,
264,
229,
639,
1029,
1221,
265,
1054,
148,
129,
144,
394,
704,
1219,
310,
308,
365,
520,
854,
225,
97,
307,
1612,
1494,
305,
98,
1444,
1247,
1488,
368,
119,
400,
408,
380,
1071,
1679,
1323,
1468,
1095,
290,
1647,
98,
95,
245,
370,
578,
404,
1248,
603,
385,
2261,
264,
259,
1060,
598,
1320,
1450,
1800,
78,
934,
1059,
791,
77,
750,
699,
688,
245,
1621,
1403,
1482,
1082,
1148,
734,
1478,
1254,
83,
272,
981,
74,
1366,
1532,
1370,
403,
697,
1558,
690,
1404,
1319,
1539,
1493,
1215,
111,
547,
1462,
1225,
257,
898,
993,
1458,
214,
1489,
950,
900,
1352,
1717,
990,
1448,
1500,
1207,
267,
1446,
742,
656,
1551,
327,
1457,
1419,
126,
595,
730,
211,
1462,
1440,
159,
803,
212,
157,
96,
700,
865,
211,
758,
637,
96,
96,
658,
1129,
1120,
1003,
699,
856,
1678,
524,
90,
111,
1552,
1709,
2225,
904,
106,
707,
608,
892,
616,
1223,
1172,
112,
904,
899,
1101,
1695,
1044,
98,
1750,
824,
1507,
1204,
692,
905,
1714,
109,
918,
1910,
291,
288,
232,
317,
450,
286,
231,
710,
319,
103,
116,
221,
231,
283,
1265,
422,
227,
230,
244,
706,
332,
222,
721,
227,
480,
104,
222,
1620,
1254,
86,
233,
230,
980,
90,
318,
879,
1554,
77,
1530,
692,
74,
745,
987,
877,
282,
1763,
301,
274,
287,
723,
95,
283,
275,
274,
1627,
2506,
1445,
273,
965,
86,
1050,
460,
1428,
1576,
1813,
875,
361,
505,
219,
2384,
809,
248,
1520,
1196,
2518,
414,
221,
224,
1720,
690,
386,
302,
75,
275,
1424,
90,
861,
676,
1416,
877,
275,
1709,
84,
1721,
103,
1228,
706,
1078,
1479,
1900,
318,
1584,
724,
789,
279,
1549,
1460,
145,
1827,
272,
153,
1545,
2415,
1084,
707,
1031,
1610,
1080,
1627,
2543,
262,
607,
541,
1270,
813,
250,
638,
607,
3136,
3134,
299,
249,
342,
1628,
267,
600,
786,
1546,
128,
1123,
126,
1738,
1737,
3204,
1508,
2521,
480,
736,
125,
1417,
671,
900,
260,
1574,
1615,
676,
1594,
276,
430,
734,
712,
584,
1286,
286,
825,
1023,
134,
121,
1446,
1441,
988,
741,
749,
2563,
1749,
132,
563,
305,
137,
818,
643,
1604,
2338,
130,
1541,
147,
100,
425,
125,
842,
265,
1634,
263,
124,
305,
86,
270,
1124,
879,
447,
70,
405,
385,
680,
99,
277,
1527,
1482,
768,
279,
16,
262,
820,
1538,
70,
1044,
67,
1533,
1751,
587,
1531,
63,
1612,
58,
1598,
1830,
1529,
2427,
58,
112,
2533,
432,
1790,
824,
1761,
1564,
62,
1334,
741,
51,
2537,
1153,
489,
864,
427,
47,
608,
524,
527,
509,
1301,
45,
1166,
813,
1663,
791,
387,
626,
43,
585,
535,
668,
380,
535,
340,
387,
43,
473,
840,
1538,
1924,
69,
1801,
164,
1778,
959,
272,
1778,
44,
1146,
1208,
1787,
1153,
124,
43,
19,
1541,
1763,
94,
1783,
172,
1317,
1322,
1761,
821,
2607,
1180,
1687,
45,
802,
2212,
53,
41,
740,
132,
496,
697,
139,
384,
829,
117,
122,
333,
1679,
1674,
1744,
1822,
1430,
1742,
669,
118,
1217,
1374,
876,
451,
462,
1607,
779,
97,
510,
1234,
1839,
1803,
1901,
1793,
116,
594,
99,
759,
46,
586,
1792,
1552,
1090,
790,
1215,
1581,
831,
471,
96,
99,
637,
520,
345,
728,
665,
384,
1431,
440,
353,
1659,
357,
83,
1403,
956,
351,
411,
346,
404,
40,
820,
2019,
1589,
41,
120,
85,
455,
455,
118,
941,
1020,
1366,
86,
41,
79,
40,
38,
268,
52,
38,
905,
766,
170,
129,
79,
775,
42,
645,
121,
581,
431,
81,
541,
43,
520,
1846,
2474,
779,
1841,
2409,
697,
1427,
80,
45,
48,
430,
1027,
1043,
1111,
44,
703,
632,
1010,
1881,
39,
1902,
695,
536,
700,
904,
688,
968,
2256,
454,
470,
38,
699,
698,
430,
641,
38,
2490,
421,
666,
455,
1092,
512,
96,
965,
638,
689,
39,
95,
447,
582,
519,
1476,
886,
94,
1911,
2352,
81,
2188,
2980,
567,
42,
502,
2654,
41,
707,
457,
898,
1703,
1863,
586,
1432,
44,
624,
1443,
351,
1454,
43,
1992,
1452,
1449,
603,
1819,
1429,
1299,
3430,
690,
43,
870,
2089,
2006,
1443,
87,
2021,
1938,
1820,
646,
894,
2003,
1442,
937,
1867,
1818,
1901,
580,
871,
1531,
1472,
1477,
38,
1519,
453,
442,
37,
742,
425,
537,
85,
535,
790,
435,
1471,
581,
362,
815,
876,
39,
1304,
619,
123,
991,
1284,
468,
38,
488,
820,
116,
875,
1674,
1313,
763,
489,
84,
756,
1300,
567,
514,
40,
824,
2891,
95,
1297,
848,
1717,
1065,
488,
473,
86,
80,
65,
1484,
1843,
39,
847,
447,
1838,
465,
1683,
460,
2885,
599,
2774,
830,
3457,
256,
44,
866,
816,
560,
43,
224,
458,
986,
500,
841,
85,
831,
2881,
900,
519,
74,
884,
42,
870,
867,
73,
213,
43,
77,
1766,
571,
1683,
877,
72,
1742,
991,
106,
2680,
45,
685,
619,
1033,
702,
1400,
1509,
44,
492,
1717,
1029,
745,
594,
843,
399,
907,
931,
465,
1015,
705,
762,
787,
417,
821,
414,
604,
316,
1528,
297,
841,
2734,
1369,
900,
278,
721,
623,
920,
1757,
1406,
703,
1006,
1002,
944,
555,
942,
953,
43,
890,
655,
2508,
1039,
698,
429,
471,
499,
578,
133,
1345,
40,
1703,
1040,
248,
48,
341,
2216,
116,
615,
600,
597,
124,
1691,
525,
405,
41,
2559,
931,
226,
40,
2228,
410,
2952,
1536,
38,
77,
2213,
635,
436,
946,
446,
2659,
492,
1383,
2819,
446,
82,
765,
78,
446,
569,
446,
82,
951,
2240,
519,
213,
38,
2988,
1907,
318,
434,
281,
869,
2012,
2215,
80,
81,
41,
862,
2682,
79,
2683,
147,
454,
696,
978,
214,
2238,
693,
1405,
75,
2805,
959,
82,
2210,
2016,
616,
2603,
1756,
465,
484,
584,
1816,
466,
992,
2017,
950,
41,
525,
1171,
1810,
40,
923,
550,
466,
883,
750,
3516,
81,
464,
484,
619,
1804,
463,
196,
40,
462,
732,
607,
904,
3568,
2032,
880,
2844,
760,
621,
447,
210,
769,
940,
2027,
45,
1576,
1564,
393,
60,
624,
674,
841,
1961,
2268,
1763,
1076,
192,
1961,
1500,
2716,
669,
405,
1955,
1576,
986,
684,
311,
3528,
44,
178,
869,
839,
398,
48,
39,
570,
393,
630,
683,
168,
756,
103,
595,
869,
236,
351,
871,
321,
1827,
385,
834,
1149,
364,
700,
536,
1537,
1597,
242,
1150,
691,
709,
822,
862,
335,
632,
827,
524,
584,
868,
582,
194,
1830,
1818,
1133,
848,
475,
567,
490,
1188,
503,
1511,
653,
43,
497,
919,
826,
322,
42,
120,
365,
441,
496,
1555,
307,
865,
850,
308,
316,
497,
1140,
44,
916,
39,
311,
495,
2387,
369,
96,
2032,
905,
632,
807,
1184,
331,
1638,
2297,
901,
2043,
580,
892,
90,
918,
407,
88,
63,
524,
608,
453,
269,
1847,
587,
83,
763,
1767,
398,
1990,
1569,
478,
1847,
610,
522,
258,
387,
732,
346,
2491,
830,
341,
725,
374,
214,
338,
1090,
50,
668,
886,
48,
1099,
612,
719,
2519,
658,
372,
735,
898,
1991,
953,
1786,
728,
37,
2328,
613,
2013,
51,
1043,
1113,
1623,
514,
722,
1175,
670,
509,
1612,
614,
1023,
140,
455,
659,
718,
1622,
41,
167,
282,
1650,
39,
576,
683,
931,
297,
652,
260,
545,
147,
2287,
1986,
643,
320,
199,
501,
941,
540,
1624,
906,
652,
2943,
927,
544,
907,
429,
1699,
651,
1653,
229,
1866,
965,
1610,
1659,
857,
1683,
2012,
1678,
884,
536,
439,
771,
1991,
44,
392,
724,
1660,
905,
3069,
866,
640,
636,
459,
1692,
1024,
1630,
215,
892,
414,
464,
615,
1657,
431,
930,
575,
335,
929,
1961,
427,
602,
105,
714,
1953,
633,
624,
3227,
599,
2060,
354,
1960,
1952,
874,
1306,
859,
891,
230,
630,
869,
960,
725,
116,
595,
235,
954,
733,
46,
662,
1845,
44,
658,
534,
510,
934,
890,
99,
215,
533,
883,
607,
2746,
388,
1821,
449,
90,
626,
724,
626,
1360,
632,
88,
592,
1356,
904,
219,
625,
438,
637,
884,
942,
620,
228,
904,
153,
918,
110,
625,
1933,
49,
1789,
201,
507,
633,
1328,
984,
1139,
623,
620,
736,
904,
274,
870,
197,
903,
43,
640,
836,
1411,
177,
861,
1204,
116,
769,
873,
1879,
783,
1592,
178,
1679,
175,
689,
775,
644,
2942,
130,
122,
83,
1430,
987,
377,
887,
3050,
82,
902,
1834,
950,
562,
827,
1684,
830,
633,
975,
849,
2256,
64,
1639,
1456,
1683,
2909,
267,
2398,
290,
3033,
47,
726,
845,
886,
969,
599,
83,
201,
439,
68,
215,
1201,
75,
563,
383,
595,
55,
591,
1016,
64,
1535,
806,
840,
855,
865,
60,
55,
912,
873,
1529,
268,
801,
1583,
1589,
1835,
1936,
1988,
790,
726,
489,
2193,
1976,
198,
54,
522,
58,
595,
703,
790,
847,
601,
54,
1819,
846,
852,
2660,
1502,
1159,
47,
1683,
422,
3071,
796,
663,
1842,
2580,
638,
3637,
634,
809,
1943,
410,
628,
595,
650,
584,
49,
538,
705,
3029,
1008,
674,
2791,
886,
649,
148,
595,
843,
44,
574,
206,
2310,
49,
42,
667,
728,
794,
109,
1274,
857,
1829,
804,
107,
864,
546,
574,
105,
282,
822,
1226,
607,
216,
105,
476,
763,
268,
102,
1959,
870,
164,
1222,
493,
679,
147,
626,
50,
425,
766,
1291,
49,
750,
217,
42,
25,
1437,
230,
1710,
47,
1738,
101,
47,
1698,
98,
194,
2211,
2343,
2988,
269,
226,
41,
1682,
145,
401,
635,
510,
44,
297,
2809,
144,
42,
579,
588,
181,
2400,
833,
1680,
2896,
2344,
1880,
2795,
45,
128,
635,
3192,
3357,
481,
124,
638,
46,
189,
2480,
2792,
75,
687,
96,
167,
74,
687,
2861,
1777,
62,
70,
585,
2093,
73,
229,
931,
815,
40,
1951,
1965,
1906,
725,
1144,
1841,
1852,
1811,
588,
2059,
2614,
98,
649,
290,
1471,
589,
1182,
1293,
580,
593,
89,
736,
432,
493,
38,
1097,
501,
38,
2577,
3186,
1103,
331,
510,
2506,
662,
254,
215,
514,
2594,
189,
661,
659,
1940,
1776,
657,
2154,
2164,
88,
61,
43,
447,
323,
858,
86,
36,
777,
176,
832,
2651,
2494,
2501,
920,
555,
2723,
2676,
2230,
2758,
558,
1863,
2180,
2024,
83,
1558,
1632,
72,
1195,
131,
70,
1074,
492,
2513,
2513,
81,
771,
2652,
70,
1820,
1306,
69,
488,
68,
1031,
1251,
478,
1907,
2507,
683,
78,
1273,
1548,
882,
2136,
249,
2456,
2392,
686,
234,
246,
735,
239,
684,
2162,
199,
229,
1691,
683,
146,
233,
522,
228,
257,
668,
555,
2832,
222,
515,
954,
76,
3232,
246,
396,
1792,
942,
281,
1693,
361,
248,
1532,
77,
1454,
46,
308,
436,
1731,
1769,
239,
2103,
1419,
2941,
1938,
2761,
2185,
1146,
1152,
2709,
67,
46,
1150,
1101,
2218,
65,
3083,
1079,
1160,
1146,
1074,
1870,
2741,
292,
1079,
238,
2471,
1181,
1876,
2515,
2193,
380,
1904,
1938,
628,
1560,
2589,
2988,
39,
1330,
2934,
2685,
1299,
949,
950,
274,
2182,
1645,
97,
1008,
344,
994,
39,
2994,
900,
2531,
2507,
45,
1885,
718,
622,
1189,
895,
740,
856,
1133,
817,
1250,
40,
718,
189,
841,
2459,
1237,
597,
965,
1956,
223,
825,
158,
752,
947,
261,
2539,
804,
260,
848,
38,
559,
700,
377,
1329,
111,
740,
111,
419,
102,
865,
129,
385,
414,
737,
469,
323,
466,
101,
464,
461,
365,
2250,
3159,
631,
277,
2896,
1642,
574,
325,
596,
401,
572,
1997,
283,
739,
586,
277,
1973,
2088,
325,
2438,
915,
1864,
332,
1648,
376,
253,
2362,
1128,
739,
2356,
3204,
986,
274,
1588,
344,
280,
443,
98,
244,
284,
359,
996,
239,
441,
1001,
347,
937,
326,
882,
1899,
303,
254,
443,
45,
440,
290,
1035,
252,
1021,
435,
964,
1308,
249,
1925,
1684,
1333,
506,
502,
1780,
1212,
2792,
1681,
97,
3262,
1993,
311,
858,
1687,
44,
1139,
483,
1102,
841,
1925,
974,
951,
1593,
1247,
1662,
1878,
1567,
1145,
44,
1923,
481,
1134,
1177,
1141,
444,
40,
1131,
455,
1140,
157,
1120,
1073,
1963,
419,
105,
939,
1097,
1102,
1095,
1058,
1092,
1943,
2071,
1088,
1276,
494,
942,
453,
113,
1154,
474,
1093,
283,
437,
110,
1089,
1780,
437,
441,
2532,
88,
1343,
628,
1641,
992,
2911,
45,
83,
44,
84,
90,
424,
1074,
1507,
276,
289,
292,
299,
287,
1713,
288,
1965,
1911,
2771,
2674,
2083,
2331,
1547,
1847,
1592,
52,
1820,
1206,
257,
801,
1623,
223,
652,
52,
800,
1087,
67,
1194,
574,
107,
38,
297,
800,
3376,
3358,
998,
53,
256,
245,
293,
799,
794,
1064,
266,
305,
292,
253,
796,
80,
483,
797,
248,
622,
2617,
1022,
256,
984,
261,
255,
2608,
276,
132,
1623,
257,
245,
1625,
626,
39,
621,
532,
88,
1104,
122,
468,
209,
94,
558,
256,
911,
2138,
41,
423,
2027,
2661,
558,
2675,
1712,
333,
3268,
2026,
995,
1913,
397,
419,
3359,
39,
1695,
403,
387,
1048,
368,
846,
851,
99,
1116,
1300,
571,
263,
249,
560,
563,
2954,
304,
1650,
473,
1353,
257,
42,
1136,
100,
97,
38,
77,
1888,
1662,
1224,
2631,
1468,
629,
252,
1304,
3404,
1294,
762,
254,
1901,
1172,
1472,
1110,
2710,
1063,
863,
253,
1292,
2967,
859,
2694,
1135,
91,
1292,
2670,
568,
2069,
270,
256,
1139,
276,
2687,
520,
360,
256,
246,
250,
936,
408,
527,
243,
2044,
40,
2088,
243,
329,
1302,
865,
2138,
2794,
1099,
570,
2718,
2705,
105,
1076,
41,
844,
421,
2261,
1479,
591,
369,
1305,
224,
2004,
789,
1029,
1160,
1100,
519,
1042,
376,
1129,
1305,
1066,
1029,
223,
570,
1035,
1057,
517,
1147,
3258,
1043,
985,
1049,
215,
1159,
1046,
1023,
1210,
2092,
266,
1701,
213,
484,
376,
1236,
1013,
1145,
341,
307,
2711,
911,
298,
579,
381,
991,
737,
2669,
1690,
113,
930,
590,
305,
2754,
3158,
143,
1310,
589,
217,
1048,
90,
2760,
1141,
79,
271,
2787,
2430,
1048,
830,
432,
1100,
589,
1147,
495,
553,
1096,
1847,
1245,
405,
56,
346,
587,
672,
1266,
3281,
433,
1107,
2729,
60,
2457,
565,
614,
1123,
574,
2518,
53,
570,
51,
1004,
1120,
1455,
468,
566,
103,
2845,
117,
488,
565,
94,
610,
454,
47,
1440,
53,
1308,
91,
564,
117,
1255,
1258,
553,
1281,
823,
1127,
86,
445,
1386,
1106,
729,
374,
191,
372,
233,
245,
917,
345,
231,
1237,
40,
574,
443,
1148,
546,
1470,
414,
1153,
544,
186,
1249,
1179,
293,
181,
584,
1476,
361,
531,
253,
282,
244,
302,
2687,
1223,
486,
283,
174,
1293,
1130,
292,
255,
47,
163,
1745,
385,
163,
161,
2698,
1120,
2150,
48,
1722,
802,
1105,
47,
2158,
42,
1216,
2111,
1257,
436,
308,
2783,
99,
1099,
2726,
102,
3243,
1121,
97,
2731,
1106,
1474,
939,
209,
417,
45,
520,
96,
2693,
121,
1491,
983,
272,
859,
848,
2699,
334,
1335,
956,
786,
385,
496,
319,
46,
941,
610,
336,
285,
861,
167,
84,
1258,
340,
333,
1194,
1197,
864,
941,
224,
227,
2680,
608,
333,
1197,
631,
1745,
670,
591,
1229,
781,
42,
1759,
377,
1429,
1225,
434,
605,
1222,
557,
1215,
786,
445,
544,
1212,
768,
611,
557,
437,
536,
553,
540,
1885,
93,
1584,
229,
363,
102,
2755,
372,
229,
353,
1332,
1619,
362,
1208,
440,
44,
2801,
105,
231,
314,
227,
2820,
622,
1579,
230,
220,
1905,
1113,
352,
1274,
347,
1236,
1405,
217,
46,
1116,
443,
45,
229,
151,
231,
101,
236,
439,
189,
89,
251,
361,
429,
1916,
216,
244,
588,
2164,
43,
118,
602,
212,
1384,
884,
223,
40,
224,
3104,
1549,
356,
2720,
2565,
1221,
2686,
2662,
2517,
785,
2714,
3053,
216,
94,
2658,
1057,
74,
78,
219,
563,
211,
583,
569,
209,
526,
1562,
339,
524,
45,
82,
70,
446,
169,
113,
207,
219,
37,
44,
359,
1311,
1306,
1616,
2848,
218,
3008,
1326,
232,
208,
1243,
223,
1529,
1261,
231,
219,
341,
43,
1148,
481,
1287,
891,
282,
38,
622,
128,
1692,
856,
293,
37,
123,
543,
472,
1410,
1259,
48,
1505,
272,
1735,
46,
439,
44,
666,
873,
454,
1254,
411,
1076,
919,
80,
484,
461,
1244,
81,
592,
80,
591,
333,
79,
925,
381,
281,
349,
2352,
2573,
286,
409,
81,
1103,
2965,
963,
931,
78,
2233,
261,
1968,
897,
3386,
1155,
1769,
44,
524,
602,
44,
3413,
2513,
1820,
847,
836,
595,
390,
1264,
588,
42,
1261,
2705,
297,
625,
1233,
888,
127,
1787,
1237,
586,
2588,
582,
917,
3207,
571,
1219,
2852,
1221,
583,
2922,
42,
1789,
1849,
560,
1513,
1244,
42,
1535,
1774,
267,
568,
1784,
1780,
73,
633,
1791,
1831,
495,
474,
2806,
226,
427,
2590,
1285,
368,
1809,
559,
85,
739,
244,
220,
77,
282,
2091,
461,
37,
526,
547,
1815,
389,
44,
1134,
1700,
1001,
76,
511,
682,
2905,
1361,
2485,
851,
1754,
529,
395,
557,
978,
641,
727,
341,
371,
442,
369,
1337,
75,
1454,
256,
354,
297,
1156,
575,
43,
263,
614,
656,
252,
1750,
1083,
1555,
256,
534,
733,
1239,
1368,
1805,
630,
248,
264,
77,
416,
247,
1216,
1787,
688,
1879,
870,
545,
46,
117,
142,
1171,
45,
3154,
1000,
318,
379,
251,
3196,
476,
733,
3186,
512,
572,
1164,
630,
2522,
3145,
42,
432,
3319,
478,
3179,
475,
605,
605,
562,
3136,
541,
1768,
1000,
539,
2433,
465,
353,
476,
344,
73,
297,
140,
1284,
523,
553,
450,
453,
3109,
913,
543,
2139,
1592,
1816,
41,
1713,
1582,
1803,
2306,
40,
451,
2195,
682,
91,
247,
1679,
614,
856,
300,
785,
2375,
1374,
50,
333,
2993,
613,
1676,
1496,
1254,
697,
839,
42,
543,
735,
2358,
1225,
1379,
383,
1543,
884,
639,
665,
1376,
1413,
251,
2809,
422,
325,
628,
2797,
492,
597,
1232,
44,
1309,
2806,
289,
366,
941,
3195,
223,
304,
3002,
906,
1029,
3291,
1167,
261,
917,
721,
1042,
620,
3283,
91,
286,
1041,
2493,
280,
786,
1085,
167,
115,
978,
107,
736,
2186,
506,
3211,
287,
1407,
100,
618,
112,
634,
343,
1349,
770,
81,
3290,
914,
1328,
1332,
2182,
857,
1501,
715,
652,
978,
851,
262,
621,
771,
1517,
2113,
490,
605,
827,
497,
848,
605,
1616,
613,
1387,
2990,
2444,
2506,
708,
570,
597,
1484,
739,
291,
536,
551,
640,
538,
637,
331,
385,
601,
535,
546,
738,
326,
488,
639,
733,
648,
886,
513,
319,
658,
331,
653,
540,
299,
663,
617,
1106,
98,
1105,
658,
328,
1094,
94,
89,
272,
3220,
613,
89,
473,
2246,
1739,
715,
388,
672,
125,
2446,
89,
2441,
692,
1663,
93,
512,
620,
521,
500,
201,
1503,
345,
59,
3067,
134,
363,
555,
1102,
364,
670,
366,
133,
347,
361,
2261,
364,
434,
727,
359,
797,
424,
393,
354,
380,
712,
290,
136,
1135,
367,
323,
353,
387,
2891,
397,
287,
895,
387,
353,
1708,
375,
655,
284,
121,
885,
524,
476,
117,
320,
3268,
115,
276,
1141,
106,
1574,
473,
174,
1827,
362,
187,
311,
360,
439,
859,
346,
451,
94,
357,
375,
348,
1103,
352,
343,
322,
82,
307,
338,
336,
2085,
844,
757,
478,
384,
755,
379,
96,
2275,
829,
1162,
95,
825,
2085,
1478,
898,
902,
353,
619,
774,
97,
641,
93,
164,
743,
874,
570,
567,
92,
766,
1547,
776,
73,
64,
575,
764,
99,
398,
56,
795,
865,
91,
56,
65,
386,
383,
83,
876,
369,
48,
357,
798,
1600,
357,
566,
375,
576,
923,
419,
386,
372,
332,
481,
1480,
291,
1406,
488,
297,
516,
84,
302,
1484,
1568,
397,
1785,
312,
270,
237,
951,
1544,
873,
84,
1424,
2918,
2981,
439,
578,
1613,
507,
526,
2910,
1153,
922,
1571,
1612,
1061,
526,
351,
589,
820,
1695,
285,
497,
1520,
1835,
330,
919,
277,
782,
1634,
2676,
242,
780,
72,
771,
2570,
2361,
496,
767,
238,
2186,
752,
120,
187,
495,
1441,
653,
854,
2491,
495,
812,
590,
705,
494,
234,
808,
2689,
3230,
306,
491,
235,
146,
792,
1816,
196,
748,
780,
730,
89,
1912,
1922,
724,
346,
240,
798,
214,
204,
1933,
87,
134,
352,
2279,
126,
1841,
81,
125,
80,
99,
406,
741,
405,
1297,
571,
743,
179,
3391,
287,
1948,
615,
3345,
112,
1946,
429,
3053,
396,
2952,
91,
2381,
426,
430,
83,
82,
112,
110,
96,
70,
77,
229,
537,
86,
65,
53,
535,
910,
49,
523,
497,
1841,
460,
2118,
470,
504,
650,
1906,
344,
453,
207,
1920,
129,
1830,
753,
1966,
120,
499,
1812,
499,
381,
1743,
83,
564,
498,
