36,
33,
38,
33,
39,
41,
46,
42,
39,
40,
85,
76,
45,
92,
68,
100,
98,
81,
111,
97,
74,
109,
73,
101,
72,
116,
119,
126,
55,
123,
95,
54,
120,
126,
119,
49,
123,
111,
44,
133,
38,
132,
141,
112,
138,
121,
135,
39,
47,
145,
85,
134,
146,
145,
135,
119,
40,
129,
145,
133,
127,
115,
38,
43,
37,
35,
112,
140,
81,
36,
35,
128,
117,
135,
119,
106,
90,
167,
75,
122,
39,
74,
170,
117,
95,
97,
38,
159,
150,
70,
191,
95,
43,
86,
165,
134,
141,
161,
73,
167,
179,
104,
123,
175,
38,
151,
159,
177,
176,
163,
163,
77,
63,
195,
107,
178,
61,
192,
141,
170,
42,
128,
154,
42,
189,
105,
207,
121,
104,
168,
135,
128,
204,
131,
170,
200,
153,
135,
106,
49,
187,
78,
161,
198,
115,
102,
187,
205,
206,
185,
168,
158,
133,
160,
174,
162,
121,
170,
34,
168,
141,
181,
201,
41,
31,
169,
163,
141,
162,
175,
163,
203,
142,
169,
115,
111,
133,
176,
147,
188,
142,
182,
145,
184,
206,
201,
119,
135,
206,
118,
156,
188,
131,
170,
131,
203,
154,
37,
126,
186,
203,
235,
200,
188,
38,
238,
149,
226,
216,
200,
156,
233,
237,
174,
141,
247,
41,
155,
121,
217,
245,
169,
182,
228,
172,
240,
116,
132,
240,
42,
103,
43,
115,
94,
236,
242,
197,
122,
33,
233,
60,
116,
111,
118,
88,
168,
94,
45,
149,
142,
271,
137,
176,
198,
215,
204,
162,
232,
171,
112,
221,
212,
95,
163,
228,
124,
205,
202,
149,
144,
61,
211,
205,
161,
59,
189,
202,
209,
94,
193,
236,
183,
156,
60,
171,
182,
179,
59,
196,
165,
204,
185,
152,
179,
221,
142,
176,
185,
197,
207,
145,
160,
181,
156,
76,
149,
174,
170,
170,
134,
186,
107,
84,
116,
156,
146,
227,
158,
183,
50,
144,
136,
165,
139,
142,
232,
278,
138,
260,
130,
217,
50,
181,
181,
138,
208,
217,
298,
103,
51,
304,
177,
204,
49,
230,
48,
216,
186,
204,
239,
315,
121,
219,
248,
41,
205,
291,
253,
40,
108,
215,
143,
93,
187,
120,
223,
40,
84,
260,
124,
281,
287,
158,
250,
189,
271,
217,
231,
188,
198,
294,
135,
38,
176,
174,
311,
141,
117,
95,
272,
319,
280,
204,
116,
306,
137,
249,
283,
283,
114,
41,
217,
237,
300,
303,
259,
210,
265,
222,
211,
251,
206,
172,
137,
222,
41,
133,
161,
163,
219,
136,
285,
285,
40,
264,
178,
146,
260,
295,
42,
36,
182,
321,
175,
147,
109,
130,
104,
125,
91,
243,
62,
236,
227,
253,
274,
125,
74,
219,
117,
143,
147,
53,
136,
142,
141,
133,
108,
131,
206,
78,
219,
210,
213,
223,
226,
70,
203,
122,
143,
238,
154,
207,
242,
66,
306,
142,
130,
174,
233,
218,
209,
224,
167,
194,
161,
351,
237,
214,
230,
241,
204,
176,
192,
65,
101,
228,
227,
199,
322,
195,
348,
220,
221,
170,
186,
201,
218,
273,
137,
174,
180,
178,
166,
204,
155,
171,
145,
54,
351,
161,
149,
166,
52,
181,
185,
141,
364,
119,
171,
193,
138,
139,
43,
80,
306,
131,
48,
192,
49,
139,
126,
133,
211,
176,
138,
179,
49,
146,
174,
181,
172,
210,
222,
170,
260,
106,
48,
354,
99,
190,
158,
399,
38,
128,
108,
325,
149,
95,
226,
337,
100,
384,
290,
343,
122,
343,
331,
286,
244,
150,
248,
273,
151,
230,
291,
258,
377,
168,
38,
261,
266,
244,
148,
305,
260,
247,
352,
133,
126,
272,
138,
309,
373,
279,
312,
299,
292,
137,
276,
361,
235,
274,
299,
120,
208,
164,
261,
147,
330,
245,
44,
38,
257,
321,
314,
393,
156,
337,
283,
322,
179,
129,
225,
39,
256,
115,
370,
127,
91,
225,
151,
103,
103,
426,
179,
42,
365,
328,
137,
173,
131,
302,
68,
78,
43,
161,
199,
70,
118,
350,
170,
332,
149,
108,
165,
42,
174,
211,
70,
226,
134,
267,
216,
222,
121,
253,
114,
226,
260,
120,
222,
219,
220,
250,
256,
399,
177,
234,
266,
310,
329,
299,
253,
203,
256,
253,
224,
270,
228,
270,
268,
166,
269,
288,
172,
284,
242,
171,
250,
61,
214,
226,
235,
242,
180,
424,
220,
213,
176,
252,
259,
62,
135,
202,
211,
134,
160,
61,
398,
138,
56,
194,
426,
103,
216,
150,
233,
244,
55,
188,
176,
142,
318,
48,
143,
274,
103,
316,
333,
178,
159,
175,
108,
276,
187,
293,
198,
178,
59,
166,
312,
119,
254,
189,
331,
271,
244,
210,
189,
310,
198,
435,
336,
173,
304,
119,
279,
156,
348,
55,
294,
210,
370,
323,
428,
311,
134,
152,
269,
285,
185,
398,
200,
170,
147,
165,
324,
422,
267,
53,
151,
367,
184,
315,
180,
165,
323,
145,
309,
199,
298,
214,
129,
41,
334,
156,
205,
318,
306,
287,
55,
146,
165,
267,
153,
321,
313,
253,
52,
405,
153,
402,
306,
188,
436,
222,
413,
325,
410,
363,
244,
230,
345,
142,
297,
135,
335,
479,
433,
123,
121,
267,
136,
406,
279,
130,
104,
234,
416,
101,
106,
330,
356,
186,
456,
272,
58,
428,
345,
202,
46,
73,
326,
106,
289,
71,
443,
52,
343,
172,
431,
176,
208,
183,
228,
167,
143,
154,
158,
150,
203,
232,
173,
239,
157,
201,
228,
154,
79,
131,
424,
233,
227,
337,
76,
129,
127,
103,
216,
249,
244,
76,
146,
227,
314,
203,
296,
295,
216,
326,
299,
439,
171,
289,
259,
274,
211,
86,
207,
269,
114,
89,
176,
232,
194,
267,
187,
149,
248,
178,
205,
307,
154,
228,
151,
204,
36,
218,
279,
204,
176,
219,
125,
197,
259,
144,
150,
358,
190,
160,
215,
413,
191,
126,
300,
247,
200,
39,
137,
158,
199,
162,
150,
191,
292,
201,
44,
174,
140,
375,
116,
263,
272,
64,
213,
191,
185,
152,
300,
325,
63,
443,
139,
328,
175,
150,
127,
413,
138,
332,
395,
38,
222,
455,
159,
307,
160,
226,
166,
322,
338,
359,
342,
167,
65,
178,
408,
204,
311,
406,
307,
168,
338,
194,
489,
415,
151,
206,
184,
66,
348,
284,
450,
155,
445,
178,
374,
354,
42,
181,
438,
368,
400,
442,
315,
68,
354,
353,
184,
323,
67,
438,
162,
186,
366,
363,
160,
167,
179,
343,
163,
437,
356,
302,
125,
233,
281,
150,
296,
40,
425,
325,
63,
256,
255,
299,
147,
206,
434,
62,
448,
61,
129,
437,
255,
155,
205,
160,
434,
238,
315,
187,
314,
454,
302,
294,
44,
129,
112,
97,
143,
279,
331,
446,
319,
290,
288,
173,
88,
69,
445,
500,
68,
363,
491,
271,
223,
216,
491,
178,
223,
476,
74,
218,
218,
242,
186,
330,
177,
477,
42,
231,
166,
187,
236,
233,
254,
241,
229,
184,
212,
265,
219,
178,
87,
205,
167,
237,
154,
165,
176,
206,
86,
216,
198,
38,
349,
257,
200,
82,
155,
181,
209,
367,
108,
180,
192,
256,
148,
80,
119,
176,
164,
180,
186,
192,
79,
172,
472,
134,
115,
163,
508,
157,
160,
72,
136,
131,
157,
149,
127,
374,
193,
264,
180,
105,
37,
430,
214,
337,
85,
183,
173,
202,
478,
247,
188,
501,
343,
137,
44,
201,
382,
412,
469,
196,
459,
204,
262,
168,
458,
242,
135,
72,
237,
443,
234,
165,
177,
318,
460,
209,
260,
202,
421,
291,
513,
176,
120,
227,
172,
224,
383,
73,
349,
158,
204,
144,
166,
278,
183,
401,
373,
206,
198,
233,
396,
178,
320,
151,
149,
460,
178,
352,
520,
144,
205,
388,
126,
340,
457,
218,
372,
176,
382,
474,
453,
352,
123,
195,
385,
152,
348,
186,
327,
393,
266,
440,
431,
494,
396,
406,
299,
312,
224,
384,
340,
351,
349,
507,
42,
390,
377,
358,
164,
347,
134,
334,
209,
237,
339,
496,
188,
297,
461,
357,
328,
456,
490,
249,
449,
192,
107,
363,
453,
157,
234,
339,
40,
477,
493,
141,
332,
123,
482,
316,
121,
184,
171,
313,
475,
477,
144,
294,
73,
507,
85,
42,
465,
210,
498,
408,
401,
305,
82,
92,
81,
238,
223,
230,
223,
374,
211,
209,
199,
207,
258,
205,
119,
203,
215,
199,
226,
480,
92,
167,
226,
145,
191,
225,
310,
234,
119,
201,
409,
212,
183,
491,
176,
198,
98,
141,
207,
265,
171,
186,
175,
353,
338,
137,
472,
469,
165,
233,
206,
186,
500,
196,
112,
189,
252,
182,
187,
160,
177,
78,
179,
240,
462,
350,
231,
104,
133,
166,
41,
198,
452,
218,
164,
506,
105,
124,
105,
38,
221,
296,
449,
440,
205,
249,
97,
96,
144,
156,
200,
119,
182,
450,
228,
182,
464,
336,
207,
157,
237,
426,
247,
328,
221,
135,
183,
386,
245,
229,
156,
215,
221,
195,
388,
322,
231,
172,
93,
190,
157,
201,
381,
269,
244,
92,
193,
200,
518,
132,
145,
195,
372,
141,
185,
227,
199,
136,
256,
284,
44,
91,
142,
216,
172,
422,
207,
401,
404,
273,
220,
374,
279,
280,
510,
41,
168,
401,
197,
396,
387,
362,
157,
389,
366,
370,
385,
429,
469,
365,
330,
390,
191,
347,
326,
198,
154,
418,
430,
337,
387,
495,
337,
443,
323,
400,
328,
419,
297,
391,
478,
324,
410,
174,
310,
187,
433,
307,
157,
336,
261,
165,
201,
502,
188,
494,
142,
311,
303,
100,
374,
424,
154,
419,
438,
44,
195,
258,
433,
457,
200,
393,
124,
456,
126,
174,
397,
561,
152,
137,
244,
549,
238,
244,
110,
434,
245,
433,
242,
352,
108,
529,
243,
215,
200,
232,
217,
262,
248,
233,
257,
233,
199,
230,
294,
410,
221,
183,
128,
235,
578,
41,
204,
190,
194,
127,
178,
221,
228,
627,
198,
210,
225,
204,
257,
298,
168,
210,
144,
164,
322,
197,
221,
319,
127,
447,
204,
151,
123,
555,
173,
106,
434,
264,
321,
228,
362,
125,
142,
233,
587,
172,
509,
372,
123,
38,
247,
447,
494,
187,
218,
383,
129,
212,
280,
353,
472,
156,
218,
239,
118,
204,
269,
174,
166,
273,
551,
92,
502,
153,
198,
179,
281,
182,
369,
201,
308,
238,
163,
207,
326,
307,
126,
167,
158,
351,
172,
149,
44,
125,
381,
168,
124,
337,
426,
551,
342,
277,
474,
156,
168,
295,
269,
333,
567,
167,
310,
374,
129,
326,
368,
278,
269,
276,
487,
227,
454,
140,
340,
267,
253,
46,
40,
307,
292,
402,
521,
315,
369,
181,
321,
538,
345,
223,
471,
464,
398,
304,
193,
486,
473,
303,
148,
216,
460,
191,
469,
155,
301,
205,
275,
128,
488,
546,
307,
243,
190,
287,
159,
251,
291,
189,
163,
443,
542,
578,
45,
383,
140,
130,
578,
406,
295,
130,
526,
418,
128,
501,
494,
320,
272,
487,
431,
260,
239,
168,
185,
224,
77,
234,
310,
310,
250,
139,
177,
138,
310,
636,
246,
261,
503,
275,
230,
184,
227,
197,
43,
271,
226,
196,
239,
223,
137,
628,
236,
610,
344,
141,
40,
226,
116,
222,
326,
202,
255,
152,
301,
196,
99,
240,
130,
135,
291,
254,
569,
516,
391,
264,
37,
239,
124,
241,
250,
407,
222,
217,
442,
388,
230,
129,
280,
306,
523,
111,
513,
229,
127,
96,
300,
126,
148,
181,
553,
511,
299,
337,
199,
279,
333,
320,
297,
140,
510,
455,
250,
291,
269,
114,
344,
134,
204,
297,
243,
262,
42,
375,
140,
136,
243,
381,
132,
268,
385,
346,
116,
235,
296,
285,
358,
272,
291,
219,
239,
231,
355,
126,
358,
398,
134,
335,
197,
245,
610,
181,
49,
351,
196,
207,
425,
272,
340,
300,
235,
401,
205,
136,
241,
410,
457,
609,
178,
184,
214,
440,
196,
421,
204,
462,
432,
590,
209,
388,
238,
361,
219,
345,
188,
133,
295,
134,
229,
130,
182,
329,
286,
180,
312,
176,
281,
42,
461,
385,
151,
455,
573,
607,
103,
534,
233,
46,
166,
517,
576,
288,
186,
590,
48,
528,
105,
608,
358,
550,
103,
600,
406,
101,
563,
540,
93,
323,
291,
548,
154,
44,
520,
345,
283,
101,
526,
96,
435,
279,
95,
322,
92,
334,
205,
309,
349,
196,
318,
237,
519,
271,
137,
471,
350,
148,
180,
204,
518,
291,
299,
584,
238,
423,
311,
96,
286,
369,
292,
279,
232,
600,
439,
310,
86,
248,
295,
148,
300,
201,
209,
146,
336,
253,
216,
605,
285,
387,
282,
257,
212,
225,
295,
239,
210,
233,
324,
43,
662,
456,
247,
250,
264,
596,
257,
224,
531,
185,
134,
190,
559,
323,
237,
230,
573,
202,
376,
300,
91,
576,
227,
186,
365,
257,
161,
216,
196,
172,
358,
224,
319,
540,
308,
131,
472,
160,
328,
372,
259,
124,
223,
299,
220,
263,
176,
341,
212,
507,
311,
149,
241,
167,
276,
288,
176,
283,
277,
419,
158,
202,
482,
175,
190,
284,
223,
41,
256,
166,
197,
42,
138,
201,
315,
96,
248,
642,
213,
212,
424,
628,
189,
386,
150,
191,
165,
171,
94,
152,
215,
345,
140,
559,
173,
243,
267,
330,
163,
380,
131,
202,
200,
43,
385,
100,
244,
371,
539,
243,
162,
433,
415,
41,
138,
235,
215,
594,
375,
633,
440,
297,
172,
374,
286,
204,
163,
378,
361,
332,
353,
299,
321,
180,
323,
404,
513,
326,
454,
281,
245,
426,
415,
328,
323,
548,
231,
245,
175,
368,
68,
411,
44,
163,
540,
154,
353,
315,
359,
611,
237,
165,
70,
45,
572,
365,
169,
275,
166,
116,
69,
194,
330,
545,
404,
105,
177,
540,
412,
588,
384,
139,
120,
121,
535,
598,
309,
130,
287,
159,
291,
533,
343,
273,
123,
592,
527,
157,
265,
193,
103,
629,
179,
98,
596,
81,
156,
188,
167,
630,
214,
186,
328,
212,
201,
394,
169,
138,
365,
327,
321,
383,
250,
194,
326,
344,
357,
319,
253,
40,
567,
273,
138,
250,
373,
284,
41,
351,
331,
301,
246,
249,
232,
612,
244,
174,
227,
367,
575,
180,
322,
210,
206,
41,
293,
721,
154,
220,
233,
297,
255,
131,
185,
153,
591,
230,
260,
567,
246,
197,
226,
184,
66,
119,
154,
276,
129,
311,
128,
396,
409,
636,
218,
165,
128,
157,
202,
246,
362,
581,
337,
229,
118,
343,
266,
189,
411,
518,
280,
111,
155,
125,
160,
292,
540,
271,
204,
460,
649,
97,
253,
138,
84,
187,
708,
126,
161,
179,
398,
205,
246,
392,
197,
96,
415,
228,
155,
541,
251,
98,
419,
334,
253,
374,
523,
122,
366,
191,
179,
389,
185,
149,
368,
218,
152,
288,
419,
189,
553,
348,
328,
711,
668,
96,
196,
294,
95,
162,
518,
169,
649,
442,
482,
381,
346,
374,
398,
525,
338,
384,
93,
580,
127,
38,
220,
382,
186,
369,
573,
459,
229,
372,
39,
379,
399,
421,
234,
396,
199,
221,
574,
133,
37,
142,
265,
450,
608,
178,
166,
156,
551,
202,
464,
607,
198,
246,
550,
40,
468,
515,
551,
116,
60,
514,
171,
156,
264,
504,
709,
601,
215,
258,
344,
413,
44,
43,
278,
602,
43,
354,
190,
188,
306,
335,
622,
332,
43,
324,
39,
529,
170,
332,
621,
238,
197,
188,
420,
285,
160,
442,
397,
519,
329,
403,
227,
421,
390,
591,
287,
127,
388,
233,
287,
335,
296,
293,
223,
238,
172,
330,
252,
200,
221,
195,
124,
133,
151,
248,
264,
219,
45,
228,
446,
294,
244,
172,
320,
223,
40,
188,
124,
215,
381,
258,
233,
252,
252,
40,
581,
79,
211,
163,
251,
257,
98,
441,
281,
164,
188,
160,
138,
40,
150,
135,
414,
44,
134,
161,
83,
408,
513,
208,
414,
173,
150,
162,
140,
389,
639,
179,
191,
298,
249,
176,
152,
171,
158,
166,
198,
156,
263,
208,
180,
263,
196,
137,
190,
123,
267,
207,
285,
324,
511,
422,
215,
200,
77,
601,
167,
209,
255,
144,
153,
154,
150,
260,
188,
212,
41,
535,
404,
378,
199,
486,
767,
342,
267,
588,
513,
201,
289,
449,
216,
458,
274,
597,
216,
157,
526,
223,
491,
229,
241,
199,
220,
342,
416,
443,
163,
466,
182,
219,
513,
206,
160,
300,
166,
414,
243,
164,
43,
380,
241,
403,
42,
190,
349,
211,
187,
820,
314,
183,
181,
657,
437,
583,
205,
213,
648,
200,
279,
67,
574,
545,
577,
281,
275,
571,
264,
155,
341,
427,
553,
119,
209,
653,
185,
61,
314,
160,
158,
456,
42,
40,
398,
550,
179,
132,
42,
184,
199,
650,
180,
437,
161,
371,
360,
217,
439,
383,
181,
289,
356,
466,
118,
443,
112,
494,
302,
122,
386,
563,
216,
184,
169,
473,
289,
393,
152,
284,
306,
44,
331,
195,
179,
457,
244,
331,
327,
354,
462,
631,
110,
303,
237,
50,
232,
422,
152,
208,
620,
334,
201,
348,
301,
294,
114,
164,
253,
321,
168,
117,
541,
309,
299,
157,
225,
312,
175,
442,
445,
302,
181,
116,
119,
369,
219,
450,
336,
168,
420,
205,
113,
170,
115,
135,
106,
46,
176,
181,
193,
112,
192,
160,
106,
185,
138,
164,
85,
146,
176,
491,
415,
44,
117,
87,
237,
122,
123,
85,
169,
476,
161,
191,
385,
666,
517,
279,
489,
226,
183,
249,
470,
189,
832,
148,
139,
449,
256,
256,
209,
488,
529,
440,
155,
858,
329,
196,
197,
486,
169,
168,
213,
196,
328,
657,
358,
153,
139,
179,
688,
217,
85,
186,
47,
223,
107,
158,
387,
194,
341,
211,
198,
86,
247,
516,
40,
225,
500,
253,
249,
369,
534,
315,
47,
629,
208,
644,
452,
42,
190,
284,
675,
578,
264,
233,
42,
255,
179,
241,
636,
486,
199,
358,
241,
236,
599,
657,
185,
479,
621,
652,
213,
609,
343,
545,
40,
463,
615,
545,
221,
367,
484,
441,
461,
612,
204,
188,
322,
211,
591,
42,
179,
182,
362,
415,
188,
302,
167,
41,
170,
44,
507,
151,
696,
409,
356,
447,
203,
533,
441,
342,
123,
537,
408,
234,
225,
309,
554,
337,
259,
334,
465,
329,
233,
221,
564,
231,
210,
333,
38,
954,
220,
217,
328,
168,
219,
206,
168,
320,
194,
179,
503,
243,
151,
210,
325,
149,
193,
147,
329,
200,
206,
200,
320,
166,
232,
161,
483,
536,
119,
316,
158,
98,
454,
577,
309,
220,
116,
468,
313,
513,
386,
126,
317,
309,
202,
111,
115,
211,
325,
197,
254,
83,
748,
251,
203,
201,
124,
192,
301,
382,
590,
97,
107,
394,
42,
140,
210,
163,
113,
44,
726,
177,
128,
175,
77,
625,
178,
253,
358,
106,
719,
185,
186,
143,
327,
391,
75,
155,
360,
104,
150,
159,
305,
236,
239,
627,
257,
176,
252,
456,
209,
157,
46,
183,
495,
384,
159,
257,
199,
426,
245,
187,
168,
132,
183,
75,
468,
128,
327,
571,
567,
188,
264,
475,
40,
522,
181,
293,
215,
75,
904,
206,
213,
262,
619,
39,
331,
193,
358,
526,
258,
931,
553,
525,
208,
514,
166,
125,
578,
502,
521,
523,
221,
375,
589,
44,
220,
293,
528,
190,
558,
284,
612,
487,
287,
188,
476,
529,
601,
560,
243,
506,
274,
209,
624,
45,
203,
485,
46,
50,
581,
69,
564,
260,
42,
129,
333,
124,
499,
614,
141,
154,
543,
409,
486,
41,
437,
219,
157,
586,
155,
586,
323,
50,
594,
323,
39,
577,
213,
481,
689,
531,
558,
584,
552,
333,
189,
199,
227,
310,
556,
566,
195,
326,
680,
429,
453,
324,
220,
115,
585,
546,
438,
190,
305,
339,
323,
651,
210,
311,
572,
487,
294,
205,
308,
580,
541,
242,
556,
391,
240,
462,
651,
224,
217,
202,
401,
114,
238,
203,
201,
104,
236,
212,
233,
217,
147,
117,
113,
438,
231,
159,
432,
508,
593,
226,
67,
112,
230,
255,
170,
398,
202,
203,
438,
171,
429,
563,
289,
599,
136,
138,
85,
227,
106,
166,
132,
252,
197,
104,
1062,
421,
504,
162,
203,
248,
52,
245,
178,
146,
155,
249,
132,
176,
82,
174,
244,
130,
163,
181,
150,
45,
82,
215,
107,
172,
227,
366,
404,
140,
79,
438,
159,
146,
142,
139,
195,
142,
510,
589,
180,
136,
525,
39,
123,
315,
503,
112,
43,
190,
508,
193,
1025,
145,
188,
184,
81,
232,
607,
136,
134,
286,
168,
498,
451,
124,
511,
614,
186,
245,
595,
197,
172,
160,
169,
131,
465,
278,
499,
180,
525,
659,
248,
440,
80,
184,
184,
189,
450,
155,
267,
41,
546,
457,
140,
273,
171,
173,
231,
510,
994,
1013,
199,
260,
747,
197,
1011,
973,
190,
224,
746,
127,
582,
608,
206,
285,
599,
287,
211,
112,
171,
715,
119,
552,
609,
311,
297,
294,
270,
307,
202,
178,
239,
276,
642,
43,
180,
631,
305,
558,
229,
104,
206,
638,
195,
501,
152,
86,
585,
407,
78,
133,
46,
378,
500,
572,
171,
43,
129,
227,
711,
224,
187,
585,
40,
708,
225,
223,
309,
587,
152,
212,
222,
507,
220,
263,
716,
48,
218,
213,
219,
221,
211,
211,
555,
201,
184,
46,
492,
204,
584,
210,
139,
530,
505,
620,
200,
122,
48,
224,
214,
120,
187,
223,
339,
211,
490,
476,
173,
557,
196,
1014,
49,
160,
39,
116,
458,
137,
41,
477,
153,
167,
244,
200,
489,
247,
113,
116,
122,
102,
174,
243,
161,
137,
510,
114,
164,
287,
224,
113,
170,
506,
241,
214,
765,
212,
142,
133,
220,
491,
163,
158,
87,
133,
587,
112,
112,
163,
112,
171,
168,
633,
231,
487,
655,
1162,
280,
217,
300,
480,
580,
196,
284,
400,
200,
1137,
310,
452,
456,
177,
230,
175,
81,
165,
235,
177,
138,
135,
414,
285,
160,
278,
1141,
220,
251,
222,
505,
521,
294,
275,
155,
379,
214,
744,
557,
81,
289,
183,
341,
665,
170,
188,
557,
237,
284,
732,
251,
594,
258,
226,
356,
161,
201,
178,
384,
629,
717,
554,
208,
532,
248,
367,
472,
44,
295,
663,
200,
234,
1063,
149,
484,
316,
191,
525,
252,
241,
495,
244,
733,
45,
448,
174,
223,
335,
44,
42,
487,
231,
527,
77,
258,
773,
506,
234,
240,
186,
46,
464,
74,
531,
217,
432,
538,
237,
246,
241,
177,
214,
121,
242,
315,
44,
412,
500,
470,
253,
475,
182,
557,
241,
219,
222,
45,
470,
232,
220,
226,
316,
228,
219,
216,
237,
745,
235,
238,
467,
192,
215,
233,
212,
184,
669,
266,
183,
546,
211,
509,
462,
635,
456,
657,
641,
137,
209,
223,
204,
207,
235,
476,
206,
652,
185,
188,
184,
219,
462,
202,
1054,
161,
211,
228,
185,
158,
475,
177,
203,
149,
240,
162,
163,
543,
131,
511,
287,
152,
177,
680,
490,
137,
227,
113,
237,
114,
454,
194,
495,
239,
191,
195,
295,
155,
113,
164,
486,
121,
134,
442,
173,
124,
150,
104,
216,
40,
120,
77,
38,
105,
97,
152,
111,
137,
76,
215,
250,
186,
204,
204,
299,
212,
147,
157,
158,
75,
255,
248,
452,
162,
172,
185,
122,
180,
73,
258,
453,
416,
179,
1117,
231,
261,
189,
343,
215,
521,
246,
174,
308,
248,
203,
166,
132,
138,
285,
238,
149,
222,
274,
246,
177,
310,
74,
315,
137,
238,
259,
192,
536,
165,
348,
292,
315,
147,
352,
214,
201,
542,
246,
76,
133,
316,
396,
259,
141,
257,
760,
130,
219,
361,
1105,
77,
425,
308,
512,
273,
679,
419,
1096,
220,
342,
75,
135,
47,
1075,
277,
1107,
656,
527,
348,
361,
228,
275,
223,
650,
305,
417,
118,
406,
189,
179,
202,
289,
528,
270,
202,
1137,
197,
241,
233,
311,
137,
671,
237,
527,
250,
355,
172,
523,
92,
215,
215,
82,
490,
128,
171,
212,
471,
209,
475,
80,
110,
47,
309,
546,
63,
117,
242,
203,
187,
93,
473,
193,
229,
227,
473,
582,
484,
187,
245,
143,
470,
206,
554,
680,
489,
230,
229,
675,
694,
225,
196,
561,
235,
212,
252,
174,
665,
214,
238,
472,
261,
186,
152,
224,
201,
245,
107,
211,
237,
48,
222,
223,
106,
472,
154,
211,
198,
1284,
236,
510,
180,
216,
245,
208,
155,
207,
468,
220,
210,
149,
248,
105,
262,
124,
212,
185,
151,
231,
733,
84,
179,
252,
78,
95,
207,
152,
77,
140,
267,
48,
226,
76,
154,
488,
180,
154,
72,
179,
43,
173,
125,
176,
332,
141,
145,
198,
283,
135,
277,
182,
43,
248,
130,
189,
115,
171,
179,
285,
186,
69,
122,
530,
200,
116,
188,
364,
161,
1150,
266,
1329,
167,
315,
159,
681,
187,
185,
523,
140,
262,
261,
375,
164,
252,
38,
69,
258,
24,
511,
248,
135,
279,
274,
129,
121,
172,
67,
232,
312,
1121,
191,
527,
200,
275,
317,
369,
69,
1133,
360,
252,
227,
271,
338,
231,
683,
727,
348,
478,
315,
117,
289,
742,
519,
722,
299,
493,
880,
748,
225,
243,
197,
248,
699,
197,
237,
554,
453,
348,
187,
304,
163,
173,
848,
177,
213,
187,
234,
77,
840,
308,
512,
585,
1177,
162,
840,
398,
172,
494,
480,
109,
157,
410,
49,
478,
48,
246,
358,
590,
586,
634,
243,
229,
616,
221,
219,
584,
536,
290,
43,
285,
307,
245,
227,
212,
304,
237,
234,
234,
481,
545,
214,
278,
260,
232,
291,
777,
106,
753,
87,
817,
748,
275,
242,
330,
246,
210,
105,
752,
752,
788,
224,
589,
170,
206,
224,
747,
396,
171,
91,
244,
184,
480,
574,
100,
197,
219,
210,
217,
261,
222,
165,
186,
167,
199,
215,
227,
332,
1377,
210,
205,
157,
647,
154,
168,
198,
120,
152,
260,
193,
475,
261,
163,
206,
82,
479,
154,
39,
485,
81,
763,
525,
361,
39,
491,
81,
192,
182,
190,
80,
482,
181,
226,
79,
127,
169,
149,
752,
164,
179,
169,
114,
391,
137,
180,
148,
487,
370,
113,
343,
228,
119,
166,
243,
188,
41,
272,
185,
189,
183,
167,
185,
667,
527,
149,
265,
485,
230,
76,
217,
319,
166,
230,
595,
592,
22,
303,
132,
158,
769,
319,
139,
243,
326,
313,
200,
360,
129,
235,
45,
205,
351,
291,
182,
271,
188,
260,
758,
44,
165,
276,
645,
169,
313,
744,
742,
320,
504,
247,
849,
602,
167,
285,
461,
721,
726,
339,
306,
226,
262,
744,
42,
220,
259,
943,
628,
654,
176,
266,
271,
909,
226,
257,
432,
790,
445,
285,
139,
138,
315,
244,
288,
171,
265,
420,
565,
97,
246,
46,
577,
390,
179,
45,
164,
453,
237,
85,
298,
447,
177,
213,
930,
189,
239,
363,
297,
349,
290,
124,
702,
251,
497,
810,
697,
208,
587,
234,
666,
289,
323,
153,
211,
233,
497,
231,
222,
489,
188,
245,
201,
227,
43,
217,
495,
656,
118,
1182,
221,
211,
234,
477,
295,
35,
184,
247,
118,
172,
809,
189,
248,
227,
145,
289,
421,
117,
228,
201,
241,
207,
206,
200,
255,
210,
198,
260,
233,
115,
385,
207,
255,
45,
476,
138,
168,
264,
822,
840,
393,
225,
322,
110,
220,
173,
169,
245,
140,
504,
215,
362,
162,
92,
196,
39,
139,
210,
495,
167,
165,
108,
134,
209,
229,
216,
599,
194,
583,
175,
192,
829,
145,
255,
39,
237,
159,
487,
85,
178,
583,
212,
170,
242,
169,
198,
829,
173,
202,
191,
186,
156,
116,
202,
297,
183,
295,
211,
203,
84,
179,
348,
254,
262,
308,
141,
18,
126,
170,
320,
184,
333,
226,
657,
176,
194,
278,
83,
195,
180,
297,
266,
331,
185,
206,
176,
184,
290,
329,
158,
290,
303,
184,
212,
246,
250,
767,
245,
347,
243,
198,
777,
664,
285,
208,
226,
82,
757,
174,
294,
173,
768,
325,
328,
363,
281,
601,
311,
181,
378,
41,
311,
297,
278,
852,
1230,
269,
802,
201,
513,
139,
248,
603,
783,
233,
247,
265,
137,
168,
553,
40,
233,
576,
237,
255,
516,
413,
250,
249,
254,
986,
98,
300,
368,
289,
265,
518,
982,
382,
42,
118,
991,
500,
101,
304,
983,
320,
429,
318,
227,
746,
720,
969,
318,
308,
221,
227,
46,
956,
883,
855,
812,
225,
732,
232,
223,
367,
310,
212,
504,
197,
218,
210,
229,
199,
193,
191,
194,
49,
860,
502,
198,
592,
186,
151,
161,
161,
155,
39,
1547,
505,
116,
672,
868,
200,
194,
361,
161,
43,
233,
1373,
506,
704,
252,
175,
181,
403,
589,
122,
200,
37,
112,
194,
594,
284,
558,
133,
910,
81,
124,
285,
890,
201,
152,
98,
189,
124,
45,
77,
270,
75,
239,
123,
911,
154,
275,
251,
267,
256,
75,
250,
150,
43,
197,
520,
99,
305,
168,
933,
153,
206,
591,
633,
203,
271,
257,
182,
206,
283,
231,
144,
38,
309,
434,
204,
172,
245,
288,
139,
218,
247,
973,
528,
202,
244,
76,
148,
201,
209,
193,
188,
202,
201,
181,
288,
240,
245,
239,
170,
554,
41,
469,
174,
218,
930,
528,
152,
136,
845,
283,
259,
409,
671,
819,
77,
140,
137,
135,
269,
841,
277,
43,
529,
217,
141,
292,
368,
305,
840,
250,
299,
136,
649,
239,
107,
269,
78,
77,
43,
625,
264,
272,
322,
450,
255,
42,
262,
44,
146,
534,
78,
204,
530,
430,
43,
267,
534,
274,
224,
334,
544,
252,
139,
309,
289,
536,
235,
612,
186,
145,
272,
184,
92,
533,
537,
105,
257,
181,
82,
334,
534,
56,
904,
37,
140,
119,
224,
870,
781,
651,
221,
1606,
65,
38,
636,
354,
231,
392,
225,
779,
41,
240,
191,
775,
224,
233,
409,
931,
380,
228,
648,
224,
241,
247,
207,
223,
80,
219,
220,
102,
148,
389,
232,
552,
136,
153,
376,
200,
957,
35,
207,
192,
431,
196,
102,
176,
929,
218,
228,
228,
410,
142,
173,
209,
195,
44,
171,
77,
287,
76,
170,
309,
338,
991,
685,
1327,
73,
179,
234,
581,
156,
70,
294,
628,
623,
304,
287,
69,
191,
198,
235,
219,
178,
623,
148,
189,
259,
182,
256,
201,
265,
303,
222,
376,
241,
956,
144,
149,
175,
595,
117,
206,
975,
138,
65,
159,
238,
236,
145,
250,
291,
1086,
593,
319,
389,
311,
339,
280,
915,
1635,
241,
170,
320,
285,
180,
865,
48,
203,
64,
303,
325,
213,
359,
43,
309,
569,
671,
894,
289,
145,
257,
847,
184,
612,
243,
211,
41,
476,
162,
267,
219,
144,
424,
266,
988,
221,
272,
269,
271,
112,
196,
265,
126,
984,
300,
611,
175,
582,
251,
247,
454,
341,
332,
643,
650,
857,
1001,
268,
342,
143,
583,
207,
293,
313,
305,
234,
141,
569,
252,
333,
1110,
103,
37,
645,
257,
142,
308,
188,
1085,
434,
329,
299,
274,
477,
1071,
278,
518,
106,
986,
194,
864,
645,
488,
171,
581,
108,
284,
316,
844,
136,
418,
42,
145,
278,
39,
932,
820,
283,
484,
224,
808,
932,
112,
223,
221,
994,
222,
216,
809,
401,
405,
150,
172,
808,
175,
217,
205,
212,
253,
126,
231,
325,
1027,
259,
419,
225,
407,
102,
208,
974,
218,
188,
248,
149,
167,
101,
204,
214,
1014,
243,
206,
209,
258,
200,
1005,
254,
947,
224,
153,
38,
194,
220,
208,
200,
176,
167,
147,
337,
151,
165,
192,
986,
209,
236,
178,
94,
141,
44,
81,
47,
332,
587,
111,
171,
325,
211,
43,
217,
79,
121,
201,
183,
245,
37,
159,
298,
155,
127,
208,
1021,
589,
209,
315,
338,
163,
78,
585,
196,
210,
98,
915,
77,
169,
228,
46,
138,
185,
157,
166,
514,
219,
160,
676,
74,
281,
400,
355,
73,
171,
372,
584,
208,
43,
196,
1220,
144,
1348,
479,
196,
153,
180,
621,
254,
212,
144,
282,
1389,
359,
645,
217,
244,
911,
138,
621,
199,
485,
156,
337,
299,
47,
652,
205,
70,
45,
1318,
291,
174,
253,
252,
84,
921,
266,
247,
926,
345,
221,
34,
136,
68,
136,
255,
696,
633,
270,
203,
353,
69,
627,
267,
599,
179,
278,
105,
346,
249,
645,
200,
236,
238,
593,
199,
625,
495,
326,
612,
172,
130,
1170,
231,
132,
376,
184,
39,
460,
309,
48,
462,
36,
627,
57,
877,
222,
120,
307,
220,
876,
166,
871,
412,
215,
468,
862,
181,
411,
234,
229,
223,
459,
858,
979,
368,
231,
218,
663,
216,
465,
222,
1054,
451,
222,
588,
200,
339,
212,
209,
1043,
202,
377,
214,
630,
210,
182,
217,
209,
218,
1048,
213,
184,
95,
250,
189,
389,
208,
220,
187,
199,
208,
486,
278,
200,
68,
206,
125,
204,
86,
168,
378,
199,
351,
194,
83,
185,
609,
70,
193,
319,
46,
149,
157,
236,
330,
193,
660,
202,
233,
39,
194,
172,
604,
64,
142,
339,
149,
128,
61,
1195,
170,
156,
146,
334,
546,
177,
128,
628,
119,
596,
148,
100,
203,
153,
250,
195,
107,
59,
174,
40,
993,
671,
372,
505,
222,
58,
179,
204,
980,
231,
389,
131,
386,
972,
147,
421,
288,
386,
212,
456,
287,
492,
56,
146,
252,
994,
173,
328,
159,
295,
45,
231,
278,
246,
109,
404,
44,
270,
268,
388,
221,
243,
211,
147,
336,
290,
389,
378,
410,
130,
46,
268,
269,
292,
237,
251,
1146,
346,
1142,
640,
151,
238,
682,
337,
205,
326,
333,
39,
1141,
203,
53,
279,
1140,
167,
287,
1252,
1818,
46,
215,
361,
189,
252,
228,
887,
223,
519,
227,
640,
219,
883,
96,
866,
221,
635,
852,
511,
47,
508,
315,
220,
217,
231,
187,
494,
635,
228,
245,
38,
210,
210,
507,
254,
209,
217,
209,
216,
605,
219,
205,
736,
214,
220,
219,
225,
217,
200,
218,
196,
87,
207,
595,
263,
191,
205,
213,
233,
213,
207,
381,
379,
41,
259,
162,
631,
164,
195,
197,
199,
1174,
295,
39,
164,
380,
160,
204,
202,
581,
1125,
198,
1095,
195,
251,
38,
78,
146,
708,
260,
158,
712,
259,
77,
408,
481,
149,
1111,
417,
128,
103,
74,
1150,
240,
637,
175,
258,
189,
396,
688,
39,
205,
349,
358,
363,
154,
1880,
73,
139,
178,
649,
228,
156,
148,
1143,
317,
73,
43,
658,
184,
1104,
177,
359,
168,
213,
173,
658,
204,
184,
169,
70,
206,
169,
1265,
223,
317,
198,
686,
68,
150,
1194,
1273,
1435,
273,
344,
421,
282,
183,
281,
45,
435,
40,
571,
70,
207,
353,
189,
280,
310,
158,
991,
231,
361,
390,
157,
246,
253,
1257,
239,
188,
151,
198,
430,
72,
1032,
331,
157,
198,
138,
427,
464,
625,
987,
631,
320,
196,
212,
364,
417,
156,
156,
191,
159,
74,
285,
546,
339,
190,
420,
291,
583,
191,
570,
249,
295,
289,
149,
247,
167,
539,
427,
271,
697,
73,
1214,
276,
40,
72,
256,
238,
307,
41,
268,
324,
142,
234,
75,
215,
1257,
632,
275,
230,
235,
164,
218,
473,
133,
448,
202,
1219,
550,
387,
539,
144,
237,
504,
218,
425,
39,
225,
211,
554,
114,
311,
337,
579,
289,
673,
214,
1052,
261,
952,
209,
221,
879,
585,
130,
37,
1089,
291,
219,
1327,
208,
863,
136,
658,
214,
220,
427,
547,
208,
217,
436,
695,
246,
235,
687,
216,
96,
213,
209,
196,
204,
207,
278,
197,
679,
164,
87,
1935,
221,
189,
43,
373,
406,
146,
206,
364,
89,
677,
136,
146,
42,
140,
426,
230,
41,
40,
213,
101,
189,
111,
1317,
678,
200,
210,
39,
1249,
420,
1184,
190,
125,
357,
1264,
189,
192,
511,
276,
445,
252,
43,
241,
195,
370,
684,
196,
227,
364,
112,
370,
186,
107,
68,
39,
41,
201,
187,
418,
685,
317,
194,
216,
685,
142,
61,
311,
204,
210,
173,
133,
783,
358,
311,
151,
203,
301,
198,
357,
197,
287,
1166,
150,
166,
430,
324,
265,
265,
139,
584,
62,
261,
180,
1025,
282,
332,
181,
53,
190,
479,
414,
174,
1037,
192,
210,
173,
307,
614,
691,
206,
178,
470,
1033,
172,
419,
340,
274,
295,
347,
1310,
582,
531,
270,
421,
573,
385,
239,
1041,
267,
1326,
312,
364,
197,
248,
560,
196,
371,
1969,
172,
275,
289,
230,
258,
165,
231,
769,
313,
269,
747,
304,
152,
563,
1420,
164,
39,
225,
798,
151,
189,
243,
783,
190,
187,
477,
163,
147,
198,
990,
479,
43,
81,
284,
237,
189,
242,
331,
141,
498,
142,
140,
45,
227,
588,
246,
943,
742,
713,
615,
539,
615,
1344,
590,
714,
267,
274,
256,
41,
326,
279,
914,
240,
689,
101,
269,
581,
422,
290,
236,
250,
237,
429,
101,
438,
227,
1221,
40,
279,
97,
353,
232,
212,
700,
241,
295,
42,
197,
704,
521,
444,
99,
192,
306,
243,
98,
278,
138,
94,
1220,
255,
165,
94,
1338,
245,
1327,
87,
180,
269,
172,
705,
1369,
87,
206,
224,
228,
47,
702,
529,
192,
145,
237,
293,
45,
311,
145,
380,
234,
145,
384,
696,
346,
247,
182,
127,
283,
181,
785,
250,
185,
1407,
138,
210,
102,
1391,
158,
458,
204,
173,
194,
177,
172,
468,
198,
392,
88,
205,
257,
219,
252,
187,
467,
362,
276,
351,
1092,
1389,
321,
204,
161,
2013,
1069,
291,
1059,
692,
176,
276,
313,
201,
1228,
423,
1030,
154,
789,
252,
1059,
724,
394,
231,
222,
742,
34,
783,
261,
163,
581,
295,
227,
268,
152,
245,
398,
294,
199,
373,
410,
361,
43,
512,
750,
345,
1306,
191,
474,
756,
189,
41,
151,
362,
261,
146,
761,
356,
202,
200,
510,
154,
312,
283,
149,
733,
179,
365,
301,
280,
730,
45,
792,
301,
294,
133,
287,
746,
309,
658,
800,
655,
276,
271,
46,
422,
650,
276,
807,
42,
946,
261,
960,
40,
286,
272,
291,
273,
231,
941,
37,
650,
241,
131,
706,
939,
1308,
464,
186,
227,
649,
273,
240,
271,
271,
232,
247,
754,
269,
222,
240,
195,
412,
130,
247,
245,
324,
1483,
754,
129,
427,
1365,
226,
245,
215,
2085,
754,
208,
463,
43,
50,
245,
355,
243,
174,
123,
188,
408,
752,
466,
371,
284,
209,
191,
752,
778,
177,
358,
314,
371,
243,
388,
171,
227,
175,
451,
758,
370,
309,
242,
168,
234,
182,
585,
263,
343,
347,
271,
260,
760,
282,
260,
1385,
124,
200,
235,
113,
609,
414,
752,
196,
266,
170,
243,
108,
211,
270,
185,
459,
760,
120,
191,
193,
140,
233,
265,
348,
728,
203,
211,
417,
242,
142,
318,
161,
196,
250,
198,
180,
158,
180,
1374,
197,
162,
111,
517,
174,
183,
146,
205,
157,
117,
278,
217,
1495,
155,
243,
46,
1106,
261,
177,
235,
216,
1073,
205,
1117,
797,
443,
1095,
270,
223,
1025,
233,
395,
249,
222,
1462,
1322,
608,
234,
212,
44,
289,
750,
193,
213,
363,
230,
185,
157,
245,
255,
172,
414,
352,
174,
349,
456,
225,
216,
495,
751,
181,
1144,
396,
344,
181,
301,
535,
727,
161,
231,
557,
193,
176,
397,
744,
357,
165,
40,
421,
340,
347,
137,
222,
738,
172,
220,
334,
525,
191,
107,
235,
179,
240,
724,
722,
63,
44,
821,
170,
476,
720,
206,
144,
51,
726,
763,
762,
307,
298,
1009,
720,
288,
772,
702,
298,
297,
309,
680,
960,
781,
287,
980,
282,
693,
1366,
784,
299,
254,
302,
275,
287,
418,
392,
313,
151,
320,
243,
818,
280,
1375,
361,
407,
266,
382,
250,
1349,
233,
237,
276,
225,
263,
146,
399,
42,
245,
234,
249,
247,
48,
246,
316,
143,
438,
167,
142,
195,
227,
1427,
43,
2162,
218,
165,
41,
123,
171,
193,
1363,
233,
215,
169,
357,
1384,
175,
179,
367,
206,
161,
202,
183,
141,
156,
192,
212,
146,
195,
240,
1410,
141,
149,
328,
201,
200,
194,
145,
220,
197,
174,
141,
139,
442,
177,
210,
140,
190,
725,
323,
632,
236,
202,
219,
393,
165,
209,
157,
384,
144,
192,
807,
46,
771,
1174,
383,
122,
168,
792,
183,
739,
165,
149,
197,
201,
174,
1153,
46,
253,
191,
145,
811,
158,
1129,
559,
195,
43,
166,
137,
193,
42,
136,
422,
643,
139,
250,
174,
797,
184,
381,
143,
1176,
1326,
652,
161,
1412,
392,
776,
413,
1508,
178,
171,
810,
1329,
365,
597,
578,
759,
163,
380,
1416,
755,
117,
1563,
126,
276,
121,
633,
122,
391,
1560,
1557,
368,
75,
147,
91,
366,
59,
749,
159,
66,
140,
758,
1033,
65,
57,
531,
738,
313,
61,
308,
157,
167,
836,
746,
55,
738,
1399,
809,
1396,
315,
650,
54,
158,
43,
1018,
728,
1030,
155,
273,
43,
771,
1406,
308,
37,
744,
280,
240,
232,
423,
236,
384,
743,
239,
492,
156,
83,
308,
790,
291,
228,
304,
289,
84,
1485,
274,
1471,
461,
248,
95,
233,
461,
246,
243,
1427,
424,
241,
241,
783,
1452,
496,
240,
496,
1426,
648,
1474,
1422,
154,
2241,
1466,
225,
408,
45,
152,
474,
792,
42,
298,
376,
486,
204,
149,
264,
548,
333,
813,
161,
730,
190,
742,
171,
47,
123,
200,
174,
144,
221,
142,
210,
180,
600,
738,
238,
209,
578,
156,
128,
51,
200,
138,
161,
203,
713,
41,
377,
96,
435,
150,
44,
723,
195,
204,
1543,
188,
190,
806,
248,
204,
139,
41,
138,
251,
371,
172,
711,
330,
199,
172,
40,
369,
204,
282,
194,
174,
144,
215,
479,
343,
193,
252,
93,
179,
346,
237,
389,
295,
173,
238,
154,
182,
230,
168,
1152,
463,
154,
166,
826,
93,
195,
1189,
46,
187,
202,
184,
278,
409,
415,
1134,
163,
38,
133,
1189,
1597,
443,
2272,
183,
210,
193,
406,
142,
1587,
1163,
487,
382,
145,
427,
204,
367,
439,
658,
157,
847,
420,
170,
1544,
826,
807,
475,
137,
629,
163,
423,
183,
706,
654,
188,
400,
163,
1411,
720,
172,
1514,
844,
41,
421,
363,
163,
443,
155,
794,
133,
793,
135,
70,
1588,
724,
54,
181,
49,
1585,
643,
77,
48,
832,
802,
382,
814,
799,
783,
1096,
637,
1092,
599,
295,
755,
752,
408,
1448,
1042,
1470,
295,
41,
287,
237,
731,
415,
241,
311,
1475,
309,
40,
130,
583,
372,
426,
290,
129,
308,
250,
392,
244,
449,
745,
412,
249,
243,
238,
329,
409,
411,
717,
126,
234,
127,
243,
229,
1517,
77,
48,
228,
705,
1509,
124,
235,
150,
387,
546,
242,
42,
283,
84,
667,
373,
450,
793,
436,
43,
186,
160,
702,
204,
41,
202,
189,
167,
200,
40,
178,
1629,
212,
161,
78,
38,
213,
238,
611,
1517,
230,
195,
77,
38,
780,
216,
191,
40,
69,
269,
256,
252,
676,
635,
205,
797,
1442,
198,
227,
128,
1232,
1229,
1149,
824,
1483,
220,
235,
42,
229,
227,
220,
1215,
188,
1636,
255,
146,
847,
181,
69,
187,
57,
35,
837,
242,
640,
166,
505,
428,
514,
158,
406,
71,
2355,
235,
275,
186,
246,
840,
824,
38,
189,
224,
198,
227,
393,
1708,
822,
214,
562,
819,
206,
639,
150,
371,
41,
44,
1118,
712,
709,
41,
139,
789,
808,
589,
172,
751,
41,
715,
1041,
241,
784,
757,
299,
296,
438,
716,
1041,
139,
762,
1036,
823,
757,
360,
497,
302,
397,
295,
317,
717,
317,
590,
1519,
97,
300,
1532,
595,
238,
304,
1518,
49,
421,
246,
231,
247,
1539,
99,
1544,
626,
236,
252,
243,
402,
499,
253,
252,
518,
242,
678,
68,
249,
237,
258,
259,
727,
583,
324,
44,
231,
66,
399,
216,
236,
245,
39,
240,
94,
428,
193,
206,
254,
213,
218,
147,
166,
208,
358,
137,
266,
39,
340,
198,
258,
62,
209,
230,
244,
40,
191,
61,
198,
100,
227,
57,
198,
479,
197,
253,
242,
477,
2416,
53,
58,
554,
561,
334,
386,
217,
258,
211,
274,
252,
270,
402,
229,
827,
515,
234,
206,
45,
176,
489,
225,
197,
531,
278,
519,
291,
240,
494,
191,
280,
259,
754,
1286,
241,
516,
315,
203,
228,
391,
1260,
169,
1243,
394,
225,
279,
183,
748,
295,
274,
210,
594,
359,
39,
274,
45,
281,
521,
293,
564,
278,
1564,
872,
746,
207,
1510,
517,
41,
505,
202,
226,
863,
746,
1509,
580,
234,
834,
223,
548,
100,
43,
741,
218,
239,
218,
576,
1725,
1736,
206,
191,
263,
176,
1241,
730,
734,
1267,
507,
418,
100,
231,
240,
716,
136,
524,
204,
555,
418,
40,
1276,
508,
144,
44,
44,
1107,
41,
815,
413,
1041,
622,
298,
41,
439,
797,
291,
297,
842,
790,
812,
287,
215,
94,
44,
301,
864,
208,
228,
259,
222,
92,
1040,
306,
297,
319,
221,
293,
264,
283,
228,
840,
1702,
208,
843,
248,
200,
292,
216,
153,
1574,
1699,
85,
747,
337,
264,
40,
525,
260,
254,
906,
1707,
1742,
486,
258,
654,
224,
138,
43,
87,
199,
1666,
638,
226,
424,
745,
83,
256,
314,
254,
81,
408,
611,
249,
2483,
252,
43,
400,
244,
248,
209,
213,
490,
595,
164,
239,
328,
201,
531,
167,
617,
273,
646,
262,
245,
76,
888,
202,
233,
72,
284,
39,
197,
579,
46,
156,
260,
206,
250,
864,
222,
73,
760,
156,
249,
71,
131,
560,
378,
280,
565,
514,
1781,
70,
586,
289,
179,
265,
260,
276,
782,
226,
867,
299,
204,
239,
163,
176,
209,
764,
238,
311,
225,
288,
303,
288,
742,
235,
555,
1585,
224,
230,
251,
246,
1672,
184,
261,
335,
221,
242,
164,
273,
41,
313,
247,
189,
303,
311,
1319,
1771,
305,
208,
221,
285,
1254,
273,
262,
212,
193,
302,
225,
253,
195,
171,
1267,
219,
40,
1266,
109,
1275,
209,
201,
860,
218,
208,
331,
176,
202,
808,
1282,
217,
867,
207,
194,
299,
733,
174,
142,
208,
874,
576,
563,
561,
1675,
301,
837,
275,
735,
231,
382,
462,
805,
844,
155,
181,
243,
689,
142,
461,
431,
75,
52,
805,
68,
433,
430,
64,
387,
1122,
863,
51,
828,
700,
1107,
50,
156,
909,
1826,
564,
45,
210,
214,
847,
373,
1045,
863,
51,
305,
826,
191,
1042,
867,
257,
252,
44,
204,
1673,
643,
268,
312,
640,
278,
907,
140,
316,
282,
305,
273,
243,
232,
93,
419,
636,
245,
304,
98,
283,
785,
342,
72,
379,
332,
226,
42,
241,
303,
95,
151,
352,
313,
342,
219,
231,
297,
359,
564,
291,
69,
303,
234,
336,
881,
302,
607,
95,
1632,
258,
1672,
81,
302,
1666,
162,
298,
383,
418,
765,
78,
289,
293,
826,
255,
286,
275,
237,
1666,
259,
180,
123,
45,
250,
1670,
289,
305,
37,
74,
516,
188,
255,
207,
907,
120,
351,
631,
223,
134,
242,
883,
634,
118,
241,
160,
128,
1813,
1750,
259,
262,
146,
780,
178,
150,
102,
151,
911,
218,
117,
191,
566,
68,
731,
162,
250,
256,
289,
65,
38,
864,
207,
45,
1681,
636,
347,
366,
634,
628,
228,
237,
44,
734,
723,
622,
232,
43,
220,
299,
626,
236,
225,
238,
280,
246,
806,
336,
242,
184,
1675,
377,
629,
212,
270,
284,
897,
599,
42,
256,
278,
345,
268,
329,
201,
180,
286,
255,
58,
312,
322,
248,
254,
210,
604,
817,
184,
205,
312,
45,
195,
183,
60,
321,
1596,
178,
241,
333,
317,
42,
229,
298,
46,
639,
628,
185,
199,
219,
1345,
217,
267,
1273,
1684,
768,
250,
239,
162,
274,
238,
234,
46,
307,
769,
261,
45,
232,
620,
1284,
45,
197,
778,
43,
722,
261,
149,
183,
201,
397,
159,
43,
181,
244,
1730,
321,
875,
733,
39,
418,
624,
39,
398,
611,
193,
1834,
125,
1911,
129,
126,
1115,
110,
856,
175,
233,
585,
726,
42,
820,
68,
494,
52,
144,
231,
726,
37,
854,
126,
2633,
326,
909,
863,
1108,
381,
904,
316,
40,
1122,
261,
1747,
927,
902,
264,
315,
223,
39,
313,
261,
638,
1046,
281,
522,
1664,
1693,
891,
232,
312,
465,
212,
258,
1047,
305,
212,
301,
206,
347,
201,
342,
314,
746,
312,
294,
94,
306,
205,
705,
1669,
298,
305,
336,
171,
215,
286,
146,
377,
203,
133,
350,
908,
740,
296,
523,
305,
45,
294,
43,
399,
131,
291,
286,
513,
42,
74,
256,
123,
354,
191,
205,
37,
73,
280,
164,
253,
184,
155,
99,
624,
71,
231,
251,
71,
704,
841,
692,
164,
631,
628,
163,
687,
262,
41,
211,
244,
39,
834,
244,
221,
726,
761,
695,
70,
647,
599,
223,
276,
220,
273,
232,
185,
232,
889,
193,
271,
287,
659,
343,
286,
382,
253,
253,
280,
440,
480,
617,
72,
47,
508,
183,
320,
261,
298,
42,
296,
241,
348,
876,
676,
325,
1661,
41,
847,
251,
485,
239,
767,
74,
294,
181,
271,
856,
286,
325,
250,
221,
188,
190,
880,
696,
615,
1735,
638,
194,
76,
211,
45,
233,
330,
52,
1348,
368,
659,
42,
1900,
200,
170,
225,
105,
1931,
78,
229,
1283,
196,
735,
310,
816,
226,
260,
40,
161,
237,
725,
1284,
197,
236,
306,
215,
35,
395,
216,
731,
193,
713,
224,
624,
708,
203,
559,
637,
848,
414,
244,
92,
828,
622,
73,
155,
59,
841,
310,
177,
844,
685,
332,
40,
1744,
687,
624,
793,
829,
312,
188,
414,
1120,
640,
40,
955,
810,
1116,
944,
39,
363,
942,
164,
213,
831,
376,
141,
936,
220,
209,
1044,
256,
1857,
228,
362,
781,
1705,
1113,
41,
133,
357,
198,
346,
1710,
404,
333,
109,
191,
210,
649,
271,
339,
1715,
362,
733,
208,
139,
357,
320,
236,
109,
659,
1708,
107,
328,
191,
188,
207,
257,
322,
507,
341,
811,
759,
294,
177,
165,
1927,
38,
312,
278,
359,
107,
69,
292,
161,
974,
1887,
339,
287,
299,
276,
423,
171,
464,
718,
212,
107,
385,
252,
288,
379,
134,
1839,
340,
308,
297,
141,
45,
217,
83,
717,
179,
221,
176,
211,
205,
455,
310,
189,
255,
217,
226,
236,
586,
258,
179,
86,
46,
642,
210,
705,
219,
200,
331,
248,
621,
193,
1965,
337,
259,
42,
86,
172,
193,
774,
622,
208,
678,
653,
243,
262,
279,
327,
269,
137,
677,
245,
142,
298,
182,
666,
616,
243,
296,
373,
88,
641,
294,
330,
164,
732,
1659,
294,
291,
244,
1739,
247,
338,
303,
45,
42,
321,
290,
162,
252,
130,
564,
247,
1762,
38,
243,
320,
171,
202,
242,
672,
793,
654,
238,
205,
309,
269,
236,
243,
268,
632,
232,
262,
2708,
302,
791,
289,
169,
245,
139,
169,
166,
1868,
41,
301,
1363,
160,
314,
454,
683,
309,
255,
299,
808,
188,
413,
279,
1782,
223,
1357,
2758,
222,
267,
38,
131,
230,
37,
288,
815,
2760,
600,
38,
153,
165,
239,
160,
759,
582,
70,
586,
254,
727,
277,
479,
262,
650,
744,
981,
314,
412,
1966,
256,
1019,
1127,
672,
472,
847,
984,
208,
291,
1126,
249,
220,
41,
52,
381,
1711,
332,
1709,
329,
157,
320,
326,
179,
306,
212,
229,
315,
968,
253,
325,
250,
842,
311,
38,
300,
180,
717,
300,
873,
317,
324,
838,
314,
125,
150,
149,
435,
38,
313,
253,
311,
667,
123,
303,
234,
528,
302,
308,
249,
216,
123,
649,
274,
297,
38,
271,
250,
141,
832,
138,
772,
674,
288,
231,
87,
239,
122,
194,
240,
478,
225,
302,
859,
659,
198,
216,
1900,
181,
208,
192,
168,
400,
416,
600,
227,
213,
222,
126,
215,
647,
499,
289,
568,
712,
440,
168,
206,
423,
159,
40,
283,
704,
654,
157,
780,
207,
116,
376,
195,
303,
408,
132,
683,
269,
279,
376,
235,
195,
1992,
805,
237,
427,
419,
243,
540,
189,
239,
266,
288,
272,
292,
237,
812,
463,
184,
198,
129,
258,
192,
178,
194,
177,
1485,
689,
1881,
233,
38,
1670,
280,
679,
304,
670,
193,
1743,
182,
162,
227,
176,
553,
228,
163,
1638,
142,
154,
222,
188,
240,
722,
1379,
162,
993,
196,
47,
750,
911,
191,
950,
110,
108,
849,
2019,
102,
539,
850,
775,
512,
254,
54,
83,
309,
43,
193,
841,
2024,
55,
318,
525,
591,
313,
1208,
40,
1003,
307,
76,
1198,
45,
312,
303,
1051,
224,
301,
307,
733,
485,
1132,
287,
1867,
201,
1011,
301,
743,
218,
758,
427,
1006,
209,
225,
299,
246,
283,
1796,
275,
298,
687,
295,
218,
225,
397,
289,
334,
162,
46,
43,
241,
284,
282,
218,
145,
369,
274,
323,
280,
364,
303,
354,
270,
145,
506,
293,
41,
155,
252,
452,
141,
41,
512,
911,
251,
329,
244,
233,
813,
260,
196,
326,
1937,
206,
273,
418,
2009,
416,
1952,
285,
173,
143,
318,
179,
246,
281,
194,
144,
154,
542,
144,
133,
215,
303,
141,
230,
42,
195,
209,
40,
240,
224,
917,
724,
920,
315,
190,
721,
197,
194,
44,
885,
265,
149,
705,
141,
107,
150,
875,
355,
195,
808,
127,
718,
131,
2018,
171,
697,
705,
292,
237,
778,
740,
290,
821,
348,
225,
120,
237,
332,
176,
789,
266,
317,
692,
166,
259,
198,
811,
235,
232,
714,
456,
499,
299,
285,
217,
149,
784,
240,
281,
164,
307,
284,
205,
162,
285,
431,
272,
190,
283,
181,
732,
218,
237,
226,
744,
809,
131,
286,
234,
717,
155,
164,
138,
247,
830,
618,
175,
295,
192,
630,
801,
181,
162,
135,
291,
828,
42,
602,
173,
603,
229,
42,
1449,
171,
753,
116,
157,
1383,
236,
150,
210,
592,
311,
132,
44,
810,
124,
168,
1203,
39,
171,
2079,
136,
568,
85,
69,
277,
169,
312,
309,
2077,
301,
308,
43,
410,
1196,
863,
301,
737,
308,
347,
1075,
300,
1069,
145,
267,
2095,
283,
295,
735,
300,
293,
1055,
1135,
239,
277,
236,
289,
42,
728,
1133,
273,
293,
194,
268,
839,
1072,
285,
158,
723,
43,
558,
238,
157,
519,
328,
132,
342,
842,
154,
350,
631,
232,
44,
48,
187,
207,
904,
107,
149,
317,
290,
145,
1894,
709,
272,
40,
46,
261,
44,
222,
178,
187,
858,
191,
690,
286,
232,
42,
186,
1987,
794,
417,
1998,
320,
204,
204,
766,
169,
125,
422,
148,
266,
206,
183,
192,
175,
335,
197,
273,
259,
1878,
1821,
195,
147,
208,
191,
764,
612,
218,
142,
199,
204,
148,
198,
175,
708,
260,
202,
191,
186,
168,
2107,
341,
336,
148,
809,
333,
325,
705,
1747,
309,
750,
307,
303,
110,
296,
107,
471,
471,
205,
125,
42,
2070,
482,
305,
106,
40,
160,
707,
808,
729,
171,
105,
237,
1945,
1596,
242,
145,
705,
1932,
553,
173,
168,
174,
205,
687,
698,
160,
681,
44,
1281,
179,
43,
814,
115,
41,
1450,
109,
793,
259,
627,
96,
106,
174,
2133,
1618,
123,
280,
205,
618,
93,
198,
575,
1390,
90,
1787,
75,
41,
416,
323,
659,
348,
337,
1207,
524,
323,
1133,
319,
317,
53,
1121,
767,
314,
154,
1868,
312,
532,
40,
610,
768,
352,
306,
292,
542,
1104,
138,
1135,
297,
233,
303,
321,
324,
315,
240,
1205,
209,
1120,
1103,
304,
585,
1134,
313,
233,
142,
325,
378,
499,
42,
315,
174,
662,
377,
39,
76,
134,
348,
307,
152,
1586,
353,
314,
316,
315,
133,
447,
366,
207,
38,
1805,
361,
1873,
334,
180,
298,
328,
280,
37,
178,
317,
85,
379,
224,
264,
224,
360,
202,
221,
322,
249,
328,
690,
664,
148,
828,
44,
183,
141,
267,
259,
43,
38,
299,
180,
658,
221,
162,
229,
136,
282,
338,
159,
242,
40,
191,
830,
239,
74,
698,
683,
272,
315,
196,
279,
255,
237,
240,
399,
231,
826,
236,
221,
251,
177,
148,
152,
42,
176,
154,
134,
164,
273,
133,
325,
112,
138,
488,
314,
215,
220,
194,
164,
145,
862,
170,
1752,
151,
820,
114,
823,
345,
369,
648,
836,
369,
316,
226,
252,
366,
271,
359,
916,
831,
357,
236,
47,
624,
237,
548,
429,
223,
81,
604,
207,
32,
133,
329,
563,
176,
346,
723,
175,
164,
50,
185,
908,
210,
42,
225,
205,
339,
129,
649,
521,
1772,
205,
313,
601,
546,
46,
44,
176,
378,
43,
238,
659,
1462,
140,
43,
325,
169,
43,
172,
732,
43,
1473,
606,
565,
447,
325,
129,
368,
2175,
112,
820,
1206,
320,
1865,
344,
769,
567,
1173,
99,
42,
1145,
326,
2179,
1180,
294,
318,
557,
39,
311,
318,
315,
1136,
3015,
1773,
1200,
349,
1132,
2243,
1129,
45,
308,
1795,
493,
304,
1866,
312,
770,
1142,
1783,
300,
328,
304,
312,
308,
228,
292,
127,
222,
300,
209,
245,
304,
1951,
2259,
127,
349,
250,
244,
214,
134,
236,
449,
154,
208,
388,
812,
78,
1725,
804,
143,
351,
123,
151,
284,
122,
245,
798,
1989,
258,
170,
121,
127,
149,
120,
577,
119,
150,
170,
184,
191,
2184,
118,
72,
275,
251,
201,
769,
187,
43,
878,
686,
42,
151,
224,
149,
171,
846,
568,
1657,
89,
39,
550,
184,
237,
192,
144,
786,
853,
219,
2089,
139,
179,
377,
91,
187,
22,
253,
848,
159,
193,
1731,
92,
1751,
2020,
41,
500,
91,
201,
1759,
550,
488,
704,
161,
693,
45,
196,
171,
43,
888,
212,
232,
550,
793,
260,
177,
544,
2270,
89,
189,
307,
244,
196,
196,
173,
162,
806,
194,
887,
3038,
1815,
202,
203,
142,
194,
149,
806,
1587,
232,
737,
211,
185,
340,
422,
189,
734,
1780,
355,
229,
161,
2220,
149,
645,
146,
645,
246,
392,
180,
114,
455,
303,
107,
158,
822,
181,
635,
637,
1191,
311,
1148,
61,
299,
728,
303,
318,
626,
1130,
1217,
221,
756,
1127,
63,
308,
234,
1083,
312,
236,
62,
301,
240,
1123,
216,
298,
218,
47,
208,
120,
203,
46,
223,
232,
295,
215,
576,
1096,
207,
645,
363,
196,
248,
200,
212,
188,
363,
1080,
405,
403,
173,
43,
164,
199,
49,
206,
128,
76,
248,
198,
172,
707,
243,
255,
42,
144,
239,
165,
1797,
165,
223,
1805,
78,
594,
1897,
734,
427,
232,
222,
576,
42,
766,
591,
75,
187,
2066,
41,
228,
194,
207,
271,
42,
192,
72,
158,
159,
922,
563,
895,
71,
228,
37,
862,
128,
922,
70,
187,
208,
230,
116,
2095,
127,
2190,
209,
245,
904,
163,
152,
155,
163,
132,
133,
203,
95,
189,
64,
364,
212,
661,
228,
949,
262,
391,
954,
61,
187,
2019,
280,
175,
728,
735,
203,
419,
2199,
50,
64,
197,
776,
200,
542,
166,
612,
229,
2016,
214,
781,
650,
261,
185,
298,
793,
641,
247,
198,
1679,
267,
182,
1759,
962,
636,
215,
1751,
181,
961,
1679,
1769,
927,
156,
787,
193,
115,
2302,
204,
1553,
721,
215,
704,
1565,
719,
2140,
1563,
274,
115,
269,
3003,
401,
269,
266,
223,
1639,
1292,
168,
261,
1483,
351,
384,
267,
1152,
234,
230,
104,
225,
96,
1151,
708,
1195,
394,
2311,
229,
123,
221,
323,
387,
398,
217,
212,
1131,
1753,
62,
39,
1129,
228,
2151,
209,
1154,
462,
217,
211,
224,
1142,
1131,
206,
200,
757,
214,
78,
1128,
150,
263,
39,
209,
88,
222,
207,
207,
155,
213,
48,
205,
160,
85,
653,
85,
39,
173,
146,
204,
592,
143,
234,
248,
147,
247,
152,
71,
612,
209,
161,
164,
132,
138,
162,
159,
723,
700,
238,
43,
158,
934,
973,
941,
66,
613,
147,
717,
147,
36,
927,
679,
162,
1688,
180,
206,
702,
165,
474,
192,
189,
2171,
1826,
181,
219,
925,
169,
236,
126,
144,
139,
218,
127,
175,
171,
209,
132,
59,
164,
154,
933,
248,
125,
2170,
108,
910,
832,
146,
174,
60,
101,
823,
123,
134,
59,
246,
136,
162,
232,
627,
994,
54,
152,
259,
445,
235,
144,
245,
133,
709,
752,
2008,
942,
54,
472,
949,
52,
1746,
262,
298,
279,
151,
196,
213,
812,
282,
165,
156,
46,
132,
234,
936,
44,
1745,
220,
140,
146,
149,
56,
129,
138,
145,
649,
121,
56,
260,
135,
130,
150,
285,
880,
621,
126,
120,
141,
1080,
744,
256,
1625,
362,
822,
213,
677,
58,
231,
307,
2207,
273,
1040,
1556,
259,
644,
195,
1554,
963,
57,
659,
657,
266,
411,
649,
207,
199,
717,
205,
148,
60,
646,
195,
205,
199,
790,
195,
414,
375,
647,
1169,
109,
195,
187,
378,
1868,
723,
641,
433,
194,
681,
1170,
1847,
1128,
189,
88,
515,
738,
1115,
1127,
189,
63,
617,
1706,
1793,
1153,
183,
1126,
199,
1776,
50,
62,
403,
1713,
189,
191,
176,
49,
537,
41,
532,
50,
158,
182,
184,
156,
58,
211,
188,
63,
160,
157,
3242,
151,
959,
154,
57,
184,
149,
42,
282,
1071,
254,
144,
685,
201,
294,
165,
229,
148,
2159,
270,
142,
156,
118,
140,
467,
156,
2148,
136,
247,
195,
272,
92,
134,
124,
148,
142,
51,
217,
150,
595,
154,
670,
142,
128,
137,
129,
846,
1813,
42,
908,
206,
41,
612,
152,
52,
232,
152,
183,
169,
51,
151,
118,
200,
131,
128,
387,
144,
127,
164,
158,
44,
143,
50,
601,
867,
121,
214,
124,
197,
2001,
126,
41,
111,
631,
184,
1999,
131,
132,
189,
151,
155,
686,
160,
232,
152,
234,
43,
189,
709,
144,
47,
45,
681,
187,
1613,
754,
285,
43,
159,
40,
164,
326,
197,
147,
194,
186,
193,
209,
45,
1042,
205,
153,
181,
551,
990,
135,
337,
249,
531,
345,
1012,
194,
309,
211,
126,
198,
183,
988,
229,
189,
977,
193,
179,
202,
939,
138,
181,
372,
172,
45,
1754,
43,
969,
200,
223,
222,
556,
129,
195,
2215,
1751,
42,
359,
248,
239,
623,
577,
194,
265,
42,
250,
247,
2120,
1553,
327,
299,
623,
1624,
382,
195,
1119,
1639,
163,
636,
1553,
982,
573,
1774,
339,
1277,
666,
265,
191,
517,
1567,
189,
2140,
189,
659,
225,
172,
2137,
152,
105,
653,
132,
190,
996,
1194,
1795,
644,
1113,
70,
146,
189,
1098,
154,
535,
193,
1129,
1491,
185,
57,
1127,
176,
189,
133,
175,
172,
1777,
181,
151,
564,
170,
1124,
57,
1092,
155,
174,
1079,
3159,
140,
46,
149,
44,
143,
607,
150,
197,
147,
904,
133,
142,
171,
259,
213,
67,
581,
960,
832,
43,
236,
139,
231,
234,
174,
67,
142,
529,
117,
43,
332,
115,
583,
66,
142,
49,
330,
125,
133,
536,
65,
124,
42,
63,
139,
143,
117,
138,
131,
575,
135,
480,
760,
43,
1705,
62,
146,
443,
43,
232,
183,
178,
187,
405,
85,
210,
810,
134,
167,
2006,
129,
196,
797,
177,
2161,
933,
198,
159,
38,
164,
1603,
1900,
178,
321,
196,
943,
814,
138,
55,
150,
161,
200,
157,
170,
146,
441,
191,
119,
343,
399,
138,
492,
1181,
490,
191,
269,
329,
311,
127,
168,
322,
43,
153,
163,
153,
56,
1743,
486,
502,
148,
55,
140,
2107,
129,
157,
329,
274,
286,
41,
273,
39,
243,
202,
178,
256,
2021,
198,
256,
741,
1930,
374,
193,
514,
54,
184,
192,
1051,
1745,
200,
2022,
380,
190,
1023,
257,
207,
1012,
221,
209,
183,
225,
360,
154,
44,
191,
201,
935,
195,
448,
928,
189,
199,
527,
207,
164,
330,
220,
146,
142,
166,
51,
1959,
49,
308,
47,
206,
1051,
259,
754,
355,
916,
847,
51,
900,
346,
138,
192,
178,
50,
192,
1630,
174,
898,
338,
49,
492,
1693,
41,
1544,
151,
1562,
422,
1559,
142,
167,
199,
851,
169,
179,
189,
185,
236,
181,
105,
309,
41,
53,
363,
186,
634,
195,
178,
298,
1195,
194,
134,
151,
1130,
186,
1129,
44,
320,
909,
176,
1041,
186,
1079,
175,
163,
1125,
363,
131,
657,
159,
159,
1046,
137,
157,
92,
517,
163,
970,
159,
176,
44,
272,
3200,
187,
91,
150,
894,
509,
165,
176,
177,
269,
174,
1808,
118,
172,
151,
129,
44,
911,
170,
138,
173,
168,
563,
501,
176,
104,
163,
282,
264,
276,
159,
870,
79,
167,
242,
42,
501,
90,
159,
265,
39,
523,
972,
155,
158,
224,
272,
501,
154,
354,
172,
2155,
239,
142,
331,
368,
189,
705,
172,
88,
84,
144,
193,
80,
156,
161,
917,
352,
235,
153,
128,
1055,
311,
507,
943,
534,
1095,
103,
83,
301,
215,
525,
44,
314,
79,
505,
248,
227,
1660,
159,
220,
501,
279,
459,
355,
459,
81,
1904,
256,
42,
315,
325,
170,
349,
215,
199,
325,
159,
179,
211,
295,
259,
82,
351,
257,
524,
208,
463,
1838,
317,
257,
83,
43,
179,
372,
1071,
909,
1101,
180,
174,
321,
185,
209,
494,
461,
279,
915,
309,
155,
279,
86,
308,
1055,
1938,
156,
49,
463,
335,
829,
2946,
170,
312,
413,
898,
48,
520,
830,
336,
187,
454,
257,
890,
1066,
536,
167,
224,
1288,
977,
418,
2852,
1038,
481,
1764,
224,
349,
1136,
1123,
892,
176,
236,
278,
456,
1558,
457,
538,
1005,
223,
1866,
1767,
390,
1558,
302,
1781,
41,
2130,
207,
1571,
39,
532,
56,
331,
89,
167,
1123,
319,
57,
1198,
378,
1131,
477,
471,
219,
1125,
1130,
214,
190,
223,
218,
170,
1126,
436,
215,
140,
174,
189,
120,
1120,
38,
160,
208,
163,
432,
214,
159,
215,
1101,
168,
153,
160,
214,
155,
118,
153,
208,
499,
403,
116,
153,
911,
106,
206,
125,
210,
1992,
519,
167,
405,
205,
149,
201,
187,
205,
117,
883,
403,
488,
198,
184,
201,
196,
180,
495,
272,
42,
486,
357,
510,
483,
302,
436,
979,
44,
41,
285,
281,
371,
189,
414,
112,
480,
415,
423,
206,
157,
478,
433,
102,
437,
209,
237,
327,
234,
992,
472,
479,
261,
226,
44,
135,
481,
356,
212,
1733,
119,
253,
42,
292,
399,
480,
157,
91,
415,
97,
510,
150,
376,
161,
114,
471,
465,
217,
343,
416,
142,
499,
329,
368,
322,
457,
41,
414,
267,
37,
1653,
366,
209,
506,
137,
445,
294,
545,
381,
130,
243,
489,
208,
126,
313,
271,
387,
465,
43,
216,
251,
192,
171,
196,
246,
124,
497,
304,
176,
357,
262,
149,
138,
234,
546,
343,
45,
1010,
387,
257,
463,
44,
121,
341,
39,
1048,
114,
46,
294,
297,
568,
463,
210,
265,
260,
376,
332,
453,
316,
201,
351,
1853,
329,
168,
199,
208,
1756,
240,
369,
278,
286,
448,
252,
168,
184,
306,
46,
443,
2137,
542,
210,
1601,
2994,
452,
44,
391,
1082,
2207,
281,
929,
1558,
1568,
322,
1523,
454,
45,
460,
112,
43,
1163,
42,
327,
1197,
105,
171,
40,
1156,
223,
1128,
1162,
205,
349,
1124,
1865,
146,
1781,
191,
43,
1801,
193,
1160,
147,
197,
164,
146,
349,
148,
218,
339,
214,
261,
253,
522,
132,
952,
239,
160,
264,
278,
261,
280,
209,
168,
243,
127,
209,
235,
1190,
564,
275,
42,
549,
185,
587,
252,
115,
41,
222,
141,
198,
281,
294,
511,
125,
222,
234,
551,
117,
142,
302,
363,
46,
44,
181,
551,
92,
507,
198,
2172,
217,
221,
549,
42,
480,
392,
214,
516,
223,
550,
374,
241,
143,
180,
214,
204,
121,
191,
370,
1044,
492,
2011,
335,
257,
268,
262,
298,
552,
47,
45,
160,
1110,
256,
550,
463,
401,
544,
257,
1666,
622,
360,
240,
364,
556,
224,
408,
157,
319,
265,
339,
152,
262,
453,
406,
235,
546,
446,
1440,
173,
1034,
212,
276,
170,
391,
288,
461,
1042,
1032,
362,
214,
213,
185,
592,
440,
181,
188,
142,
232,
227,
2120,
290,
368,
155,
178,
591,
589,
1162,
310,
46,
468,
498,
1749,
349,
561,
1928,
749,
142,
493,
321,
202,
336,
554,
480,
328,
134,
322,
573,
243,
364,
320,
265,
366,
554,
324,
150,
357,
202,
541,
490,
1202,
37,
308,
186,
1652,
1790,
425,
277,
191,
186,
1726,
40,
325,
346,
492,
444,
1650,
359,
156,
41,
1168,
1218,
1194,
286,
60,
430,
1185,
1129,
38,
1174,
1127,
1158,
226,
467,
1752,
287,
265,
1125,
134,
279,
246,
145,
204,
1115,
1793,
296,
241,
597,
175,
1155,
284,
244,
265,
204,
233,
441,
517,
291,
203,
214,
43,
298,
297,
1045,
260,
522,
278,
276,
290,
155,
47,
479,
285,
152,
289,
405,
279,
300,
320,
40,
157,
53,
472,
315,
286,
467,
39,
198,
136,
442,
247,
105,
107,
699,
197,
44,
134,
256,
219,
176,
321,
470,
146,
423,
524,
181,
45,
267,
177,
345,
150,
253,
174,
521,
44,
522,
318,
108,
1910,
148,
1475,
1467,
145,
43,
269,
177,
157,
283,
91,
438,
143,
285,
519,
290,
280,
314,
180,
194,
187,
178,
452,
189,
252,
570,
380,
385,
431,
148,
217,
399,
179,
519,
169,
494,
153,
200,
392,
251,
1579,
43,
444,
48,
51,
505,
377,
319,
274,
137,
530,
322,
403,
264,
198,
332,
254,
388,
303,
263,
267,
1749,
187,
454,
1757,
286,
172,
184,
453,
533,
179,
208,
670,
1220,
270,
255,
123,
2105,
322,
138,
474,
120,
419,
181,
450,
449,
118,
1157,
317,
341,
118,
1152,
222,
117,
593,
1078,
201,
219,
2029,
293,
43,
651,
1592,
1169,
1142,
39,
2934,
271,
221,
388,
259,
326,
283,
43,
571,
709,
191,
286,
587,
263,
421,
379,
610,
301,
263,
1755,
1087,
250,
526,
252,
582,
338,
488,
203,
219,
1649,
417,
1644,
1869,
526,
270,
315,
570,
168,
1632,
273,
201,
842,
514,
1868,
1567,
295,
1660,
1562,
496,
570,
1574,
223,
490,
513,
529,
1111,
329,
1227,
161,
1039,
167,
1225,
40,
62,
412,
308,
246,
296,
1867,
1187,
1041,
317,
693,
297,
1196,
251,
257,
358,
463,
1749,
47,
158,
311,
245,
1455,
127,
324,
237,
243,
1897,
566,
160,
505,
1877,
296,
37,
192,
2163,
347,
336,
227,
105,
1204,
346,
1593,
327,
329,
344,
299,
304,
330,
342,
337,
165,
395,
334,
127,
265,
135,
128,
175,
435,
318,
224,
184,
280,
277,
272,
317,
294,
112,
118,
136,
238,
182,
183,
282,
123,
216,
138,
497,
107,
759,
451,
168,
228,
93,
302,
375,
238,
281,
544,
237,
196,
259,
299,
265,
333,
113,
152,
246,
245,
137,
410,
221,
352,
41,
198,
386,
247,
136,
563,
296,
232,
274,
228,
217,
206,
475,
550,
449,
42,
175,
541,
242,
228,
228,
226,
41,
204,
345,
219,
206,
189,
264,
365,
2280,
171,
160,
315,
168,
215,
744,
263,
187,
361,
141,
199,
225,
1760,
144,
196,
278,
238,
321,
1752,
127,
325,
198,
1840,
171,
2889,
1742,
133,
182,
276,
1760,
213,
1751,
228,
151,
131,
305,
438,
259,
151,
120,
342,
227,
302,
42,
51,
344,
274,
341,
787,
597,
916,
422,
775,
283,
774,
620,
157,
1631,
1113,
204,
1564,
437,
248,
2314,
343,
1517,
159,
1470,
392,
401,
223,
151,
47,
1207,
117,
429,
388,
356,
1117,
346,
1106,
89,
347,
634,
576,
54,
1041,
1265,
2224,
1039,
53,
319,
1222,
52,
52,
169,
1163,
1202,
3163,
146,
247,
326,
51,
231,
85,
200,
299,
618,
139,
212,
305,
50,
527,
199,
190,
407,
946,
48,
147,
193,
624,
235,
156,
199,
269,
245,
276,
249,
453,
575,
305,
44,
406,
415,
237,
401,
248,
410,
1119,
247,
301,
1450,
352,
170,
408,
158,
318,
224,
1053,
285,
579,
168,
188,
46,
192,
248,
344,
169,
231,
363,
117,
573,
205,
193,
377,
123,
254,
127,
215,
118,
1818,
309,
820,
167,
268,
125,
253,
144,
254,
195,
106,
188,
167,
215,
154,
122,
235,
342,
155,
160,
273,
39,
101,
204,
139,
177,
203,
112,
249,
264,
189,
246,
161,
173,
342,
175,
190,
341,
36,
185,
153,
243,
154,
214,
269,
138,
175,
132,
821,
45,
137,
478,
131,
206,
640,
200,
122,
185,
317,
182,
132,
175,
164,
195,
202,
301,
193,
447,
316,
284,
229,
183,
2016,
161,
348,
152,
505,
130,
190,
264,
323,
126,
1767,
163,
207,
134,
383,
277,
45,
1757,
48,
238,
367,
267,
140,
112,
296,
258,
265,
841,
164,
456,
205,
251,
773,
377,
240,
1757,
182,
194,
170,
153,
222,
190,
618,
219,
214,
350,
620,
1461,
636,
226,
191,
199,
246,
1425,
187,
198,
1648,
413,
175,
122,
178,
372,
217,
1563,
2312,
302,
181,
622,
256,
1243,
292,
53,
255,
675,
125,
619,
199,
249,
1645,
63,
1259,
524,
617,
1118,
660,
1236,
276,
608,
387,
1109,
1138,
1229,
240,
152,
185,
413,
165,
617,
391,
1205,
1043,
1034,
404,
170,
43,
313,
2238,
536,
1211,
338,
141,
313,
133,
50,
1090,
186,
162,
122,
114,
594,
208,
431,
612,
311,
2233,
464,
187,
144,
136,
44,
231,
43,
412,
431,
198,
185,
178,
388,
291,
2247,
160,
44,
39,
259,
152,
1322,
96,
415,
290,
568,
126,
256,
281,
85,
287,
133,
289,
173,
604,
1818,
210,
219,
195,
262,
225,
175,
42,
156,
148,
191,
188,
250,
175,
147,
141,
42,
165,
239,
213,
175,
162,
227,
221,
193,
108,
194,
128,
35,
91,
220,
1922,
206,
175,
264,
190,
211,
179,
193,
399,
207,
620,
107,
218,
104,
92,
144,
187,
167,
253,
279,
176,
620,
698,
203,
183,
202,
908,
212,
172,
148,
1229,
159,
621,
954,
487,
149,
141,
186,
263,
165,
1269,
238,
160,
159,
176,
696,
259,
182,
130,
166,
146,
190,
652,
1829,
132,
275,
113,
850,
688,
131,
274,
42,
227,
626,
119,
177,
289,
180,
430,
169,
1762,
158,
162,
627,
183,
114,
677,
124,
1135,
643,
1774,
684,
2857,
155,
1626,
173,
142,
130,
46,
633,
177,
41,
124,
285,
183,
141,
46,
1646,
2217,
130,
1546,
265,
1215,
1471,
2040,
658,
184,
1203,
1382,
2140,
1777,
658,
1565,
2138,
1101,
1121,
656,
109,
1878,
643,
1039,
137,
1275,
731,
1255,
3331,
80,
1039,
1260,
427,
1037,
468,
134,
50,
691,
420,
42,
1035,
183,
477,
1243,
413,
322,
50,
1260,
182,
321,
49,
137,
384,
176,
42,
208,
48,
514,
159,
666,
135,
656,
45,
314,
172,
513,
153,
449,
154,
515,
698,
510,
514,
479,
2619,
153,
392,
313,
509,
1421,
368,
172,
155,
151,
167,
117,
144,
140,
156,
116,
1815,
206,
263,
47,
1893,
196,
196,
101,
700,
210,
144,
263,
127,
568,
1261,
192,
134,
230,
1890,
124,
162,
973,
121,
1801,
1819,
180,
98,
655,
254,
1727,
695,
131,
168,
106,
436,
113,
179,
441,
95,
683,
195,
168,
151,
182,
192,
158,
161,
431,
601,
215,
241,
165,
124,
136,
442,
128,
228,
215,
41,
1011,
631,
211,
188,
210,
160,
210,
181,
1829,
2114,
177,
134,
1129,
1136,
168,
680,
179,
1756,
630,
211,
165,
156,
144,
289,
270,
623,
198,
152,
151,
127,
630,
178,
184,
139,
259,
176,
132,
215,
144,
125,
231,
172,
450,
449,
146,
2118,
122,
181,
412,
186,
533,
395,
167,
179,
156,
656,
2532,
284,
579,
45,
118,
181,
190,
45,
2113,
730,
2489,
282,
1282,
661,
667,
162,
172,
46,
44,
247,
2035,
151,
183,
1543,
227,
163,
43,
137,
1158,
638,
166,
553,
666,
183,
42,
644,
682,
935,
1101,
112,
641,
1313,
473,
70,
154,
2325,
3237,
294,
1037,
1293,
627,
1046,
1315,
37,
44,
411,
493,
416,
125,
1040,
1035,
1273,
39,
154,
438,
585,
326,
515,
153,
324,
163,
514,
1263,
39,
626,
589,
151,
121,
317,
166,
1899,
282,
164,
76,
40,
167,
181,
186,
182,
153,
136,
133,
173,
166,
121,
180,
188,
151,
184,
86,
121,
231,
112,
193,
620,
199,
213,
147,
118,
130,
127,
40,
209,
245,
160,
105,
132,
193,
167,
40,
669,
94,
184,
125,
314,
523,
174,
175,
202,
1180,
245,
124,
40,
124,
104,
201,
831,
194,
166,
184,
184,
176,
155,
158,
139,
182,
154,
156,
148,
158,
676,
201,
125,
128,
166,
129,
226,
215,
234,
165,
41,
225,
1830,
157,
170,
176,
584,
111,
160,
750,
371,
131,
194,
147,
1292,
554,
180,
194,
1824,
222,
1515,
167,
186,
187,
132,
152,
49,
200,
192,
155,
1662,
717,
156,
1386,
1763,
130,
304,
496,
127,
131,
764,
1348,
174,
238,
557,
1573,
169,
40,
185,
137,
105,
736,
39,
168,
2040,
141,
721,
194,
2039,
39,
219,
1463,
42,
2037,
1229,
123,
175,
741,
1471,
162,
163,
714,
1539,
1854,
965,
2407,
2139,
140,
711,
1497,
134,
721,
217,
126,
205,
665,
407,
662,
478,
1400,
989,
1332,
1122,
2464,
185,
98,
1547,
968,
41,
1951,
44,
1105,
872,
666,
1039,
390,
1037,
1328,
413,
44,
480,
3103,
1281,
157,
489,
316,
410,
1035,
1259,
339,
46,
418,
421,
1255,
337,
471,
393,
83,
452,
186,
334,
2141,
40,
139,
517,
126,
226,
651,
41,
42,
218,
217,
606,
600,
165,
117,
514,
604,
150,
138,
690,
125,
210,
599,
129,
121,
119,
122,
177,
597,
142,
1984,
1980,
166,
1798,
155,
130,
504,
593,
593,
91,
525,
533,
1139,
510,
707,
107,
185,
177,
92,
148,
1575,
98,
188,
198,
144,
131,
192,
157,
139,
105,
155,
164,
198,
162,
176,
165,
193,
107,
162,
45,
105,
205,
105,
173,
115,
356,
186,
194,
202,
191,
1163,
577,
481,
115,
118,
839,
746,
163,
160,
751,
214,
540,
2102,
160,
111,
190,
42,
494,
235,
177,
385,
173,
166,
149,
471,
1596,
186,
223,
175,
180,
477,
160,
843,
182,
199,
148,
487,
160,
179,
132,
438,
1173,
153,
208,
127,
145,
131,
721,
203,
134,
161,
179,
141,
209,
154,
128,
718,
121,
46,
385,
179,
223,
203,
171,
716,
175,
512,
371,
165,
185,
211,
714,
853,
175,
570,
41,
1014,
555,
349,
514,
53,
142,
187,
955,
1201,
216,
191,
144,
362,
43,
1613,
151,
1164,
377,
41,
1959,
189,
571,
505,
274,
43,
1312,
2058,
1103,
1311,
43,
56,
243,
1306,
1038,
744,
1037,
40,
152,
464,
458,
277,
1954,
1273,
1515,
1420,
328,
1237,
1036,
1531,
1257,
757,
321,
271,
146,
217,
420,
36,
163,
1895,
351,
160,
237,
158,
411,
192,
319,
147,
158,
602,
96,
157,
123,
95,
254,
157,
210,
152,
119,
90,
368,
158,
419,
97,
148,
989,
343,
156,
166,
86,
140,
78,
611,
1813,
251,
590,
1793,
600,
154,
40,
178,
523,
107,
605,
145,
1524,
173,
151,
133,
124,
114,
162,
39,
524,
590,
531,
535,
498,
107,
159,
366,
118,
46,
344,
438,
120,
335,
203,
146,
45,
208,
253,
211,
43,
156,
184,
40,
151,
211,
146,
426,
210,
205,
199,
37,
220,
424,
447,
38,
234,
230,
241,
387,
184,
1834,
184,
119,
379,
97,
534,
491,
349,
279,
179,
242,
833,
168,
188,
2020,
1669,
447,
171,
178,
175,
2475,
127,
344,
207,
190,
1612,
120,
125,
1237,
175,
200,
158,
197,
165,
725,
143,
746,
172,
142,
509,
159,
495,
1226,
164,
1631,
298,
1679,
203,
138,
44,
1543,
440,
142,
146,
41,
1463,
430,
727,
438,
1456,
1680,
1689,
175,
1674,
195,
199,
237,
822,
133,
814,
172,
254,
144,
822,
219,
315,
1943,
200,
1555,
1149,
197,
669,
1472,
167,
1661,
757,
191,
133,
188,
827,
337,
144,
179,
44,
824,
308,
43,
321,
1303,
283,
135,
1574,
1280,
1104,
412,
73,
255,
1253,
1041,
1039,
369,
1889,
1459,
1259,
1704,
1229,
53,
319,
325,
142,
49,
203,
315,
47,
345,
170,
42,
158,
1880,
156,
236,
141,
141,
320,
756,
1710,
240,
147,
220,
328,
233,
258,
1181,
520,
141,
233,
143,
315,
599,
136,
774,
519,
1480,
226,
699,
117,
115,
158,
113,
202,
1984,
126,
109,
145,
504,
38,
359,
135,
158,
1991,
130,
520,
365,
129,
440,
525,
244,
118,
155,
439,
1726,
1819,
1978,
433,
177,
437,
331,
129,
110,
162,
88,
180,
325,
708,
242,
118,
184,
42,
130,
372,
204,
626,
247,
176,
173,
172,
912,
190,
155,
144,
2084,
253,
85,
273,
129,
225,
121,
296,
126,
199,
87,
222,
42,
261,
277,
202,
207,
842,
87,
267,
262,
1444,
191,
166,
186,
257,
1450,
209,
257,
993,
170,
759,
364,
191,
1035,
1760,
454,
193,
176,
1431,
413,
146,
189,
48,
369,
195,
184,
1449,
177,
241,
449,
183,
651,
706,
216,
255,
214,
1099,
855,
46,
193,
182,
1627,
236,
177,
411,
204,
181,
154,
226,
228,
208,
1108,
1766,
144,
780,
181,
196,
163,
213,
1169,
128,
490,
177,
237,
111,
143,
182,
868,
1114,
41,
232,
486,
1780,
280,
742,
76,
763,
141,
1110,
676,
70,
1298,
1287,
1175,
1043,
161,
220,
41,
1040,
255,
1293,
128,
687,
1036,
1960,
1270,
1802,
1886,
425,
251,
494,
107,
326,
127,
419,
168,
453,
169,
1646,
176,
139,
172,
371,
251,
127,
420,
431,
426,
245,
222,
412,
205,
226,
310,
254,
230,
140,
1898,
137,
216,
185,
421,
407,
2073,
123,
413,
1881,
149,
98,
137,
44,
215,
174,
424,
419,
171,
348,
367,
42,
1980,
240,
143,
337,
135,
121,
343,
168,
269,
409,
212,
151,
257,
191,
166,
129,
342,
333,
328,
349,
196,
337,
150,
44,
333,
138,
329,
239,
253,
184,
175,
43,
117,
133,
1812,
305,
43,
310,
47,
86,
88,
135,
135,
142,
191,
326,
340,
153,
129,
248,
89,
697,
916,
41,
285,
1737,
215,
191,
232,
240,
221,
633,
285,
210,
258,
217,
245,
2008,
631,
39,
223,
231,
129,
245,
506,
39,
214,
210,
247,
279,
174,
370,
638,
251,
1445,
1036,
635,
250,
1439,
648,
165,
288,
1427,
201,
200,
204,
635,
196,
262,
397,
168,
632,
1448,
159,
1228,
183,
162,
1730,
189,
181,
263,
559,
150,
169,
151,
307,
192,
317,
222,
238,
231,
225,
174,
44,
283,
272,
1937,
266,
179,
197,
223,
215,
439,
174,
195,
45,
1927,
762,
233,
558,
146,
757,
191,
40,
133,
161,
1860,
176,
283,
261,
1010,
1568,
217,
556,
176,
1679,
210,
192,
164,
2041,
644,
160,
552,
187,
189,
777,
169,
41,
331,
202,
739,
115,
197,
178,
576,
335,
121,
140,
293,
177,
582,
1955,
40,
1677,
90,
1102,
389,
176,
578,
248,
502,
134,
1314,
296,
1310,
269,
43,
1878,
236,
49,
1305,
3375,
1867,
241,
1039,
1711,
225,
309,
1795,
1313,
44,
392,
2477,
405,
397,
223,
1038,
169,
1048,
337,
203,
209,
952,
335,
213,
332,
208,
159,
328,
331,
326,
417,
198,
128,
116,
324,
130,
38,
322,
319,
95,
317,
179,
176,
204,
194,
152,
137,
301,
313,
212,
316,
311,
160,
258,
1726,
150,
256,
178,
812,
254,
128,
901,
1714,
252,
240,
127,
187,
189,
126,
172,
219,
41,
220,
209,
181,
160,
155,
199,
226,
240,
180,
169,
169,
123,
185,
178,
208,
169,
284,
159,
211,
134,
180,
222,
237,
168,
816,
171,
164,
188,
199,
158,
148,
198,
528,
95,
122,
173,
147,
114,
258,
127,
148,
293,
525,
94,
40,
261,
265,
223,
241,
521,
261,
452,
233,
96,
210,
219,
95,
186,
1443,
458,
961,
214,
196,
46,
1439,
180,
241,
220,
220,
155,
925,
329,
252,
1429,
131,
1452,
188,
207,
555,
152,
303,
106,
198,
1737,
273,
157,
147,
219,
199,
270,
553,
141,
674,
262,
45,
457,
245,
230,
255,
236,
223,
176,
559,
765,
182,
266,
239,
46,
1935,
248,
235,
554,
204,
1932,
1936,
221,
183,
263,
464,
1931,
201,
40,
166,
214,
38,
168,
461,
1928,
41,
213,
202,
178,
298,
286,
208,
177,
191,
291,
245,
210,
202,
282,
374,
301,
307,
563,
1781,
44,
402,
294,
101,
164,
1947,
151,
293,
291,
316,
289,
310,
410,
71,
148,
1875,
1104,
1036,
1367,
416,
290,
1873,
282,
55,
1354,
289,
52,
1335,
787,
613,
287,
280,
1035,
243,
238,
51,
1736,
478,
226,
1346,
151,
233,
49,
227,
240,
235,
238,
231,
1023,
475,
48,
1336,
244,
208,
176,
74,
233,
231,
239,
220,
218,
1654,
136,
147,
143,
48,
121,
229,
223,
230,
132,
223,
158,
216,
229,
226,
131,
224,
225,
38,
165,
158,
222,
139,
90,
220,
159,
118,
103,
232,
129,
3079,
186,
102,
143,
124,
1726,
129,
252,
137,
160,
43,
138,
243,
36,
127,
231,
146,
211,
1728,
430,
180,
188,
228,
238,
224,
201,
427,
138,
86,
209,
506,
137,
141,
207,
159,
258,
86,
153,
418,
196,
221,
296,
118,
227,
175,
829,
266,
217,
184,
270,
142,
225,
419,
1735,
127,
230,
102,
310,
140,
258,
255,
431,
172,
80,
184,
252,
229,
164,
250,
1019,
1907,
245,
292,
421,
183,
277,
336,
366,
242,
178,
38,
744,
1449,
206,
248,
140,
156,
1728,
274,
277,
188,
234,
994,
178,
1023,
1050,
176,
333,
172,
464,
151,
446,
228,
141,
241,
576,
164,
155,
46,
1234,
2168,
241,
461,
325,
144,
200,
1666,
198,
162,
142,
146,
236,
162,
209,
197,
459,
42,
393,
167,
227,
268,
168,
1858,
274,
856,
275,
220,
233,
1844,
450,
215,
210,
198,
193,
2008,
1864,
262,
197,
181,
230,
176,
2008,
275,
272,
406,
379,
192,
268,
271,
378,
229,
302,
219,
192,
379,
1846,
47,
1120,
215,
227,
402,
2009,
297,
117,
162,
121,
211,
398,
204,
408,
153,
227,
222,
209,
159,
218,
396,
213,
185,
204,
209,
203,
1040,
1398,
87,
183,
1039,
48,
1037,
59,
278,
1381,
1802,
1377,
47,
1033,
1797,
228,
246,
1363,
220,
1023,
203,
227,
2029,
128,
114,
40,
264,
158,
180,
174,
107,
125,
206,
39,
145,
86,
1699,
199,
112,
217,
201,
124,
171,
1800,
133,
121,
1160,
122,
153,
181,
169,
176,
124,
249,
200,
222,
197,
165,
190,
212,
234,
124,
118,
252,
414,
89,
171,
497,
174,
164,
110,
145,
191,
142,
305,
176,
312,
195,
164,
293,
174,
223,
177,
180,
406,
128,
746,
126,
111,
224,
133,
245,
174,
105,
259,
263,
222,
407,
229,
198,
168,
317,
86,
215,
419,
214,
835,
41,
198,
419,
240,
225,
88,
258,
42,
291,
372,
203,
252,
1730,
1534,
2083,
1740,
337,
255,
1045,
38,
203,
284,
1517,
155,
169,
222,
380,
1142,
1866,
2796,
166,
160,
142,
663,
173,
189,
196,
244,
153,
162,
200,
239,
1856,
573,
215,
122,
254,
189,
206,
142,
176,
147,
170,
390,
215,
206,
152,
574,
211,
256,
1544,
238,
186,
706,
429,
161,
268,
232,
179,
389,
226,
163,
163,
216,
265,
389,
138,
239,
2075,
225,
2070,
151,
165,
318,
457,
258,
278,
224,
221,
784,
778,
151,
114,
220,
325,
161,
195,
739,
291,
157,
1961,
109,
450,
689,
1034,
1429,
222,
219,
2787,
217,
344,
94,
1033,
69,
72,
1966,
274,
217,
1943,
437,
212,
215,
1408,
210,
1407,
348,
1880,
232,
48,
1874,
200,
68,
204,
1406,
343,
207,
129,
67,
231,
1023,
228,
1905,
1405,
212,
51,
238,
194,
1038,
221,
203,
198,
207,
616,
319,
352,
171,
185,
171,
108,
264,
227,
169,
2114,
50,
164,
167,
93,
171,
164,
160,
200,
2110,
40,
232,
195,
261,
199,
127,
224,
45,
178,
214,
125,
187,
259,
422,
1727,
124,
144,
2118,
37,
261,
168,
170,
166,
160,
172,
170,
1895,
1727,
145,
194,
159,
39,
1725,
189,
153,
153,
167,
161,
122,
132,
1891,
226,
99,
168,
85,
136,
170,
131,
106,
443,
172,
133,
194,
204,
123,
119,
206,
140,
413,
180,
86,
257,
1726,
142,
121,
136,
85,
186,
272,
134,
347,
128,
432,
192,
271,
85,
332,
225,
426,
304,
155,
86,
219,
273,
1553,
208,
240,
1941,
291,
220,
213,
243,
325,
290,
1218,
1539,
991,
229,
84,
1650,
1562,
1534,
161,
235,
250,
651,
1567,
573,
500,
361,
210,
210,
86,
214,
704,
1737,
269,
223,
209,
164,
1928,
448,
212,
961,
188,
190,
46,
88,
244,
283,
1857,
461,
204,
165,
188,
156,
265,
292,
146,
164,
446,
189,
163,
580,
1851,
172,
498,
261,
259,
155,
150,
438,
245,
444,
2172,
261,
239,
223,
181,
154,
1572,
394,
267,
171,
217,
209,
39,
669,
178,
645,
497,
981,
315,
206,
1956,
467,
112,
2161,
338,
932,
268,
421,
230,
230,
185,
214,
1973,
1882,
221,
1570,
196,
178,
1033,
269,
415,
230,
302,
277,
97,
1949,
192,
46,
41,
406,
426,
230,
171,
1974,
226,
46,
1434,
223,
406,
221,
337,
132,
1895,
219,
45,
217,
237,
1039,
215,
425,
1790,
2745,
210,
213,
158,
1429,
208,
243,
406,
206,
138,
1435,
1877,
1869,
1788,
158,
419,
204,
1428,
957,
118,
227,
237,
170,
49,
202,
176,
217,
229,
47,
162,
227,
41,
221,
192,
242,
116,
172,
182,
244,
212,
217,
103,
216,
150,
116,
138,
205,
204,
134,
186,
166,
321,
174,
267,
94,
551,
1723,
89,
422,
137,
112,
135,
122,
164,
39,
177,
215,
201,
143,
107,
161,
82,
198,
193,
115,
195,
81,
258,
160,
454,
130,
80,
120,
151,
202,
79,
160,
164,
135,
219,
217,
79,
77,
144,
201,
150,
340,
293,
120,
177,
188,
189,
246,
175,
318,
223,
294,
152,
296,
285,
211,
261,
180,
248,
509,
73,
236,
2212,
1606,
311,
276,
244,
568,
164,
434,
2217,
292,
309,
1532,
144,
327,
197,
210,
1521,
151,
206,
189,
1624,
471,
448,
576,
143,
247,
147,
177,
139,
169,
317,
141,
40,
255,
148,
482,
402,
44,
285,
229,
152,
577,
519,
40,
403,
401,
259,
198,
199,
496,
678,
459,
533,
397,
276,
184,
414,
279,
332,
152,
288,
1945,
38,
249,
396,
1187,
2230,
231,
1098,
374,
2240,
173,
373,
40,
1936,
37,
383,
193,
273,
285,
1090,
195,
308,
224,
180,
402,
455,
449,
2235,
39,
252,
183,
470,
468,
465,
272,
193,
1570,
230,
1954,
260,
342,
457,
90,
1032,
116,
471,
1029,
1581,
154,
115,
235,
1493,
241,
230,
422,
227,
1510,
1020,
92,
1789,
1798,
421,
954,
1491,
1793,
226,
223,
88,
38,
235,
221,
114,
1869,
219,
1786,
421,
228,
415,
2617,
160,
205,
211,
227,
114,
159,
239,
415,
207,
38,
195,
254,
1468,
243,
220,
2450,
199,
483,
232,
215,
92,
257,
163,
166,
288,
2662,
217,
238,
113,
205,
214,
226,
2257,
202,
210,
180,
39,
214,
112,
307,
109,
218,
223,
165,
219,
148,
2257,
253,
263,
176,
455,
117,
176,
110,
175,
719,
98,
103,
173,
109,
282,
237,
1796,
197,
108,
184,
1797,
292,
119,
421,
166,
191,
214,
106,
115,
189,
352,
170,
186,
301,
189,
166,
89,
128,
167,
269,
183,
135,
151,
45,
87,
292,
201,
168,
170,
237,
187,
239,
138,
159,
120,
209,
421,
84,
162,
136,
381,
83,
151,
200,
37,
420,
149,
297,
303,
416,
307,
36,
249,
266,
148,
185,
135,
1820,
451,
297,
432,
201,
359,
84,
394,
227,
356,
421,
460,
461,
41,
327,
211,
320,
86,
184,
339,
285,
1920,
1538,
42,
196,
289,
375,
160,
421,
1538,
44,
259,
155,
345,
329,
152,
173,
1535,
284,
159,
145,
217,
44,
328,
708,
1455,
289,
160,
1858,
2657,
201,
1366,
399,
417,
187,
282,
188,
173,
350,
257,
383,
1445,
409,
45,
339,
310,
44,
1456,
333,
487,
1101,
590,
245,
204,
459,
390,
279,
300,
173,
2281,
450,
208,
282,
209,
2292,
317,
2290,
226,
235,
416,
377,
399,
344,
217,
2284,
287,
390,
354,
448,
283,
204,
442,
281,
328,
323,
1544,
1958,
377,
216,
233,
1945,
185,
322,
224,
121,
157,
1541,
321,
221,
1036,
1540,
321,
227,
233,
1500,
1030,
429,
222,
1798,
209,
1795,
1020,
293,
1777,
303,
152,
81,
53,
222,
301,
215,
2133,
2130,
201,
311,
218,
1794,
226,
45,
201,
47,
959,
1504,
189,
224,
206,
224,
186,
299,
222,
279,
42,
522,
214,
165,
200,
233,
181,
118,
215,
157,
213,
274,
147,
253,
196,
145,
199,
291,
438,
113,
266,
207,
148,
437,
218,
38,
214,
108,
197,
163,
175,
421,
203,
149,
118,
155,
260,
2010,
183,
117,
412,
1805,
114,
138,
116,
1805,
202,
155,
245,
179,
48,
39,
107,
194,
233,
181,
223,
210,
111,
238,
129,
648,
171,
179,
81,
307,
174,
182,
426,
269,
224,
546,
134,
1123,
181,
82,
207,
232,
306,
220,
132,
45,
317,
214,
43,
182,
331,
162,
42,
177,
231,
83,
196,
183,
229,
1128,
318,
41,
306,
215,
186,
188,
282,
42,
2381,
181,
196,
246,
216,
1440,
324,
214,
355,
397,
466,
446,
209,
43,
310,
1360,
459,
322,
221,
478,
172,
320,
435,
302,
358,
1431,
154,
169,
347,
192,
148,
362,
45,
146,
444,
1359,
174,
290,
437,
319,
198,
142,
298,
313,
153,
315,
407,
173,
411,
461,
478,
191,
297,
44,
2357,
2351,
310,
319,
448,
394,
407,
441,
194,
297,
209,
425,
296,
329,
498,
383,
45,
816,
329,
420,
530,
274,
1107,
330,
2358,
306,
311,
386,
37,
1950,
2351,
2355,
178,
184,
43,
485,
2636,
1874,
452,
35,
226,
410,
174,
446,
1031,
212,
406,
247,
132,
454,
130,
1028,
2069,
234,
244,
113,
1546,
240,
1022,
230,
303,
312,
1971,
1508,
1783,
103,
1699,
190,
217,
950,
42,
1520,
264,
403,
229,
1526,
216,
1510,
158,
78,
232,
157,
225,
106,
236,
220,
249,
225,
210,
200,
236,
126,
231,
202,
1807,
217,
215,
242,
123,
240,
80,
213,
135,
238,
2347,
44,
328,
229,
223,
227,
123,
239,
121,
248,
127,
219,
145,
116,
212,
215,
130,
435,
210,
200,
137,
189,
119,
122,
290,
139,
375,
1818,
159,
209,
423,
491,
1816,
175,
119,
171,
231,
420,
190,
181,
42,
211,
551,
128,
162,
293,
43,
241,
310,
203,
309,
144,
256,
201,
226,
417,
1536,
1212,
236,
694,
120,
439,
146,
239,
2446,
146,
408,
209,
412,
168,
271,
94,
272,
256,
291,
144,
320,
176,
49,
221,
1820,
262,
176,
101,
150,
38,
185,
223,
23,
124,
301,
165,
1213,
2267,
1827,
178,
38,
250,
151,
301,
293,
229,
303,
213,
137,
226,
292,
393,
411,
388,
302,
180,
398,
1357,
293,
1350,
199,
164,
391,
157,
303,
420,
245,
193,
1358,
164,
168,
374,
333,
320,
166,
196,
43,
345,
139,
209,
531,
336,
461,
1434,
162,
289,
390,
204,
402,
328,
484,
396,
2431,
394,
265,
435,
168,
249,
1943,
404,
360,
345,
395,
402,
392,
326,
448,
326,
1929,
277,
244,
190,
391,
466,
390,
394,
284,
292,
154,
366,
462,
273,
272,
513,
386,
216,
454,
237,
359,
530,
403,
2320,
371,
449,
196,
2439,
2315,
1028,
281,
178,
233,
444,
189,
414,
528,
357,
1025,
229,
146,
122,
275,
1586,
170,
509,
94,
2647,
236,
407,
138,
403,
276,
204,
416,
237,
78,
56,
232,
949,
1580,
242,
1881,
244,
212,
1971,
947,
209,
75,
146,
1780,
240,
56,
1704,
2286,
233,
1581,
340,
233,
146,
231,
246,
329,
150,
170,
424,
229,
42,
142,
206,
227,
243,
228,
223,
120,
1876,
144,
241,
2125,
234,
205,
1273,
217,
103,
193,
143,
287,
172,
41,
1567,
226,
186,
329,
230,
180,
225,
2471,
1801,
149,
90,
38,
183,
343,
139,
1724,
119,
230,
132,
431,
125,
157,
257,
92,
1639,
224,
2269,
131,
137,
36,
244,
229,
218,
379,
1709,
421,
390,
239,
243,
138,
418,
283,
146,
183,
231,
348,
450,
135,
2538,
347,
38,
380,
185,
137,
427,
277,
227,
180,
392,
351,
270,
205,
177,
270,
339,
349,
187,
346,
165,
164,
366,
37,
303,
138,
318,
213,
390,
260,
283,
38,
307,
138,
210,
359,
315,
353,
385,
215,
168,
342,
1424,
227,
414,
295,
2493,
262,
155,
262,
199,
1353,
305,
46,
353,
214,
104,
147,
356,
406,
332,
41,
200,
334,
283,
179,
168,
45,
461,
219,
498,
333,
156,
150,
307,
154,
497,
142,
287,
229,
308,
435,
376,
146,
310,
189,
302,
139,
294,
359,
303,
298,
154,
388,
378,
1371,
330,
326,
282,
243,
460,
359,
313,
281,
384,
353,
267,
39,
327,
2048,
1931,
246,
295,
578,
289,
573,
447,
347,
349,
314,
271,
285,
242,
230,
208,
363,
2068,
226,
293,
2514,
222,
274,
425,
480,
2520,
221,
222,
297,
245,
1012,
412,
353,
944,
202,
149,
352,
218,
216,
1036,
396,
473,
325,
125,
1637,
218,
223,
179,
150,
169,
1622,
396,
1106,
403,
1636,
940,
1886,
231,
1635,
1798,
272,
930,
2656,
1785,
293,
470,
71,
237,
291,
99,
1625,
69,
276,
273,
511,
244,
241,
202,
354,
150,
158,
101,
234,
358,
223,
154,
49,
294,
227,
291,
263,
142,
349,
440,
140,
341,
42,
136,
2546,
170,
287,
183,
400,
51,
252,
407,
1713,
294,
256,
205,
179,
173,
251,
406,
138,
173,
50,
127,
208,
150,
246,
161,
138,
171,
200,
132,
125,
198,
213,
135,
49,
118,
207,
89,
243,
225,
134,
86,
106,
207,
215,
80,
290,
252,
1895,
248,
170,
187,
243,
40,
126,
416,
192,
133,
186,
373,
117,
41,
258,
325,
206,
1819,
244,
1372,
341,
264,
136,
380,
200,
182,
240,
240,
448,
117,
188,
273,
201,
205,
303,
320,
249,
181,
167,
175,
271,
191,
209,
98,
2575,
2009,
475,
225,
300,
348,
116,
229,
284,
299,
211,
96,
259,
290,
178,
184,
449,
378,
283,
1308,
348,
212,
214,
388,
27,
328,
168,
1319,
222,
461,
291,
444,
203,
141,
160,
158,
166,
431,
328,
450,
244,
155,
207,
182,
167,
288,
119,
144,
227,
429,
357,
156,
195,
290,
319,
464,
378,
152,
221,
286,
324,
312,
360,
429,
376,
229,
316,
307,
319,
299,
43,
472,
236,
294,
207,
290,
248,
448,
169,
311,
154,
444,
427,
297,
372,
436,
502,
345,
357,
212,
383,
366,
2402,
241,
326,
339,
517,
437,
341,
324,
440,
204,
334,
1023,
438,
353,
447,
154,
265,
159,
1968,
447,
406,
382,
951,
1968,
1696,
140,
949,
83,
1695,
415,
152,
151,
1785,
198,
49,
290,
134,
1680,
2082,
949,
1688,
1740,
114,
1668,
246,
945,
413,
141,
160,
346,
288,
140,
239,
151,
236,
222,
103,
73,
246,
139,
217,
71,
301,
235,
151,
293,
345,
135,
1967,
139,
70,
315,
104,
260,
184,
287,
66,
220,
2130,
136,
55,
116,
313,
1686,
320,
101,
244,
47,
317,
1321,
311,
133,
305,
324,
132,
2620,
307,
439,
204,
302,
88,
144,
106,
369,
312,
311,
285,
110,
309,
49,
144,
439,
131,
272,
227,
123,
281,
287,
49,
85,
333,
307,
476,
146,
47,
1421,
246,
109,
269,
270,
143,
405,
236,
135,
108,
183,
320,
423,
433,
384,
36,
131,
2645,
132,
322,
424,
272,
273,
365,
286,
137,
435,
298,
436,
422,
137,
316,
355,
40,
233,
319,
1221,
379,
332,
1255,
397,
41,
1437,
419,
190,
1424,
41,
388,
137,
2630,
480,
188,
302,
549,
336,
218,
1358,
173,
150,
437,
110,
139,
321,
274,
155,
161,
271,
356,
2436,
360,
350,
166,
298,
286,
450,
1525,
287,
267,
215,
261,
279,
324,
290,
297,
283,
542,
310,
232,
299,
393,
1932,
231,
275,
220,
280,
270,
215,
203,
317,
374,
245,
442,
267,
228,
329,
235,
415,
257,
375,
147,
46,
245,
297,
380,
261,
393,
426,
307,
1866,
281,
453,
285,
1376,
289,
1940,
309,
288,
273,
418,
243,
191,
1869,
374,
188,
447,
138,
264,
423,
444,
259,
1739,
947,
1891,
124,
363,
946,
1745,
62,
463,
124,
1700,
456,
447,
271,
935,
59,
308,
189,
230,
219,
165,
274,
190,
152,
1702,
263,
309,
59,
265,
212,
57,
278,
285,
165,
170,
2707,
233,
395,
341,
149,
449,
2471,
254,
357,
1829,
283,
270,
203,
380,
309,
255,
337,
237,
53,
321,
339,
2172,
180,
280,
222,
366,
1838,
2468,
252,
185,
170,
39,
53,
340,
245,
381,
152,
233,
137,
334,
279,
249,
311,
269,
130,
339,
330,
1801,
422,
210,
301,
1776,
334,
1807,
2707,
39,
129,
268,
131,
189,
183,
2684,
152,
225,
253,
180,
251,
195,
170,
138,
384,
346,
38,
127,
152,
338,
313,
124,
131,
323,
316,
40,
434,
337,
218,
443,
139,
311,
356,
109,
149,
247,
434,
201,
41,
354,
296,
168,
211,
326,
309,
162,
1904,
298,
342,
285,
284,
334,
431,
502,
158,
126,
1855,
2704,
321,
41,
109,
1438,
213,
185,
432,
395,
2748,
2718,
195,
309,
306,
360,
1429,
164,
390,
247,
2073,
350,
301,
203,
201,
243,
182,
285,
171,
1360,
2476,
303,
337,
391,
2504,
320,
161,
141,
157,
362,
114,
295,
289,
324,
384,
224,
471,
284,
415,
142,
278,
158,
326,
376,
155,
282,
145,
233,
235,
314,
262,
469,
49,
365,
309,
285,
174,
279,
1324,
299,
305,
303,
280,
338,
310,
244,
343,
482,
203,
288,
353,
446,
320,
149,
322,
2720,
259,
1334,
433,
290,
1867,
302,
212,
350,
372,
232,
148,
297,
2728,
240,
254,
310,
220,
387,
174,
413,
262,
145,
290,
282,
1019,
192,
314,
205,
1093,
289,
1877,
478,
128,
945,
300,
381,
108,
243,
491,
2733,
413,
1907,
947,
63,
1781,
945,
56,
39,
483,
180,
941,
154,
1780,
1964,
1778,
309,
334,
484,
249,
53,
323,
328,
300,
308,
155,
208,
1779,
1865,
2741,
152,
1872,
235,
47,
355,
246,
148,
301,
287,
336,
245,
43,
1626,
129,
265,
413,
322,
118,
107,
411,
289,
267,
1799,
301,
212,
409,
433,
407,
301,
127,
297,
299,
151,
282,
253,
405,
159,
146,
315,
400,
1721,
403,
304,
434,
1714,
144,
240,
351,
235,
395,
175,
116,
321,
110,
1867,
379,
184,
41,
348,
251,
170,
1903,
44,
487,
346,
353,
310,
250,
83,
139,
341,
314,
405,
178,
173,
306,
39,
126,
190,
147,
438,
197,
142,
231,
175,
204,
308,
1714,
170,
174,
45,
170,
251,
283,
44,
289,
243,
2776,
260,
147,
358,
44,
358,
247,
312,
219,
265,
240,
389,
42,
164,
255,
599,
177,
499,
1938,
138,
278,
345,
190,
189,
279,
453,
359,
2556,
280,
195,
174,
197,
1938,
332,
215,
147,
247,
173,
153,
226,
465,
1401,
288,
199,
274,
320,
1443,
298,
180,
278,
131,
272,
287,
1451,
296,
40,
524,
208,
1362,
375,
461,
279,
148,
456,
41,
231,
204,
453,
298,
203,
360,
143,
157,
199,
326,
339,
148,
403,
442,
75,
125,
182,
305,
452,
206,
297,
282,
1865,
171,
293,
445,
278,
233,
187,
423,
324,
1653,
452,
311,
1975,
156,
207,
302,
269,
150,
162,
472,
229,
288,
279,
367,
211,
1010,
1169,
278,
247,
121,
240,
949,
254,
1960,
1845,
292,
947,
79,
291,
253,
1846,
220,
947,
351,
349,
64,
200,
161,
225,
325,
946,
409,
240,
1803,
1848,
192,
166,
222,
47,
244,
417,
317,
409,
206,
406,
1878,
121,
229,
221,
40,
188,
192,
355,
113,
352,
324,
333,
171,
398,
260,
153,
2486,
319,
325,
402,
314,
404,
281,
123,
132,
312,
180,
190,
203,
110,
295,
425,
1894,
408,
179,
396,
259,
226,
303,
391,
240,
149,
401,
349,
248,
276,
396,
302,
378,
427,
1948,
389,
414,
154,
148,
228,
1723,
146,
223,
417,
118,
186,
189,
255,
144,
148,
170,
167,
259,
439,
117,
156,
320,
44,
207,
219,
164,
124,
124,
223,
166,
286,
452,
142,
127,
463,
131,
263,
268,
366,
208,
194,
173,
41,
2197,
284,
1804,
200,
264,
190,
1716,
197,
245,
269,
203,
179,
95,
275,
1815,
2206,
290,
230,
129,
178,
169,
43,
93,
176,
247,
355,
124,
456,
38,
214,
218,
112,
119,
278,
109,
211,
447,
230,
1911,
239,
182,
205,
189,
2646,
195,
169,
163,
197,
219,
179,
162,
322,
141,
209,
217,
333,
164,
194,
297,
174,
185,
193,
399,
155,
1842,
212,
170,
136,
164,
252,
45,
278,
187,
151,
454,
457,
527,
175,
142,
162,
441,
187,
232,
392,
46,
436,
43,
313,
186,
281,
181,
130,
218,
42,
141,
247,
456,
197,
390,
267,
43,
152,
275,
264,
97,
347,
301,
271,
117,
294,
43,
266,
164,
215,
219,
415,
328,
214,
117,
187,
474,
277,
431,
279,
288,
2671,
385,
1872,
142,
245,
234,
199,
1552,
1879,
1014,
1877,
949,
55,
136,
949,
391,
216,
204,
944,
1867,
163,
355,
932,
204,
152,
1796,
1877,
171,
1901,
286,
2027,
173,
246,
157,
393,
291,
281,
160,
323,
362,
307,
285,
342,
124,
278,
247,
187,
138,
147,
249,
1809,
1905,
198,
376,
1464,
40,
250,
1859,
427,
1811,
422,
106,
322,
203,
139,
360,
116,
432,
1822,
426,
418,
123,
422,
250,
38,
311,
430,
1794,
139,
199,
249,
318,
1378,
265,
1730,
1893,
180,
196,
1804,
169,
183,
1477,
178,
496,
250,
135,
169,
148,
272,
172,
172,
127,
88,
106,
2884,
447,
125,
252,
326,
245,
173,
1722,
187,
165,
261,
181,
191,
246,
197,
318,
212,
155,
207,
253,
184,
221,
471,
187,
250,
125,
417,
251,
186,
130,
157,
209,
170,
144,
1478,
131,
258,
188,
152,
176,
196,
1261,
314,
240,
323,
177,
158,
1935,
219,
184,
149,
201,
156,
136,
165,
506,
213,
156,
162,
147,
123,
170,
173,
44,
162,
171,
158,
165,
174,
191,
516,
159,
143,
233,
170,
139,
190,
157,
131,
507,
504,
418,
126,
205,
310,
242,
1002,
174,
225,
187,
127,
125,
139,
131,
220,
173,
201,
170,
269,
1554,
181,
131,
119,
138,
103,
444,
192,
128,
1111,
126,
119,
2987,
121,
141,
945,
48,
137,
2934,
946,
1912,
944,
116,
55,
1886,
942,
92,
930,
186,
172,
1796,
866,
190,
1358,
184,
1885,
181,
1792,
69,
1882,
1780,
389,
393,
150,
237,
308,
1788,
37,
1886,
75,
1404,
69,
302,
389,
1811,
383,
119,
1633,
496,
487,
131,
248,
501,
387,
408,
486,
559,
495,
170,
244,
327,
258,
1724,
60,
248,
320,
70,
162,
495,
274,
244,
309,
2949,
48,
175,
345,
521,
1367,
244,
49,
146,
198,
2942,
40,
530,
241,
354,
364,
239,
190,
246,
165,
112,
332,
351,
209,
1643,
115,
277,
352,
225,
222,
138,
457,
132,
108,
1816,
96,
247,
189,
197,
183,
366,
324,
1650,
156,
273,
178,
145,
194,
42,
184,
173,
189,
171,
41,
192,
207,
196,
1341,
288,
160,
249,
247,
1829,
184,
106,
154,
413,
41,
207,
156,
98,
170,
1130,
40,
2086,
534,
367,
337,
2984,
187,
208,
2967,
174,
156,
205,
232,
147,
183,
142,
145,
140,
217,
148,
458,
545,
139,
128,
369,
425,
166,
183,
651,
207,
325,
184,
259,
192,
136,
148,
1610,
173,
259,
161,
168,
217,
183,
578,
174,
154,
541,
37,
1450,
172,
1629,
120,
538,
183,
1594,
263,
208,
559,
157,
162,
194,
544,
122,
1803,
156,
154,
518,
202,
238,
199,
236,
133,
176,
194,
168,
266,
1936,
124,
160,
213,
120,
547,
977,
455,
184,
149,
697,
239,
116,
129,
936,
74,
3001,
940,
938,
130,
528,
1955,
935,
358,
125,
123,
605,
71,
1262,
927,
1953,
1882,
581,
194,
66,
515,
1878,
250,
186,
200,
865,
380,
65,
297,
179,
63,
864,
773,
233,
202,
204,
246,
1720,
209,
194,
1878,
1798,
357,
1715,
1916,
244,
334,
497,
511,
140,
521,
404,
516,
100,
469,
189,
571,
413,
59,
521,
121,
411,
3006,
240,
148,
355,
352,
239,
1107,
520,
374,
517,
184,
140,
219,
293,
506,
186,
115,
1808,
516,
1797,
111,
198,
204,
145,
81,
177,
310,
502,
316,
300,
1331,
278,
230,
159,
278,
832,
191,
370,
300,
128,
41,
762,
1385,
180,
195,
112,
296,
39,
179,
521,
153,
285,
160,
93,
123,
179,
189,
186,
190,
317,
170,
209,
316,
129,
110,
181,
3388,
802,
165,
245,
122,
331,
145,
142,
182,
207,
103,
617,
177,
174,
180,
136,
123,
226,
313,
200,
161,
198,
287,
3044,
184,
190,
178,
47,
1305,
190,
190,
183,
3062,
1625,
294,
406,
178,
146,
1765,
194,
1268,
126,
190,
228,
46,
1411,
1874,
152,
388,
186,
469,
180,
147,
1402,
1880,
132,
1941,
3432,
128,
154,
183,
213,
213,
154,
193,
237,
40,
267,
207,
39,
209,
43,
158,
530,
189,
158,
157,
141,
213,
528,
145,
182,
150,
218,
1854,
558,
255,
212,
227,
130,
47,
127,
1868,
436,
42,
212,
162,
450,
548,
118,
2212,
103,
538,
406,
204,
39,
68,
320,
937,
1917,
332,
275,
296,
1949,
67,
924,
363,
164,
250,
1884,
53,
1881,
148,
1129,
178,
162,
148,
1796,
158,
1883,
44,
1881,
281,
229,
509,
1782,
867,
45,
230,
421,
1719,
589,
1716,
92,
227,
188,
46,
155,
872,
514,
430,
338,
400,
578,
335,
359,
164,
170,
571,
3100,
375,
126,
190,
137,
424,
1969,
1009,
155,
112,
185,
137,
3152,
591,
166,
581,
841,
221,
129,
1811,
208,
148,
530,
138,
36,
435,
166,
259,
159,
191,
154,
255,
1908,
1807,
216,
120,
183,
219,
207,
38,
1907,
537,
202,
468,
114,
348,
134,
839,
160,
299,
317,
201,
162,
214,
118,
644,
127,
622,
230,
120,
686,
183,
3447,
167,
161,
171,
551,
311,
686,
389,
192,
178,
674,
182,
216,
174,
185,
206,
163,
282,
636,
131,
490,
300,
256,
165,
287,
337,
44,
164,
3137,
262,
306,
204,
203,
213,
182,
389,
3477,
191,
174,
203,
242,
369,
171,
255,
234,
371,
167,
158,
157,
399,
45,
570,
228,
145,
865,
700,
198,
1143,
360,
489,
177,
197,
144,
311,
668,
557,
138,
168,
180,
1928,
189,
204,
212,
184,
647,
290,
3288,
194,
306,
690,
176,
313,
129,
240,
132,
139,
204,
221,
1003,
194,
499,
379,
3084,
158,
1847,
261,
173,
688,
642,
1523,
310,
263,
287,
39,
707,
278,
356,
164,
237,
3145,
3481,
287,
1732,
886,
1659,
486,
665,
400,
41,
67,
105,
41,
463,
940,
233,
1958,
1750,
671,
1958,
1537,
304,
1956,
436,
40,
1884,
161,
184,
863,
1889,
72,
199,
861,
150,
255,
208,
175,
227,
1795,
210,
418,
209,
1791,
1784,
179,
156,
1719,
419,
407,
229,
1098,
322,
599,
180,
331,
156,
316,
1790,
603,
209,
40,
97,
176,
586,
337,
243,
335,
153,
599,
1722,
307,
525,
142,
1805,
251,
296,
152,
165,
598,
513,
505,
152,
133,
1805,
233,
167,
1815,
157,
42,
40,
1816,
257,
166,
149,
123,
158,
36,
164,
148,
159,
678,
158,
90,
180,
370,
297,
195,
116,
535,
179,
240,
149,
187,
175,
163,
146,
676,
127,
3242,
1738,
654,
274,
233,
243,
176,
37,
194,
381,
312,
133,
248,
239,
46,
1704,
1993,
352,
230,
256,
178,
263,
803,
1257,
270,
95,
461,
3539,
245,
3533,
318,
3179,
3165,
264,
1127,
1078,
183,
245,
1172,
195,
97,
1709,
193,
724,
316,
1044,
235,
222,
1699,
149,
213,
166,
294,
262,
563,
434,
158,
146,
853,
1141,
934,
639,
152,
239,
557,
151,
360,
1931,
180,
1919,
247,
1637,
268,
418,
207,
330,
38,
262,
142,
156,
131,
241,
1855,
37,
395,
303,
303,
690,
236,
303,
207,
1770,
244,
244,
305,
646,
1008,
323,
207,
996,
195,
229,
214,
319,
171,
471,
650,
331,
351,
202,
838,
211,
1959,
151,
561,
122,
199,
100,
561,
74,
52,
260,
208,
352,
264,
57,
46,
303,
939,
144,
183,
1884,
1964,
54,
221,
350,
283,
162,
659,
41,
214,
941,
228,
51,
253,
677,
240,
666,
40,
1965,
1959,
189,
1896,
240,
204,
511,
933,
867,
204,
211,
240,
1716,
281,
199,
605,
1709,
204,
590,
1895,
285,
202,
44,
1800,
163,
155,
290,
135,
623,
1790,
309,
1718,
335,
516,
622,
917,
1786,
333,
254,
525,
267,
271,
41,
512,
296,
1801,
292,
235,
247,
426,
257,
399,
342,
319,
505,
176,
161,
519,
128,
300,
311,
166,
436,
259,
128,
153,
195,
151,
277,
226,
128,
168,
231,
181,
1811,
156,
120,
41,
122,
202,
245,
294,
91,
40,
912,
196,
636,
290,
327,
254,
310,
192,
419,
1701,
288,
302,
241,
156,
174,
281,
181,
195,
277,
348,
193,
222,
1037,
227,
208,
893,
255,
274,
252,
223,
135,
291,
242,
365,
174,
261,
847,
305,
187,
531,
180,
209,
207,
193,
828,
220,
160,
225,
273,
542,
244,
204,
764,
180,
221,
146,
876,
179,
851,
177,
1700,
288,
144,
216,
210,
931,
466,
835,
643,
157,
731,
46,
282,
230,
196,
1717,
236,
170,
339,
737,
307,
216,
457,
604,
197,
239,
215,
1853,
40,
454,
193,
214,
258,
187,
248,
147,
480,
196,
881,
194,
269,
395,
313,
295,
169,
451,
291,
227,
198,
882,
670,
297,
163,
198,
225,
639,
291,
307,
262,
105,
191,
45,
268,
275,
716,
573,
1633,
84,
