32,
31,
38,
35,
35,
36,
41,
32,
40,
73,
77,
81,
39,
37,
73,
70,
109,
100,
64,
99,
63,
62,
61,
55,
49,
47,
38,
46,
130,
129,
123,
41,
130,
101,
132,
34,
124,
141,
120,
128,
135,
133,
116,
36,
38,
100,
34,
99,
41,
70,
38,
34,
37,
114,
112,
32,
102,
130,
101,
101,
155,
99,
134,
112,
122,
115,
127,
167,
162,
186,
105,
89,
44,
133,
79,
183,
83,
129,
133,
183,
80,
141,
70,
122,
126,
158,
123,
169,
147,
184,
157,
197,
173,
142,
182,
166,
160,
182,
179,
173,
43,
192,
180,
172,
190,
201,
149,
130,
173,
170,
150,
127,
108,
115,
108,
51,
131,
81,
164,
46,
151,
140,
202,
162,
140,
50,
46,
170,
148,
171,
202,
117,
198,
140,
163,
161,
196,
160,
154,
151,
190,
184,
180,
186,
134,
162,
155,
199,
37,
213,
208,
176,
135,
174,
153,
216,
230,
146,
176,
161,
122,
185,
179,
183,
39,
205,
138,
164,
45,
214,
229,
155,
226,
36,
232,
37,
189,
211,
144,
30,
162,
125,
143,
132,
119,
246,
142,
148,
42,
174,
120,
84,
170,
39,
150,
207,
137,
169,
102,
166,
171,
145,
117,
112,
216,
139,
100,
117,
110,
228,
180,
43,
268,
146,
205,
164,
172,
157,
183,
222,
236,
194,
266,
235,
204,
216,
177,
123,
223,
223,
202,
167,
46,
284,
227,
195,
201,
201,
65,
229,
199,
200,
191,
58,
222,
144,
183,
57,
303,
206,
175,
141,
57,
201,
128,
177,
172,
133,
115,
295,
53,
186,
165,
227,
49,
169,
210,
161,
211,
158,
239,
196,
237,
45,
166,
230,
188,
258,
178,
216,
189,
174,
130,
272,
187,
145,
129,
189,
267,
170,
223,
139,
250,
151,
255,
37,
193,
238,
206,
306,
280,
226,
202,
276,
181,
177,
233,
203,
298,
158,
199,
170,
169,
262,
289,
213,
202,
268,
215,
190,
159,
214,
186,
147,
136,
36,
180,
246,
284,
236,
199,
196,
197,
229,
144,
186,
112,
158,
119,
285,
250,
209,
190,
139,
200,
168,
118,
171,
38,
278,
116,
234,
209,
302,
201,
185,
137,
220,
289,
36,
233,
294,
35,
223,
186,
196,
268,
107,
231,
317,
98,
201,
43,
91,
90,
55,
60,
87,
237,
185,
43,
188,
170,
143,
135,
143,
147,
41,
142,
134,
138,
115,
121,
98,
76,
280,
68,
186,
217,
44,
266,
161,
172,
133,
69,
172,
215,
172,
183,
220,
187,
329,
202,
153,
163,
198,
273,
231,
225,
63,
236,
202,
91,
240,
256,
259,
230,
206,
173,
130,
222,
159,
345,
205,
214,
146,
155,
226,
180,
152,
38,
212,
185,
196,
142,
192,
195,
127,
140,
183,
186,
48,
217,
196,
200,
179,
184,
165,
227,
177,
126,
169,
112,
164,
207,
218,
224,
217,
214,
174,
184,
319,
52,
151,
200,
213,
180,
48,
165,
207,
183,
40,
119,
224,
234,
316,
202,
277,
225,
199,
186,
186,
179,
231,
173,
259,
365,
165,
191,
260,
210,
263,
225,
238,
175,
34,
325,
189,
219,
277,
175,
286,
178,
149,
217,
205,
190,
148,
171,
276,
167,
240,
208,
175,
141,
126,
162,
228,
38,
214,
366,
352,
139,
195,
285,
213,
186,
37,
200,
302,
190,
47,
279,
45,
238,
335,
125,
131,
130,
91,
258,
177,
245,
210,
172,
128,
154,
144,
175,
104,
200,
81,
45,
41,
53,
188,
137,
114,
203,
114,
79,
233,
138,
37,
92,
141,
193,
176,
91,
79,
135,
142,
183,
108,
74,
37,
106,
173,
182,
213,
229,
268,
201,
210,
239,
37,
209,
245,
156,
205,
346,
80,
210,
157,
75,
179,
275,
259,
218,
203,
373,
237,
167,
145,
151,
154,
71,
216,
222,
198,
240,
98,
188,
70,
194,
203,
69,
113,
207,
200,
204,
187,
200,
69,
36,
177,
136,
381,
177,
110,
56,
377,
190,
127,
153,
200,
163,
314,
50,
82,
133,
395,
183,
234,
218,
383,
130,
46,
173,
192,
152,
209,
40,
108,
171,
258,
168,
268,
297,
296,
225,
48,
245,
233,
240,
215,
212,
204,
206,
210,
186,
158,
192,
385,
232,
185,
284,
172,
40,
259,
262,
158,
163,
186,
244,
145,
207,
177,
230,
233,
186,
37,
202,
241,
153,
176,
196,
143,
149,
247,
195,
154,
156,
186,
159,
222,
417,
124,
217,
320,
173,
104,
146,
235,
132,
365,
38,
268,
330,
184,
264,
181,
238,
152,
366,
93,
212,
230,
110,
135,
254,
339,
265,
130,
83,
79,
296,
145,
393,
59,
84,
199,
418,
104,
98,
175,
233,
301,
74,
45,
185,
244,
169,
151,
227,
162,
123,
160,
163,
158,
193,
178,
203,
38,
241,
138,
217,
355,
179,
225,
155,
327,
171,
300,
245,
230,
288,
207,
249,
218,
42,
187,
236,
322,
243,
228,
254,
195,
274,
136,
209,
218,
432,
194,
213,
227,
323,
193,
66,
157,
225,
289,
209,
358,
71,
59,
135,
122,
205,
422,
205,
215,
403,
110,
209,
201,
50,
80,
175,
250,
159,
129,
191,
196,
188,
161,
412,
211,
407,
186,
243,
47,
181,
163,
161,
88,
216,
43,
118,
216,
42,
222,
205,
189,
203,
211,
123,
45,
182,
197,
244,
197,
224,
393,
245,
295,
179,
235,
263,
279,
217,
46,
148,
190,
249,
191,
237,
240,
153,
407,
180,
230,
445,
196,
199,
47,
140,
132,
284,
153,
424,
284,
168,
258,
36,
178,
46,
409,
192,
149,
223,
171,
249,
185,
175,
427,
146,
240,
193,
142,
180,
209,
404,
139,
311,
134,
205,
266,
144,
305,
43,
133,
130,
133,
212,
325,
88,
276,
188,
46,
122,
273,
86,
60,
80,
162,
101,
230,
136,
73,
51,
148,
105,
76,
203,
147,
139,
202,
158,
211,
258,
156,
180,
433,
144,
196,
490,
182,
253,
156,
175,
216,
268,
217,
226,
230,
217,
300,
249,
222,
316,
230,
172,
269,
212,
82,
72,
447,
209,
173,
194,
133,
144,
190,
186,
187,
179,
41,
174,
187,
453,
64,
135,
57,
161,
194,
132,
159,
240,
182,
249,
57,
180,
179,
155,
238,
445,
428,
212,
206,
260,
230,
129,
206,
152,
188,
470,
442,
297,
182,
215,
253,
260,
45,
215,
43,
361,
217,
45,
449,
304,
246,
257,
406,
164,
44,
314,
252,
336,
187,
202,
187,
171,
242,
226,
309,
36,
148,
143,
176,
230,
229,
250,
172,
160,
148,
216,
160,
283,
151,
237,
145,
143,
250,
169,
176,
197,
315,
404,
183,
138,
155,
170,
361,
250,
478,
165,
207,
134,
192,
292,
177,
235,
323,
137,
324,
208,
233,
257,
263,
115,
256,
157,
517,
105,
96,
223,
129,
315,
523,
146,
231,
194,
126,
261,
106,
238,
100,
123,
92,
185,
77,
42,
38,
180,
87,
185,
234,
176,
38,
56,
194,
51,
184,
154,
261,
136,
131,
135,
234,
130,
45,
215,
261,
219,
279,
162,
229,
239,
210,
233,
223,
81,
218,
154,
222,
244,
262,
200,
88,
319,
234,
222,
201,
185,
174,
514,
217,
330,
77,
81,
179,
193,
80,
48,
118,
223,
221,
204,
216,
170,
68,
193,
485,
197,
216,
189,
147,
520,
206,
191,
83,
196,
246,
194,
66,
166,
517,
117,
161,
212,
65,
141,
240,
188,
171,
183,
223,
243,
228,
216,
147,
208,
193,
176,
182,
239,
182,
211,
199,
291,
521,
60,
237,
216,
238,
162,
235,
131,
60,
202,
179,
253,
319,
185,
241,
229,
167,
213,
246,
44,
232,
521,
61,
223,
187,
168,
246,
180,
246,
201,
521,
292,
179,
219,
494,
207,
53,
239,
143,
164,
493,
182,
39,
152,
167,
491,
209,
201,
328,
117,
501,
491,
286,
191,
269,
42,
496,
309,
214,
196,
208,
171,
236,
138,
288,
102,
263,
268,
293,
507,
46,
290,
203,
163,
478,
269,
113,
259,
157,
184,
143,
329,
397,
265,
215,
406,
110,
47,
103,
178,
395,
207,
118,
73,
128,
98,
249,
278,
41,
371,
73,
188,
259,
169,
107,
172,
87,
145,
136,
207,
156,
86,
354,
170,
131,
195,
129,
185,
215,
512,
181,
281,
204,
190,
227,
101,
504,
163,
209,
169,
216,
96,
258,
256,
188,
117,
174,
182,
383,
93,
240,
247,
277,
244,
79,
179,
189,
193,
233,
209,
87,
186,
226,
185,
230,
82,
160,
172,
219,
201,
159,
113,
171,
76,
224,
235,
201,
75,
220,
214,
193,
207,
124,
293,
74,
111,
136,
207,
201,
173,
285,
241,
118,
194,
62,
108,
183,
195,
177,
222,
172,
248,
210,
149,
217,
126,
140,
167,
171,
279,
245,
522,
208,
44,
520,
128,
193,
234,
198,
298,
293,
220,
230,
500,
219,
324,
259,
304,
223,
142,
223,
298,
210,
191,
48,
176,
196,
266,
209,
529,
165,
250,
309,
148,
529,
555,
134,
158,
236,
176,
192,
583,
217,
175,
300,
534,
188,
200,
170,
569,
190,
551,
234,
155,
231,
564,
154,
297,
425,
205,
210,
144,
249,
467,
541,
292,
274,
271,
268,
327,
42,
500,
301,
61,
87,
263,
154,
94,
104,
274,
315,
522,
221,
91,
378,
189,
195,
400,
153,
194,
171,
81,
263,
139,
143,
196,
175,
226,
88,
179,
86,
207,
373,
210,
171,
103,
200,
155,
576,
69,
75,
213,
258,
245,
99,
487,
268,
106,
186,
590,
83,
226,
98,
131,
157,
263,
138,
181,
237,
143,
244,
98,
154,
182,
94,
546,
209,
192,
140,
41,
90,
116,
310,
242,
229,
101,
40,
83,
234,
269,
218,
567,
208,
223,
191,
78,
595,
116,
237,
77,
160,
186,
205,
600,
120,
263,
148,
558,
201,
74,
241,
241,
156,
165,
134,
163,
223,
218,
552,
209,
247,
73,
189,
555,
200,
241,
277,
317,
258,
357,
170,
250,
235,
74,
602,
324,
252,
201,
254,
324,
207,
304,
173,
283,
200,
248,
146,
76,
217,
218,
203,
312,
198,
327,
304,
39,
246,
201,
182,
589,
549,
147,
236,
182,
228,
238,
71,
197,
246,
234,
247,
192,
216,
222,
253,
227,
199,
205,
187,
143,
279,
518,
573,
179,
148,
71,
267,
216,
149,
159,
281,
573,
174,
340,
390,
260,
290,
130,
364,
592,
298,
204,
429,
408,
35,
88,
81,
149,
54,
303,
145,
569,
162,
192,
140,
217,
196,
204,
576,
164,
152,
80,
37,
138,
171,
559,
188,
193,
578,
65,
214,
326,
227,
235,
247,
459,
191,
264,
338,
231,
196,
506,
292,
260,
176,
236,
602,
297,
235,
250,
576,
560,
240,
99,
221,
97,
224,
258,
237,
213,
181,
127,
190,
282,
227,
209,
185,
260,
181,
232,
191,
197,
254,
79,
147,
201,
204,
196,
208,
178,
73,
185,
176,
213,
128,
187,
176,
184,
231,
175,
225,
156,
137,
134,
166,
183,
176,
234,
192,
180,
151,
246,
212,
170,
208,
163,
229,
245,
76,
276,
613,
198,
131,
209,
232,
89,
641,
254,
260,
281,
219,
572,
280,
254,
77,
156,
49,
265,
225,
245,
287,
41,
213,
202,
220,
271,
197,
72,
263,
180,
42,
213,
69,
174,
641,
301,
298,
199,
183,
225,
289,
188,
162,
217,
191,
617,
226,
425,
258,
198,
201,
146,
200,
174,
189,
629,
172,
286,
205,
180,
295,
37,
306,
181,
209,
43,
548,
216,
210,
600,
255,
158,
323,
126,
397,
151,
145,
134,
221,
351,
40,
188,
653,
116,
193,
162,
163,
297,
244,
39,
420,
270,
120,
131,
117,
119,
425,
253,
99,
38,
98,
240,
106,
80,
45,
141,
408,
278,
201,
135,
95,
242,
172,
383,
179,
119,
205,
154,
412,
189,
173,
62,
203,
214,
180,
80,
163,
198,
257,
228,
287,
206,
164,
114,
222,
227,
243,
186,
250,
107,
200,
196,
241,
272,
217,
160,
85,
248,
633,
187,
259,
317,
149,
107,
264,
164,
256,
228,
619,
103,
200,
271,
243,
97,
213,
172,
226,
256,
37,
214,
166,
155,
680,
131,
241,
92,
190,
284,
160,
269,
182,
237,
114,
177,
88,
215,
173,
196,
369,
269,
612,
219,
196,
91,
111,
223,
183,
111,
85,
203,
228,
219,
185,
172,
268,
216,
382,
170,
217,
462,
212,
234,
682,
259,
319,
337,
242,
393,
89,
45,
208,
251,
225,
296,
238,
242,
221,
262,
290,
165,
323,
185,
221,
233,
155,
189,
662,
132,
229,
199,
682,
162,
176,
189,
128,
198,
146,
642,
183,
43,
676,
212,
194,
641,
340,
231,
683,
634,
329,
142,
299,
160,
647,
219,
175,
46,
317,
371,
189,
297,
214,
295,
102,
399,
90,
193,
200,
98,
42,
135,
40,
273,
130,
79,
212,
217,
171,
127,
407,
42,
205,
210,
105,
154,
213,
89,
658,
102,
208,
425,
40,
465,
206,
105,
210,
251,
229,
205,
79,
203,
168,
289,
70,
104,
84,
191,
239,
434,
251,
199,
239,
259,
134,
262,
195,
191,
216,
246,
204,
152,
223,
132,
177,
125,
731,
217,
43,
184,
208,
273,
229,
175,
127,
282,
218,
224,
210,
264,
278,
122,
208,
118,
192,
205,
130,
148,
181,
185,
292,
249,
112,
163,
225,
109,
230,
268,
108,
45,
192,
162,
199,
294,
187,
95,
479,
178,
274,
234,
155,
117,
40,
251,
141,
238,
304,
94,
42,
264,
252,
304,
323,
199,
283,
164,
731,
227,
291,
138,
344,
137,
279,
265,
305,
264,
234,
743,
205,
742,
251,
96,
183,
464,
271,
228,
315,
254,
181,
205,
212,
176,
94,
253,
221,
724,
232,
210,
219,
279,
214,
735,
356,
231,
131,
91,
201,
315,
168,
655,
202,
153,
168,
312,
215,
164,
165,
344,
241,
252,
694,
217,
133,
209,
237,
178,
679,
713,
167,
290,
665,
482,
138,
185,
196,
41,
211,
152,
351,
150,
239,
41,
270,
736,
138,
171,
152,
171,
211,
215,
231,
295,
233,
44,
439,
117,
321,
223,
61,
350,
124,
311,
86,
93,
201,
99,
290,
228,
131,
70,
97,
194,
98,
45,
40,
388,
239,
368,
237,
235,
232,
190,
243,
220,
224,
161,
210,
212,
204,
154,
220,
215,
209,
196,
200,
174,
280,
147,
194,
229,
172,
645,
742,
195,
277,
137,
212,
258,
136,
230,
256,
273,
183,
181,
377,
332,
261,
302,
133,
176,
115,
253,
180,
374,
269,
238,
70,
114,
168,
298,
130,
289,
224,
387,
249,
112,
364,
168,
127,
213,
245,
124,
242,
214,
212,
181,
386,
235,
710,
135,
156,
128,
116,
662,
41,
143,
341,
188,
124,
293,
166,
706,
195,
263,
227,
313,
231,
210,
710,
104,
352,
205,
132,
327,
160,
124,
297,
134,
226,
335,
267,
243,
214,
695,
212,
210,
48,
321,
217,
301,
162,
249,
119,
311,
808,
197,
220,
114,
172,
329,
284,
262,
246,
256,
273,
304,
208,
241,
217,
250,
697,
222,
96,
281,
217,
287,
147,
171,
288,
227,
224,
235,
182,
713,
335,
267,
176,
152,
188,
171,
182,
196,
164,
103,
196,
265,
259,
156,
308,
313,
331,
204,
243,
120,
314,
243,
299,
217,
199,
233,
376,
231,
193,
148,
792,
357,
122,
324,
297,
284,
128,
100,
134,
145,
358,
42,
164,
152,
77,
285,
41,
127,
387,
107,
61,
137,
789,
371,
90,
197,
244,
191,
317,
73,
110,
140,
50,
283,
92,
234,
232,
270,
41,
157,
230,
241,
196,
205,
213,
250,
141,
71,
300,
757,
262,
164,
195,
295,
183,
172,
248,
452,
285,
112,
140,
293,
153,
222,
138,
679,
237,
200,
279,
256,
230,
233,
174,
287,
136,
191,
145,
808,
43,
265,
269,
249,
243,
228,
111,
242,
275,
239,
157,
176,
139,
264,
119,
321,
303,
187,
138,
752,
138,
142,
125,
133,
196,
178,
46,
237,
139,
145,
161,
157,
131,
353,
115,
227,
265,
110,
220,
284,
125,
210,
229,
748,
163,
194,
215,
370,
182,
369,
813,
128,
257,
183,
261,
293,
242,
242,
208,
237,
175,
301,
292,
129,
177,
208,
242,
194,
308,
137,
757,
232,
177,
237,
227,
744,
226,
217,
764,
163,
166,
105,
115,
266,
212,
139,
207,
143,
249,
40,
158,
156,
313,
177,
762,
133,
104,
156,
184,
165,
224,
326,
196,
209,
208,
835,
340,
227,
623,
172,
113,
170,
317,
217,
402,
275,
395,
125,
421,
277,
204,
374,
48,
225,
89,
431,
238,
88,
453,
88,
402,
81,
866,
71,
364,
321,
405,
109,
132,
123,
813,
38,
90,
268,
317,
75,
274,
260,
265,
246,
235,
256,
440,
208,
240,
235,
135,
159,
192,
139,
159,
211,
295,
282,
114,
292,
307,
271,
301,
302,
314,
233,
236,
177,
127,
205,
340,
191,
278,
292,
218,
287,
199,
198,
184,
125,
465,
264,
143,
155,
228,
795,
504,
286,
278,
140,
181,
139,
830,
257,
150,
84,
249,
854,
138,
105,
288,
134,
199,
417,
156,
896,
815,
146,
133,
270,
217,
195,
147,
348,
248,
888,
298,
129,
273,
262,
228,
199,
219,
227,
227,
221,
164,
290,
238,
234,
211,
320,
321,
153,
279,
807,
806,
166,
230,
240,
190,
301,
200,
257,
221,
264,
185,
214,
824,
177,
199,
316,
289,
217,
794,
259,
177,
155,
363,
131,
224,
306,
157,
180,
146,
253,
164,
570,
171,
197,
140,
207,
303,
359,
334,
118,
186,
329,
198,
179,
342,
219,
36,
208,
116,
150,
221,
233,
141,
238,
41,
233,
283,
432,
140,
108,
237,
278,
210,
38,
389,
154,
891,
191,
88,
135,
398,
442,
39,
359,
107,
390,
307,
119,
43,
207,
103,
37,
125,
90,
91,
469,
107,
286,
285,
94,
400,
281,
267,
272,
94,
240,
235,
227,
158,
240,
153,
220,
913,
144,
69,
383,
201,
147,
194,
188,
111,
168,
819,
338,
551,
217,
807,
77,
154,
301,
324,
298,
148,
276,
323,
383,
317,
238,
339,
147,
228,
219,
300,
184,
308,
201,
189,
44,
282,
42,
179,
44,
190,
118,
42,
149,
341,
146,
166,
42,
854,
211,
139,
206,
812,
126,
285,
41,
186,
840,
44,
139,
40,
163,
148,
43,
273,
146,
138,
152,
320,
138,
263,
195,
818,
207,
269,
304,
878,
136,
269,
213,
793,
275,
179,
280,
251,
139,
272,
178,
221,
218,
332,
251,
217,
904,
309,
925,
189,
238,
198,
143,
177,
141,
236,
353,
349,
185,
262,
177,
166,
222,
807,
270,
178,
200,
183,
298,
112,
137,
369,
152,
216,
164,
208,
139,
192,
207,
916,
198,
110,
197,
38,
183,
205,
303,
141,
160,
156,
452,
320,
302,
160,
136,
267,
138,
78,
130,
794,
147,
414,
200,
106,
43,
39,
434,
98,
81,
405,
414,
434,
118,
131,
296,
235,
73,
411,
373,
41,
313,
559,
39,
397,
111,
308,
104,
87,
276,
212,
272,
78,
76,
228,
47,
273,
302,
282,
250,
44,
240,
141,
188,
232,
239,
274,
39,
380,
206,
377,
363,
146,
358,
357,
376,
230,
227,
315,
725,
324,
242,
287,
322,
246,
234,
251,
238,
320,
214,
195,
204,
345,
589,
322,
198,
123,
205,
883,
143,
382,
240,
313,
843,
139,
171,
302,
153,
418,
261,
330,
136,
50,
473,
261,
135,
851,
304,
933,
382,
279,
152,
135,
347,
286,
284,
303,
39,
162,
253,
177,
439,
292,
331,
134,
969,
183,
140,
217,
185,
424,
150,
267,
239,
495,
156,
270,
260,
964,
304,
295,
514,
257,
919,
328,
137,
390,
192,
189,
378,
166,
332,
169,
208,
291,
242,
172,
375,
313,
361,
256,
296,
632,
248,
147,
307,
178,
95,
313,
157,
196,
255,
702,
176,
121,
318,
172,
284,
125,
40,
864,
90,
185,
253,
259,
216,
853,
189,
156,
232,
406,
187,
176,
848,
102,
157,
298,
47,
371,
974,
190,
154,
140,
130,
293,
213,
184,
359,
38,
439,
194,
224,
300,
366,
211,
118,
345,
158,
155,
326,
412,
336,
408,
52,
370,
111,
103,
148,
760,
205,
83,
102,
314,
91,
88,
263,
116,
374,
65,
153,
227,
96,
46,
276,
90,
166,
105,
40,
94,
89,
335,
39,
159,
169,
362,
175,
215,
133,
248,
144,
388,
181,
284,
197,
206,
380,
217,
134,
274,
318,
374,
385,
273,
890,
336,
339,
325,
322,
132,
50,
379,
253,
318,
146,
131,
345,
216,
174,
265,
167,
978,
189,
203,
516,
941,
188,
508,
158,
126,
356,
613,
923,
275,
132,
279,
201,
266,
292,
132,
188,
302,
221,
311,
696,
209,
361,
189,
370,
130,
239,
160,
978,
327,
199,
185,
367,
866,
713,
382,
296,
241,
140,
293,
302,
146,
156,
937,
323,
344,
1042,
42,
319,
250,
171,
966,
1035,
142,
128,
371,
1013,
150,
39,
958,
368,
135,
289,
126,
146,
303,
86,
300,
114,
346,
460,
472,
320,
284,
183,
42,
135,
422,
114,
95,
410,
188,
51,
131,
240,
466,
223,
151,
446,
114,
43,
454,
181,
451,
205,
155,
164,
165,
217,
406,
387,
487,
179,
296,
318,
928,
236,
285,
145,
296,
189,
145,
41,
135,
173,
130,
1028,
175,
368,
182,
313,
239,
433,
73,
1001,
994,
595,
86,
964,
676,
127,
183,
194,
207,
183,
158,
326,
57,
149,
1040,
390,
138,
1072,
269,
182,
399,
226,
149,
181,
156,
333,
1013,
212,
1047,
141,
374,
38,
310,
322,
1003,
348,
147,
375,
76,
990,
363,
78,
562,
994,
1006,
109,
167,
171,
327,
436,
991,
110,
408,
138,
467,
271,
101,
233,
419,
38,
464,
118,
155,
403,
468,
59,
102,
428,
57,
108,
424,
70,
119,
118,
617,
363,
110,
41,
52,
40,
38,
79,
39,
210,
176,
193,
183,
187,
760,
956,
471,
40,
202,
139,
421,
185,
267,
261,
74,
189,
200,
108,
163,
191,
579,
681,
185,
45,
191,
145,
173,
166,
39,
371,
163,
99,
172,
140,
129,
162,
629,
653,
1032,
337,
611,
272,
1053,
377,
207,
339,
1079,
304,
356,
278,
254,
1028,
315,
266,
339,
1037,
181,
169,
158,
257,
315,
1049,
240,
294,
376,
1011,
161,
182,
1067,
1080,
41,
1043,
345,
970,
338,
413,
1051,
354,
1041,
338,
298,
448,
129,
303,
456,
1024,
448,
133,
396,
163,
121,
219,
126,
418,
379,
39,
107,
85,
94,
48,
398,
90,
96,
96,
48,
507,
150,
134,
125,
43,
106,
102,
214,
154,
1101,
190,
77,
316,
210,
285,
198,
559,
182,
87,
216,
574,
580,
173,
1036,
95,
521,
567,
513,
998,
339,
494,
277,
250,
517,
452,
476,
37,
338,
510,
481,
37,
1034,
134,
505,
338,
565,
461,
518,
133,
337,
1027,
110,
160,
504,
88,
337,
121,
1087,
335,
226,
606,
203,
173,
612,
510,
335,
126,
160,
456,
171,
474,
1067,
584,
157,
446,
107,
454,
334,
1115,
444,
418,
460,
1102,
449,
419,
47,
466,
455,
1039,
189,
419,
413,
334,
470,
301,
696,
287,
195,
379,
711,
449,
346,
216,
440,
1111,
181,
156,
452,
422,
416,
179,
337,
347,
414,
431,
493,
193,
397,
151,
1064,
198,
481,
397,
1008,
357,
126,
568,
177,
491,
114,
415,
535,
463,
494,
1064,
40,
466,
439,
416,
102,
403,
605,
215,
378,
109,
161,
285,
44,
436,
341,
634,
125,
37,
40,
119,
570,
409,
271,
440,
123,
345,
434,
366,
434,
124,
613,
278,
359,
97,
359,
395,
314,
101,
420,
89,
142,
43,
130,
500,
306,
580,
95,
88,
326,
376,
59,
499,
580,
576,
490,
150,
669,
461,
502,
210,
572,
601,
583,
461,
481,
513,
582,
69,
1096,
500,
512,
494,
592,
429,
491,
379,
427,
70,
425,
577,
136,
598,
523,
423,
421,
422,
379,
504,
501,
538,
134,
574,
416,
1014,
537,
345,
43,
1030,
877,
526,
42,
609,
553,
501,
1028,
39,
439,
638,
686,
211,
401,
618,
90,
234,
563,
338,
470,
777,
599,
154,
566,
587,
1080,
495,
169,
630,
644,
331,
1012,
163,
353,
602,
527,
451,
305,
37,
535,
502,
134,
473,
484,
409,
173,
488,
430,
140,
473,
412,
316,
393,
138,
347,
449,
275,
170,
950,
300,
248,
227,
490,
449,
587,
165,
291,
475,
43,
142,
157,
497,
544,
388,
1122,
43,
507,
425,
321,
1120,
48,
502,
367,
1120,
399,
442,
371,
259,
1126,
204,
310,
1074,
518,
399,
138,
277,
408,
440,
294,
643,
944,
87,
117,
430,
560,
61,
40,
504,
448,
39,
81,
453,
118,
451,
643,
86,
449,
388,
291,
375,
443,
127,
82,
332,
319,
377,
41,
99,
394,
38,
214,
75,
386,
606,
280,
438,
568,
566,
558,
315,
556,
156,
551,
485,
505,
520,
155,
482,
364,
172,
512,
529,
1155,
588,
762,
567,
466,
150,
1143,
680,
604,
409,
149,
542,
212,
471,
149,
599,
1171,
149,
514,
84,
198,
334,
373,
541,
257,
149,
191,
46,
544,
44,
751,
142,
132,
674,
430,
672,
542,
510,
617,
235,
518,
469,
463,
160,
1092,
332,
267,
148,
469,
576,
466,
410,
148,
516,
422,
300,
482,
497,
140,
295,
493,
451,
164,
502,
189,
391,
420,
176,
477,
147,
471,
486,
523,
263,
235,
225,
458,
270,
479,
433,
47,
207,
1064,
150,
321,
199,
319,
507,
583,
354,
448,
903,
589,
436,
47,
507,
463,
1203,
327,
434,
242,
456,
1145,
216,
107,
131,
429,
1084,
309,
182,
1193,
149,
286,
377,
102,
1193,
299,
436,
333,
145,
512,
443,
116,
1114,
402,
308,
624,
214,
336,
184,
452,
166,
97,
349,
106,
150,
63,
325,
103,
135,
422,
312,
309,
144,
109,
202,
39,
321,
542,
702,
539,
89,
373,
83,
81,
465,
91,
165,
182,
73,
191,
291,
1116,
163,
178,
44,
155,
456,
224,
457,
84,
383,
154,
416,
517,
563,
479,
471,
524,
438,
1078,
453,
155,
555,
507,
659,
585,
545,
456,
543,
520,
397,
117,
1159,
358,
153,
238,
265,
1099,
710,
578,
121,
41,
153,
587,
351,
171,
1171,
174,
171,
190,
152,
133,
579,
1153,
1161,
213,
139,
189,
494,
469,
861,
130,
40,
176,
465,
43,
153,
184,
484,
427,
575,
304,
483,
495,
856,
533,
1147,
459,
322,
872,
470,
324,
462,
449,
137,
317,
165,
154,
599,
212,
328,
182,
489,
298,
152,
512,
191,
526,
359,
390,
509,
477,
162,
243,
371,
46,
407,
489,
298,
140,
523,
260,
120,
437,
473,
893,
554,
288,
492,
221,
520,
135,
420,
476,
414,
461,
877,
40,
373,
1183,
143,
440,
169,
343,
410,
1181,
444,
342,
44,
299,
407,
440,
41,
254,
145,
408,
515,
121,
355,
280,
640,
1166,
112,
650,
197,
124,
331,
42,
50,
295,
123,
88,
341,
137,
342,
425,
294,
47,
328,
200,
264,
433,
498,
148,
388,
116,
132,
410,
86,
88,
569,
565,
78,
233,
412,
1208,
576,
343,
277,
428,
1179,
229,
409,
278,
590,
42,
577,
74,
85,
215,
41,
154,
39,
500,
165,
593,
154,
272,
329,
153,
510,
523,
166,
233,
458,
601,
467,
790,
383,
558,
444,
153,
134,
386,
448,
464,
167,
250,
439,
259,
152,
109,
266,
475,
101,
703,
549,
146,
94,
1115,
1128,
419,
334,
216,
345,
246,
176,
1011,
150,
282,
197,
683,
166,
153,
580,
484,
167,
204,
130,
422,
207,
42,
198,
228,
144,
1289,
340,
429,
481,
579,
145,
315,
461,
510,
559,
361,
408,
511,
1151,
449,
147,
315,
375,
437,
312,
500,
347,
173,
160,
504,
337,
1162,
1103,
218,
526,
185,
490,
623,
198,
1103,
163,
612,
559,
55,
48,
367,
172,
149,
483,
256,
208,
1216,
438,
476,
169,
536,
292,
417,
517,
243,
837,
252,
1253,
169,
1308,
174,
1007,
50,
401,
253,
452,
255,
139,
355,
1254,
411,
160,
197,
321,
114,
174,
359,
100,
271,
115,
213,
84,
197,
454,
400,
145,
241,
41,
214,
671,
40,
148,
125,
131,
124,
41,
432,
439,
109,
397,
100,
252,
111,
124,
414,
49,
1207,
97,
76,
91,
1138,
191,
207,
229,
42,
420,
155,
1133,
402,
254,
437,
488,
190,
605,
494,
401,
471,
390,
383,
592,
424,
153,
597,
403,
380,
353,
281,
41,
415,
543,
381,
1379,
441,
346,
444,
582,
41,
456,
125,
519,
124,
233,
599,
450,
340,
135,
87,
385,
236,
152,
122,
157,
180,
124,
689,
489,
156,
427,
134,
618,
142,
178,
176,
476,
156,
806,
481,
370,
568,
1240,
550,
430,
447,
44,
430,
368,
402,
296,
157,
282,
148,
377,
312,
309,
471,
193,
1247,
136,
446,
322,
143,
617,
289,
221,
1089,
441,
308,
305,
149,
359,
142,
344,
206,
106,
550,
254,
570,
41,
187,
448,
1248,
193,
481,
208,
432,
342,
340,
1190,
650,
654,
375,
415,
321,
147,
232,
387,
541,
266,
255,
203,
141,
917,
405,
353,
526,
1306,
102,
39,
423,
217,
320,
96,
311,
188,
392,
196,
1152,
118,
242,
91,
45,
148,
439,
61,
81,
671,
40,
184,
735,
78,
219,
47,
410,
680,
459,
235,
1107,
163,
662,
689,
490,
444,
187,
609,
268,
961,
511,
386,
555,
414,
148,
462,
201,
818,
345,
157,
1242,
349,
447,
434,
157,
424,
1202,
407,
1418,
160,
222,
169,
153,
428,
1294,
153,
421,
551,
40,
1077,
160,
214,
521,
140,
132,
1284,
39,
406,
311,
131,
420,
1299,
1078,
170,
441,
598,
457,
1291,
289,
482,
482,
1243,
504,
355,
162,
629,
459,
297,
630,
298,
243,
189,
221,
204,
171,
310,
423,
334,
177,
330,
363,
622,
1260,
194,
456,
328,
241,
1243,
415,
379,
605,
328,
288,
665,
314,
318,
1272,
404,
406,
267,
368,
140,
181,
644,
258,
251,
1419,
453,
218,
142,
238,
1434,
360,
542,
578,
483,
230,
577,
415,
216,
272,
364,
46,
358,
985,
247,
505,
409,
380,
203,
234,
386,
139,
299,
131,
141,
124,
121,
109,
45,
132,
359,
366,
1108,
108,
120,
206,
225,
101,
50,
170,
87,
84,
761,
188,
1034,
265,
761,
180,
417,
386,
198,
184,
1437,
479,
471,
79,
410,
348,
402,
302,
1324,
675,
172,
1040,
402,
424,
878,
816,
852,
352,
185,
131,
824,
323,
305,
130,
1372,
1235,
246,
115,
931,
38,
124,
144,
1068,
169,
1391,
207,
186,
243,
572,
180,
128,
140,
713,
157,
132,
165,
487,
145,
450,
245,
297,
111,
520,
38,
575,
166,
447,
1393,
441,
705,
344,
365,
641,
562,
653,
367,
363,
187,
381,
333,
358,
301,
401,
141,
366,
490,
300,
193,
1342,
1396,
331,
160,
394,
179,
261,
370,
421,
1467,
198,
354,
590,
355,
440,
376,
306,
417,
659,
352,
510,
398,
1429,
219,
1458,
270,
138,
312,
255,
1195,
207,
123,
378,
358,
41,
39,
46,
216,
112,
41,
131,
525,
82,
307,
124,
122,
245,
522,
86,
47,
1373,
132,
1283,
116,
104,
360,
95,
1313,
148,
99,
239,
384,
296,
760,
85,
234,
198,
236,
247,
79,
179,
174,
1171,
452,
183,
45,
590,
297,
174,
854,
525,
343,
233,
296,
146,
201,
1484,
377,
546,
590,
345,
147,
467,
198,
350,
588,
579,
431,
1301,
36,
494,
429,
137,
107,
587,
352,
950,
95,
480,
837,
121,
365,
826,
811,
911,
62,
165,
754,
194,
150,
107,
38,
537,
360,
139,
379,
333,
581,
511,
759,
543,
508,
520,
1486,
524,
435,
757,
1486,
399,
691,
518,
332,
342,
158,
304,
1313,
421,
652,
742,
43,
738,
812,
330,
313,
1068,
1353,
176,
321,
742,
147,
315,
837,
106,
1273,
1350,
306,
375,
308,
405,
432,
322,
608,
371,
175,
1335,
44,
1331,
497,
111,
519,
43,
405,
363,
495,
188,
1411,
37,
764,
325,
535,
311,
282,
300,
249,
463,
39,
352,
332,
505,
1014,
261,
120,
428,
277,
154,
490,
345,
360,
1116,
226,
48,
80,
40,
168,
161,
62,
131,
373,
1515,
353,
80,
337,
438,
39,
298,
47,
248,
207,
841,
674,
38,
845,
71,
634,
52,
79,
919,
1566,
42,
213,
820,
487,
41,
222,
587,
505,
175,
47,
1381,
167,
280,
438,
429,
39,
424,
1320,
611,
617,
352,
1060,
194,
37,
864,
922,
130,
335,
599,
151,
139,
325,
1369,
78,
595,
161,
177,
1301,
334,
177,
211,
206,
332,
121,
1518,
170,
193,
197,
905,
520,
332,
574,
408,
475,
50,
152,
473,
147,
1259,
745,
430,
416,
573,
516,
548,
327,
276,
346,
484,
331,
833,
1219,
42,
302,
389,
441,
274,
198,
1419,
349,
1534,
427,
344,
332,
557,
325,
598,
187,
330,
1133,
1523,
219,
489,
399,
137,
302,
740,
219,
109,
420,
271,
244,
322,
288,
391,
161,
406,
240,
564,
181,
1503,
138,
477,
191,
307,
509,
651,
482,
241,
780,
395,
1328,
392,
306,
266,
47,
558,
133,
42,
349,
236,
1088,
451,
153,
383,
58,
285,
282,
156,
107,
376,
340,
215,
121,
397,
427,
553,
48,
337,
47,
1452,
120,
40,
1463,
238,
51,
370,
104,
1485,
229,
38,
54,
857,
208,
82,
313,
288,
40,
864,
72,
322,
856,
257,
83,
457,
247,
76,
152,
583,
676,
502,
40,
649,
629,
373,
593,
305,
599,
1035,
500,
312,
299,
1051,
410,
644,
493,
593,
144,
506,
312,
638,
908,
553,
538,
490,
304,
152,
1210,
531,
1012,
516,
245,
44,
489,
237,
1222,
159,
585,
143,
183,
115,
154,
578,
135,
219,
149,
178,
497,
445,
178,
143,
464,
177,
740,
174,
129,
448,
1481,
178,
302,
444,
1454,
507,
465,
1306,
337,
38,
175,
574,
404,
692,
409,
186,
1150,
593,
1242,
420,
267,
369,
514,
192,
1222,
611,
418,
365,
177,
417,
250,
1242,
158,
566,
376,
1143,
114,
182,
166,
495,
569,
145,
1413,
137,
352,
402,
460,
44,
512,
169,
394,
530,
597,
207,
273,
205,
467,
614,
168,
371,
1606,
40,
286,
233,
219,
1340,
245,
315,
239,
1244,
1340,
45,
224,
362,
428,
44,
362,
503,
227,
39,
237,
404,
66,
545,
565,
502,
89,
65,
364,
98,
47,
115,
399,
354,
935,
137,
236,
940,
385,
47,
45,
933,
422,
937,
43,
79,
930,
371,
935,
864,
923,
356,
228,
856,
864,
852,
179,
158,
249,
1374,
1371,
554,
46,
686,
507,
727,
504,
1383,
517,
192,
645,
1208,
1245,
516,
806,
501,
421,
663,
1395,
625,
388,
193,
1243,
595,
427,
39,
375,
395,
133,
372,
277,
118,
293,
130,
302,
189,
40,
214,
126,
488,
158,
215,
150,
470,
408,
428,
239,
481,
150,
875,
42,
302,
366,
594,
1518,
459,
1401,
502,
692,
1264,
96,
562,
39,
524,
501,
279,
1300,
379,
1544,
468,
523,
640,
486,
238,
985,
386,
224,
189,
337,
504,
349,
173,
215,
460,
115,
496,
345,
355,
157,
231,
447,
517,
969,
334,
236,
182,
447,
407,
237,
461,
253,
282,
424,
636,
145,
473,
149,
210,
179,
238,
342,
150,
44,
161,
464,
176,
612,
105,
107,
315,
1603,
544,
466,
471,
431,
283,
1688,
126,
562,
247,
423,
351,
1540,
139,
92,
806,
404,
1503,
43,
364,
495,
187,
368,
352,
390,
525,
144,
106,
351,
125,
91,
488,
241,
137,
68,
120,
139,
82,
426,
37,
827,
862,
93,
932,
277,
125,
1552,
848,
111,
228,
1637,
251,
250,
274,
856,
263,
44,
43,
225,
197,
253,
42,
1361,
281,
80,
88,
648,
249,
202,
724,
190,
333,
646,
417,
1311,
830,
284,
1456,
239,
408,
579,
644,
1366,
188,
586,
1123,
583,
42,
632,
1305,
117,
976,
36,
166,
257,
169,
1036,
242,
692,
559,
402,
1478,
521,
151,
642,
205,
155,
43,
1484,
487,
1088,
496,
221,
428,
437,
287,
113,
185,
374,
481,
1425,
423,
732,
643,
450,
328,
474,
395,
385,
491,
171,
612,
366,
375,
273,
425,
277,
163,
1516,
512,
195,
456,
415,
164,
207,
146,
352,
507,
283,
255,
145,
460,
561,
603,
173,
50,
262,
41,
395,
320,
309,
635,
418,
190,
1594,
469,
255,
284,
115,
646,
281,
266,
43,
234,
221,
273,
145,
43,
41,
349,
1618,
272,
309,
301,
348,
511,
94,
105,
118,
1624,
416,
221,
259,
48,
1097,
248,
45,
173,
249,
44,
250,
41,
191,
79,
220,
240,
509,
202,
1707,
182,
250,
157,
1190,
156,
211,
818,
358,
599,
40,
1135,
1345,
144,
585,
386,
317,
474,
268,
239,
593,
173,
133,
238,
495,
361,
273,
629,
328,
492,
41,
539,
1531,
172,
367,
652,
676,
238,
41,
413,
168,
395,
464,
1393,
387,
176,
121,
1664,
339,
444,
1554,
239,
236,
639,
1696,
197,
1117,
153,
174,
438,
1134,
231,
614,
378,
154,
41,
1586,
340,
38,
511,
128,
708,
171,
1409,
122,
290,
537,
608,
507,
1394,
250,
163,
433,
618,
334,
433,
389,
577,
229,
351,
1670,
353,
1390,
439,
205,
207,
44,
529,
285,
467,
1499,
215,
572,
432,
1508,
384,
45,
404,
525,
213,
47,
388,
169,
355,
1583,
549,
525,
154,
212,
429,
379,
169,
286,
193,
1629,
578,
194,
230,
155,
277,
324,
226,
506,
46,
112,
132,
256,
514,
288,
253,
507,
490,
189,
205,
210,
501,
214,
37,
364,
195,
152,
337,
336,
253,
546,
139,
263,
292,
110,
680,
220,
321,
315,
424,
1390,
103,
557,
1432,
119,
75,
317,
426,
107,
1726,
125,
76,
1732,
263,
57,
94,
122,
43,
1018,
249,
41,
935,
83,
226,
1019,
949,
933,
937,
195,
253,
935,
236,
194,
48,
928,
166,
41,
230,
174,
154,
1070,
361,
656,
172,
664,
652,
630,
422,
43,
624,
154,
235,
459,
186,
674,
604,
365,
76,
226,
1123,
440,
1094,
234,
417,
448,
831,
699,
1044,
603,
38,
664,
617,
889,
216,
145,
102,
381,
392,
1180,
268,
166,
1120,
194,
536,
151,
126,
231,
235,
227,
419,
153,
225,
357,
540,
415,
532,
496,
321,
280,
1315,
227,
386,
522,
563,
157,
508,
579,
314,
182,
432,
184,
554,
180,
287,
348,
184,
486,
515,
423,
608,
303,
228,
150,
397,
163,
338,
252,
1721,
269,
272,
229,
552,
157,
234,
557,
113,
45,
151,
623,
281,
44,
210,
494,
335,
159,
174,
281,
827,
476,
618,
169,
628,
568,
1688,
141,
1692,
327,
1668,
562,
325,
1812,
335,
121,
116,
1609,
690,
336,
102,
176,
288,
1620,
486,
143,
374,
298,
1618,
126,
137,
65,
1624,
455,
53,
80,
124,
439,
118,
110,
40,
1642,
838,
411,
113,
920,
461,
44,
253,
146,
431,
133,
838,
848,
762,
844,
84,
88,
829,
742,
221,
79,
663,
229,
933,
156,
642,
46,
485,
824,
483,
259,
164,
1464,
295,
128,
447,
427,
156,
177,
801,
143,
981,
1427,
499,
315,
43,
817,
827,
221,
388,
480,
140,
421,
486,
1787,
484,
76,
139,
1519,
409,
219,
1418,
1667,
1094,
123,
585,
83,
118,
1583,
1184,
157,
44,
1599,
668,
197,
118,
88,
1396,
43,
641,
512,
283,
598,
160,
582,
1686,
530,
1603,
169,
223,
307,
522,
314,
1863,
270,
312,
703,
597,
431,
378,
225,
188,
256,
194,
485,
791,
456,
452,
143,
565,
145,
441,
423,
149,
225,
347,
122,
598,
255,
41,
543,
175,
177,
512,
226,
100,
452,
128,
270,
534,
362,
737,
365,
580,
137,
135,
723,
317,
352,
38,
338,
784,
331,
207,
163,
120,
328,
149,
718,
1816,
332,
474,
260,
1489,
299,
1571,
302,
422,
1568,
1391,
222,
44,
315,
86,
158,
1557,
74,
86,
359,
1736,
480,
109,
39,
98,
578,
84,
447,
754,
753,
455,
429,
253,
752,
749,
44,
466,
168,
45,
39,
675,
742,
134,
262,
236,
217,
1214,
225,
40,
234,
1889,
205,
174,
216,
282,
1426,
1842,
705,
95,
185,
234,
219,
698,
1735,
49,
688,
677,
163,
161,
484,
45,
476,
489,
413,
144,
1005,
143,
427,
280,
159,
1851,
800,
1290,
120,
182,
109,
1576,
1132,
128,
1761,
310,
38,
243,
166,
202,
183,
551,
585,
190,
141,
1122,
552,
586,
140,
550,
302,
234,
573,
245,
515,
613,
526,
193,
240,
1088,
248,
257,
294,
648,
131,
246,
689,
142,
540,
625,
417,
128,
288,
40,
229,
573,
208,
539,
176,
476,
192,
223,
435,
209,
185,
1785,
246,
138,
301,
706,
161,
169,
623,
1801,
256,
275,
675,
551,
352,
1636,
41,
187,
515,
356,
1781,
505,
1981,
1772,
144,
501,
101,
488,
1717,
378,
535,
355,
1570,
40,
374,
347,
96,
331,
310,
448,
1677,
151,
45,
100,
453,
78,
100,
42,
107,
96,
279,
81,
107,
102,
753,
43,
87,
757,
61,
750,
44,
744,
95,
1461,
755,
213,
81,
209,
160,
199,
1723,
1044,
1491,
495,
1082,
503,
515,
1439,
257,
137,
292,
441,
619,
662,
631,
247,
700,
418,
245,
629,
491,
524,
491,
44,
178,
175,
657,
490,
407,
1031,
400,
498,
101,
391,
1827,
1122,
1844,
199,
1903,
1715,
168,
152,
78,
196,
190,
1554,
668,
212,
209,
146,
148,
578,
1687,
46,
197,
306,
552,
111,
520,
1488,
246,
1728,
1594,
246,
403,
288,
657,
728,
1686,
410,
631,
1022,
666,
257,
554,
262,
212,
246,
581,
1511,
474,
43,
609,
439,
635,
584,
194,
213,
717,
439,
235,
178,
197,
551,
1698,
510,
148,
1249,
144,
601,
182,
160,
244,
650,
187,
275,
654,
1608,
48,
163,
551,
575,
457,
224,
204,
37,
555,
598,
107,
529,
137,
1812,
553,
387,
489,
423,
310,
504,
1261,
39,
265,
323,
529,
252,
405,
38,
327,
268,
303,
1305,
460,
97,
103,
328,
108,
481,
1841,
43,
251,
518,
1287,
325,
97,
42,
95,
40,
75,
81,
440,
752,
748,
737,
752,
457,
750,
197,
209,
222,
195,
201,
207,
150,
611,
176,
143,
168,
136,
272,
43,
209,
642,
590,
235,
357,
777,
1516,
180,
668,
595,
426,
942,
338,
195,
425,
618,
165,
134,
692,
1132,
1781,
115,
965,
653,
618,
932,
203,
42,
657,
1680,
264,
204,
39,
316,
1416,
164,
150,
161,
477,
53,
213,
1761,
167,
173,
263,
162,
134,
701,
1572,
734,
777,
1591,
555,
215,
483,
43,
597,
1688,
1707,
1129,
576,
314,
294,
397,
38,
266,
1588,
1184,
412,
333,
597,
254,
284,
381,
632,
685,
1774,
211,
208,
152,
219,
225,
654,
264,
190,
511,
423,
201,
188,
275,
468,
145,
286,
642,
1710,
1581,
461,
180,
243,
267,
166,
695,
185,
358,
1963,
262,
267,
571,
1500,
151,
597,
420,
158,
393,
381,
132,
586,
352,
409,
381,
120,
564,
412,
491,
318,
233,
282,
281,
151,
432,
406,
145,
145,
46,
128,
45,
512,
97,
81,
43,
130,
322,
758,
735,
353,
147,
42,
354,
125,
761,
472,
495,
491,
758,
754,
224,
1926,
761,
430,
76,
272,
307,
2047,
941,
186,
357,
220,
75,
1018,
651,
616,
190,
1361,
932,
607,
425,
165,
595,
296,
1623,
645,
627,
598,
422,
116,
1608,
1536,
540,
505,
589,
127,
1858,
503,
483,
48,
45,
1948,
539,
38,
986,
492,
439,
800,
140,
1609,
184,
139,
1782,
131,
1580,
1264,
204,
117,
638,
308,
785,
166,
159,
564,
199,
54,
1670,
515,
665,
235,
1736,
385,
294,
663,
906,
521,
596,
217,
651,
1680,
2129,
544,
292,
743,
521,
1821,
633,
279,
213,
254,
515,
441,
1327,
179,
470,
1604,
164,
202,
481,
284,
147,
506,
269,
45,
643,
145,
125,
1612,
632,
284,
432,
418,
190,
178,
377,
228,
205,
665,
282,
1427,
527,
641,
261,
351,
757,
46,
44,
133,
555,
151,
261,
276,
448,
390,
392,
38,
150,
86,
285,
355,
1975,
292,
254,
586,
81,
402,
436,
80,
57,
86,
393,
118,
39,
356,
485,
349,
116,
365,
749,
582,
241,
752,
749,
717,
1640,
321,
344,
48,
1358,
41,
223,
202,
342,
198,
241,
43,
481,
204,
239,
243,
181,
201,
1658,
1366,
301,
664,
98,
600,
654,
507,
642,
318,
328,
241,
504,
428,
1557,
520,
592,
497,
1638,
1561,
181,
1555,
584,
591,
676,
505,
944,
605,
599,
133,
440,
1688,
940,
300,
848,
496,
1154,
43,
198,
170,
39,
1431,
154,
180,
1214,
124,
542,
224,
1590,
702,
1496,
522,
207,
186,
208,
600,
116,
492,
147,
167,
383,
38,
655,
232,
625,
332,
435,
295,
645,
248,
453,
259,
548,
695,
532,
504,
711,
537,
157,
250,
215,
134,
280,
383,
582,
579,
469,
249,
487,
211,
239,
371,
129,
161,
536,
216,
932,
161,
841,
1704,
139,
641,
267,
406,
852,
179,
259,
48,
1686,
1856,
380,
634,
146,
191,
800,
1242,
417,
114,
1677,
332,
162,
598,
590,
643,
42,
675,
396,
168,
1993,
204,
300,
41,
1639,
378,
303,
151,
103,
1810,
220,
43,
371,
265,
165,
56,
41,
109,
160,
76,
134,
110,
135,
102,
213,
71,
84,
38,
43,
178,
170,
167,
264,
300,
617,
242,
203,
155,
74,
575,
582,
579,
556,
292,
519,
419,
1340,
1845,
241,
517,
199,
186,
411,
873,
241,
1653,
1127,
517,
187,
553,
844,
51,
1681,
519,
231,
158,
2007,
230,
505,
130,
634,
1090,
239,
153,
88,
529,
126,
540,
705,
1114,
132,
187,
165,
1246,
849,
205,
1188,
948,
433,
38,
1961,
370,
692,
2256,
264,
589,
1111,
711,
175,
303,
36,
679,
1278,
232,
270,
513,
174,
620,
890,
372,
581,
501,
442,
210,
554,
217,
1338,
756,
234,
180,
1707,
183,
371,
727,
190,
1955,
296,
617,
478,
660,
159,
205,
197,
680,
884,
189,
762,
478,
210,
191,
187,
665,
267,
168,
152,
144,
822,
530,
155,
1724,
204,
426,
119,
43,
536,
639,
271,
222,
1642,
43,
51,
609,
523,
1715,
360,
309,
42,
423,
38,
402,
340,
288,
1873,
155,
364,
428,
1652,
239,
132,
39,
403,
126,
404,
123,
38,
427,
114,
365,
45,
43,
150,
39,
108,
395,
85,
386,
131,
361,
39,
759,
840,
446,
38,
845,
39,
587,
1670,
845,
215,
1378,
218,
598,
491,
488,
1371,
218,
487,
650,
420,
564,
428,
1240,
125,
534,
87,
409,
530,
418,
1553,
534,
473,
481,
415,
141,
1597,
491,
159,
480,
488,
224,
134,
158,
2032,
94,
635,
1100,
466,
1033,
1142,
42,
43,
960,
1141,
426,
411,
906,
268,
1211,
831,
173,
265,
721,
1118,
230,
252,
901,
174,
210,
1762,
1134,
187,
163,
700,
41,
1647,
351,
774,
564,
1759,
795,
572,
147,
1642,
970,
510,
256,
322,
137,
1420,
219,
472,
485,
533,
1622,
753,
482,
188,
706,
901,
501,
207,
203,
314,
408,
1612,
140,
480,
1590,
185,
184,
157,
98,
44,
143,
551,
903,
333,
264,
1889,
183,
231,
191,
502,
100,
842,
1611,
164,
45,
386,
1935,
199,
42,
808,
1616,
838,
568,
179,
293,
179,
47,
368,
286,
138,
298,
706,
141,
219,
187,
660,
376,
49,
394,
1620,
622,
404,
667,
375,
430,
431,
1217,
125,
176,
84,
137,
131,
375,
431,
2092,
239,
150,
843,
1640,
46,
850,
44,
79,
408,
207,
254,
242,
217,
214,
478,
193,
147,
193,
145,
142,
437,
863,
597,
525,
176,
513,
71,
410,
487,
648,
104,
651,
71,
930,
470,
487,
472,
41,
707,
142,
1316,
464,
145,
438,
503,
478,
448,
109,
240,
134,
146,
205,
86,
130,
138,
140,
177,
1657,
895,
640,
741,
992,
163,
142,
366,
1757,
130,
934,
528,
913,
38,
137,
781,
1309,
45,
214,
488,
685,
206,
542,
400,
139,
694,
405,
418,
439,
573,
569,
189,
283,
532,
2364,
190,
398,
535,
614,
478,
504,
568,
182,
331,
706,
191,
512,
195,
44,
685,
1855,
621,
154,
194,
660,
271,
323,
232,
2372,
458,
1824,
711,
884,
169,
675,
45,
483,
311,
1639,
531,
599,
304,
408,
832,
521,
633,
108,
236,
41,
548,
716,
277,
85,
202,
138,
273,
43,
155,
42,
75,
1818,
38,
1775,
51,
313,
102,
36,
146,
1979,
437,
109,
558,
1930,
67,
107,
1754,
276,
46,
406,
369,
39,
257,
99,
44,
370,
88,
637,
355,
82,
926,
80,
517,
931,
926,
923,
48,
239,
919,
856,
665,
651,
597,
476,
857,
89,
183,
852,
423,
855,
430,
403,
1005,
847,
139,
852,
41,
205,
80,
776,
127,
411,
1335,
1687,
181,
338,
101,
335,
769,
105,
1654,
1433,
151,
326,
184,
428,
145,
1860,
479,
463,
768,
765,
510,
432,
160,
471,
2154,
1647,
503,
1654,
470,
703,
584,
626,
2134,
152,
2079,
604,
457,
701,
332,
328,
149,
119,
145,
325,
942,
136,
118,
170,
127,
2364,
148,
171,
711,
170,
215,
147,
617,
657,
492,
370,
584,
586,
275,
413,
874,
405,
1016,
304,
427,
147,
451,
704,
453,
541,
455,
668,
480,
872,
396,
435,
549,
647,
198,
149,
1610,
156,
743,
508,
219,
213,
105,
585,
192,
546,
191,
150,
449,
776,
1623,
785,
163,
761,
332,
214,
229,
677,
251,
533,
151,
218,
47,
172,
830,
573,
699,
396,
1697,
1774,
280,
223,
169,
580,
699,
248,
291,
908,
41,
414,
1105,
331,
363,
257,
534,
282,
374,
132,
1888,
544,
233,
42,
842,
1980,
112,
41,
94,
40,
412,
70,
1811,
131,
130,
2237,
146,
39,
421,
315,
265,
67,
108,
228,
383,
105,
228,
44,
114,
97,
40,
77,
56,
421,
83,
317,
46,
194,
211,
230,
630,
468,
260,
758,
216,
216,
1737,
169,
397,
154,
102,
395,
85,
173,
1155,
136,
1941,
201,
1540,
497,
2143,
657,
325,
557,
505,
446,
317,
1535,
143,
606,
261,
317,
111,
846,
40,
1271,
348,
40,
821,
160,
1591,
1682,
2446,
194,
1673,
198,
1227,
294,
1840,
44,
956,
763,
705,
43,
732,
43,
284,
41,
164,
710,
829,
215,
229,
557,
544,
223,
43,
612,
389,
573,
210,
221,
223,
163,
367,
159,
754,
651,
174,
826,
154,
1895,
188,
1683,
592,
203,
227,
771,
147,
285,
586,
359,
1668,
118,
222,
162,
829,
982,
314,
539,
718,
691,
294,
1645,
510,
439,
930,
1965,
324,
764,
1868,
672,
1713,
932,
119,
135,
451,
537,
335,
283,
709,
88,
36,
799,
423,
157,
299,
558,
100,
519,
219,
446,
396,
155,
129,
373,
451,
113,
38,
415,
625,
388,
103,
112,
514,
569,
145,
85,
140,
45,
44,
367,
44,
84,
82,
448,
42,
226,
41,
405,
76,
42,
613,
2260,
570,
194,
236,
530,
250,
86,
241,
1539,
246,
184,
391,
216,
204,
231,
1524,
201,
220,
614,
187,
1116,
552,
772,
467,
150,
222,
656,
476,
593,
579,
399,
124,
549,
397,
158,
600,
717,
531,
835,
389,
187,
351,
1037,
340,
972,
412,
664,
155,
348,
477,
43,
1113,
123,
1117,
694,
353,
159,
887,
286,
178,
107,
189,
156,
166,
895,
472,
172,
134,
720,
174,
945,
160,
435,
744,
641,
509,
611,
463,
734,
443,
162,
1060,
219,
696,
845,
314,
167,
43,
168,
160,
519,
200,
165,
1786,
152,
1593,
579,
186,
505,
184,
293,
270,
651,
470,
217,
1785,
476,
246,
739,
1074,
269,
1699,
630,
522,
44,
311,
886,
150,
801,
2060,
281,
700,
796,
631,
1700,
312,
827,
45,
331,
1927,
157,
796,
1576,
43,
754,
2531,
44,
864,
292,
385,
301,
1628,
325,
247,
643,
43,
211,
1702,
144,
1688,
1629,
130,
746,
1717,
50,
341,
138,
524,
502,
300,
369,
92,
89,
1314,
422,
145,
40,
83,
333,
67,
353,
438,
62,
39,
213,
426,
57,
235,
1003,
934,
84,
102,
405,
855,
933,
853,
567,
169,
861,
852,
477,
184,
505,
847,
208,
224,
820,
1043,
1105,
603,
866,
854,
41,
410,
769,
377,
766,
148,
280,
923,
597,
761,
610,
749,
904,
209,
697,
772,
765,
688,
253,
400,
45,
587,
212,
521,
344,
670,
338,
337,
544,
581,
45,
536,
1844,
1688,
555,
2317,
38,
2363,
416,
1366,
523,
724,
518,
161,
337,
157,
39,
37,
194,
1070,
717,
1926,
791,
730,
1057,
1897,
154,
878,
36,
497,
462,
1175,
458,
872,
743,
449,
489,
153,
218,
508,
761,
327,
727,
760,
738,
430,
1675,
173,
184,
363,
519,
1173,
883,
146,
455,
380,
620,
181,
819,
143,
244,
280,
154,
1703,
198,
43,
1078,
281,
780,
291,
547,
143,
140,
391,
181,
2136,
123,
1185,
160,
218,
156,
575,
164,
655,
174,
1596,
737,
856,
301,
1531,
479,
197,
121,
134,
399,
129,
185,
241,
120,
113,
549,
118,
97,
430,
60,
109,
374,
379,
749,
473,
409,
42,
83,
43,
55,
754,
751,
79,
676,
39,
238,
228,
578,
585,
575,
629,
210,
387,
498,
584,
575,
1262,
492,
602,
402,
194,
495,
396,
729,
1649,
157,
1300,
577,
390,
905,
1248,
610,
523,
329,
546,
519,
511,
1611,
747,
342,
680,
167,
1122,
696,
1560,
509,
335,
1571,
155,
1268,
145,
139,
151,
592,
1139,
170,
124,
723,
148,
532,
168,
685,
1664,
180,
623,
46,
896,
188,
705,
43,
37,
469,
147,
42,
1617,
930,
136,
498,
801,
395,
225,
379,
770,
698,
773,
264,
742,
367,
757,
190,
200,
686,
1003,
620,
1655,
1708,
728,
284,
648,
659,
667,
92,
730,
1647,
203,
723,
1661,
505,
172,
925,
159,
147,
987,
253,
842,
362,
327,
758,
224,
256,
761,
321,
476,
315,
383,
452,
1251,
44,
265,
938,
616,
51,
726,
1179,
140,
495,
734,
1912,
127,
784,
542,
279,
460,
1924,
319,
107,
145,
506,
359,
128,
447,
2699,
1238,
138,
39,
406,
120,
99,
119,
1719,
443,
119,
338,
114,
96,
108,
93,
516,
605,
117,
493,
90,
41,
50,
107,
413,
84,
81,
277,
458,
176,
257,
372,
226,
1038,
240,
212,
231,
226,
171,
40,
206,
921,
2429,
1617,
202,
2312,
2374,
524,
616,
221,
405,
1585,
760,
127,
2504,
401,
395,
691,
717,
492,
621,
383,
702,
1653,
150,
388,
904,
136,
482,
543,
92,
432,
227,
577,
453,
829,
588,
971,
573,
1152,
895,
734,
790,
240,
87,
209,
186,
831,
1108,
39,
189,
966,
776,
202,
167,
767,
161,
182,
705,
757,
154,
793,
1777,
968,
1327,
352,
409,
732,
765,
783,
1137,
365,
1235,
167,
350,
725,
186,
1947,
1010,
666,
291,
154,
946,
692,
182,
673,
854,
1800,
551,
208,
141,
779,
724,
1693,
715,
167,
299,
275,
195,
961,
276,
939,
154,
261,
1693,
674,
48,
232,
1731,
275,
518,
1439,
667,
157,
116,
907,
188,
157,
302,
146,
733,
333,
972,
1780,
818,
1792,
726,
576,
720,
292,
982,
340,
280,
257,
179,
724,
366,
254,
646,
65,
733,
40,
603,
454,
117,
82,
74,
144,
157,
117,
116,
140,
378,
105,
1065,
118,
86,
418,
221,
85,
40,
35,
80,
361,
73,
1560,
513,
356,
175,
83,
370,
194,
1372,
1038,
207,
376,
1090,
405,
601,
760,
68,
126,
1119,
37,
393,
805,
333,
74,
165,
332,
709,
527,
615,
767,
404,
538,
1970,
113,
340,
1756,
417,
678,
645,
975,
163,
324,
330,
162,
158,
2407,
458,
904,
490,
92,
245,
623,
231,
265,
159,
174,
691,
786,
403,
158,
1140,
763,
1745,
967,
171,
1110,
688,
1021,
732,
512,
164,
1765,
1754,
157,
691,
1154,
778,
417,
516,
1013,
1773,
610,
301,
153,
765,
296,
43,
652,
480,
644,
343,
1512,
1689,
623,
327,
738,
1026,
639,
415,
311,
1750,
749,
155,
591,
216,
1577,
126,
523,
714,
820,
357,
188,
999,
300,
661,
663,
741,
184,
146,
393,
1660,
1145,
361,
742,
659,
172,
725,
161,
159,
429,
204,
236,
2945,
253,
288,
2851,
971,
716,
208,
42,
742,
390,
217,
187,
381,
188,
90,
186,
2635,
619,
377,
367,
669,
691,
1669,
248,
854,
399,
1920,
2917,
1535,
769,
465,
120,
254,
499,
492,
267,
652,
109,
380,
257,
109,
200,
41,
1117,
684,
441,
82,
41,
75,
746,
718,
76,
565,
45,
671,
655,
42,
637,
667,
181,
680,
660,
243,
166,
198,
201,
673,
668,
204,
199,
173,
673,
602,
682,
607,
1640,
608,
629,
598,
564,
612,
602,
1170,
647,
281,
377,
415,
399,
614,
640,
598,
326,
592,
1757,
731,
328,
596,
81,
107,
343,
587,
1749,
203,
716,
165,
583,
267,
401,
201,
94,
529,
43,
1737,
54,
580,
616,
1064,
201,
148,
2494,
2935,
346,
516,
189,
1693,
528,
148,
619,
879,
700,
331,
141,
329,
1075,
648,
133,
188,
198,
843,
43,
254,
278,
166,
1687,
1059,
157,
796,
231,
786,
142,
145,
177,
324,
143,
684,
1093,
675,
361,
214,
1033,
640,
555,
44,
40,
719,
38,
205,
144,
353,
231,
1861,
815,
692,
692,
282,
325,
349,
719,
721,
541,
307,
805,
1131,
175,
552,
736,
401,
136,
699,
777,
180,
524,
228,
622,
673,
582,
114,
577,
549,
633,
642,
222,
164,
985,
203,
455,
166,
219,
861,
461,
316,
173,
575,
149,
431,
312,
741,
40,
496,
533,
287,
1801,
459,
1770,
1269,
304,
282,
534,
516,
1718,
41,
276,
308,
156,
100,
40,
1584,
467,
572,
459,
329,
127,
41,
1665,
165,
388,
595,
136,
447,
356,
178,
628,
482,
121,
249,
192,
703,
363,
48,
109,
158,
276,
432,
100,
61,
389,
98,
80,
93,
87,
575,
662,
571,
396,
653,
589,
251,
1650,
239,
91,
149,
227,
179,
240,
208,
1670,
1665,
396,
179,
78,
242,
196,
148,
338,
645,
600,
384,
946,
240,
388,
80,
622,
672,
547,
748,
542,
631,
380,
1300,
512,
691,
796,
865,
578,
683,
326,
250,
336,
212,
322,
144,
1763,
2479,
445,
696,
945,
689,
587,
250,
843,
313,
1873,
2731,
823,
2547,
142,
47,
139,
1467,
157,
771,
1758,
2673,
141,
39,
133,
520,
43,
533,
894,
232,
1181,
440,
133,
791,
142,
39,
183,
745,
935,
1586,
202,
695,
782,
1511,
454,
413,
573,
607,
450,
1743,
42,
626,
1751,
39,
434,
185,
140,
587,
1097,
718,
395,
986,
440,
44,
316,
205,
619,
207,
562,
950,
541,
626,
993,
616,
678,
364,
140,
209,
177,
218,
513,
329,
277,
1190,
568,
199,
673,
417,
174,
379,
198,
729,
164,
173,
42,
760,
174,
345,
1120,
327,
171,
2585,
1098,
1133,
506,
309,
253,
661,
503,
682,
784,
248,
305,
485,
1034,
658,
190,
247,
162,
1888,
184,
848,
240,
1088,
424,
284,
579,
244,
267,
858,
377,
644,
511,
373,
1833,
152,
1725,
462,
725,
680,
512,
107,
140,
37,
362,
74,
134,
137,
209,
640,
264,
128,
652,
137,
98,
264,
402,
554,
109,
67,
496,
494,
504,
86,
504,
50,
210,
83,
488,
93,
576,
56,
483,
487,
140,
44,
45,
379,
84,
50,
485,
923,
45,
501,
336,
195,
1129,
123,
144,
240,
851,
86,
130,
747,
178,
794,
1707,
172,
920,
1508,
38,
656,
1825,
174,
768,
172,
932,
1814,
170,
813,
209,
152,
1786,
837,
524,
147,
475,
40,
151,
39,
1170,
129,
1093,
316,
279,
1497,
812,
272,
169,
364,
1620,
1027,
314,
283,
584,
190,
229,
834,
214,
203,
1242,
167,
202,
140,
1235,
200,
974,
178,
880,
215,
1593,
190,
146,
497,
881,
195,
204,
875,
161,
209,
1787,
143,
513,
480,
1761,
1533,
44,
744,
956,
597,
626,
610,
1000,
1205,
266,
127,
113,
228,
40,
455,
151,
3000,
158,
384,
528,
636,
343,
367,
318,
327,
48,
285,
124,
182,
332,
435,
445,
122,
260,
227,
121,
41,
480,
48,
510,
123,
416,
96,
121,
102,
553,
281,
501,
2622,
560,
556,
515,
502,
553,
506,
74,
103,
497,
579,
76,
160,
546,
214,
488,
209,
502,
409,
145,
47,
202,
495,
221,
156,
467,
642,
757,
680,
500,
669,
220,
407,
135,
628,
759,
679,
96,
1569,
495,
624,
873,
668,
215,
1688,
1666,
397,
403,
330,
337,
344,
711,
343,
2527,
1027,
865,
815,
2569,
1275,
216,
1108,
687,
1061,
1366,
3087,
216,
163,
153,
772,
98,
201,
889,
217,
880,
972,
178,
177,
39,
46,
519,
831,
1220,
497,
213,
951,
257,
1862,
170,
1134,
574,
186,
797,
716,
689,
872,
709,
849,
284,
272,
560,
687,
836,
926,
323,
1595,
46,
1791,
144,
633,
796,
704,
459,
1236,
1888,
781,
1073,
364,
1679,
453,
1630,
1309,
314,
320,
235,
886,
411,
1560,
294,
1612,
1788,
467,
342,
39,
319,
297,
499,
329,
524,
395,
222,
267,
146,
389,
42,
286,
129,
635,
236,
2652,
95,
127,
703,
114,
442,
124,
43,
96,
130,
60,
82,
720,
116,
51,
45,
90,
58,
76,
195,
173,
189,
181,
228,
781,
201,
408,
703,
41,
665,
613,
676,
897,
392,
493,
364,
398,
369,
340,
1817,
782,
510,
498,
107,
1074,
408,
226,
622,
2629,
595,
546,
186,
404,
221,
540,
219,
873,
523,
217,
521,
378,
923,
709,
194,
267,
251,
799,
217,
204,
205,
653,
209,
814,
43,
952,
348,
507,
643,
160,
50,
808,
651,
218,
738,
1227,
1857,
375,
261,
923,
194,
1173,
617,
41,
1815,
1333,
255,
43,
153,
1222,
264,
245,
690,
1208,
166,
1019,
289,
181,
296,
866,
1824,
194,
1208,
630,
1012,
246,
783,
273,
266,
279,
167,
241,
644,
725,
587,
279,
297,
249,
249,
517,
154,
266,
856,
533,
1780,
1684,
207,
169,
1070,
518,
266,
883,
846,
195,
1772,
239,
178,
1710,
867,
162,
193,
871,
939,
502,
342,
226,
1746,
340,
1751,
565,
648,
41,
39,
330,
376,
215,
359,
231,
297,
41,
290,
1627,
2052,
202,
131,
461,
376,
42,
37,
120,
516,
38,
118,
135,
116,
39,
130,
121,
96,
89,
386,
561,
75,
98,
664,
3374,
659,
42,
40,
657,
664,
1665,
192,
170,
244,
146,
212,
1283,
240,
652,
207,
284,
223,
255,
1130,
413,
1354,
417,
275,
102,
168,
412,
426,
410,
1649,
274,
399,
279,
394,
927,
728,
76,
256,
1242,
1837,
163,
566,
162,
210,
628,
991,
592,
962,
428,
883,
569,
196,
817,
629,
1233,
203,
339,
980,
997,
811,
442,
897,
160,
792,
884,
200,
821,
428,
422,
206,
320,
607,
937,
457,
828,
215,
943,
606,
654,
257,
595,
800,
700,
708,
164,
588,
944,
807,
418,
1952,
679,
39,
1151,
346,
165,
271,
1175,
842,
1141,
894,
527,
211,
195,
185,
946,
421,
199,
703,
362,
182,
930,
1129,
1183,
178,
323,
339,
811,
1311,
1534,
482,
659,
234,
1354,
181,
230,
1177,
261,
816,
529,
143,
1704,
1100,
42,
180,
218,
774,
1095,
133,
100,
387,
171,
133,
72,
518,
3283,
57,
443,
117,
107,
1648,
732,
119,
400,
94,
99,
427,
103,
686,
406,
76,
659,
264,
415,
573,
568,
584,
573,
445,
580,
410,
194,
511,
134,
564,
641,
672,
507,
423,
80,
511,
1469,
913,
506,
232,
501,
429,
711,
661,
505,
667,
672,
587,
497,
656,
495,
501,
471,
949,
411,
563,
402,
46,
407,
398,
1132,
202,
435,
164,
756,
71,
1210,
430,
240,
415,
496,
187,
406,
2861,
195,
303,
263,
270,
856,
187,
1678,
159,
240,
963,
273,
1662,
792,
205,
41,
975,
972,
1322,
178,
444,
1681,
748,
958,
820,
442,
232,
833,
264,
993,
38,
446,
342,
196,
808,
157,
661,
215,
343,
207,
731,
743,
622,
374,
362,
934,
330,
158,
1138,
647,
598,
204,
671,
469,
654,
465,
838,
1090,
273,
1497,
845,
231,
511,
1747,
954,
1208,
330,
1158,
813,
210,
913,
207,
1137,
47,
899,
629,
256,
985,
469,
260,
1155,
581,
1029,
195,
791,
644,
208,
1277,
252,
1915,
243,
788,
551,
93,
819,
780,
339,
3510,
202,
349,
549,
226,
358,
1027,
240,
355,
573,
116,
42,
445,
41,
129,
411,
1715,
105,
205,
41,
425,
130,
619,
574,
122,
94,
230,
957,
42,
219,
142,
40,
83,
869,
125,
115,
426,
445,
129,
112,
43,
81,
69,
223,
250,
284,
688,
275,
85,
187,
254,
558,
185,
506,
281,
1080,
672,
341,
667,
393,
776,
725,
53,
963,
1154,
699,
84,
1756,
1033,
1790,
1014,
39,
1170,
852,
1706,
437,
162,
1777,
164,
1135,
177,
137,
1199,
861,
38,
357,
261,
227,
914,
766,
1867,
608,
1252,
228,
548,
864,
676,
1134,
704,
765,
1768,
699,
593,
756,
583,
195,
275,
381,
707,
578,
222,
601,
785,
589,
1606,
210,
1180,
767,
197,
713,
160,
1516,
886,
836,
321,
958,
1515,
888,
48,
1021,
1538,
456,
617,
562,
369,
961,
736,
834,
379,
399,
363,
1002,
1238,
393,
313,
1033,
212,
1621,
346,
354,
101,
459,
758,
3426,
454,
164,
127,
349,
212,
476,
560,
85,
42,
107,
559,
86,
90,
995,
85,
87,
235,
39,
87,
644,
654,
657,
652,
591,
587,
434,
582,
587,
79,
39,
602,
241,
594,
257,
530,
287,
1328,
216,
198,
312,
797,
230,
744,
1511,
1567,
1762,
465,
334,
712,
417,
132,
225,
1205,
131,
415,
727,
399,
959,
648,
76,
1279,
404,
1055,
220,
1560,
391,
1516,
345,
847,
1654,
3028,
419,
219,
1569,
738,
996,
1419,
344,
201,
840,
211,
1821,
144,
2914,
1830,
171,
1784,
771,
1071,
673,
215,
303,
780,
1408,
1035,
657,
1088,
1236,
960,
1501,
172,
915,
1113,
3467,
1795,
789,
557,
948,
762,
352,
658,
1368,
741,
274,
145,
239,
1162,
966,
140,
521,
775,
524,
900,
199,
785,
170,
537,
1015,
165,
1512,
1088,
173,
806,
730,
783,
1803,
785,
449,
996,
937,
415,
1044,
3589,
233,
1881,
461,
556,
440,
418,
400,
491,
217,
86,
83,
102,
282,
42,
41,
94,
123,
223,
309,
98,
92,
68,
235,
94,
123,
197,
660,
655,
96,
95,
77,
646,
559,
509,
65,
957,
995,
666,
372,
121,
1027,
318,
112,
663,
245,
382,
79,
215,
219,
206,
83,
351,
205,
72,
1579,
162,
1542,
157,
272,
1835,
167,
176,
905,
205,
61,
176,
158,
730,
784,
48,
149,
51,
221,
1833,
421,
148,
720,
426,
420,
414,
893,
1277,
46,
413,
194,
1296,
939,
85,
784,
168,
167,
202,
133,
900,
736,
169,
174,
845,
949,
707,
253,
176,
342,
901,
233,
186,
234,
825,
1121,
228,
1199,
871,
234,
1273,
317,
691,
538,
741,
952,
228,
1062,
358,
235,
192,
119,
214,
208,
705,
218,
188,
1131,
1081,
201,
594,
224,
248,
935,
255,
196,
191,
592,
219,
248,
1533,
117,
204,
824,
918,
215,
536,
652,
833,
1256,
683,
544,
41,
1522,
1777,
2039,
556,
555,
1592,
1086,
198,
1081,
534,
820,
1092,
1007,
258,
225,
208,
223,
1053,
208,
211,
1281,
515,
99,
515,
3143,
58,
95,
89,
127,
96,
77,
88,
80,
81,
75,
69,
485,
43,
41,
190,
708,
74,
71,
181,
245,
166,
1048,
174,
164,
219,
752,
761,
1112,
1057,
147,
1055,
1179,
730,
1055,
1553,
220,
149,
486,
582,
220,
1095,
409,
744,
481,
486,
528,
405,
158,
218,
420,
1856,
126,
692,
506,
403,
157,
116,
237,
956,
348,
118,
1198,
969,
39,
839,
948,
236,
3636,
87,
246,
39,
856,
1892,
1450,
1236,
597,
267,
893,
207,
214,
751,
791,
209,
737,
318,
1378,
600,
182,
45,
1529,
578,
41,
801,
1024,
700,
735,
183,
1901,
525,
237,
699,
244,
329,
741,
559,
842,
380,
257,
451,
1684,
603,
626,
244,
620,
224,
739,
667,
220,
1374,
565,
982,
783,
557,
1087,
560,
1843,
265,
975,
1543,
208,
217,
270,
560,
900,
236,
222,
857,
1374,
531,
300,
636,
1205,
813,
1894,
894,
150,
1880,
293,
982,
262,
140,
1478,
540,
461,
496,
547,
139,
574,
291,
212,
154,
569,
497,
1982,
228,
559,
273,
224,
217,
1202,
43,
572,
103,
137,
836,
795,
645,
97,
792,
59,
95,
74,
37,
76,
745,
751,
1223,
673,
80,
77,
669,
154,
683,
750,
668,
650,
129,
74,
274,
109,
259,
44,
1914,
220,
666,
724,
207,
683,
673,
194,
231,
237,
751,
746,
34,
113,
659,
833,
570,
588,
231,
214,
416,
420,
211,
1179,
595,
415,
427,
887,
229,
76,
1010,
740,
258,
211,
1061,
2023,
258,
228,
1906,
248,
227,
3852,
842,
225,
179,
222,
757,
178,
1232,
789,
773,
858,
737,
326,
40,
596,
718,
355,
231,
390,
950,
696,
221,
249,
1123,
297,
184,
348,
1193,
1912,
880,
1295,
229,
748,
1170,
786,
288,
1902,
285,
775,
798,
1826,
784,
738,
476,
283,
169,
242,
267,
1123,
931,
550,
713,
1424,
229,
743,
541,
352,
1369,
514,
519,
207,
182,
239,
1015,
1913,
287,
278,
174,
930,
520,
858,
218,
247,
302,
508,
47,
274,
511,
964,
156,
1481,
341,
297,
339,
215,
1977,
216,
664,
163,
158,
786,
1798,
259,
93,
603,
90,
1730,
222,
563,
120,
123,
105,
74,
70,
650,
654,
50,
69,
576,
614,
41,
647,
162,
584,
78,
132,
129,
212,
1092,
303,
252,
581,
1606,
222,
216,
770,
1127,
213,
947,
275,
271,
214,
759,
1202,
212,
318,
756,
101,
208,
1737,
650,
418,
740,
489,
1083,
853,
204,
487,
752,
1151,
42,
162,
102,
815,
40,
723,
1414,
1099,
478,
969,
234,
1228,
79,
1297,
1064,
369,
89,
913,
679,
160,
243,
1471,
202,
223,
191,
709,
157,
63,
269,
123,
179,
154,
233,
166,
1153,
684,
258,
2179,
575,
312,
1487,
814,
1681,
159,
1445,
1536,
493,
1622,
511,
886,
858,
689,
328,
194,
139,
1241,
673,
870,
758,
1194,
320,
3223,
756,
98,
358,
302,
771,
1327,
754,
543,
880,
206,
834,
1242,
260,
281,
757,
598,
604,
259,
284,
1777,
260,
717,
321,
1693,
299,
182,
240,
1411,
1672,
213,
824,
1719,
1446,
182,
1665,
1647,
611,
1974,
718,
152,
209,
667,
210,
1712,
1016,
388,
603,
188,
870,
1703,
723,
1469,
869,
130,
125,
1282,
1719,
257,
1078,
100,
41,
92,
125,
90,
220,
510,
111,
280,
65,
64,
197,
551,
380,
77,
88,
46,
265,
654,
590,
660,
586,
590,
597,
652,
77,
854,
75,
176,
219,
742,
745,
476,
491,
149,
467,
3305,
914,
418,
1245,
211,
970,
322,
399,
147,
423,
419,
280,
37,
896,
146,
514,
1265,
145,
284,
407,
505,
1288,
413,
1117,
798,
1212,
2144,
736,
45,
1530,
256,
203,
274,
1369,
1898,
1194,
1037,
148,
1258,
766,
163,
1165,
1173,
882,
215,
1002,
190,
2055,
1125,
385,
935,
499,
148,
1285,
429,
4033,
2006,
1079,
628,
732,
702,
904,
186,
208,
620,
1998,
724,
506,
757,
701,
382,
152,
796,
737,
678,
585,
272,
254,
617,
1532,
244,
152,
44,
589,
1265,
733,
181,
226,
118,
230,
257,
663,
262,
1225,
720,
246,
1405,
124,
1630,
1082,
152,
303,
650,
818,
1608,
1604,
355,
267,
1054,
354,
1216,
42,
355,
447,
1257,
134,
301,
622,
315,
86,
676,
282,
465,
742,
80,
109,
42,
74,
321,
117,
232,
66,
42,
909,
117,
213,
40,
152,
78,
193,
831,
470,
776,
896,
732,
818,
1481,
476,
1951,
178,
1689,
842,
417,
1490,
404,
1554,
990,
38,
1084,
1702,
99,
78,
1951,
840,
1041,
43,
755,
296,
88,
165,
688,
1357,
789,
397,
1643,
684,
1976,
264,
1425,
148,
737,
270,
1398,
1142,
2060,
40,
872,
457,
1277,
953,
1576,
884,
432,
526,
439,
860,
1594,
1137,
1306,
848,
297,
588,
1917,
326,
572,
683,
344,
295,
1178,
1770,
645,
343,
695,
766,
38,
943,
1173,
1696,
2068,
619,
823,
289,
1149,
40,
1325,
1654,
1602,
1265,
1248,
1013,
401,
265,
341,
569,
383,
1600,
287,
221,
376,
1777,
1541,
251,
320,
282,
105,
108,
279,
1853,
661,
224,
530,
89,
45,
635,
903,
44,
309,
309,
43,
115,
121,
118,
826,
472,
93,
113,
75,
4118,
43,
87,
84,
87,
680,
761,
41,
756,
659,
759,
668,
596,
266,
208,
337,
228,
205,
589,
243,
209,
520,
1050,
198,
80,
228,
371,
119,
1714,
518,
110,
466,
460,
4161,
187,
1091,
178,
1035,
307,
94,
843,
364,
368,
419,
505,
436,
200,
863,
388,
333,
319,
423,
270,
1821,
232,
430,
424,
842,
835,
259,
1322,
313,
234,
308,
340,
3469,
230,
196,
1173,
395,
665,
1031,
188,
212,
969,
164,
822,
1633,
233,
758,
1660,
1938,
935,
1635,
1729,
910,
1245,
1344,
951,
1117,
1521,
330,
343,
388,
959,
831,
1128,
929,
330,
437,
1693,
634,
385,
276,
263,
44,
1470,
660,
306,
495,
2123,
328,
288,
557,
912,
301,
777,
332,
299,
293,
1684,
556,
307,
227,
1163,
955,
505,
364,
291,
211,
338,
960,
777,
269,
933,
2016,
479,
1071,
1793,
494,
4252,
627,
1617,
885,
370,
147,
1500,
217,
547,
98,
580,
693,
275,
372,
1138,
102,
43,
214,
78,
691,
42,
40,
1112,
141,
103,
97,
107,
286,
96,
479,
711,
38,
245,
77,
90,
391,
413,
406,
862,
1269,
447,
79,
425,
887,
226,
178,
393,
251,
573,
244,
374,
896,
487,
908,
485,
324,
833,
486,
117,
825,
1430,
318,
1877,
886,
309,
1182,
1761,
155,
1730,
237,
1573,
1036,
415,
511,
187,
118,
175,
149,
1574,
107,
43,
127,
1308,
1568,
1179,
1561,
1797,
814,
499,
1174,
2119,
344,
1502,
946,
800,
741,
1423,
1074,
268,
332,
301,
1602,
337,
2102,
1110,
326,
425,
883,
1960,
238,
1623,
321,
598,
503,
318,
227,
296,
935,
289,
292,
920,
264,
237,
720,
238,
129,
44,
300,
700,
1271,
243,
151,
44,
564,
579,
1244,
193,
234,
883,
2101,
1062,
1112,
38,
911,
234,
620,
1001,
1637,
683,
631,
523,
57,
1807,
123,
114,
950,
420,
46,
426,
37,
420,
924,
930,
847,
363,
331,
825,
914,
43,
765,
844,
892,
835,
770,
449,
227,
81,
1393,
216,
1628,
297,
218,
857,
81,
315,
317,
1392,
513,
849,
207,
251,
860,
311,
248,
1466,
497,
509,
169,
399,
599,
315,
481,
233,
552,
464,
498,
312,
517,
1683,
343,
157,
189,
311,
398,
581,
396,
1368,
93,
44,
270,
434,
490,
44,
258,
1242,
37,
218,
396,
249,
162,
838,
2148,
167,
255,
775,
1520,
899,
171,
865,
893,
887,
1625,
635,
844,
38,
553,
281,
1796,
1522,
1164,
515,
232,
1749,
281,
1239,
687,
202,
40,
1403,
1166,
1405,
304,
251,
1111,
223,
268,
547,
241,
195,
446,
1346,
1841,
364,
996,
688,
527,
798,
1248,
1780,
1527,
1094,
2180,
1726,
255,
1189,
916,
1602,
2172,
1268,
422,
223,
948,
354,
2247,
2168,
442,
623,
2129,
448,
465,
2160,
250,
390,
236,
413,
94,
419,
617,
132,
103,
133,
62,
335,
132,
4262,
105,
102,
1055,
325,
336,
98,
321,
82,
844,
848,
840,
77,
82,
845,
45,
667,
43,
662,
843,
257,
240,
841,
2283,
835,
170,
227,
2108,
264,
278,
310,
306,
196,
270,
226,
213,
209,
144,
565,
453,
40,
456,
302,
1789,
987,
108,
1892,
1183,
812,
437,
793,
41,
1006,
424,
1485,
265,
1127,
409,
1592,
380,
93,
190,
1128,
89,
1075,
379,
395,
190,
313,
248,
559,
1039,
190,
354,
1416,
774,
236,
1427,
902,
368,
1807,
977,
908,
1398,
1558,
1390,
1012,
1675,
2161,
1000,
993,
786,
473,
140,
1299,
1850,
431,
864,
1686,
1298,
926,
273,
557,
1120,
1879,
270,
969,
280,
2129,
2120,
1336,
259,
258,
1751,
220,
245,
1779,
238,
215,
240,
1701,
793,
1371,
194,
157,
1553,
1623,
1596,
1405,
1410,
48,
972,
630,
1108,
634,
1246,
1621,
159,
1041,
1050,
668,
1619,
43,
4238,
104,
1073,
1547,
39,
90,
94,
86,
1639,
649,
263,
844,
4246,
92,
80,
184,
181,
44,
252,
947,
180,
4283,
86,
46,
896,
297,
57,
600,
165,
1580,
294,
165,
1150,
2064,
149,
43,
596,
1001,
40,
603,
81,
586,
584,
321,
3791,
3713,
763,
433,
1579,
1986,
318,
1518,
200,
1600,
502,
1347,
3706,
1638,
258,
668,
636,
318,
316,
1087,
1195,
167,
1009,
1052,
452,
201,
1038,
1195,
613,
439,
216,
590,
314,
176,
609,
729,
254,
1467,
81,
290,
44,
500,
1281,
1016,
182,
424,
157,
389,
41,
995,
315,
487,
1197,
227,
283,
179,
1789,
228,
40,
709,
523,
253,
1682,
711,
937,
1680,
580,
1672,
360,
254,
1182,
179,
386,
1115,
514,
2328,
774,
1058,
273,
3678,
1832,
980,
1083,
645,
1615,
1433,
806,
1134,
956,
203,
1218,
1149,
260,
1683,
978,
1569,
1034,
254,
1297,
921,
232,
1029,
267,
1847,
220,
1111,
1829,
978,
214,
245,
516,
204,
1112,
378,
1637,
1400,
194,
1527,
895,
1616,
407,
782,
427,
942,
192,
206,
1611,
174,
1528,
187,
4362,
1617,
44,
381,
1185,
625,
884,
42,
233,
214,
895,
96,
1961,
120,
620,
112,
110,
108,
107,
44,
94,
914,
943,
92,
932,
940,
952,
113,
657,
931,
941,
319,
283,
313,
243,
222,
231,
226,
239,
40,
1083,
284,
651,
37,
3672,
823,
438,
608,
611,
238,
1511,
1167,
1480,
208,
989,
605,
88,
603,
238,
236,
1021,
961,
1157,
599,
577,
1748,
613,
428,
41,
604,
1493,
924,
39,
598,
1547,
3667,
3738,
233,
2357,
225,
173,
236,
3737,
512,
139,
1090,
171,
1870,
954,
165,
1601,
413,
1868,
1040,
404,
1675,
164,
1158,
1526,
1269,
406,
170,
1084,
646,
160,
1112,
617,
1183,
772,
1103,
961,
1163,
228,
1183,
148,
1145,
842,
1087,
1988,
606,
252,
867,
151,
157,
1282,
1042,
215,
794,
1865,
1739,
1397,
459,
424,
392,
780,
865,
1163,
428,
786,
148,
46,
1302,
867,
237,
340,
590,
156,
837,
759,
907,
1062,
1081,
883,
449,
708,
38,
36,
141,
1190,
193,
933,
133,
130,
119,
95,
1238,
88,
1635,
296,
43,
96,
80,
48,
90,
703,
376,
445,
389,
149,
206,
822,
485,
166,
38,
53,
672,
508,
213,
89,
502,
578,
432,
37,
117,
938,
1003,
403,
207,
1252,
510,
523,
1235,
213,
521,
503,
503,
191,
677,
154,
100,
238,
234,
176,
272,
38,
501,
325,
1581,
236,
270,
1875,
713,
1293,
643,
2002,
805,
961,
42,
770,
892,
1296,
1916,
1146,
1798,
1137,
363,
980,
1191,
1324,
200,
929,
944,
969,
250,
1330,
1355,
1581,
161,
1242,
259,
183,
880,
289,
711,
660,
977,
1832,
540,
1720,
187,
876,
957,
709,
1848,
707,
347,
1317,
987,
293,
1272,
210,
180,
197,
391,
40,
694,
153,
804,
1807,
235,
848,
202,
183,
39,
839,
95,
198,
1704,
39,
130,
119,
128,
99,
118,
705,
68,
1316,
102,
718,
86,
308,
531,
45,
40,
715,
169,
360,
1088,
183,
512,
1018,
205,
357,
78,
318,
1022,
106,
1196,
93,
1112,
856,
324,
114,
842,
837,
120,
4507,
4333,
1863,
1290,
154,
638,
1016,
1184,
40,
1118,
1371,
815,
1186,
878,
1083,
960,
1256,
547,
38,
1181,
1809,
919,
1313,
602,
696,
377,
797,
619,
1339,
1651,
1640,
941,
1391,
625,
1653,
1643,
1299,
451,
1343,
838,
37,
929,
429,
1339,
1337,
800,
804,
777,
990,
297,
669,
816,
1867,
882,
2005,
118,
40,
49,
141,
850,
1252,
1385,
1957,
40,
87,
84,
282,
231,
70,
74,
79,
205,
78,
1869,
825,
866,
383,
44,
146,
223,
252,
1413,
1221,
80,
1430,
127,
790,
1010,
2387,
1438,
771,
855,
101,
740,
653,
739,
113,
1278,
615,
323,
40,
400,
366,
2265,
664,
176,
887,
163,
168,
283,
1351,
965,
122,
1902,
345,
230,
1435,
1049,
481,
38,
797,
1145,
1699,
467,
1968,
1868,
1232,
1109,
1049,
1879,
1073,
1945,
1061,
982,
246,
1856,
786,
967,
1409,
336,
1100,
781,
462,
1855,
1056,
1081,
354,
962,
312,
1070,
307,
986,
237,
659,
562,
1636,
206,
306,
672,
416,
288,
716,
1928,
261,
294,
250,
1452,
634,
1487,
1411,
598,
456,
280,
1485,
1723,
325,
327,
966,
252,
564,
1268,
260,
1374,
1722,
1289,
1370,
807,
238,
1368,
410,
42,
107,
264,
244,
1367,
271,
107,
208,
154,
1422,
74,
850,
1497,
41,
213,
777,
1312,
86,
85,
912,
78,
1469,
1430,
1170,
885,
1482,
195,
188,
196,
1476,
193,
407,
120,
917,
46,
370,
912,
1197,
61,
40,
649,
516,
226,
879,
166,
1434,
173,
369,
84,
433,
911,
1547,
37,
273,
1425,
795,
1024,
258,
328,
38,
608,
954,
581,
1058,
1547,
1110,
1138,
1145,
1062,
1065,
1051,
1644,
1045,
1551,
983,
1572,
308,
253,
250,
283,
806,
254,
962,
1377,
308,
354,
202,
1053,
917,
176,
248,
1037,
1421,
911,
897,
1142,
257,
190,
268,
1027,
1548,
239,
227,
679,
1358,
406,
190,
901,
281,
333,
1463,
1546,
702,
277,
251,
229,
1981,
1550,
186,
640,
805,
159,
134,
1330,
41,
110,
132,
1108,
1303,
265,
1573,
39,
186,
408,
67,
862,
232,
114,
120,
200,
99,
752,
42,
100,
768,
109,
1290,
861,
114,
95,
38,
89,
57,
85,
786,
669,
37,
244,
74,
222,
268,
196,
241,
1228,
233,
76,
407,
165,
337,
268,
154,
264,
919,
1576,
37,
253,
121,
925,
713,
991,
500,
140,
1040,
950,
1243,
1148,
1221,
1140,
1065,
1143,
1772,
1650,
1634,
1612,
1640,
432,
1314,
170,
200,
956,
1792,
556,
401,
194,
1412,
375,
173,
947,
1602,
495,
253,
253,
156,
946,
207,
215,
1751,
1251,
180,
183,
151,
890,
146,
155,
544,
1237,
120,
1415,
144,
1392,
1321,
190,
1480,
1493,
245,
186,
375,
152,
111,
390,
1331,
1812,
276,
1081,
516,
990,
395,
856,
144,
205,
979,
718,
490,
1412,
613,
4970,
576,
233,
555,
160,
1197,
122,
4633,
572,
92,
119,
852,
667,
110,
107,
66,
214,
46,
926,
51,
840,
49,
41,
820,
254,
2329,
41,
213,
251,
1375,
1331,
610,
1000,
154,
1733,
38,
2032,
521,
1115,
145,
672,
80,
144,
1520,
140,
42,
183,
1486,
257,
1035,
255,
121,
208,
1717,
1526,
1483,
982,
1269,
351,
685,
994,
158,
1142,
1488,
1612,
1677,
171,
670,
153,
208,
1669,
1366,
170,
213,
170,
1540,
336,
178,
148,
1643,
145,
143,
1636,
255,
150,
499,
762,
1164,
277,
842,
1651,
1386,
1188,
1026,
1828,
183,
952,
303,
1074,
1705,
295,
117,
1712,
1609,
269,
1031,
1876,
1576,
180,
7,
4726,
764,
306,
136,
351,
37,
991,
827,
40,
628,
135,
435,
136,
1710,
1665,
186,
57,
619,
137,
140,
124,
75,
52,
1516,
