40,
42,
34,
47,
55,
61,
42,
103,
35,
37,
110,
32,
85,
108,
99,
47,
46,
45,
96,
124,
116,
116,
44,
112,
91,
74,
117,
114,
122,
41,
112,
128,
131,
121,
36,
104,
121,
123,
140,
127,
116,
124,
40,
38,
98,
135,
99,
148,
112,
153,
94,
98,
117,
141,
104,
135,
154,
111,
109,
87,
103,
100,
119,
59,
134,
91,
97,
133,
76,
143,
37,
171,
183,
166,
156,
103,
128,
87,
193,
190,
193,
194,
163,
151,
157,
179,
146,
133,
131,
140,
169,
38,
173,
111,
151,
207,
211,
104,
41,
187,
173,
188,
210,
162,
208,
216,
192,
188,
119,
92,
197,
205,
191,
204,
164,
161,
202,
219,
195,
170,
208,
186,
156,
171,
145,
166,
220,
161,
161,
190,
153,
170,
226,
126,
182,
205,
108,
119,
157,
144,
238,
170,
136,
236,
179,
219,
203,
116,
166,
101,
148,
222,
131,
171,
182,
161,
215,
111,
199,
241,
190,
147,
79,
214,
174,
204,
41,
247,
125,
196,
104,
236,
240,
222,
246,
128,
96,
260,
239,
135,
253,
118,
116,
85,
185,
237,
127,
44,
217,
193,
261,
99,
33,
91,
116,
267,
95,
86,
33,
175,
67,
116,
63,
233,
135,
189,
196,
96,
149,
100,
175,
151,
192,
34,
237,
229,
209,
41,
168,
166,
222,
37,
161,
159,
283,
138,
203,
144,
166,
138,
114,
179,
284,
171,
166,
197,
123,
157,
193,
284,
170,
148,
221,
75,
181,
117,
244,
131,
227,
131,
200,
175,
152,
141,
202,
106,
196,
205,
227,
221,
193,
226,
288,
232,
183,
194,
224,
156,
230,
195,
301,
125,
258,
205,
214,
220,
184,
271,
210,
223,
202,
204,
170,
267,
195,
172,
191,
185,
300,
35,
243,
156,
196,
149,
307,
276,
145,
169,
127,
163,
271,
187,
144,
199,
43,
171,
147,
143,
281,
215,
191,
161,
154,
184,
182,
151,
164,
205,
46,
282,
221,
158,
273,
39,
43,
203,
183,
164,
165,
222,
126,
303,
190,
213,
194,
329,
156,
82,
285,
155,
130,
144,
277,
130,
110,
180,
141,
109,
37,
292,
319,
312,
284,
92,
191,
46,
263,
259,
157,
267,
114,
119,
248,
230,
243,
140,
214,
204,
268,
51,
250,
114,
67,
150,
165,
144,
240,
154,
69,
67,
285,
143,
100,
138,
32,
108,
212,
140,
196,
194,
189,
274,
72,
211,
202,
221,
111,
189,
238,
179,
147,
168,
205,
233,
175,
228,
34,
216,
200,
176,
179,
186,
211,
260,
162,
206,
313,
169,
214,
123,
36,
125,
126,
243,
175,
178,
95,
252,
216,
137,
182,
170,
314,
336,
198,
123,
96,
289,
189,
257,
139,
185,
199,
251,
233,
307,
172,
184,
153,
226,
235,
332,
214,
193,
139,
214,
185,
239,
224,
128,
183,
171,
224,
311,
321,
155,
339,
172,
239,
136,
208,
234,
211,
356,
189,
219,
120,
180,
283,
296,
219,
155,
143,
185,
196,
157,
174,
169,
43,
155,
115,
307,
230,
176,
155,
184,
269,
185,
306,
122,
120,
151,
168,
177,
159,
163,
322,
193,
130,
48,
255,
163,
315,
41,
139,
254,
281,
147,
348,
337,
292,
172,
364,
230,
132,
88,
151,
247,
132,
321,
115,
300,
150,
111,
323,
108,
103,
127,
228,
212,
295,
96,
122,
388,
50,
330,
187,
120,
378,
277,
46,
220,
253,
44,
35,
34,
43,
262,
32,
220,
221,
159,
178,
211,
207,
185,
170,
137,
75,
171,
196,
203,
96,
265,
228,
221,
188,
216,
268,
187,
200,
162,
234,
193,
137,
262,
153,
186,
297,
229,
174,
224,
308,
251,
230,
174,
120,
159,
349,
321,
120,
189,
148,
130,
275,
235,
201,
123,
143,
392,
199,
212,
209,
128,
283,
241,
252,
156,
189,
402,
55,
219,
194,
207,
232,
125,
191,
181,
40,
237,
261,
303,
226,
167,
220,
319,
303,
44,
169,
237,
141,
244,
198,
190,
175,
187,
337,
140,
308,
194,
345,
158,
263,
390,
231,
284,
125,
194,
60,
193,
156,
273,
300,
255,
233,
151,
159,
205,
155,
195,
193,
194,
230,
211,
43,
145,
372,
327,
148,
185,
228,
202,
170,
230,
152,
346,
363,
145,
149,
227,
359,
139,
421,
390,
105,
91,
245,
205,
468,
189,
174,
367,
221,
225,
132,
158,
411,
218,
196,
107,
98,
417,
87,
126,
34,
87,
345,
92,
487,
368,
372,
407,
81,
473,
349,
75,
104,
335,
249,
336,
238,
237,
49,
454,
80,
35,
49,
195,
154,
218,
46,
43,
236,
35,
141,
42,
139,
194,
37,
178,
235,
223,
227,
218,
35,
198,
144,
104,
247,
187,
143,
180,
304,
271,
160,
130,
34,
176,
141,
33,
173,
274,
137,
283,
33,
221,
41,
107,
166,
47,
205,
164,
131,
298,
192,
92,
244,
200,
158,
429,
238,
310,
190,
242,
285,
269,
164,
88,
179,
159,
217,
137,
192,
369,
243,
126,
264,
133,
315,
38,
363,
238,
219,
214,
360,
217,
232,
254,
423,
185,
251,
272,
277,
369,
50,
218,
272,
185,
281,
291,
427,
144,
251,
231,
167,
217,
268,
142,
234,
302,
356,
214,
42,
216,
332,
263,
188,
217,
40,
155,
47,
301,
317,
197,
148,
176,
154,
265,
180,
162,
274,
350,
308,
171,
203,
416,
47,
186,
376,
142,
292,
165,
189,
219,
128,
130,
317,
293,
33,
360,
141,
345,
211,
123,
214,
29,
388,
172,
454,
281,
470,
110,
415,
524,
218,
126,
137,
413,
134,
103,
94,
132,
350,
441,
108,
88,
103,
264,
41,
282,
139,
43,
475,
417,
243,
48,
99,
208,
229,
457,
429,
352,
101,
281,
136,
278,
205,
410,
160,
98,
239,
96,
433,
239,
421,
338,
173,
42,
184,
223,
163,
136,
202,
260,
213,
227,
184,
279,
143,
76,
166,
462,
225,
107,
275,
247,
189,
407,
189,
263,
350,
39,
132,
241,
187,
185,
184,
138,
33,
221,
129,
331,
335,
187,
119,
36,
306,
305,
276,
194,
93,
228,
166,
147,
148,
77,
352,
163,
213,
185,
308,
187,
140,
148,
263,
234,
183,
253,
184,
277,
304,
231,
199,
303,
202,
166,
193,
245,
224,
282,
279,
171,
302,
42,
250,
280,
235,
383,
160,
415,
243,
298,
160,
251,
275,
377,
376,
345,
314,
227,
204,
201,
237,
294,
204,
258,
41,
128,
166,
391,
314,
225,
374,
139,
229,
107,
298,
254,
279,
200,
137,
336,
172,
182,
402,
400,
218,
170,
228,
159,
182,
97,
320,
234,
203,
159,
308,
221,
154,
213,
42,
413,
154,
475,
174,
469,
172,
176,
173,
430,
176,
179,
461,
183,
396,
138,
243,
298,
181,
361,
108,
32,
44,
371,
462,
207,
86,
388,
123,
446,
422,
213,
368,
448,
464,
103,
260,
116,
95,
446,
37,
97,
53,
451,
142,
322,
46,
379,
408,
149,
73,
81,
141,
252,
297,
429,
180,
60,
190,
222,
207,
281,
219,
172,
225,
314,
240,
161,
283,
162,
122,
190,
194,
218,
161,
247,
83,
153,
314,
176,
208,
128,
89,
38,
213,
191,
230,
349,
148,
170,
34,
47,
454,
160,
319,
211,
37,
178,
153,
231,
318,
127,
336,
139,
138,
124,
278,
233,
176,
230,
197,
187,
259,
203,
39,
251,
291,
191,
264,
170,
197,
168,
293,
260,
334,
303,
241,
151,
199,
216,
195,
203,
233,
90,
173,
187,
206,
276,
401,
89,
257,
133,
218,
450,
205,
288,
256,
178,
202,
258,
219,
439,
264,
408,
205,
218,
258,
332,
270,
440,
149,
202,
164,
216,
161,
229,
282,
300,
240,
378,
174,
143,
209,
199,
194,
146,
309,
193,
99,
170,
116,
179,
143,
186,
356,
259,
163,
211,
404,
148,
147,
141,
268,
233,
163,
472,
479,
149,
154,
305,
417,
405,
140,
315,
341,
99,
165,
457,
140,
96,
212,
120,
207,
106,
502,
102,
133,
444,
195,
364,
85,
43,
430,
475,
324,
431,
449,
111,
76,
430,
94,
355,
164,
441,
89,
175,
78,
72,
455,
412,
78,
147,
121,
144,
136,
75,
100,
112,
65,
136,
33,
263,
166,
271,
192,
69,
72,
247,
234,
179,
171,
167,
181,
36,
116,
45,
186,
186,
111,
214,
135,
142,
502,
191,
186,
140,
149,
265,
137,
205,
106,
99,
367,
152,
217,
96,
99,
189,
38,
174,
88,
373,
164,
213,
34,
300,
275,
39,
129,
345,
131,
180,
122,
122,
275,
255,
182,
197,
161,
190,
187,
124,
181,
153,
225,
129,
267,
140,
220,
174,
267,
163,
230,
231,
250,
297,
223,
258,
197,
177,
260,
181,
294,
263,
150,
249,
211,
239,
247,
258,
248,
204,
251,
233,
169,
243,
240,
230,
213,
241,
250,
248,
279,
157,
290,
410,
226,
42,
206,
517,
79,
263,
214,
206,
393,
244,
182,
248,
163,
205,
141,
180,
209,
150,
248,
179,
169,
168,
199,
528,
105,
182,
242,
139,
200,
411,
157,
250,
182,
189,
121,
195,
172,
190,
150,
205,
288,
353,
170,
223,
181,
199,
41,
245,
183,
446,
137,
75,
230,
394,
530,
131,
509,
139,
127,
521,
191,
495,
34,
475,
130,
484,
492,
171,
116,
100,
284,
169,
32,
215,
436,
188,
85,
524,
52,
527,
550,
156,
565,
124,
205,
428,
333,
38,
144,
264,
393,
276,
176,
214,
203,
229,
186,
208,
208,
203,
145,
49,
90,
176,
216,
182,
88,
323,
211,
165,
207,
181,
177,
198,
160,
200,
263,
140,
182,
116,
195,
183,
139,
118,
123,
415,
180,
261,
403,
135,
551,
195,
159,
177,
49,
123,
190,
174,
187,
237,
212,
210,
272,
182,
235,
204,
156,
153,
198,
171,
168,
118,
201,
277,
221,
199,
212,
196,
297,
198,
150,
211,
215,
246,
515,
272,
263,
198,
147,
476,
276,
281,
161,
254,
117,
212,
244,
570,
137,
223,
189,
578,
419,
237,
203,
312,
181,
195,
191,
192,
260,
230,
179,
288,
173,
191,
170,
268,
169,
161,
148,
183,
217,
43,
204,
213,
190,
162,
269,
143,
201,
208,
237,
247,
160,
246,
209,
575,
315,
186,
216,
152,
169,
462,
445,
46,
134,
170,
540,
240,
194,
528,
280,
605,
102,
520,
85,
591,
573,
116,
512,
447,
53,
205,
326,
455,
250,
414,
64,
32,
251,
55,
519,
200,
32,
585,
499,
108,
161,
41,
435,
39,
141,
458,
132,
237,
430,
208,
161,
37,
158,
237,
204,
180,
541,
169,
66,
220,
210,
169,
206,
368,
160,
108,
43,
212,
209,
172,
154,
31,
192,
216,
184,
249,
245,
151,
263,
232,
216,
214,
558,
184,
121,
183,
322,
181,
137,
215,
174,
187,
219,
184,
204,
169,
252,
37,
190,
156,
301,
259,
231,
248,
231,
213,
266,
209,
297,
569,
232,
519,
132,
261,
200,
156,
186,
172,
497,
216,
642,
199,
145,
198,
184,
486,
176,
140,
241,
229,
198,
42,
177,
201,
479,
186,
252,
294,
155,
271,
139,
207,
468,
192,
284,
130,
311,
212,
565,
180,
242,
200,
292,
261,
149,
311,
217,
144,
130,
186,
149,
150,
504,
168,
194,
209,
154,
144,
304,
154,
262,
255,
189,
128,
142,
543,
100,
131,
199,
196,
156,
407,
134,
474,
199,
224,
404,
171,
81,
470,
418,
43,
111,
448,
157,
185,
476,
153,
180,
112,
95,
528,
46,
263,
106,
512,
111,
70,
481,
502,
107,
41,
143,
49,
435,
99,
258,
284,
179,
102,
270,
136,
167,
46,
257,
122,
145,
46,
38,
611,
155,
68,
53,
183,
160,
164,
189,
268,
46,
264,
233,
211,
160,
258,
186,
230,
244,
234,
307,
249,
145,
284,
156,
154,
175,
248,
190,
163,
140,
136,
217,
81,
99,
243,
193,
238,
195,
148,
201,
234,
138,
44,
244,
142,
291,
260,
100,
201,
179,
201,
335,
287,
30,
253,
329,
229,
129,
241,
213,
196,
315,
252,
289,
307,
645,
172,
214,
169,
197,
194,
559,
271,
175,
181,
194,
321,
360,
140,
231,
460,
164,
255,
176,
179,
357,
575,
287,
312,
334,
293,
178,
321,
563,
646,
141,
574,
280,
199,
181,
278,
138,
338,
297,
223,
475,
271,
373,
219,
147,
208,
641,
324,
331,
113,
31,
98,
155,
294,
280,
564,
181,
193,
127,
661,
532,
187,
315,
303,
285,
201,
184,
249,
163,
189,
199,
154,
239,
243,
170,
596,
220,
270,
168,
521,
263,
591,
376,
415,
526,
103,
114,
567,
538,
246,
221,
609,
286,
109,
199,
78,
489,
190,
191,
158,
72,
446,
293,
45,
586,
469,
568,
69,
91,
276,
152,
541,
139,
273,
406,
106,
89,
283,
63,
88,
578,
35,
261,
157,
35,
97,
552,
106,
242,
605,
137,
300,
216,
142,
208,
229,
184,
172,
176,
250,
173,
149,
48,
217,
300,
142,
212,
187,
246,
250,
295,
245,
352,
236,
262,
269,
253,
254,
260,
221,
149,
203,
237,
152,
188,
531,
160,
106,
181,
146,
144,
177,
329,
125,
83,
266,
175,
161,
213,
240,
351,
122,
199,
211,
192,
322,
151,
129,
210,
45,
228,
135,
209,
237,
307,
198,
109,
277,
183,
317,
271,
121,
192,
287,
477,
317,
198,
226,
466,
187,
223,
165,
292,
235,
191,
207,
154,
179,
192,
275,
210,
480,
228,
289,
188,
188,
188,
35,
42,
143,
217,
156,
169,
182,
286,
315,
288,
173,
228,
301,
178,
177,
182,
288,
661,
214,
236,
43,
276,
470,
234,
215,
36,
185,
36,
258,
204,
277,
247,
158,
211,
221,
642,
45,
34,
388,
144,
618,
208,
168,
238,
597,
177,
605,
94,
166,
136,
568,
107,
109,
41,
461,
423,
119,
200,
81,
198,
101,
425,
321,
280,
84,
448,
42,
176,
88,
247,
219,
551,
584,
195,
734,
36,
138,
35,
260,
208,
205,
225,
304,
271,
194,
248,
210,
161,
164,
228,
197,
203,
201,
88,
237,
170,
221,
151,
224,
283,
190,
50,
175,
196,
179,
82,
173,
137,
183,
164,
179,
432,
172,
380,
186,
290,
295,
190,
172,
168,
106,
430,
288,
41,
359,
127,
391,
347,
186,
44,
223,
40,
224,
276,
549,
142,
262,
192,
164,
344,
347,
197,
200,
240,
206,
161,
247,
651,
240,
210,
238,
213,
191,
303,
197,
278,
710,
287,
282,
170,
207,
572,
320,
220,
148,
38,
224,
247,
193,
292,
302,
166,
210,
123,
684,
175,
150,
298,
169,
39,
381,
290,
185,
194,
151,
179,
374,
209,
346,
200,
181,
213,
366,
309,
191,
185,
320,
229,
316,
151,
151,
174,
178,
721,
543,
42,
212,
266,
102,
302,
209,
142,
200,
136,
34,
212,
580,
135,
113,
185,
183,
469,
503,
492,
380,
158,
150,
612,
232,
798,
351,
35,
116,
509,
512,
128,
124,
87,
639,
396,
222,
125,
100,
374,
628,
625,
299,
223,
399,
83,
247,
612,
161,
82,
36,
598,
302,
261,
142,
150,
161,
43,
107,
603,
36,
35,
41,
231,
151,
41,
239,
328,
151,
285,
271,
173,
295,
210,
215,
230,
87,
173,
272,
260,
227,
174,
41,
245,
223,
134,
289,
284,
131,
141,
41,
201,
198,
195,
159,
243,
303,
291,
218,
40,
198,
258,
277,
98,
249,
184,
384,
321,
537,
244,
141,
266,
224,
147,
281,
370,
38,
228,
286,
234,
135,
133,
265,
156,
268,
233,
212,
467,
231,
234,
132,
559,
107,
262,
206,
249,
193,
276,
350,
274,
224,
231,
195,
426,
269,
227,
376,
727,
298,
33,
170,
187,
46,
352,
385,
249,
219,
165,
724,
106,
302,
255,
214,
267,
331,
472,
128,
369,
140,
156,
172,
106,
200,
204,
199,
268,
480,
66,
177,
47,
234,
358,
268,
179,
196,
209,
212,
152,
357,
308,
201,
190,
179,
42,
258,
37,
169,
651,
578,
298,
158,
233,
233,
163,
139,
215,
193,
472,
221,
89,
114,
194,
220,
44,
697,
293,
491,
575,
89,
490,
588,
81,
218,
726,
444,
616,
645,
61,
662,
749,
300,
193,
648,
56,
203,
101,
487,
211,
188,
70,
65,
261,
63,
60,
180,
57,
292,
152,
62,
55,
152,
253,
285,
256,
217,
84,
175,
232,
254,
214,
316,
231,
257,
248,
206,
188,
193,
178,
193,
211,
172,
210,
231,
190,
287,
187,
193,
294,
271,
229,
178,
220,
46,
215,
279,
312,
181,
248,
188,
195,
262,
128,
131,
44,
361,
159,
181,
441,
169,
275,
370,
182,
378,
229,
174,
241,
145,
411,
133,
200,
266,
244,
234,
236,
241,
406,
350,
211,
266,
222,
158,
226,
197,
145,
435,
112,
298,
179,
176,
357,
108,
219,
167,
302,
191,
224,
216,
310,
161,
389,
358,
193,
374,
292,
369,
327,
175,
204,
221,
153,
367,
328,
210,
164,
400,
541,
218,
110,
581,
380,
303,
177,
188,
180,
49,
185,
43,
207,
103,
388,
182,
313,
40,
303,
178,
165,
310,
212,
252,
368,
243,
580,
342,
168,
232,
207,
564,
215,
503,
221,
154,
272,
262,
228,
678,
163,
808,
143,
525,
668,
186,
97,
113,
534,
33,
228,
792,
32,
202,
168,
558,
291,
71,
33,
277,
539,
210,
219,
645,
192,
152,
176,
64,
442,
737,
175,
803,
133,
40,
563,
74,
139,
56,
158,
105,
299,
119,
163,
241,
210,
254,
308,
32,
203,
247,
177,
139,
211,
244,
162,
248,
192,
78,
103,
31,
252,
228,
204,
42,
108,
202,
158,
229,
157,
138,
233,
123,
175,
178,
173,
274,
110,
422,
192,
125,
265,
205,
203,
161,
344,
308,
95,
157,
418,
246,
225,
240,
200,
158,
147,
168,
287,
157,
220,
270,
231,
193,
174,
230,
211,
237,
369,
239,
241,
205,
238,
562,
243,
43,
229,
211,
549,
111,
150,
158,
259,
42,
234,
257,
382,
243,
752,
275,
157,
311,
764,
205,
269,
178,
212,
414,
311,
674,
219,
360,
261,
37,
386,
668,
261,
293,
418,
160,
255,
170,
405,
416,
200,
123,
208,
623,
140,
297,
210,
209,
205,
225,
142,
165,
269,
256,
177,
492,
32,
487,
226,
348,
251,
184,
560,
258,
152,
248,
232,
204,
376,
368,
300,
344,
205,
191,
161,
92,
271,
472,
781,
298,
385,
207,
189,
128,
194,
213,
207,
328,
717,
172,
325,
732,
303,
624,
702,
182,
298,
976,
112,
206,
100,
169,
105,
737,
217,
71,
385,
492,
151,
770,
500,
356,
395,
386,
406,
74,
733,
236,
818,
706,
260,
1044,
54,
229,
1017,
43,
439,
218,
223,
240,
211,
212,
216,
442,
42,
320,
297,
358,
983,
147,
399,
227,
52,
254,
318,
196,
246,
269,
174,
105,
379,
361,
176,
212,
186,
219,
171,
262,
284,
226,
352,
230,
188,
219,
200,
197,
40,
205,
150,
196,
260,
171,
149,
187,
196,
119,
36,
411,
242,
148,
187,
335,
178,
133,
36,
152,
397,
156,
250,
114,
127,
374,
247,
471,
637,
312,
655,
126,
222,
139,
124,
250,
637,
396,
739,
176,
205,
162,
161,
208,
191,
170,
443,
226,
422,
204,
235,
196,
251,
232,
217,
190,
421,
155,
273,
259,
228,
567,
230,
246,
221,
192,
298,
214,
380,
184,
305,
425,
475,
162,
392,
163,
159,
210,
275,
375,
174,
475,
192,
279,
290,
395,
214,
190,
222,
309,
393,
232,
169,
180,
173,
203,
387,
393,
256,
274,
187,
193,
202,
201,
377,
180,
172,
33,
155,
263,
213,
428,
856,
169,
343,
378,
713,
213,
744,
388,
515,
167,
314,
152,
169,
329,
408,
98,
764,
173,
810,
196,
462,
94,
139,
783,
324,
54,
245,
391,
45,
290,
558,
31,
80,
545,
511,
333,
159,
69,
755,
507,
156,
101,
693,
379,
39,
335,
106,
308,
183,
277,
213,
289,
188,
153,
210,
213,
248,
194,
166,
76,
96,
187,
274,
193,
214,
234,
209,
204,
172,
288,
164,
222,
42,
216,
185,
224,
221,
199,
175,
546,
151,
174,
44,
274,
157,
121,
90,
556,
129,
542,
371,
295,
123,
267,
206,
181,
399,
137,
208,
197,
198,
155,
204,
151,
263,
468,
284,
210,
268,
405,
717,
377,
195,
259,
210,
305,
199,
410,
176,
201,
384,
350,
646,
204,
193,
346,
248,
221,
387,
347,
843,
314,
339,
467,
210,
172,
657,
215,
138,
754,
236,
365,
747,
130,
209,
319,
324,
162,
777,
359,
923,
652,
333,
349,
145,
295,
312,
188,
340,
299,
212,
155,
213,
126,
390,
178,
404,
322,
172,
39,
298,
342,
290,
201,
139,
205,
412,
160,
410,
34,
411,
327,
218,
270,
162,
830,
120,
260,
494,
92,
250,
460,
451,
405,
217,
144,
667,
121,
76,
585,
722,
77,
67,
536,
1138,
127,
485,
57,
303,
1162,
842,
42,
57,
642,
59,
483,
51,
149,
417,
1138,
464,
402,
57,
247,
44,
1120,
163,
246,
999,
133,
801,
228,
319,
600,
232,
388,
286,
41,
486,
237,
297,
50,
207,
289,
229,
188,
242,
233,
180,
258,
268,
200,
714,
211,
290,
260,
241,
225,
265,
287,
220,
111,
207,
284,
317,
203,
186,
149,
221,
253,
179,
207,
45,
158,
258,
192,
228,
257,
176,
176,
232,
191,
157,
139,
437,
188,
278,
395,
185,
46,
121,
235,
317,
296,
40,
142,
38,
243,
336,
198,
296,
256,
318,
201,
183,
266,
228,
461,
388,
163,
38,
222,
387,
514,
245,
195,
282,
267,
823,
259,
236,
848,
202,
228,
473,
198,
783,
297,
43,
404,
513,
250,
137,
305,
259,
364,
179,
846,
227,
188,
132,
166,
225,
690,
219,
120,
174,
218,
271,
151,
359,
413,
697,
258,
157,
44,
180,
178,
305,
125,
177,
211,
245,
412,
222,
372,
170,
131,
388,
171,
230,
332,
161,
162,
194,
354,
228,
851,
227,
336,
145,
105,
216,
360,
517,
227,
343,
363,
191,
47,
860,
150,
1100,
318,
219,
497,
209,
116,
190,
38,
474,
186,
148,
177,
104,
447,
122,
440,
279,
80,
560,
110,
1095,
852,
76,
970,
104,
54,
321,
161,
1076,
78,
256,
48,
317,
607,
772,
863,
77,
246,
146,
39,
591,
420,
614,
308,
46,
303,
957,
302,
44,
589,
208,
257,
245,
197,
324,
1071,
239,
151,
288,
183,
238,
190,
223,
135,
118,
144,
275,
205,
233,
858,
37,
177,
186,
225,
179,
221,
246,
255,
239,
191,
424,
193,
182,
183,
192,
145,
203,
137,
44,
172,
147,
366,
171,
395,
363,
210,
156,
128,
199,
209,
238,
364,
223,
182,
655,
398,
264,
542,
169,
187,
636,
170,
195,
397,
374,
560,
300,
543,
184,
724,
559,
394,
147,
356,
159,
214,
208,
184,
667,
307,
244,
177,
925,
147,
653,
175,
197,
334,
235,
259,
240,
163,
552,
377,
188,
832,
180,
151,
478,
385,
175,
229,
119,
33,
704,
376,
308,
41,
202,
210,
153,
171,
216,
225,
443,
271,
931,
167,
181,
186,
42,
157,
346,
215,
191,
321,
99,
412,
245,
214,
235,
1141,
434,
489,
347,
211,
748,
983,
168,
168,
264,
275,
84,
662,
163,
687,
180,
126,
42,
209,
1039,
204,
209,
91,
956,
431,
101,
42,
90,
147,
585,
573,
381,
202,
560,
955,
416,
357,
610,
960,
399,
46,
590,
61,
500,
92,
942,
122,
538,
251,
37,
65,
171,
363,
978,
158,
163,
38,
349,
867,
102,
117,
1023,
909,
202,
190,
247,
153,
209,
234,
76,
228,
244,
213,
283,
196,
34,
206,
99,
515,
328,
252,
309,
109,
352,
261,
188,
213,
476,
259,
157,
441,
209,
249,
166,
444,
265,
282,
234,
214,
132,
203,
50,
245,
169,
243,
354,
202,
273,
112,
207,
293,
197,
342,
155,
235,
1089,
445,
166,
403,
294,
224,
233,
436,
296,
261,
564,
396,
548,
286,
347,
533,
538,
174,
332,
277,
293,
547,
651,
305,
542,
314,
364,
162,
260,
238,
295,
479,
180,
307,
234,
164,
288,
300,
449,
171,
254,
445,
212,
174,
179,
250,
460,
133,
210,
308,
209,
168,
157,
429,
378,
369,
407,
188,
375,
221,
525,
310,
521,
361,
377,
502,
465,
108,
225,
937,
348,
211,
339,
217,
1014,
220,
177,
229,
162,
606,
495,
102,
192,
1021,
587,
1021,
124,
94,
148,
955,
67,
37,
1001,
399,
72,
605,
1090,
391,
438,
94,
36,
148,
174,
1222,
984,
1017,
1189,
601,
433,
387,
526,
32,
249,
375,
474,
42,
438,
136,
113,
148,
374,
1095,
265,
239,
167,
152,
252,
77,
232,
252,
185,
195,
188,
226,
273,
187,
184,
251,
234,
202,
108,
626,
207,
191,
189,
252,
276,
201,
271,
258,
244,
282,
218,
168,
265,
239,
80,
195,
288,
312,
348,
270,
48,
311,
188,
213,
45,
623,
217,
357,
264,
130,
457,
230,
198,
291,
448,
185,
190,
171,
195,
145,
136,
498,
192,
245,
192,
614,
204,
422,
173,
192,
151,
129,
158,
197,
437,
44,
203,
189,
238,
320,
167,
203,
658,
189,
633,
680,
47,
197,
173,
633,
308,
342,
276,
289,
410,
240,
337,
273,
416,
214,
192,
219,
316,
560,
153,
179,
200,
1174,
206,
40,
577,
311,
193,
655,
165,
157,
43,
169,
150,
609,
180,
153,
34,
606,
418,
224,
302,
292,
120,
326,
198,
214,
127,
279,
405,
389,
171,
78,
394,
172,
226,
314,
338,
218,
385,
406,
100,
331,
196,
194,
290,
276,
470,
846,
101,
939,
1080,
152,
376,
274,
383,
451,
163,
94,
502,
1084,
337,
929,
272,
688,
145,
871,
1080,
499,
104,
125,
488,
649,
398,
1101,
71,
1130,
583,
96,
1147,
72,
689,
358,
62,
733,
145,
175,
79,
1123,
149,
261,
72,
165,
582,
131,
255,
798,
746,
43,
178,
373,
291,
281,
211,
241,
167,
201,
207,
314,
281,
598,
149,
77,
76,
226,
224,
615,
87,
329,
183,
208,
296,
75,
210,
270,
277,
273,
103,
293,
76,
234,
247,
346,
39,
58,
301,
111,
445,
233,
214,
617,
42,
303,
262,
250,
646,
530,
41,
227,
40,
478,
180,
176,
39,
173,
171,
472,
288,
239,
274,
201,
148,
273,
224,
44,
42,
175,
408,
204,
322,
223,
169,
210,
339,
214,
240,
347,
152,
40,
186,
418,
284,
362,
209,
352,
666,
177,
180,
345,
167,
169,
366,
314,
161,
654,
182,
238,
263,
513,
210,
294,
148,
185,
662,
623,
120,
230,
358,
645,
206,
213,
144,
306,
158,
146,
184,
124,
213,
294,
187,
47,
506,
122,
194,
135,
463,
155,
133,
413,
42,
156,
430,
672,
185,
301,
463,
297,
458,
286,
163,
418,
193,
148,
172,
410,
166,
152,
278,
90,
384,
420,
160,
1204,
380,
667,
660,
145,
106,
702,
409,
84,
777,
434,
1195,
375,
782,
363,
634,
670,
150,
445,
681,
643,
193,
640,
429,
76,
554,
65,
252,
251,
436,
105,
238,
307,
104,
292,
149,
224,
335,
164,
257,
40,
169,
222,
298,
245,
235,
79,
281,
311,
309,
248,
319,
345,
88,
185,
511,
263,
315,
341,
237,
256,
452,
273,
463,
461,
171,
298,
111,
332,
45,
168,
454,
274,
346,
280,
272,
378,
83,
306,
289,
203,
47,
303,
302,
79,
650,
232,
335,
126,
145,
276,
210,
189,
212,
141,
181,
197,
543,
347,
107,
189,
226,
720,
204,
184,
230,
222,
214,
463,
539,
222,
467,
332,
196,
228,
218,
352,
174,
207,
216,
439,
321,
242,
549,
43,
185,
746,
734,
448,
204,
253,
42,
340,
297,
181,
157,
194,
415,
176,
274,
422,
253,
386,
217,
153,
162,
287,
174,
357,
386,
159,
291,
49,
161,
298,
286,
441,
216,
227,
267,
206,
177,
440,
43,
278,
309,
428,
166,
236,
140,
359,
479,
1233,
295,
485,
204,
272,
393,
104,
1233,
157,
521,
207,
314,
359,
204,
503,
405,
157,
470,
175,
125,
728,
1234,
90,
1185,
83,
80,
105,
1174,
71,
83,
334,
316,
724,
83,
43,
61,
436,
265,
47,
106,
744,
43,
99,
301,
312,
83,
48,
267,
43,
196,
697,
241,
345,
218,
264,
252,
184,
179,
105,
168,
180,
245,
343,
162,
610,
359,
226,
179,
268,
188,
179,
212,
240,
321,
172,
71,
209,
355,
187,
337,
371,
609,
204,
325,
165,
315,
308,
363,
152,
705,
160,
241,
597,
159,
731,
542,
168,
250,
160,
272,
269,
215,
44,
277,
192,
220,
226,
256,
443,
176,
348,
235,
450,
202,
215,
241,
208,
212,
159,
272,
227,
658,
400,
462,
223,
231,
324,
320,
1432,
210,
452,
205,
365,
174,
244,
1428,
136,
194,
202,
632,
186,
130,
389,
141,
190,
339,
212,
471,
181,
198,
488,
155,
279,
640,
149,
266,
221,
41,
374,
490,
383,
371,
230,
429,
275,
399,
561,
349,
425,
177,
107,
152,
179,
387,
404,
357,
326,
178,
230,
832,
752,
460,
189,
308,
111,
778,
240,
773,
1284,
184,
156,
41,
751,
223,
1291,
758,
116,
1259,
89,
313,
45,
506,
736,
201,
82,
90,
1278,
1288,
393,
128,
129,
723,
1302,
111,
48,
256,
141,
112,
86,
249,
1254,
85,
81,
122,
767,
260,
267,
52,
235,
179,
260,
346,
190,
203,
250,
198,
246,
164,
411,
405,
237,
210,
125,
154,
261,
418,
357,
267,
196,
362,
230,
362,
401,
408,
351,
417,
539,
813,
434,
241,
126,
306,
379,
866,
306,
172,
805,
401,
367,
254,
162,
373,
142,
392,
221,
257,
263,
111,
339,
222,
232,
108,
343,
262,
820,
278,
344,
188,
141,
198,
190,
323,
299,
468,
164,
360,
272,
297,
568,
269,
416,
292,
222,
186,
248,
378,
234,
171,
269,
653,
215,
452,
242,
364,
333,
252,
147,
404,
209,
360,
322,
254,
823,
206,
819,
116,
138,
381,
461,
845,
839,
214,
257,
821,
472,
183,
113,
489,
455,
423,
219,
392,
262,
213,
199,
290,
219,
688,
423,
231,
281,
183,
178,
225,
218,
212,
225,
300,
676,
239,
292,
158,
217,
1298,
819,
823,
41,
244,
815,
207,
257,
207,
204,
213,
581,
763,
232,
1301,
152,
578,
108,
220,
93,
1302,
199,
123,
145,
1177,
110,
424,
102,
117,
1293,
297,
758,
755,
748,
688,
586,
259,
490,
52,
253,
61,
457,
39,
50,
880,
438,
253,
156,
422,
211,
200,
206,
322,
230,
86,
217,
183,
43,
413,
818,
453,
402,
185,
440,
354,
308,
688,
128,
808,
143,
251,
406,
185,
412,
144,
339,
371,
506,
82,
156,
79,
154,
514,
338,
317,
77,
126,
143,
405,
151,
420,
38,
453,
551,
180,
768,
436,
277,
220,
199,
238,
156,
40,
460,
218,
229,
1551,
275,
556,
463,
223,
378,
45,
443,
208,
251,
367,
250,
176,
183,
813,
42,
319,
892,
548,
192,
158,
838,
446,
161,
154,
462,
450,
434,
836,
384,
429,
209,
409,
341,
295,
230,
844,
193,
178,
153,
414,
152,
690,
660,
216,
584,
209,
150,
164,
305,
239,
145,
157,
183,
564,
383,
165,
273,
219,
181,
692,
149,
483,
241,
190,
200,
327,
151,
192,
165,
757,
796,
180,
228,
1392,
165,
317,
115,
242,
833,
166,
319,
394,
293,
1357,
314,
211,
447,
305,
128,
121,
112,
570,
107,
88,
425,
503,
1377,
566,
82,
690,
99,
562,
1359,
776,
1658,
1358,
72,
676,
72,
1343,
865,
495,
799,
49,
477,
340,
42,
620,
473,
311,
251,
322,
186,
280,
224,
250,
254,
132,
835,
128,
267,
473,
219,
208,
199,
258,
119,
44,
162,
42,
168,
456,
252,
165,
153,
342,
251,
120,
188,
344,
42,
147,
896,
171,
503,
794,
139,
125,
293,
143,
805,
253,
215,
122,
36,
242,
420,
532,
561,
230,
640,
623,
491,
327,
250,
182,
212,
299,
212,
452,
219,
242,
181,
276,
191,
916,
835,
304,
220,
826,
308,
505,
348,
821,
282,
622,
316,
106,
202,
214,
196,
162,
314,
209,
218,
279,
823,
172,
189,
207,
182,
213,
133,
325,
379,
268,
45,
133,
327,
150,
331,
50,
181,
333,
194,
269,
109,
209,
200,
380,
297,
220,
133,
718,
43,
267,
192,
406,
715,
206,
228,
212,
198,
201,
1411,
199,
163,
107,
207,
255,
513,
1443,
590,
1169,
115,
513,
301,
503,
72,
89,
574,
521,
237,
458,
584,
333,
60,
461,
443,
48,
335,
47,
142,
424,
193,
203,
204,
158,
218,
233,
615,
288,
505,
192,
225,
149,
483,
146,
278,
499,
354,
115,
277,
299,
184,
123,
195,
175,
186,
338,
46,
626,
885,
166,
40,
540,
198,
293,
257,
99,
371,
360,
639,
181,
199,
247,
223,
365,
892,
297,
158,
231,
244,
263,
206,
254,
135,
155,
202,
216,
232,
397,
909,
327,
219,
340,
164,
212,
811,
274,
889,
150,
147,
260,
195,
169,
351,
221,
246,
218,
303,
270,
284,
215,
329,
475,
226,
149,
306,
824,
541,
166,
736,
225,
238,
1733,
293,
305,
273,
574,
252,
266,
470,
297,
197,
1742,
311,
167,
310,
190,
332,
290,
498,
211,
270,
186,
39,
126,
243,
356,
250,
39,
548,
279,
185,
225,
240,
298,
234,
167,
149,
227,
42,
201,
364,
314,
102,
118,
273,
309,
498,
274,
45,
113,
1160,
204,
1100,
372,
202,
309,
433,
122,
135,
419,
233,
1522,
119,
585,
221,
51,
211,
208,
104,
212,
309,
1821,
188,
95,
1592,
180,
700,
39,
48,
58,
204,
216,
766,
1028,
46,
256,
209,
401,
44,
222,
196,
195,
215,
173,
92,
232,
154,
149,
191,
40,
364,
289,
608,
259,
153,
213,
135,
209,
189,
167,
192,
197,
323,
588,
575,
638,
265,
137,
150,
226,
451,
265,
279,
263,
176,
251,
160,
638,
43,
207,
746,
153,
135,
218,
243,
206,
727,
238,
200,
259,
255,
129,
196,
555,
207,
204,
204,
272,
211,
169,
216,
715,
650,
213,
204,
189,
456,
182,
453,
460,
109,
264,
174,
206,
188,
228,
351,
231,
150,
104,
204,
240,
751,
43,
196,
361,
171,
42,
164,
201,
395,
213,
210,
162,
268,
207,
264,
154,
266,
339,
162,
461,
255,
212,
853,
57,
336,
42,
332,
109,
92,
825,
220,
199,
42,
818,
496,
379,
217,
225,
262,
189,
576,
789,
188,
227,
1656,
1603,
1446,
128,
117,
396,
590,
453,
76,
426,
92,
75,
160,
431,
649,
230,
176,
43,
46,
421,
422,
375,
412,
151,
221,
432,
488,
144,
1905,
39,
56,
489,
462,
286,
202,
198,
205,
273,
223,
210,
200,
159,
167,
199,
86,
236,
144,
115,
642,
199,
166,
251,
251,
110,
156,
261,
179,
186,
228,
156,
361,
281,
183,
146,
147,
94,
130,
601,
285,
695,
160,
201,
251,
302,
226,
210,
130,
266,
808,
257,
252,
193,
46,
151,
37,
614,
272,
128,
105,
342,
236,
253,
562,
215,
256,
238,
252,
193,
267,
149,
284,
226,
197,
244,
236,
223,
232,
659,
166,
293,
253,
230,
141,
238,
249,
174,
231,
226,
247,
223,
186,
39,
182,
179,
198,
225,
119,
246,
145,
191,
178,
181,
120,
117,
284,
183,
156,
157,
40,
177,
386,
205,
295,
271,
242,
391,
520,
196,
166,
403,
207,
1645,
79,
212,
41,
311,
240,
224,
162,
42,
453,
227,
149,
225,
419,
277,
205,
393,
89,
1635,
362,
165,
144,
989,
88,
798,
107,
135,
739,
214,
408,
727,
319,
191,
694,
407,
405,
46,
191,
451,
450,
203,
510,
61,
979,
325,
46,
445,
155,
408,
349,
213,
246,
167,
267,
82,
306,
143,
277,
199,
159,
243,
49,
425,
208,
333,
332,
716,
764,
325,
197,
121,
530,
45,
229,
113,
171,
259,
236,
131,
128,
720,
187,
44,
131,
204,
721,
221,
274,
780,
658,
231,
329,
258,
177,
203,
166,
212,
276,
254,
201,
236,
223,
249,
227,
246,
112,
276,
222,
234,
559,
292,
180,
222,
196,
643,
1021,
183,
164,
239,
579,
247,
40,
643,
191,
215,
241,
270,
991,
1000,
216,
277,
259,
199,
269,
175,
195,
1992,
197,
181,
195,
269,
239,
221,
935,
614,
637,
209,
190,
434,
392,
304,
466,
237,
335,
285,
741,
212,
197,
223,
193,
740,
1026,
685,
753,
207,
276,
292,
856,
171,
656,
204,
854,
404,
116,
679,
648,
196,
171,
218,
264,
133,
514,
98,
154,
128,
1040,
161,
209,
144,
5,
546,
477,
48,
231,
97,
209,
366,
440,
394,
80,
353,
260,
251,
412,
191,
195,
373,
211,
48,
253,
339,
173,
219,
224,
181,
166,
223,
372,
36,
249,
94,
177,
49,
217,
66,
704,
104,
212,
499,
105,
622,
256,
267,
187,
194,
95,
84,
363,
182,
403,
710,
616,
222,
131,
176,
220,
43,
640,
133,
576,
127,
287,
188,
124,
294,
281,
132,
123,
104,
242,
442,
209,
231,
146,
240,
253,
268,
185,
177,
236,
284,
703,
282,
249,
173,
184,
594,
801,
722,
103,
913,
951,
42,
94,
255,
247,
228,
599,
607,
302,
456,
261,
143,
264,
139,
248,
169,
167,
587,
255,
264,
800,
447,
224,
288,
42,
392,
43,
230,
181,
328,
359,
327,
333,
240,
612,
208,
225,
249,
928,
166,
307,
464,
210,
607,
118,
1774,
325,
604,
272,
81,
411,
206,
1075,
588,
576,
251,
98,
299,
469,
1027,
134,
99,
85,
345,
209,
71,
493,
1658,
327,
95,
1622,
321,
84,
49,
419,
435,
254,
405,
98,
914,
402,
401,
246,
81,
1842,
387,
878,
75,
198,
236,
226,
216,
229,
224,
921,
213,
258,
165,
253,
854,
176,
275,
365,
902,
38,
266,
893,
794,
232,
154,
158,
837,
322,
899,
918,
436,
128,
195,
195,
173,
53,
198,
717,
437,
185,
103,
208,
837,
154,
919,
152,
129,
844,
284,
304,
294,
132,
762,
188,
294,
146,
267,
282,
226,
254,
275,
266,
367,
167,
374,
291,
294,
258,
276,
285,
43,
208,
310,
272,
239,
609,
275,
97,
313,
576,
297,
289,
334,
214,
280,
284,
278,
225,
730,
439,
270,
282,
267,
251,
256,
208,
736,
930,
299,
262,
174,
231,
262,
186,
251,
223,
178,
243,
986,
392,
1034,
41,
303,
178,
283,
1014,
255,
291,
190,
344,
160,
249,
189,
191,
319,
906,
174,
986,
346,
223,
353,
229,
599,
139,
330,
439,
276,
44,
341,
108,
232,
739,
236,
300,
126,
49,
1860,
361,
131,
298,
1119,
162,
324,
206,
287,
40,
299,
621,
117,
209,
228,
441,
189,
239,
135,
114,
237,
108,
801,
541,
966,
104,
100,
123,
1672,
534,
390,
184,
715,
522,
468,
330,
274,
1955,
61,
125,
203,
1037,
270,
325,
279,
608,
242,
950,
1111,
344,
246,
338,
227,
231,
184,
206,
50,
41,
447,
296,
207,
199,
250,
204,
448,
166,
277,
283,
134,
217,
988,
165,
43,
964,
265,
186,
161,
890,
311,
153,
158,
211,
227,
193,
120,
838,
227,
101,
915,
111,
172,
995,
205,
153,
306,
495,
227,
901,
220,
178,
205,
216,
285,
330,
1070,
173,
43,
235,
255,
148,
254,
235,
261,
227,
245,
244,
279,
272,
196,
316,
329,
1057,
169,
230,
211,
879,
255,
228,
200,
215,
256,
220,
512,
631,
528,
199,
259,
470,
2240,
272,
287,
328,
303,
210,
534,
198,
307,
844,
347,
288,
257,
45,
253,
296,
237,
209,
255,
219,
340,
491,
222,
231,
160,
202,
226,
200,
207,
498,
292,
324,
196,
213,
347,
676,
286,
896,
249,
253,
233,
248,
337,
173,
408,
247,
607,
428,
199,
301,
399,
467,
330,
130,
473,
404,
388,
1162,
43,
269,
175,
81,
140,
930,
337,
295,
397,
301,
262,
273,
688,
580,
117,
1119,
49,
428,
559,
141,
235,
558,
177,
126,
480,
94,
152,
48,
1027,
76,
216,
127,
696,
57,
1076,
541,
147,
1466,
82,
244,
114,
274,
80,
214,
185,
224,
957,
39,
196,
139,
207,
946,
524,
265,
39,
78,
261,
264,
222,
167,
257,
241,
128,
215,
276,
223,
205,
216,
211,
228,
1060,
1084,
207,
229,
208,
180,
1084,
212,
173,
191,
150,
198,
178,
169,
975,
243,
263,
721,
244,
953,
261,
207,
314,
301,
179,
262,
212,
259,
274,
214,
1271,
731,
236,
233,
44,
39,
271,
260,
281,
1089,
278,
248,
218,
614,
231,
228,
388,
161,
271,
741,
246,
383,
279,
263,
235,
254,
263,
261,
261,
296,
239,
257,
1006,
734,
238,
232,
278,
237,
252,
381,
260,
261,
222,
236,
216,
41,
248,
219,
135,
175,
264,
228,
238,
227,
203,
243,
748,
954,
1027,
460,
248,
153,
1035,
156,
297,
947,
508,
217,
127,
1172,
441,
1788,
234,
294,
108,
285,
795,
114,
99,
197,
400,
50,
286,
98,
216,
503,
203,
1127,
948,
2029,
159,
275,
1882,
1586,
98,
198,
327,
1228,
307,
880,
1819,
480,
81,
310,
1810,
63,
283,
1123,
48,
1456,
46,
170,
980,
1625,
63,
2137,
212,
1111,
321,
44,
42,
256,
193,
257,
132,
188,
185,
264,
1040,
193,
201,
84,
994,
175,
227,
205,
170,
208,
41,
124,
210,
199,
1080,
197,
39,
232,
212,
164,
1525,
1340,
1323,
996,
207,
1214,
235,
162,
1524,
1277,
262,
315,
169,
159,
235,
183,
627,
38,
151,
273,
298,
644,
559,
248,
628,
1002,
243,
1106,
264,
305,
281,
264,
303,
261,
970,
131,
170,
150,
249,
43,
499,
207,
1095,
1083,
249,
247,
617,
316,
339,
265,
187,
154,
1020,
242,
197,
133,
1042,
173,
256,
330,
208,
388,
309,
296,
1608,
2416,
288,
264,
442,
1564,
233,
269,
2413,
220,
186,
501,
426,
632,
272,
1338,
2373,
282,
1386,
224,
323,
381,
350,
313,
211,
306,
255,
485,
630,
48,
267,
194,
1162,
1250,
285,
160,
429,
354,
644,
109,
853,
111,
655,
643,
293,
41,
1059,
158,
352,
547,
616,
895,
430,
638,
502,
398,
239,
129,
1633,
223,
114,
394,
98,
1214,
328,
269,
198,
487,
52,
87,
88,
1660,
186,
205,
493,
144,
44,
316,
42,
1167,
73,
1142,
157,
1081,
260,
1209,
944,
969,
263,
140,
1632,
630,
256,
1146,
762,
117,
514,
53,
1235,
51,
143,
946,
1191,
186,
1654,
41,
99,
236,
206,
166,
306,
757,
225,
351,
1647,
209,
251,
1217,
247,
1205,
1210,
231,
37,
163,
1160,
1067,
1066,
175,
78,
222,
629,
79,
286,
167,
129,
1394,
42,
238,
308,
352,
326,
225,
202,
383,
40,
326,
270,
337,
42,
138,
294,
318,
408,
2443,
298,
322,
309,
261,
1102,
2403,
292,
282,
176,
245,
39,
203,
134,
609,
334,
41,
752,
299,
294,
746,
304,
198,
263,
235,
394,
250,
575,
219,
38,
36,
501,
764,
229,
308,
525,
237,
561,
233,
151,
514,
496,
309,
583,
224,
311,
495,
213,
396,
34,
350,
404,
179,
486,
399,
115,
1039,
171,
1701,
387,
589,
88,
726,
2271,
147,
361,
112,
1188,
313,
576,
1698,
161,
107,
1123,
91,
369,
312,
187,
1384,
2306,
1667,
73,
82,
1696,
78,
94,
896,
506,
129,
245,
162,
401,
1755,
400,
843,
787,
341,
74,
276,
85,
902,
42,
939,
557,
263,
1109,
183,
208,
299,
229,
220,
337,
240,
298,
694,
263,
1190,
448,
616,
278,
292,
409,
1216,
205,
284,
134,
200,
42,
191,
132,
834,
361,
1189,
119,
86,
204,
216,
278,
374,
1152,
283,
238,
577,
348,
275,
421,
724,
384,
369,
1177,
692,
367,
254,
377,
299,
254,
139,
283,
160,
276,
179,
272,
292,
169,
265,
413,
140,
366,
413,
267,
253,
309,
292,
323,
399,
186,
181,
280,
382,
720,
330,
302,
44,
206,
253,
264,
42,
247,
276,
144,
255,
254,
304,
154,
191,
258,
264,
715,
140,
241,
143,
244,
40,
516,
264,
276,
259,
296,
570,
312,
133,
232,
271,
352,
249,
644,
393,
357,
408,
253,
577,
129,
465,
304,
637,
1762,
282,
207,
463,
97,
931,
456,
304,
1763,
324,
597,
724,
821,
124,
104,
2355,
1670,
400,
539,
106,
127,
381,
45,
750,
1754,
420,
252,
264,
74,
2354,
732,
110,
51,
51,
1772,
44,
72,
266,
249,
70,
40,
622,
80,
205,
214,
283,
167,
221,
227,
280,
43,
696,
46,
246,
271,
131,
211,
173,
97,
180,
289,
156,
242,
233,
141,
309,
295,
542,
314,
152,
169,
39,
116,
213,
297,
187,
154,
190,
155,
197,
311,
383,
321,
305,
169,
300,
328,
314,
173,
209,
389,
572,
332,
907,
489,
294,
346,
206,
345,
312,
323,
267,
228,
275,
302,
283,
240,
260,
837,
288,
339,
246,
107,
182,
325,
276,
166,
198,
269,
386,
181,
262,
295,
311,
303,
851,
404,
50,
216,
578,
301,
68,
268,
840,
291,
222,
276,
207,
578,
338,
293,
313,
580,
248,
380,
789,
305,
143,
301,
245,
267,
256,
75,
291,
641,
288,
570,
282,
387,
502,
549,
626,
256,
430,
110,
149,
1817,
1302,
669,
639,
503,
308,
653,
303,
99,
180,
1436,
296,
516,
219,
203,
650,
2416,
543,
2609,
1762,
321,
106,
253,
99,
1697,
83,
661,
82,
78,
198,
183,
1436,
72,
1338,
148,
91,
65,
356,
80,
221,
83,
77,
513,
43,
122,
50,
253,
524,
68,
62,
252,
44,
209,
1233,
1478,
1300,
261,
214,
521,
1256,
209,
175,
203,
1180,
1373,
240,
234,
277,
153,
1298,
184,
162,
205,
184,
129,
40,
198,
220,
403,
1196,
898,
404,
270,
1209,
79,
536,
38,
1348,
1320,
1546,
206,
278,
1560,
296,
1063,
791,
1586,
258,
1399,
420,
256,
1257,
1630,
1293,
1530,
1561,
316,
318,
90,
1606,
178,
184,
353,
191,
161,
317,
321,
180,
229,
259,
310,
145,
927,
203,
144,
364,
127,
192,
331,
341,
268,
284,
391,
545,
570,
815,
268,
813,
182,
320,
1253,
247,
567,
310,
805,
741,
219,
506,
254,
331,
265,
330,
329,
1608,
487,
485,
199,
259,
223,
274,
1905,
240,
198,
239,
537,
194,
286,
230,
311,
523,
140,
179,
515,
183,
1312,
312,
286,
787,
486,
1354,
256,
1191,
308,
737,
397,
218,
146,
298,
430,
251,
703,
349,
1741,
300,
297,
663,
81,
511,
200,
309,
139,
2481,
265,
738,
215,
528,
639,
112,
105,
2462,
416,
728,
399,
210,
78,
1420,
329,
85,
706,
84,
186,
1774,
86,
185,
82,
730,
75,
73,
76,
72,
1163,
64,
50,
1107,
49,
1079,
170,
264,
211,
1013,
206,
1046,
162,
1029,
211,
1061,
1011,
1014,
46,
217,
226,
192,
94,
362,
45,
271,
300,
170,
1334,
287,
212,
852,
158,
216,
182,
155,
1274,
185,
942,
234,
1024,
229,
1932,
145,
1369,
165,
120,
166,
224,
874,
135,
269,
199,
345,
203,
344,
192,
190,
188,
289,
129,
254,
1354,
37,
157,
351,
250,
358,
355,
257,
287,
378,
298,
263,
915,
1729,
192,
212,
285,
574,
1697,
251,
936,
566,
562,
301,
375,
251,
326,
279,
174,
193,
145,
469,
415,
198,
284,
131,
893,
227,
143,
458,
279,
226,
891,
39,
1444,
361,
247,
646,
224,
46,
379,
161,
1730,
351,
46,
310,
243,
335,
190,
666,
180,
411,
319,
146,
258,
684,
277,
222,
293,
632,
244,
328,
267,
288,
235,
326,
265,
1787,
40,
150,
664,
224,
299,
455,
294,
297,
430,
202,
591,
508,
373,
344,
499,
708,
81,
123,
195,
233,
270,
1802,
296,
743,
77,
2041,
2565,
71,
416,
69,
974,
810,
121,
75,
202,
58,
162,
40,
859,
112,
108,
928,
916,
310,
878,
1436,
184,
180,
199,
207,
1254,
334,
897,
102,
233,
174,
342,
1358,
367,
220,
309,
871,
202,
310,
1733,
1402,
1563,
167,
1283,
1535,
224,
133,
159,
149,
240,
166,
328,
212,
152,
351,
1361,
346,
281,
326,
175,
353,
1756,
289,
300,
200,
352,
248,
322,
44,
353,
1018,
321,
357,
43,
383,
257,
248,
409,
44,
171,
397,
178,
333,
937,
1013,
267,
210,
337,
1490,
297,
260,
914,
338,
294,
346,
45,
892,
218,
1834,
253,
487,
699,
41,
231,
455,
322,
2068,
340,
244,
338,
263,
265,
274,
252,
252,
399,
319,
241,
861,
182,
308,
989,
372,
306,
312,
321,
189,
273,
1447,
476,
246,
405,
46,
186,
225,
1838,
245,
1934,
141,
422,
136,
461,
183,
337,
36,
1900,
510,
1806,
100,
230,
2638,
90,
244,
333,
578,
65,
147,
1635,
80,
1904,
1785,
345,
109,
244,
699,
69,
236,
97,
412,
258,
83,
82,
699,
256,
57,
205,
184,
223,
711,
1525,
530,
889,
731,
246,
217,
312,
215,
874,
357,
1455,
339,
863,
336,
318,
766,
415,
105,
93,
345,
351,
899,
726,
315,
1485,
314,
1341,
798,
1298,
955,
159,
348,
744,
1000,
200,
168,
378,
244,
312,
313,
92,
350,
141,
196,
1461,
356,
192,
1593,
169,
128,
361,
1832,
358,
156,
1016,
360,
36,
321,
294,
299,
301,
360,
316,
357,
252,
1079,
2109,
109,
329,
318,
271,
378,
292,
200,
344,
904,
1790,
264,
317,
296,
374,
158,
287,
323,
761,
402,
337,
295,
233,
478,
327,
278,
731,
295,
262,
354,
331,
143,
345,
206,
240,
317,
196,
385,
285,
290,
320,
46,
318,
281,
166,
239,
320,
42,
273,
392,
237,
2034,
366,
193,
259,
457,
749,
200,
207,
378,
271,
452,
41,
179,
285,
346,
184,
305,
272,
217,
449,
165,
163,
300,
124,
239,
429,
336,
131,
141,
935,
143,
414,
136,
1002,
1322,
143,
266,
1783,
315,
88,
1828,
70,
230,
62,
154,
1682,
61,
1754,
45,
426,
40,
76,
520,
40,
200,
53,
234,
811,
201,
273,
165,
39,
238,
231,
234,
237,
177,
802,
802,
799,
77,
178,
166,
1217,
194,
300,
192,
1844,
166,
908,
1789,
255,
1541,
153,
161,
40,
156,
987,
810,
388,
329,
136,
515,
359,
348,
1863,
340,
394,
140,
451,
325,
1207,
33,
295,
341,
186,
305,
371,
314,
173,
807,
265,
367,
382,
330,
221,
365,
391,
307,
236,
275,
295,
339,
405,
317,
1029,
1408,
233,
314,
372,
898,
187,
249,
176,
284,
133,
237,
824,
329,
201,
231,
811,
295,
145,
365,
293,
151,
323,
46,
271,
165,
360,
146,
923,
834,
206,
41,
261,
312,
125,
914,
1014,
370,
335,
1752,
39,
285,
365,
398,
1435,
478,
358,
286,
379,
363,
300,
256,
476,
916,
202,
368,
344,
450,
914,
114,
309,
3020,
476,
203,
125,
2134,
238,
493,
455,
203,
369,
398,
495,
123,
2808,
39,
396,
162,
370,
99,
379,
3024,
64,
301,
370,
123,
1023,
369,
1015,
1927,
213,
56,
379,
43,
401,
1131,
1166,
524,
519,
1059,
73,
2249,
1036,
403,
898,
322,
520,
858,
1061,
3033,
519,
585,
953,
2792,
392,
1511,
596,
520,
463,
311,
505,
235,
42,
215,
162,
2645,
212,
1411,
179,
243,
230,
226,
378,
311,
155,
38,
181,
394,
585,
193,
879,
125,
293,
163,
149,
330,
280,
309,
434,
530,
350,
204,
461,
40,
168,
213,
420,
218,
209,
240,
267,
352,
247,
327,
222,
166,
357,
190,
179,
366,
166,
1563,
278,
393,
439,
205,
384,
337,
452,
854,
171,
438,
341,
279,
407,
226,
853,
321,
222,
355,
110,
315,
266,
967,
160,
237,
250,
300,
350,
368,
350,
274,
271,
299,
147,
439,
368,
365,
470,
294,
160,
267,
170,
367,
269,
335,
979,
177,
419,
270,
166,
139,
314,
209,
177,
357,
303,
374,
301,
346,
178,
287,
847,
280,
246,
398,
294,
151,
356,
567,
278,
382,
361,
117,
245,
333,
330,
41,
273,
392,
274,
1853,
171,
434,
426,
411,
407,
398,
255,
474,
780,
394,
398,
198,
399,
43,
121,
387,
270,
211,
369,
132,
3081,
102,
120,
39,
312,
1054,
94,
102,
2025,
507,
277,
62,
2279,
1593,
880,
257,
376,
1747,
664,
2062,
391,
260,
264,
254,
233,
215,
264,
230,
251,
207,
222,
202,
213,
198,
188,
926,
538,
75,
418,
141,
142,
169,
41,
207,
204,
443,
164,
173,
82,
253,
196,
206,
459,
134,
233,
131,
186,
419,
425,
215,
130,
355,
37,
403,
316,
333,
718,
258,
305,
382,
108,
457,
289,
987,
246,
226,
937,
414,
208,
531,
254,
255,
350,
928,
405,
3078,
127,
288,
338,
378,
138,
3077,
367,
177,
436,
282,
111,
388,
933,
240,
262,
341,
326,
261,
318,
188,
906,
111,
264,
391,
910,
427,
309,
657,
1285,
380,
2168,
1165,
393,
313,
330,
371,
354,
229,
234,
414,
44,
336,
324,
84,
378,
329,
468,
658,
399,
375,
369,
310,
606,
41,
186,
353,
1018,
259,
42,
349,
331,
328,
1023,
1043,
2205,
95,
115,
113,
292,
77,
634,
192,
274,
556,
3130,
46,
89,
960,
281,
782,
243,
422,
224,
3173,
82,
202,
269,
152,
43,
39,
147,
494,
191,
292,
267,
274,
524,
201,
287,
343,
253,
178,
224,
215,
221,
77,
245,
158,
215,
406,
222,
226,
159,
261,
310,
242,
978,
257,
224,
494,
342,
525,
303,
244,
140,
330,
379,
147,
135,
266,
212,
501,
353,
172,
452,
392,
250,
250,
366,
382,
439,
348,
168,
226,
158,
397,
267,
308,
190,
249,
650,
446,
308,
256,
299,
145,
354,
258,
45,
180,
321,
314,
309,
150,
359,
845,
1005,
306,
399,
245,
155,
1000,
1007,
365,
467,
342,
340,
250,
178,
168,
213,
426,
341,
349,
127,
237,
223,
426,
44,
290,
240,
2203,
293,
316,
243,
178,
44,
148,
464,
327,
548,
314,
348,
407,
336,
501,
360,
406,
205,
330,
44,
356,
405,
333,
134,
316,
330,
773,
115,
262,
995,
405,
324,
504,
111,
201,
636,
135,
210,
558,
292,
131,
95,
299,
56,
104,
41,
575,
3162,
103,
209,
705,
69,
327,
2195,
1012,
400,
199,
355,
114,
145,
606,
2223,
186,
1859,
114,
243,
166,
198,
114,
165,
69,
1906,
1942,
372,
1071,
452,
213,
46,
1109,
129,
82,
258,
362,
39,
461,
292,
116,
1069,
178,
36,
106,
161,
263,
213,
104,
530,
161,
160,
453,
248,
147,
206,
162,
314,
405,
336,
134,
218,
300,
507,
129,
143,
411,
332,
209,
274,
323,
55,
940,
464,
313,
274,
356,
591,
341,
412,
336,
1765,
378,
299,
436,
285,
404,
614,
372,
292,
377,
436,
609,
248,
389,
288,
570,
228,
346,
288,
432,
272,
339,
1023,
263,
284,
41,
427,
202,
238,
190,
330,
316,
332,
564,
272,
341,
327,
348,
285,
152,
956,
314,
242,
430,
315,
321,
281,
954,
284,
402,
333,
379,
535,
178,
314,
262,
522,
333,
364,
321,
399,
310,
221,
104,
378,
204,
104,
302,
73,
544,
97,
190,
412,
283,
37,
103,
304,
1954,
96,
152,
487,
52,
81,
2201,
67,
403,
339,
41,
513,
307,
297,
301,
801,
433,
191,
229,
499,
278,
172,
181,
36,
43,
353,
244,
219,
1928,
590,
1804,
1814,
155,
2215,
320,
412,
348,
125,
101,
1755,
87,
189,
1717,
1745,
158,
1928,
169,
199,
142,
171,
203,
174,
192,
159,
398,
174,
1965,
320,
197,
415,
264,
224,
197,
492,
558,
407,
384,
387,
376,
309,
238,
44,
360,
493,
193,
355,
376,
380,
277,
303,
387,
290,
384,
603,
443,
405,
611,
287,
334,
307,
383,
372,
2029,
249,
285,
452,
235,
390,
467,
219,
344,
239,
372,
275,
280,
281,
328,
261,
47,
207,
359,
327,
338,
212,
46,
200,
248,
306,
317,
255,
248,
322,
544,
238,
217,
336,
444,
383,
292,
2323,
442,
267,
267,
3219,
479,
321,
401,
196,
477,
432,
288,
275,
108,
588,
576,
119,
245,
399,
389,
506,
99,
136,
113,
176,
559,
116,
382,
87,
146,
152,
223,
510,
560,
104,
41,
295,
88,
163,
91,
62,
120,
51,
48,
79,
45,
51,
505,
37,
209,
218,
214,
363,
225,
223,
233,
232,
591,
360,
355,
534,
75,
413,
44,
403,
1238,
1218,
515,
366,
326,
1207,
322,
158,
310,
293,
418,
153,
189,
318,
159,
418,
502,
227,
190,
424,
324,
156,
439,
314,
195,
264,
226,
278,
253,
456,
46,
239,
43,
257,
308,
499,
299,
422,
198,
541,
424,
547,
238,
313,
310,
205,
420,
318,
188,
237,
639,
347,
337,
376,
263,
252,
352,
43,
361,
328,
178,
362,
255,
282,
259,
369,
205,
638,
355,
282,
209,
238,
152,
158,
248,
261,
286,
239,
1288,
297,
2397,
271,
298,
314,
471,
242,
270,
274,
283,
1207,
256,
247,
305,
442,
423,
300,
272,
561,
276,
384,
561,
258,
261,
222,
266,
188,
214,
568,
259,
422,
315,
296,
262,
311,
375,
261,
404,
207,
240,
128,
128,
117,
235,
127,
111,
3189,
1133,
125,
88,
2564,
140,
83,
50,
369,
72,
256,
467,
1342,
1426,
42,
72,
1112,
1228,
1078,
257,
68,
1185,
453,
1054,
226,
508,
223,
1708,
1290,
48,
231,
212,
239,
42,
77,
205,
237,
1256,
231,
344,
212,
1238,
191,
259,
392,
1922,
257,
180,
368,
42,
168,
254,
267,
326,
182,
416,
206,
1256,
173,
41,
210,
221,
461,
172,
264,
200,
144,
332,
159,
153,
452,
475,
644,
251,
473,
435,
436,
214,
1825,
492,
302,
280,
432,
244,
1005,
496,
267,
271,
290,
277,
206,
1016,
440,
549,
473,
202,
267,
511,
129,
519,
288,
237,
479,
297,
254,
1181,
237,
467,
619,
242,
463,
440,
234,
282,
499,
251,
425,
512,
447,
183,
509,
194,
3452,
294,
1189,
367,
445,
47,
406,
181,
253,
1368,
231,
403,
294,
135,
114,
183,
1136,
411,
268,
437,
273,
442,
259,
709,
1211,
253,
399,
1244,
382,
1371,
212,
402,
363,
223,
218,
242,
547,
218,
390,
389,
109,
2508,
371,
2522,
2507,
474,
1241,
376,
460,
639,
466,
2244,
97,
295,
275,
312,
680,
104,
380,
2573,
92,
251,
2091,
300,
1204,
590,
316,
45,
446,
1196,
231,
92,
90,
121,
2537,
1320,
83,
2080,
345,
64,
60,
610,
507,
59,
293,
411,
1188,
52,
257,
40,
84,
528,
1249,
1254,
279,
490,
543,
235,
1393,
191,
253,
1326,
274,
215,
1335,
199,
250,
214,
1258,
351,
461,
93,
222,
184,
1274,
207,
124,
220,
2122,
77,
245,
227,
218,
310,
2725,
271,
1191,
1155,
280,
377,
365,
2019,
165,
257,
194,
130,
366,
1832,
47,
152,
129,
162,
224,
504,
1347,
281,
350,
165,
455,
295,
1088,
414,
241,
464,
185,
478,
226,
439,
323,
52,
258,
1366,
288,
249,
50,
293,
1410,
1244,
214,
301,
457,
331,
664,
512,
398,
171,
288,
43,
2564,
480,
215,
1089,
453,
478,
331,
2475,
409,
650,
288,
686,
293,
2421,
320,
662,
389,
265,
331,
265,
415,
449,
1857,
243,
1019,
294,
179,
1154,
290,
208,
141,
250,
385,
162,
660,
247,
193,
133,
360,
424,
3528,
186,
488,
1746,
660,
317,
158,
431,
482,
156,
2625,
1965,
39,
256,
302,
281,
342,
3523,
205,
303,
777,
327,
3522,
401,
676,
44,
823,
330,
340,
575,
281,
222,
464,
2414,
412,
212,
139,
200,
121,
88,
660,
82,
233,
103,
230,
3484,
233,
96,
221,
323,
86,
2599,
1307,
1314,
38,
1299,
71,
188,
343,
197,
161,
2177,
158,
238,
213,
349,
237,
457,
715,
80,
2192,
297,
2049,
2033,
1163,
93,
219,
2137,
2219,
272,
2055,
156,
563,
215,
374,
1376,
454,
71,
427,
43,
245,
633,
152,
212,
1361,
692,
137,
182,
472,
338,
1376,
149,
228,
503,
391,
1333,
418,
300,
43,
214,
322,
473,
421,
343,
173,
425,
653,
485,
355,
343,
398,
330,
524,
1327,
328,
643,
518,
719,
423,
555,
302,
471,
332,
2223,
441,
3559,
523,
295,
166,
313,
1273,
1380,
508,
139,
1051,
52,
234,
286,
1364,
455,
255,
576,
303,
982,
391,
47,
284,
331,
218,
1359,
365,
137,
326,
334,
1308,
253,
2214,
402,
43,
302,
655,
195,
403,
172,
231,
2621,
248,
295,
799,
315,
1391,
1283,
167,
318,
288,
130,
569,
209,
330,
123,
538,
246,
1276,
2139,
260,
322,
522,
842,
2040,
151,
278,
134,
767,
575,
377,
126,
129,
572,
506,
281,
200,
202,
51,
138,
131,
2451,
39,
86,
1202,
2358,
47,
1255,
375,
979,
116,
259,
484,
574,
224,
242,
220,
2493,
169,
196,
787,
206,
152,
2702,
395,
39,
102,
2380,
326,
1973,
199,
188,
213,
210,
1831,
458,
404,
238,
516,
146,
462,
40,
387,
193,
646,
348,
378,
399,
300,
38,
277,
345,
323,
788,
720,
284,
321,
514,
288,
396,
242,
332,
277,
325,
931,
284,
341,
186,
204,
451,
312,
222,
569,
361,
351,
357,
748,
261,
367,
337,
246,
41,
212,
2525,
304,
169,
344,
2550,
196,
276,
489,
41,
747,
2515,
389,
185,
284,
639,
375,
321,
745,
183,
2682,
590,
431,
205,
669,
1368,
588,
390,
193,
698,
566,
335,
41,
2176,
577,
326,
789,
666,
44,
284,
95,
137,
712,
408,
114,
702,
587,
186,
84,
229,
79,
52,
1845,
228,
424,
41,
54,
357,
695,
42,
575,
1213,
235,
226,
2787,
3720,
2033,
250,
100,
83,
233,
47,
2049,
2435,
1891,
1849,
229,
1954,
1993,
236,
1974,
2056,
731,
696,
227,
982,
2241,
2529,
444,
2073,
216,
430,
172,
394,
129,
431,
190,
154,
335,
490,
1008,
3234,
328,
407,
241,
382,
431,
423,
2335,
391,
206,
349,
311,
3629,
218,
596,
2211,
2095,
41,
505,
198,
806,
450,
1014,
637,
2148,
319,
483,
413,
198,
2174,
1011,
833,
396,
396,
194,
535,
205,
259,
1004,
408,
546,
272,
262,
195,
406,
193,
447,
2882,
458,
215,
336,
2620,
168,
270,
330,
38,
209,
616,
175,
320,
364,
219,
565,
403,
194,
540,
371,
651,
536,
97,
1159,
294,
608,
584,
232,
652,
1797,
491,
2445,
661,
96,
966,
3738,
2406,
199,
282,
42,
2340,
277,
43,
84,
1370,
159,
236,
398,
47,
75,
973,
164,
2366,
263,
1834,
218,
1912,
152,
2243,
2074,
1955,
791,
42,
271,
86,
265,
251,
247,
322,
209,
84,
2596,
217,
43,
235,
552,
202,
212,
44,
211,
249,
158,
40,
205,
343,
493,
189,
419,
342,
466,
360,
2207,
462,
404,
468,
555,
321,
236,
431,
560,
231,
411,
297,
474,
757,
370,
503,
445,
232,
148,
45,
533,
338,
44,
293,
172,
229,
328,
453,
395,
299,
330,
45,
280,
887,
257,
192,
372,
368,
343,
297,
439,
434,
483,
213,
262,
326,
177,
411,
279,
203,
881,
324,
499,
534,
3788,
518,
214,
394,
761,
88,
42,
416,
870,
429,
412,
2838,
78,
1125,
2415,
362,
643,
775,
45,
2328,
209,
55,
242,
2340,
865,
636,
748,
621,
195,
2301,
742,
336,
2174,
39,
236,
629,
217,
608,
2089,
952,
369,
43,
724,
293,
3714,
213,
276,
264,
267,
200,
223,
191,
240,
322,
258,
190,
204,
197,
252,
201,
203,
287,
247,
301,
226,
357,
1993,
439,
244,
53,
287,
199,
221,
398,
201,
177,
129,
507,
250,
153,
222,
516,
213,
345,
362,
336,
244,
499,
180,
502,
462,
517,
338,
729,
479,
295,
494,
215,
527,
390,
564,
487,
726,
378,
365,
359,
1104,
389,
349,
387,
473,
46,
159,
376,
295,
187,
435,
924,
182,
253,
316,
407,
182,
581,
332,
177,
605,
583,
204,
498,
43,
499,
38,
329,
394,
2141,
335,
655,
316,
582,
274,
339,
386,
394,
165,
311,
653,
731,
398,
698,
345,
2692,
342,
96,
38,
471,
264,
2164,
684,
332,
3035,
671,
3958,
127,
556,
3780,
573,
91,
2144,
130,
513,
1673,
2150,
504,
88,
683,
93,
595,
78,
76,
48,
260,
578,
495,
37,
81,
75,
40,
271,
245,
221,
219,
2177,
220,
247,
234,
174,
87,
1021,
236,
182,
253,
43,
225,
168,
187,
543,
215,
134,
202,
597,
383,
245,
324,
226,
197,
426,
416,
167,
347,
358,
497,
488,
471,
206,
469,
634,
234,
314,
447,
929,
352,
404,
519,
609,
385,
189,
421,
345,
319,
1480,
558,
1205,
439,
395,
174,
257,
356,
235,
1013,
268,
231,
368,
47,
1206,
45,
316,
397,
384,
541,
620,
239,
229,
383,
47,
346,
516,
656,
323,
487,
358,
412,
262,
716,
366,
768,
304,
256,
3012,
364,
508,
731,
482,
679,
476,
88,
306,
684,
681,
2219,
40,
3841,
1038,
549,
3854,
772,
731,
41,
93,
678,
370,
2212,
1759,
2126,
42,
693,
46,
1765,
41,
2164,
1723,
446,
2150,
2044,
1608,
81,
544,
209,
2366,
203,
2255,
46,
568,
309,
2334,
2322,
110,
1079,
2569,
89,
2603,
439,
1245,
112,
2282,
572,
209,
240,
2357,
2362,
545,
194,
2121,
435,
311,
464,
160,
592,
191,
537,
267,
2009,
133,
449,
447,
170,
559,
43,
373,
534,
2678,
444,
521,
2028,
573,
212,
555,
241,
217,
362,
684,
49,
655,
262,
574,
930,
735,
681,
285,
664,
3421,
625,
259,
446,
514,
633,
207,
494,
249,
261,
664,
353,
463,
190,
477,
637,
443,
312,
616,
240,
421,
42,
3550,
403,
308,
3519,
2978,
230,
277,
316,
223,
238,
326,
3479,
243,
249,
667,
94,
485,
683,
328,
261,
281,
233,
2151,
283,
814,
289,
564,
176,
498,
480,
508,
320,
527,
2565,
312,
787,
101,
261,
675,
611,
471,
104,
466,
131,
376,
1050,
2188,
241,
725,
128,
264,
752,
123,
94,
962,
677,
228,
189,
789,
768,
224,
4063,
428,
1034,
403,
3119,
86,
2050,
81,
2720,
77,
199,
196,
2240,
1122,
250,
188,
2268,
408,
384,
213,
364,
225,
266,
207,
106,
2243,
297,
215,
230,
201,
341,
81,
302,
314,
298,
1006,
2317,
604,
421,
494,
580,
82,
453,
517,
312,
398,
400,
486,
226,
1016,
333,
371,
363,
225,
347,
335,
639,
293,
335,
817,
1159,
214,
187,
657,
356,
327,
266,
538,
646,
233,
389,
227,
627,
561,
259,
1316,
237,
224,
1168,
478,
386,
362,
175,
304,
340,
379,
473,
46,
211,
508,
43,
691,
385,
504,
321,
277,
246,
215,
572,
2716,
295,
781,
493,
1093,
311,
384,
552,
4241,
431,
460,
481,
2745,
721,
479,
487,
465,
316,
351,
114,
725,
214,
138,
43,
3196,
3186,
306,
2918,
729,
142,
51,
49,
277,
128,
2283,
107,
46,
349,
45,
39,
349,
348,
420,
388,
344,
417,
78,
272,
272,
281,
306,
637,
223,
253,
336,
243,
233,
290,
229,
502,
220,
245,
503,
1167,
207,
97,
476,
202,
267,
1163,
317,
147,
245,
199,
582,
1073,
2240,
86,
109,
536,
81,
213,
395,
532,
413,
1170,
154,
393,
597,
195,
332,
592,
143,
295,
154,
513,
427,
108,
546,
499,
577,
440,
111,
587,
525,
260,
414,
2073,
4055,
293,
347,
189,
470,
362,
254,
522,
291,
339,
46,
560,
244,
582,
266,
1263,
359,
253,
550,
402,
349,
350,
247,
748,
279,
576,
237,
366,
456,
360,
188,
689,
213,
250,
293,
181,
367,
319,
174,
332,
296,
305,
460,
517,
476,
215,
418,
458,
299,
338,
466,
334,
224,
430,
1211,
279,
250,
535,
305,
451,
885,
339,
949,
93,
199,
4262,
560,
147,
336,
3111,
335,
129,
253,
448,
455,
250,
82,
153,
108,
72,
4295,
3350,
299,
74,
4171,
627,
2821,
293,
889,
206,
3220,
375,
862,
777,
2697,
299,
45,
179,
52,
462,
344,
873,
500,
266,
197,
355,
182,
241,
482,
154,
211,
142,
468,
366,
443,
246,
142,
202,
93,
284,
203,
233,
220,
272,
189,
275,
277,
196,
300,
257,
374,
186,
400,
285,
165,
1246,
175,
171,
196,
1365,
1001,
239,
104,
1369,
39,
443,
398,
182,
391,
540,
381,
287,
583,
595,
593,
386,
641,
203,
302,
334,
255,
284,
41,
40,
857,
294,
251,
472,
317,
373,
558,
609,
548,
586,
4116,
278,
224,
489,
1488,
287,
133,
205,
44,
294,
203,
395,
584,
1160,
251,
567,
500,
582,
309,
573,
304,
285,
549,
530,
579,
1181,
386,
525,
522,
331,
341,
485,
40,
408,
935,
248,
475,
347,
1218,
327,
529,
2915,
407,
407,
257,
429,
490,
249,
82,
3047,
205,
214,
936,
123,
2846,
231,
234,
922,
142,
106,
921,
96,
917,
687,
2019,
883,
66,
677,
64,
260,
356,
63,
676,
662,
57,
661,
656,
41,
2670,
58,
2927,
250,
226,
239,
274,
234,
257,
2505,
196,
218,
200,
77,
234,
242,
241,
1994,
1532,
368,
250,
277,
457,
189,
227,
3843,
3804,
203,
588,
162,
207,
208,
290,
224,
276,
248,
603,
284,
230,
437,
572,
241,
252,
416,
196,
373,
521,
173,
510,
276,
1352,
283,
461,
410,
594,
268,
3311,
487,
1349,
1098,
552,
449,
502,
1102,
1029,
2961,
431,
290,
414,
508,
413,
45,
502,
3851,
40,
366,
2504,
371,
362,
407,
135,
325,
414,
458,
403,
472,
347,
1293,
1293,
759,
502,
410,
42,
279,
934,
592,
456,
920,
313,
1287,
585,
928,
42,
496,
578,
570,
413,
896,
1248,
909,
400,
1247,
128,
241,
562,
861,
3418,
191,
113,
99,
881,
468,
1327,
42,
690,
3248,
266,
311,
248,
253,
222,
306,
239,
972,
2365,
201,
228,
250,
2358,
448,
428,
148,
39,
1403,
129,
1396,
441,
42,
556,
256,
2593,
49,
1092,
331,
235,
521,
643,
197,
154,
40,
140,
186,
174,
532,
235,
41,
287,
329,
669,
3295,
476,
41,
204,
367,
3280,
456,
552,
657,
525,
499,
371,
316,
581,
533,
632,
631,
330,
662,
309,
535,
564,
623,
584,
319,
313,
1284,
278,
279,
485,
274,
457,
571,
498,
576,
316,
1273,
374,
430,
347,
426,
46,
632,
380,
656,
218,
462,
430,
335,
265,
232,
275,
1334,
392,
416,
41,
1301,
353,
297,
343,
168,
227,
570,
1241,
1279,
480,
1562,
424,
324,
226,
1561,
484,
1110,
384,
219,
419,
649,
4359,
45,
206,
671,
894,
621,
106,
46,
2960,
856,
94,
554,
824,
77,
912,
41,
3428,
39,
454,
220,
532,
772,
297,
547,
3381,
282,
258,
688,
513,
45,
1144,
500,
157,
377,
298,
244,
292,
1251,
254,
555,
221,
1052,
216,
302,
41,
689,
511,
222,
454,
106,
412,
156,
152,
2657,
2587,
3833,
2547,
90,
350,
576,
209,
525,
2622,
1421,
511,
336,
531,
158,
150,
3317,
317,
316,
149,
522,
175,
150,
356,
2546,
181,
254,
514,
148,
1172,
216,
526,
138,
224,
605,
147,
411,
172,
424,
379,
356,
231,
448,
103,
44,
488,
217,
2907,
36,
469,
172,
425,
1275,
657,
205,
1264,
425,
1189,
322,
181,
413,
1222,
366,
478,
515,
43,
275,
505,
338,
1458,
575,
477,
3267,
640,
488,
529,
188,
345,
436,
599,
332,
270,
238,
629,
504,
1195,
1311,
399,
406,
438,
373,
290,
1266,
267,
702,
204,
472,
1234,
472,
595,
369,
349,
1233,
205,
501,
624,
402,
838,
500,
330,
675,
679,
749,
1194,
722,
403,
1417,
369,
659,
1339,
328,
373,
1393,
347,
2419,
1197,
1380,
310,
135,
658,
122,
656,
640,
115,
102,
616,
386,
379,
92,
52,
815,
110,
988,
118,
79,
75,
1583,
469,
95,
93,
3238,
458,
372,
3074,
333,
167,
173,
199,
37,
166,
125,
2960,
635,
223,
199,
221,
422,
2920,
2825,
701,
283,
2412,
4055,
461,
3391,
52,
2824,
547,
1509,
147,
1355,
544,
398,
352,
430,
423,
2805,
327,
1507,
1003,
46,
418,
416,
202,
414,
494,
215,
397,
1255,
2936,
104,
3359,
196,
1504,
395,
127,
454,
141,
727,
312,
251,
197,
206,
279,
160,
401,
486,
44,
416,
3185,
236,
411,
420,
180,
476,
46,
38,
406,
430,
249,
655,
614,
459,
40,
435,
379,
432,
742,
534,
362,
247,
532,
1226,
233,
734,
1270,
540,
1093,
762,
277,
579,
230,
269,
622,
592,
261,
1059,
328,
134,
1256,
199,
371,
153,
429,
1252,
404,
246,
422,
180,
350,
255,
1450,
261,
265,
219,
303,
194,
442,
270,
1063,
415,
482,
43,
391,
174,
633,
209,
556,
657,
613,
214,
1459,
612,
740,
1055,
423,
110,
655,
611,
378,
326,
416,
629,
1053,
493,
1453,
104,
4578,
44,
105,
2724,
228,
80,
511,
554,
3051,
42,
1475,
41,
387,
249,
43,
2765,
75,
374,
1186,
342,
2417,
368,
40,
190,
3514,
231,
138,
153,
195,
226,
203,
208,
186,
1972,
2414,
438,
387,
204,
196,
200,
398,
451,
47,
1426,
507,
120,
193,
589,
3248,
1572,
234,
3234,
471,
1543,
2428,
162,
3417,
466,
164,
336,
1542,
440,
379,
540,
154,
155,
41,
546,
227,
514,
419,
521,
154,
316,
441,
232,
402,
257,
292,
368,
397,
210,
1221,
165,
518,
303,
655,
559,
224,
639,
545,
558,
451,
262,
42,
520,
464,
501,
1558,
3259,
1615,
329,
1552,
342,
107,
297,
658,
394,
155,
3643,
620,
237,
245,
584,
317,
512,
630,
4173,
287,
613,
265,
464,
3511,
292,
214,
680,
169,
349,
300,
461,
291,
428,
593,
196,
258,
480,
175,
46,
446,
192,
328,
660,
434,
460,
429,
192,
2705,
179,
274,
137,
615,
502,
419,
342,
553,
1559,
3049,
457,
1580,
251,
501,
235,
423,
238,
1068,
522,
1087,
336,
3031,
135,
149,
114,
84,
40,
518,
204,
247,
3034,
3871,
2506,
4588,
538,
246,
43,
783,
282,
239,
204,
236,
218,
218,
170,
92,
78,
254,
434,
171,
446,
186,
180,
531,
229,
461,
168,
1074,
673,
168,
517,
2795,
175,
199,
495,
207,
136,
1041,
144,
216,
598,
154,
198,
409,
168,
251,
484,
1631,
167,
502,
292,
454,
276,
466,
131,
199,
592,
1608,
459,
42,
608,
259,
1308,
563,
433,
324,
439,
208,
578,
4650,
635,
318,
44,
433,
633,
112,
482,
456,
231,
748,
558,
448,
474,
746,
469,
606,
340,
99,
553,
519,
241,
355,
232,
249,
263,
663,
157,
1339,
276,
225,
263,
240,
504,
286,
352,
281,
239,
47,
250,
251,
403,
2678,
259,
250,
205,
249,
245,
703,
534,
294,
280,
543,
41,
211,
688,
589,
1913,
1633,
233,
654,
668,
433,
691,
661,
670,
424,
44,
271,
291,
42,
227,
662,
466,
607,
76,
662,
238,
233,
476,
545,
432,
75,
596,
46,
68,
227,
77,
479,
253,
514,
47,
37,
238,
488,
256,
41,
1102,
1665,
215,
520,
44,
44,
201,
300,
1619,
581,
43,
279,
323,
375,
278,
38,
574,
264,
354,
513,
526,
164,
305,
75,
105,
469,
181,
221,
181,
2593,
140,
190,
261,
110,
512,
195,
508,
318,
189,
559,
298,
575,
168,
485,
738,
47,
172,
1690,
308,
464,
179,
481,
181,
2784,
503,
584,
1647,
316,
407,
2860,
378,
706,
489,
4099,
1689,
344,
198,
484,
211,
453,
165,
288,
43,
546,
1555,
556,
430,
2839,
500,
802,
1731,
317,
233,
604,
516,
313,
497,
317,
286,
572,
316,
4178,
201,
302,
584,
599,
310,
324,
343,
358,
233,
466,
223,
488,
332,
252,
370,
271,
620,
352,
498,
181,
563,
153,
283,
4052,
648,
643,
229,
364,
221,
4851,
333,
80,
581,
306,
444,
801,
627,
117,
616,
335,
219,
604,
118,
198,
595,
212,
101,
136,
115,
47,
198,
100,
320,
335,
96,
1174,
3386,
88,
1148,
87,
76,
316,
91,
361,
74,
4311,
81,
91,
1150,
85,
1135,
202,
72,
60,
48,
173,
201,
198,
250,
46,
200,
171,
213,
143,
209,
1695,
219,
178,
182,
241,
43,
40,
209,
571,
394,
172,
322,
249,
314,
340,
163,
618,
489,
4796,
297,
227,
57,
281,
180,
453,
273,
45,
450,
156,
352,
477,
40,
393,
1705,
408,
534,
392,
557,
516,
533,
580,
525,
426,
365,
409,
555,
247,
633,
1640,
199,
406,
512,
392,
381,
282,
1722,
195,
557,
599,
405,
429,
44,
274,
248,
229,
298,
187,
258,
522,
191,
210,
46,
391,
336,
1656,
241,
779,
455,
1741,
494,
210,
774,
95,
107,
539,
384,
847,
395,
533,
221,
219,
283,
216,
97,
528,
235,
261,
401,
279,
407,
318,
94,
92,
293,
98,
310,
235,
332,
119,
356,
439,
2603,
91,
81,
401,
83,
79,
2388,
38,
81,
1978,
42,
160,
282,
373,
200,
41,
300,
257,
187,
331,
212,
188,
4766,
113,
265,
142,
234,
2797,
1842,
250,
606,
253,
604,
1700,
263,
258,
263,
226,
182,
35,
258,
158,
266,
126,
218,
136,
4895,
137,
363,
264,
506,
169,
295,
506,
159,
479,
519,
463,
515,
194,
169,
558,
256,
573,
636,
492,
535,
608,
172,
215,
599,
448,
228,
442,
2013,
528,
511,
500,
170,
398,
2022,
449,
543,
260,
457,
391,
147,
383,
395,
542,
245,
176,
529,
549,
207,
263,
2017,
2952,
182,
445,
835,
493,
574,
215,
275,
221,
278,
575,
268,
592,
275,
516,
206,
272,
400,
1459,
220,
513,
362,
265,
820,
203,
3029,
262,
1337,
1140,
211,
299,
387,
876,
413,
264,
223,
4989,
226,
138,
79,
541,
97,
456,
1168,
927,
41,
925,
88,
557,
76,
755,
553,
68,
351,
471,
46,
214,
190,
429,
41,
185,
192,
247,
205,
166,
144,
197,
184,
286,
225,
113,
200,
101,
282,
96,
184,
412,
233,
422,
4956,
195,
541,
161,
176,
264,
401,
354,
403,
365,
152,
149,
278,
216,
193,
461,
161,
104,
2108,
208,
17,
422,
2060,
595,
202,
444,
133,
387,
255,
391,
556,
144,
580,
211,
392,
408,
392,
551,
223,
564,
135,
182,
398,
574,
246,
422,
589,
429,
239,
500,
192,
439,
357,
397,
370,
187,
2115,
294,
299,
306,
260,
981,
460,
207,
587,
38,
288,
373,
567,
421,
356,
315,
457,
436,
87,
216,
285,
438,
389,
393,
2114,
275,
374,
340,
339,
229,
2125,
567,
432,
100,
661,
110,
2857,
206,
155,
84,
438,
585,
3448,
1381,
1848,
1318,
616,
184,
226,
434,
1077,
1014,
309,
416,
266,
2076,
217,
228,
225,
499,
229,
352,
235,
255,
226,
174,
192,
1308,
84,
333,
524,
51,
386,
2123,
107,
2134,
320,
310,
298,
884,
3749,
428,
155,
174,
180,
124,
168,
266,
414,
188,
202,
97,
458,
233,
368,
181,
199,
428,
189,
515,
619,
427,
215,
442,
274,
396,
2149,
89,
358,
197,
603,
632,
516,
2177,
304,
373,
569,
238,
220,
502,
499,
371,
224,
417,
255,
499,
155,
2135,
467,
606,
417,
472,
560,
357,
231,
466,
587,
219,
561,
407,
298,
374,
294,
189,
372,
45,
625,
207,
649,
183,
378,
211,
644,
355,
444,
218,
209,
343,
278,
79,
291,
205,
410,
1276,
1266,
312,
379,
358,
3491,
662,
172,
427,
3276,
246,
114,
189,
133,
156,
309,
116,
81,
145,
1339,
119,
1314,
362,
82,
109,
95,
59,
456,
466,
36,
51,
53,
3326,
318,
3805,
51,
131,
3284,
1312,
41,
2177,
309,
205,
202,
209,
219,
208,
331,
657,
384,
41,
125,
319,
343,
2858,
315,
157,
150,
215,
46,
1002,
196,
262,
451,
2590,
39,
358,
195,
983,
217,
210,
670,
399,
203,
213,
394,
647,
202,
395,
367,
409,
386,
671,
298,
664,
1055,
140,
234,
429,
386,
338,
228,
461,
248,
377,
243,
204,
2204,
427,
677,
309,
690,
245,
304,
242,
45,
320,
242,
231,
665,
295,
225,
680,
651,
389,
258,
398,
293,
281,
234,
635,
3011,
1058,
3238,
3608,
220,
3052,
420,
3029,
683,
313,
649,
445,
3510,
3386,
235,
278,
422,
2873,
243,
683,
90,
402,
121,
467,
374,
133,
1117,
107,
1102,
85,
81,
132,
77,
5259,
42,
470,
3653,
226,
41,
467,
362,
224,
44,
3372,
43,
257,
216,
224,
228,
4124,
240,
108,
95,
1167,
3158,
84,
170,
281,
231,
465,
449,
668,
470,
522,
395,
572,
419,
729,
266,
207,
400,
1348,
597,
401,
1095,
228,
336,
444,
411,
598,
706,
424,
705,
721,
225,
255,
693,
549,
1130,
586,
360,
420,
432,
1032,
402,
396,
515,
198,
724,
491,
390,
1129,
706,
267,
1054,
588,
503,
154,
84,
652,
334,
1043,
400,
715,
486,
588,
511,
121,
318,
1185,
706,
136,
101,
173,
69,
134,
418,
383,
59,
40,
75,
346,
54,
40,
434,
41,
288,
4192,
1132,
43,
4048,
366,
150,
3594,
823,
628,
121,
152,
353,
106,
128,
1435,
4122,
261,
81,
38,
1614,
339,
335,
512,
304,
261,
506,
196,
793,
736,
325,
323,
593,
618,
630,
276,
467,
4367,
478,
172,
286,
638,
568,
4638,
503,
285,
446,
480,
583,
139,
474,
2459,
218,
470,
456,
1871,
615,
513,
469,
1104,
396,
4227,
517,
352,
536,
3610,
436,
738,
402,
724,
582,
378,
232,
453,
425,
587,
504,
281,
294,
1192,
338,
397,
337,
452,
25,
465,
303,
809,
431,
295,
27,
919,
548,
486,
27,
483,
516,
27,
112,
474,
835,
223,
350,
96,
1119,
392,
48,
54,
489,
467,
53,
3431,
3478,
477,
3171,
38,
356,
3094,
442,
534,
239,
442,
3161,
3074,
142,
3416,
2990,
3111,
3241,
2975,
443,
45,
3006,
1214,
318,
253,
2952,
2981,
5273,
276,
387,
345,
302,
197,
312,
96,
87,
620,
300,
1233,
216,
310,
3439,
34,
350,
1608,
346,
152,
307,
180,
199,
454,
3715,
3695,
357,
1963,
48,
371,
304,
308,
305,
721,
281,
730,
363,
196,
489,
804,
313,
632,
497,
658,
378,
622,
466,
48,
847,
390,
40,
470,
458,
481,
613,
709,
469,
328,
751,
467,
1194,
249,
558,
389,
1251,
1236,
274,
336,
488,
382,
431,
512,
242,
468,
601,
774,
510,
357,
768,
4284,
4222,
408,
744,
266,
398,
517,
4250,
369,
222,
541,
234,
432,
412,
421,
393,
201,
626,
346,
396,
753,
263,
25,
807,
232,
1188,
914,
4251,
1192,
1298,
391,
495,
835,
679,
396,
44,
1339,
493,
5468,
116,
92,
91,
1636,
81,
1565,
