33,
50,
34,
49,
33,
34,
30,
33,
76,
64,
78,
36,
48,
74,
105,
92,
93,
105,
48,
72,
44,
123,
44,
120,
35,
98,
127,
131,
123,
130,
100,
108,
112,
119,
101,
36,
105,
110,
137,
134,
136,
142,
38,
33,
147,
34,
30,
128,
145,
124,
136,
137,
156,
108,
100,
93,
43,
118,
92,
69,
121,
80,
90,
91,
147,
164,
187,
127,
157,
83,
128,
175,
132,
185,
159,
193,
70,
160,
181,
78,
169,
146,
149,
71,
174,
135,
141,
157,
154,
190,
149,
137,
171,
176,
145,
64,
81,
115,
157,
148,
123,
172,
121,
139,
63,
158,
169,
59,
178,
56,
118,
156,
55,
145,
194,
41,
205,
129,
139,
187,
127,
51,
146,
37,
115,
181,
121,
99,
116,
218,
34,
179,
182,
106,
177,
131,
190,
184,
107,
176,
220,
145,
140,
178,
222,
151,
219,
178,
206,
200,
36,
201,
196,
119,
150,
201,
159,
172,
147,
118,
202,
183,
161,
98,
236,
193,
188,
136,
142,
179,
171,
115,
242,
183,
220,
135,
178,
41,
182,
158,
32,
118,
116,
224,
114,
32,
132,
33,
173,
95,
93,
82,
120,
95,
191,
133,
76,
48,
226,
91,
73,
201,
131,
198,
120,
44,
152,
185,
160,
165,
69,
161,
185,
201,
197,
146,
192,
188,
205,
116,
60,
105,
241,
293,
103,
56,
143,
212,
249,
222,
191,
174,
72,
167,
124,
200,
186,
240,
180,
195,
259,
152,
267,
100,
170,
165,
186,
71,
126,
279,
51,
290,
177,
119,
124,
172,
167,
260,
161,
43,
45,
165,
203,
120,
242,
172,
165,
126,
118,
83,
117,
270,
114,
140,
158,
124,
119,
195,
220,
204,
121,
118,
115,
209,
138,
192,
255,
175,
134,
136,
144,
166,
35,
193,
157,
173,
230,
256,
198,
117,
220,
186,
149,
267,
157,
146,
162,
216,
256,
170,
197,
205,
210,
305,
267,
250,
223,
232,
230,
37,
188,
245,
36,
186,
220,
168,
128,
204,
211,
311,
163,
300,
225,
148,
185,
204,
298,
194,
37,
271,
180,
301,
303,
185,
138,
222,
150,
287,
37,
261,
307,
158,
286,
135,
231,
224,
37,
261,
186,
286,
292,
37,
241,
127,
32,
166,
285,
203,
197,
228,
116,
149,
77,
159,
68,
159,
35,
131,
244,
255,
98,
34,
33,
120,
49,
163,
132,
72,
113,
44,
180,
71,
201,
161,
157,
179,
159,
124,
181,
197,
222,
108,
206,
103,
239,
51,
189,
317,
182,
142,
226,
126,
50,
323,
169,
301,
195,
171,
219,
310,
191,
185,
332,
209,
307,
180,
178,
117,
170,
161,
149,
146,
181,
38,
156,
351,
216,
78,
110,
37,
125,
141,
77,
337,
117,
209,
326,
175,
263,
220,
125,
305,
112,
135,
133,
206,
246,
105,
215,
186,
219,
285,
123,
215,
136,
212,
135,
164,
141,
185,
162,
181,
121,
185,
243,
156,
121,
235,
179,
155,
138,
39,
251,
121,
232,
289,
285,
256,
144,
171,
237,
251,
171,
209,
90,
287,
41,
288,
86,
123,
162,
249,
303,
195,
159,
218,
125,
278,
142,
235,
147,
223,
43,
306,
145,
221,
362,
151,
226,
292,
192,
366,
41,
289,
286,
274,
214,
252,
247,
209,
328,
294,
291,
43,
215,
228,
347,
224,
148,
244,
44,
172,
40,
226,
120,
160,
45,
215,
253,
191,
92,
158,
32,
113,
119,
37,
44,
133,
175,
188,
86,
73,
193,
163,
156,
182,
189,
133,
119,
115,
371,
177,
204,
42,
224,
207,
272,
192,
365,
95,
229,
209,
203,
130,
128,
288,
200,
85,
111,
245,
226,
50,
249,
234,
209,
192,
157,
273,
184,
169,
345,
123,
158,
37,
173,
263,
167,
134,
243,
218,
206,
253,
244,
143,
136,
35,
313,
133,
185,
274,
125,
174,
160,
168,
94,
189,
257,
137,
266,
126,
145,
116,
245,
157,
166,
397,
184,
127,
182,
180,
138,
390,
165,
239,
114,
153,
112,
416,
288,
309,
216,
260,
93,
120,
160,
239,
176,
253,
162,
254,
276,
104,
224,
393,
170,
125,
189,
250,
269,
77,
364,
229,
215,
254,
42,
206,
151,
213,
115,
173,
296,
430,
158,
306,
168,
333,
203,
200,
200,
200,
125,
243,
148,
358,
144,
211,
112,
386,
245,
170,
230,
176,
121,
211,
273,
34,
209,
260,
192,
121,
256,
160,
240,
35,
144,
319,
284,
234,
146,
223,
50,
225,
420,
307,
205,
217,
398,
223,
308,
384,
255,
169,
229,
35,
205,
264,
42,
149,
277,
399,
187,
163,
194,
406,
270,
307,
123,
197,
137,
103,
88,
401,
403,
100,
143,
96,
222,
195,
175,
197,
442,
72,
449,
157,
165,
137,
118,
394,
148,
113,
113,
143,
102,
174,
210,
194,
447,
122,
119,
79,
201,
236,
234,
224,
364,
69,
142,
111,
142,
122,
115,
163,
201,
233,
215,
182,
166,
253,
405,
197,
268,
253,
70,
203,
65,
161,
178,
225,
95,
220,
47,
191,
161,
51,
241,
310,
175,
177,
169,
157,
142,
132,
228,
46,
139,
126,
153,
169,
97,
45,
191,
119,
46,
127,
141,
121,
116,
155,
44,
155,
128,
42,
229,
162,
279,
270,
184,
459,
430,
236,
267,
87,
214,
253,
179,
248,
35,
410,
446,
219,
276,
267,
175,
136,
139,
258,
213,
115,
251,
450,
215,
280,
383,
38,
235,
187,
297,
401,
125,
257,
219,
398,
176,
390,
276,
44,
40,
196,
42,
306,
260,
247,
37,
217,
330,
281,
325,
285,
212,
314,
175,
33,
219,
178,
149,
186,
153,
283,
226,
223,
195,
287,
376,
223,
475,
218,
322,
134,
103,
240,
176,
40,
41,
127,
402,
456,
115,
109,
36,
358,
114,
102,
95,
470,
357,
98,
94,
125,
319,
42,
465,
369,
409,
251,
181,
238,
208,
74,
435,
330,
209,
315,
283,
39,
425,
170,
161,
311,
143,
415,
158,
189,
74,
156,
228,
186,
144,
183,
93,
191,
213,
156,
185,
130,
180,
256,
405,
60,
172,
240,
176,
225,
214,
190,
174,
137,
59,
139,
143,
74,
194,
182,
58,
168,
177,
125,
240,
251,
155,
188,
162,
178,
175,
53,
128,
157,
210,
151,
49,
120,
395,
258,
384,
256,
192,
45,
40,
254,
154,
56,
45,
184,
184,
137,
42,
202,
234,
153,
432,
133,
299,
396,
131,
290,
199,
43,
105,
125,
141,
326,
270,
40,
188,
301,
405,
233,
146,
288,
273,
91,
241,
283,
286,
236,
452,
278,
283,
148,
178,
203,
220,
454,
284,
123,
245,
39,
99,
444,
287,
264,
216,
293,
426,
247,
244,
299,
239,
396,
229,
223,
323,
366,
370,
393,
228,
43,
41,
377,
37,
202,
339,
230,
389,
424,
254,
196,
352,
304,
171,
267,
163,
168,
416,
372,
190,
139,
32,
270,
131,
422,
372,
183,
167,
117,
186,
259,
115,
326,
416,
193,
403,
381,
107,
76,
343,
379,
419,
256,
84,
412,
408,
108,
441,
311,
366,
447,
115,
343,
429,
418,
41,
71,
375,
69,
177,
153,
356,
113,
213,
163,
206,
364,
185,
171,
231,
225,
250,
192,
169,
196,
317,
188,
73,
234,
160,
162,
372,
142,
146,
204,
215,
198,
127,
165,
208,
427,
138,
148,
203,
63,
216,
142,
169,
61,
130,
176,
138,
135,
172,
208,
198,
180,
166,
145,
58,
200,
417,
188,
223,
149,
45,
150,
124,
201,
205,
139,
101,
116,
182,
44,
89,
114,
179,
105,
128,
88,
405,
201,
141,
168,
147,
40,
217,
135,
249,
137,
320,
114,
169,
191,
251,
117,
185,
204,
279,
46,
186,
129,
41,
273,
272,
163,
277,
125,
400,
200,
361,
117,
239,
192,
191,
38,
172,
105,
245,
162,
189,
413,
139,
281,
121,
92,
475,
352,
187,
39,
275,
193,
200,
358,
242,
102,
152,
306,
149,
140,
238,
310,
224,
227,
43,
192,
189,
346,
132,
406,
42,
293,
205,
157,
224,
184,
253,
138,
259,
202,
272,
364,
222,
127,
224,
375,
42,
203,
184,
200,
357,
269,
353,
224,
186,
219,
43,
120,
216,
482,
114,
185,
219,
257,
384,
41,
364,
238,
310,
170,
425,
392,
62,
320,
117,
153,
44,
386,
331,
104,
88,
139,
103,
357,
330,
444,
74,
402,
39,
52,
321,
410,
390,
448,
286,
390,
437,
187,
377,
78,
424,
82,
241,
179,
191,
199,
149,
425,
170,
46,
231,
426,
115,
138,
198,
283,
192,
190,
138,
151,
186,
441,
167,
172,
161,
179,
363,
189,
61,
184,
192,
190,
118,
175,
201,
427,
182,
160,
149,
180,
138,
215,
371,
382,
180,
43,
166,
127,
41,
143,
388,
138,
144,
130,
137,
164,
54,
102,
113,
377,
211,
417,
372,
209,
233,
44,
144,
187,
412,
42,
134,
205,
414,
37,
143,
139,
189,
85,
211,
152,
212,
130,
230,
137,
200,
287,
414,
151,
39,
179,
254,
395,
203,
245,
393,
144,
427,
135,
217,
349,
221,
178,
209,
206,
46,
376,
213,
213,
393,
150,
170,
183,
35,
407,
45,
259,
172,
327,
186,
172,
142,
174,
128,
396,
385,
143,
296,
263,
388,
366,
38,
134,
145,
302,
127,
253,
44,
178,
176,
119,
286,
221,
321,
33,
111,
161,
220,
398,
133,
356,
293,
38,
251,
148,
44,
367,
221,
187,
159,
293,
182,
137,
158,
151,
211,
113,
368,
200,
177,
368,
158,
214,
82,
311,
112,
145,
80,
344,
340,
112,
96,
338,
108,
320,
95,
345,
342,
190,
410,
196,
169,
219,
246,
199,
410,
175,
224,
186,
191,
46,
403,
385,
137,
250,
201,
207,
172,
166,
386,
174,
200,
398,
164,
159,
93,
147,
162,
197,
124,
191,
185,
84,
199,
221,
180,
368,
62,
382,
89,
152,
149,
160,
205,
141,
179,
61,
145,
128,
133,
188,
137,
351,
267,
217,
437,
124,
158,
168,
163,
52,
166,
165,
42,
152,
173,
164,
356,
411,
136,
197,
184,
177,
138,
40,
53,
159,
152,
354,
428,
217,
40,
209,
139,
128,
161,
173,
540,
265,
252,
371,
108,
37,
131,
159,
188,
40,
228,
154,
158,
34,
452,
149,
447,
390,
124,
179,
458,
177,
158,
353,
217,
425,
42,
181,
229,
189,
130,
272,
168,
506,
37,
152,
192,
135,
186,
113,
254,
84,
387,
129,
136,
489,
153,
177,
224,
176,
163,
237,
349,
39,
189,
126,
183,
233,
246,
283,
291,
452,
198,
292,
37,
44,
364,
473,
179,
473,
344,
223,
39,
409,
47,
234,
359,
341,
116,
464,
38,
42,
216,
115,
133,
376,
91,
253,
184,
445,
40,
295,
357,
292,
39,
528,
200,
140,
110,
367,
232,
395,
348,
277,
461,
95,
356,
37,
51,
204,
338,
302,
520,
501,
336,
38,
355,
341,
336,
153,
38,
348,
261,
42,
316,
299,
116,
167,
334,
339,
347,
206,
299,
100,
287,
315,
141,
50,
385,
232,
292,
133,
350,
40,
247,
336,
302,
267,
36,
165,
254,
533,
74,
444,
241,
250,
189,
168,
415,
143,
236,
233,
282,
186,
183,
54,
177,
188,
229,
187,
122,
135,
221,
194,
284,
191,
322,
463,
174,
379,
83,
234,
190,
153,
111,
359,
230,
158,
204,
141,
183,
531,
183,
154,
45,
415,
245,
173,
51,
146,
167,
121,
165,
172,
301,
213,
225,
215,
127,
323,
161,
151,
78,
136,
124,
121,
175,
216,
209,
135,
43,
172,
212,
110,
147,
151,
185,
124,
188,
116,
82,
173,
181,
171,
187,
174,
133,
360,
485,
224,
162,
170,
172,
222,
172,
224,
137,
150,
182,
148,
200,
211,
250,
111,
131,
198,
253,
363,
217,
127,
144,
175,
177,
188,
179,
127,
467,
357,
187,
116,
200,
35,
193,
129,
492,
313,
140,
195,
259,
156,
161,
161,
115,
184,
392,
329,
394,
37,
260,
573,
187,
399,
311,
141,
153,
136,
381,
194,
39,
124,
486,
178,
263,
366,
346,
142,
236,
254,
38,
277,
307,
168,
146,
37,
338,
37,
366,
270,
234,
145,
328,
398,
349,
318,
112,
400,
287,
50,
285,
343,
177,
437,
69,
418,
108,
158,
88,
39,
118,
270,
306,
43,
597,
147,
149,
91,
100,
389,
227,
319,
226,
65,
136,
250,
195,
364,
304,
46,
198,
223,
237,
231,
181,
206,
480,
70,
168,
351,
231,
175,
69,
157,
251,
150,
375,
150,
159,
154,
444,
143,
68,
148,
234,
147,
131,
44,
143,
123,
136,
152,
158,
129,
152,
238,
62,
131,
229,
506,
147,
123,
141,
367,
157,
176,
115,
136,
148,
226,
97,
155,
131,
223,
185,
123,
139,
119,
154,
166,
56,
110,
213,
228,
635,
319,
49,
119,
133,
218,
107,
268,
142,
317,
149,
142,
257,
44,
112,
351,
47,
131,
350,
40,
156,
108,
188,
167,
235,
50,
177,
191,
225,
132,
117,
383,
333,
116,
193,
33,
186,
209,
202,
166,
202,
119,
221,
184,
128,
190,
218,
127,
258,
165,
295,
118,
133,
266,
170,
37,
257,
295,
121,
202,
189,
186,
319,
228,
200,
122,
287,
194,
147,
99,
169,
35,
299,
189,
180,
338,
200,
163,
35,
218,
318,
304,
160,
43,
170,
135,
130,
338,
256,
140,
154,
43,
109,
234,
129,
125,
243,
99,
119,
328,
205,
297,
36,
137,
35,
343,
134,
246,
164,
105,
371,
114,
339,
89,
33,
332,
169,
314,
32,
275,
400,
588,
307,
50,
382,
406,
40,
143,
50,
155,
291,
268,
343,
245,
86,
356,
139,
243,
219,
357,
206,
338,
319,
39,
195,
680,
219,
263,
339,
50,
182,
242,
39,
186,
182,
242,
46,
206,
191,
202,
311,
137,
174,
123,
247,
595,
206,
46,
131,
155,
213,
161,
150,
133,
202,
150,
124,
209,
197,
110,
149,
220,
120,
46,
235,
207,
38,
236,
44,
118,
112,
118,
160,
191,
267,
38,
188,
273,
199,
189,
199,
38,
238,
131,
181,
254,
43,
243,
210,
135,
38,
213,
161,
268,
200,
254,
37,
151,
176,
130,
133,
132,
163,
200,
138,
34,
157,
130,
125,
158,
232,
102,
178,
188,
128,
725,
179,
118,
137,
127,
149,
185,
146,
119,
35,
133,
347,
148,
159,
157,
166,
240,
236,
307,
259,
185,
254,
157,
192,
194,
37,
192,
199,
343,
362,
152,
95,
605,
218,
295,
138,
178,
109,
328,
330,
212,
184,
135,
356,
36,
247,
329,
141,
153,
124,
355,
245,
180,
322,
215,
173,
235,
183,
303,
39,
136,
38,
203,
337,
125,
144,
290,
35,
136,
305,
242,
117,
162,
154,
111,
131,
56,
98,
369,
72,
289,
261,
93,
345,
267,
203,
385,
51,
183,
417,
216,
39,
173,
216,
345,
82,
678,
270,
215,
40,
391,
164,
146,
159,
762,
259,
154,
179,
248,
242,
238,
165,
187,
262,
224,
146,
266,
141,
209,
57,
219,
178,
157,
148,
181,
178,
144,
240,
126,
215,
187,
168,
209,
169,
219,
124,
190,
103,
236,
45,
157,
57,
202,
138,
132,
115,
242,
136,
194,
260,
209,
144,
200,
126,
122,
132,
42,
167,
39,
195,
236,
145,
115,
198,
161,
41,
43,
178,
123,
153,
168,
42,
669,
447,
103,
241,
239,
113,
122,
175,
43,
373,
238,
383,
169,
185,
142,
169,
135,
45,
238,
212,
171,
183,
174,
298,
168,
348,
142,
46,
123,
159,
232,
165,
324,
126,
167,
41,
117,
155,
156,
153,
187,
164,
188,
157,
180,
384,
127,
135,
42,
390,
114,
249,
133,
330,
42,
338,
127,
328,
41,
355,
353,
369,
122,
416,
38,
139,
36,
347,
120,
396,
415,
47,
365,
278,
393,
371,
200,
171,
113,
115,
367,
119,
370,
257,
263,
285,
40,
409,
278,
231,
407,
97,
70,
64,
89,
418,
44,
366,
348,
41,
198,
40,
399,
822,
174,
41,
202,
189,
201,
173,
693,
270,
151,
268,
254,
246,
283,
239,
229,
241,
214,
176,
212,
155,
220,
167,
155,
236,
755,
232,
128,
182,
419,
290,
155,
214,
132,
198,
166,
232,
727,
317,
316,
154,
34,
145,
137,
199,
65,
200,
194,
220,
141,
133,
61,
212,
152,
169,
408,
199,
142,
288,
155,
214,
115,
42,
114,
430,
175,
121,
181,
209,
158,
469,
51,
95,
368,
376,
297,
268,
208,
195,
41,
231,
182,
309,
270,
242,
370,
384,
159,
272,
272,
150,
186,
345,
136,
365,
180,
197,
353,
179,
138,
50,
187,
173,
225,
36,
39,
203,
229,
163,
383,
301,
147,
171,
397,
132,
323,
182,
238,
150,
198,
141,
400,
196,
142,
50,
233,
251,
46,
321,
167,
140,
124,
140,
141,
42,
190,
40,
306,
310,
384,
115,
162,
327,
164,
247,
307,
192,
356,
416,
100,
371,
291,
430,
326,
184,
78,
381,
102,
372,
324,
72,
248,
412,
285,
283,
382,
318,
322,
150,
124,
347,
136,
357,
130,
227,
354,
79,
76,
73,
252,
169,
187,
416,
310,
179,
412,
417,
56,
256,
37,
377,
412,
225,
412,
821,
390,
149,
363,
315,
40,
163,
128,
429,
277,
235,
428,
226,
228,
251,
263,
227,
217,
82,
275,
192,
182,
210,
178,
378,
227,
305,
226,
161,
200,
42,
170,
400,
228,
166,
145,
196,
181,
216,
157,
241,
160,
178,
42,
368,
177,
140,
141,
171,
217,
166,
249,
196,
308,
189,
214,
149,
172,
141,
160,
874,
230,
165,
908,
81,
164,
230,
239,
164,
163,
175,
426,
356,
153,
162,
78,
191,
199,
198,
122,
118,
74,
39,
445,
156,
259,
191,
165,
152,
136,
74,
183,
239,
146,
169,
297,
112,
250,
409,
222,
241,
319,
137,
170,
140,
183,
136,
233,
268,
267,
187,
70,
183,
182,
206,
267,
151,
135,
303,
812,
134,
220,
144,
254,
341,
198,
327,
933,
442,
211,
115,
129,
376,
182,
73,
275,
165,
236,
363,
156,
246,
252,
222,
194,
118,
442,
300,
71,
161,
46,
363,
377,
356,
45,
217,
238,
366,
323,
36,
363,
290,
418,
314,
245,
88,
341,
77,
362,
505,
314,
261,
353,
187,
505,
341,
44,
352,
91,
280,
235,
362,
380,
55,
275,
397,
66,
204,
381,
317,
138,
177,
275,
371,
337,
47,
381,
242,
37,
205,
382,
339,
192,
207,
215,
108,
187,
211,
202,
166,
311,
261,
101,
198,
210,
214,
178,
168,
247,
95,
217,
220,
43,
174,
171,
215,
192,
417,
207,
220,
172,
86,
168,
184,
213,
196,
878,
147,
171,
166,
217,
165,
198,
163,
412,
178,
86,
185,
202,
184,
194,
143,
140,
216,
149,
146,
141,
216,
237,
80,
224,
388,
410,
193,
228,
190,
213,
126,
145,
198,
187,
186,
43,
232,
841,
95,
205,
163,
75,
201,
146,
171,
183,
386,
399,
160,
145,
197,
100,
139,
69,
120,
302,
140,
136,
143,
97,
270,
161,
427,
415,
236,
45,
291,
392,
185,
149,
372,
180,
317,
177,
199,
71,
116,
981,
316,
368,
358,
145,
161,
154,
164,
265,
186,
144,
199,
454,
219,
189,
179,
350,
222,
261,
68,
308,
147,
168,
258,
327,
298,
67,
113,
302,
320,
905,
275,
359,
65,
261,
272,
265,
342,
283,
294,
65,
162,
40,
280,
364,
39,
343,
374,
103,
108,
153,
481,
166,
117,
363,
58,
256,
316,
145,
54,
59,
430,
110,
235,
115,
190,
185,
155,
355,
367,
303,
71,
373,
268,
254,
47,
454,
151,
372,
81,
261,
79,
518,
435,
198,
41,
351,
251,
215,
220,
228,
241,
421,
196,
409,
285,
233,
202,
97,
168,
191,
206,
407,
180,
217,
263,
183,
85,
235,
177,
518,
92,
221,
172,
249,
261,
231,
192,
1030,
214,
211,
97,
190,
238,
160,
182,
107,
143,
333,
88,
82,
287,
195,
204,
222,
201,
211,
193,
179,
226,
182,
177,
171,
204,
458,
171,
211,
246,
410,
81,
96,
263,
99,
175,
245,
96,
188,
226,
239,
376,
234,
165,
193,
154,
258,
170,
217,
93,
183,
165,
298,
165,
174,
144,
113,
145,
114,
225,
89,
130,
286,
163,
173,
178,
38,
149,
85,
108,
495,
173,
410,
153,
136,
157,
486,
260,
73,
173,
145,
126,
200,
138,
317,
142,
321,
922,
151,
75,
161,
300,
460,
196,
139,
133,
422,
173,
281,
189,
135,
199,
500,
427,
113,
128,
395,
228,
302,
364,
46,
66,
1096,
193,
362,
252,
325,
43,
338,
359,
344,
126,
275,
242,
396,
276,
287,
40,
278,
478,
348,
142,
285,
320,
250,
472,
488,
240,
368,
258,
174,
294,
373,
299,
471,
267,
414,
492,
130,
438,
409,
80,
192,
109,
163,
426,
480,
224,
42,
409,
421,
192,
119,
306,
109,
391,
337,
97,
277,
379,
107,
95,
504,
86,
40,
391,
286,
436,
157,
226,
447,
273,
196,
159,
419,
210,
264,
39,
107,
201,
301,
223,
215,
419,
206,
206,
261,
269,
102,
170,
220,
174,
178,
287,
174,
234,
161,
231,
101,
268,
169,
353,
150,
271,
148,
146,
204,
368,
193,
96,
241,
194,
982,
212,
288,
429,
174,
217,
209,
221,
163,
80,
140,
39,
265,
417,
273,
48,
214,
138,
151,
193,
388,
172,
104,
124,
219,
128,
182,
380,
160,
407,
144,
142,
119,
138,
218,
167,
167,
168,
74,
142,
109,
142,
73,
177,
66,
204,
118,
132,
293,
132,
168,
49,
406,
118,
62,
505,
165,
157,
137,
61,
385,
444,
537,
105,
497,
1149,
49,
46,
382,
39,
419,
149,
156,
275,
181,
58,
402,
173,
334,
434,
427,
297,
198,
296,
172,
278,
61,
422,
255,
235,
293,
418,
43,
396,
264,
343,
63,
181,
457,
423,
402,
355,
244,
260,
492,
259,
65,
170,
46,
275,
413,
113,
391,
261,
108,
42,
458,
311,
43,
39,
321,
267,
437,
291,
289,
261,
306,
315,
199,
317,
440,
363,
160,
46,
234,
330,
253,
409,
194,
261,
479,
407,
175,
43,
254,
137,
522,
40,
142,
162,
408,
243,
216,
240,
123,
501,
120,
247,
265,
238,
206,
185,
141,
57,
215,
168,
437,
155,
513,
212,
194,
221,
205,
1056,
184,
450,
286,
210,
490,
247,
309,
150,
254,
37,
162,
142,
211,
202,
258,
186,
206,
162,
192,
293,
212,
361,
253,
56,
486,
201,
179,
191,
191,
193,
276,
84,
38,
241,
302,
181,
55,
162,
1208,
259,
156,
369,
187,
161,
204,
242,
237,
156,
138,
54,
330,
226,
145,
187,
236,
182,
164,
50,
207,
459,
162,
164,
158,
508,
139,
50,
310,
142,
177,
181,
186,
177,
453,
131,
169,
182,
433,
101,
50,
148,
147,
198,
192,
447,
188,
132,
38,
151,
177,
212,
174,
143,
38,
134,
1055,
414,
158,
188,
170,
126,
465,
372,
140,
305,
175,
160,
451,
170,
46,
306,
403,
439,
211,
327,
44,
172,
437,
41,
38,
272,
473,
242,
392,
451,
419,
385,
326,
470,
330,
501,
472,
303,
403,
476,
399,
471,
292,
408,
465,
328,
130,
251,
119,
423,
434,
373,
39,
325,
432,
253,
137,
398,
378,
294,
452,
276,
361,
38,
277,
467,
227,
374,
295,
470,
305,
156,
292,
269,
458,
365,
342,
363,
182,
288,
291,
161,
1122,
441,
253,
421,
280,
184,
439,
197,
157,
104,
310,
433,
202,
282,
420,
343,
482,
157,
303,
340,
415,
288,
38,
142,
443,
278,
152,
228,
192,
1270,
485,
293,
216,
166,
220,
302,
196,
336,
182,
125,
215,
453,
278,
153,
171,
221,
61,
227,
170,
182,
269,
354,
254,
157,
424,
55,
1133,
145,
166,
181,
335,
276,
119,
207,
97,
294,
135,
54,
365,
417,
85,
154,
119,
115,
240,
270,
195,
54,
414,
184,
121,
259,
134,
250,
147,
54,
190,
234,
431,
443,
52,
151,
96,
119,
166,
40,
240,
240,
48,
273,
88,
213,
355,
224,
197,
212,
39,
122,
158,
124,
193,
160,
245,
212,
35,
203,
353,
444,
135,
200,
437,
269,
34,
222,
172,
169,
218,
336,
446,
123,
152,
332,
149,
428,
414,
191,
106,
369,
177,
262,
168,
145,
346,
318,
149,
117,
126,
277,
341,
211,
374,
358,
268,
372,
406,
446,
353,
256,
139,
182,
186,
203,
168,
209,
316,
356,
414,
404,
169,
260,
298,
121,
328,
1125,
150,
149,
386,
180,
151,
415,
327,
458,
247,
38,
144,
243,
208,
189,
464,
445,
268,
180,
468,
261,
364,
169,
359,
252,
207,
273,
469,
306,
125,
168,
1159,
228,
1150,
293,
170,
147,
193,
237,
172,
307,
47,
132,
332,
165,
113,
224,
187,
459,
161,
159,
309,
248,
302,
457,
98,
319,
481,
74,
228,
453,
472,
445,
46,
457,
137,
480,
98,
285,
414,
254,
471,
284,
259,
440,
477,
264,
229,
216,
249,
449,
259,
215,
239,
455,
175,
40,
246,
267,
1336,
234,
180,
171,
250,
224,
157,
79,
44,
199,
203,
130,
410,
164,
147,
194,
150,
79,
167,
198,
182,
190,
269,
119,
398,
193,
154,
277,
163,
78,
98,
148,
144,
448,
168,
161,
176,
85,
75,
129,
141,
128,
473,
252,
74,
145,
179,
427,
138,
163,
444,
126,
200,
453,
125,
271,
355,
307,
40,
318,
263,
79,
317,
205,
238,
174,
348,
40,
193,
301,
213,
433,
88,
128,
220,
129,
163,
62,
463,
157,
141,
370,
164,
239,
237,
425,
152,
275,
447,
272,
57,
171,
143,
412,
145,
168,
165,
310,
40,
263,
478,
120,
264,
218,
54,
150,
402,
182,
150,
239,
374,
136,
271,
427,
203,
201,
51,
1361,
191,
1225,
454,
256,
289,
194,
144,
182,
212,
408,
248,
127,
1380,
168,
164,
310,
206,
1212,
428,
225,
419,
42,
475,
301,
199,
127,
457,
368,
425,
200,
261,
354,
465,
137,
199,
183,
273,
421,
391,
456,
207,
247,
117,
414,
195,
193,
462,
339,
456,
290,
115,
183,
122,
311,
167,
147,
307,
313,
424,
445,
118,
317,
418,
441,
1210,
407,
449,
165,
177,
427,
194,
55,
82,
452,
170,
246,
43,
303,
159,
451,
41,
141,
146,
36,
154,
149,
140,
267,
162,
233,
45,
41,
310,
307,
219,
148,
306,
201,
193,
324,
356,
93,
197,
179,
312,
337,
287,
92,
189,
100,
87,
255,
88,
179,
219,
426,
189,
471,
212,
187,
167,
149,
285,
138,
84,
187,
162,
157,
412,
450,
122,
183,
356,
232,
447,
122,
164,
159,
83,
345,
450,
246,
190,
314,
268,
145,
120,
242,
326,
153,
116,
324,
200,
152,
283,
83,
161,
270,
155,
455,
152,
191,
83,
170,
196,
156,
230,
191,
130,
1281,
158,
174,
181,
113,
1259,
284,
157,
446,
152,
139,
126,
211,
438,
83,
321,
182,
1430,
149,
248,
240,
169,
191,
47,
460,
185,
81,
420,
125,
353,
263,
233,
1282,
181,
201,
214,
101,
121,
438,
158,
143,
363,
242,
202,
46,
263,
399,
412,
167,
216,
133,
459,
207,
452,
1220,
213,
138,
130,
181,
366,
347,
480,
152,
39,
321,
1256,
133,
425,
406,
206,
40,
167,
410,
351,
182,
103,
159,
403,
219,
138,
213,
244,
155,
248,
116,
335,
201,
388,
212,
309,
175,
205,
389,
153,
216,
191,
482,
35,
385,
174,
266,
453,
40,
86,
441,
167,
173,
466,
153,
460,
34,
427,
239,
455,
319,
146,
485,
188,
156,
444,
440,
207,
254,
148,
206,
470,
392,
203,
172,
238,
452,
201,
140,
362,
132,
360,
289,
186,
191,
127,
227,
217,
227,
45,
448,
203,
455,
174,
372,
44,
240,
218,
365,
197,
213,
124,
229,
175,
173,
134,
203,
186,
376,
311,
37,
171,
116,
1325,
145,
361,
113,
203,
216,
135,
111,
325,
180,
369,
161,
437,
179,
286,
445,
100,
150,
161,
223,
162,
1279,
114,
184,
274,
1494,
152,
209,
453,
158,
192,
298,
185,
147,
125,
211,
110,
444,
346,
44,
379,
160,
175,
249,
194,
294,
418,
161,
410,
99,
168,
186,
121,
195,
152,
146,
171,
210,
150,
206,
141,
48,
190,
236,
1489,
185,
100,
178,
320,
177,
137,
153,
261,
407,
206,
198,
241,
125,
172,
98,
201,
193,
481,
462,
159,
396,
98,
436,
157,
452,
382,
175,
215,
203,
131,
411,
456,
379,
150,
1265,
228,
228,
433,
222,
390,
412,
164,
338,
405,
364,
154,
1237,
249,
39,
968,
156,
374,
113,
156,
411,
395,
167,
289,
416,
467,
132,
378,
1527,
441,
150,
230,
41,
87,
362,
99,
416,
91,
41,
190,
352,
120,
382,
358,
199,
303,
560,
168,
176,
234,
196,
193,
43,
151,
1515,
248,
404,
147,
226,
197,
208,
418,
366,
247,
98,
120,
386,
37,
213,
403,
193,
211,
237,
186,
440,
393,
140,
246,
88,
93,
282,
355,
239,
271,
213,
433,
139,
242,
221,
228,
258,
220,
118,
230,
239,
182,
207,
130,
417,
129,
203,
124,
129,
206,
219,
146,
135,
429,
125,
125,
1189,
124,
41,
179,
122,
267,
150,
390,
43,
127,
204,
1204,
127,
227,
125,
405,
145,
94,
256,
168,
113,
196,
193,
125,
164,
93,
197,
203,
377,
176,
41,
149,
465,
138,
213,
168,
296,
208,
156,
200,
420,
275,
182,
205,
93,
228,
425,
414,
268,
174,
186,
210,
194,
152,
209,
164,
422,
132,
171,
168,
225,
221,
535,
202,
43,
157,
1051,
186,
215,
533,
423,
170,
448,
159,
131,
208,
194,
1138,
423,
272,
1308,
416,
271,
411,
153,
42,
295,
383,
954,
374,
130,
419,
273,
144,
160,
561,
324,
390,
361,
117,
137,
390,
539,
337,
130,
247,
147,
448,
397,
307,
424,
269,
80,
114,
1332,
363,
189,
193,
178,
189,
393,
74,
441,
197,
90,
184,
428,
382,
175,
43,
265,
368,
233,
244,
414,
267,
389,
545,
241,
254,
226,
45,
400,
248,
214,
44,
238,
223,
1607,
197,
280,
407,
425,
139,
418,
417,
457,
269,
551,
70,
188,
233,
258,
443,
245,
510,
201,
515,
70,
221,
181,
255,
132,
270,
131,
191,
205,
532,
257,
260,
226,
219,
233,
399,
126,
223,
452,
236,
424,
196,
461,
124,
232,
173,
214,
106,
203,
435,
409,
140,
198,
168,
204,
421,
46,
175,
118,
113,
198,
108,
131,
196,
119,
295,
398,
153,
162,
391,
53,
136,
126,
38,
86,
198,
144,
307,
165,
185,
1197,
412,
85,
165,
121,
463,
192,
184,
102,
82,
434,
81,
328,
124,
164,
214,
428,
126,
189,
183,
122,
410,
176,
161,
164,
155,
146,
248,
80,
343,
149,
143,
127,
203,
199,
76,
427,
514,
75,
172,
172,
1127,
1046,
215,
241,
365,
232,
198,
506,
418,
228,
524,
210,
375,
72,
177,
312,
417,
208,
209,
199,
208,
471,
411,
192,
424,
395,
192,
182,
368,
386,
277,
73,
181,
314,
159,
333,
169,
163,
39,
48,
400,
292,
571,
159,
257,
374,
176,
113,
155,
297,
90,
229,
92,
169,
286,
46,
90,
72,
332,
295,
177,
72,
405,
358,
43,
239,
319,
298,
152,
1682,
390,
304,
141,
342,
256,
233,
131,
237,
228,
135,
238,
233,
221,
220,
338,
263,
610,
453,
222,
229,
91,
95,
445,
470,
423,
430,
222,
199,
230,
204,
257,
240,
1040,
235,
86,
95,
227,
196,
83,
432,
119,
157,
165,
234,
231,
210,
72,
159,
225,
203,
196,
206,
148,
141,
159,
111,
196,
405,
415,
258,
268,
153,
88,
162,
224,
157,
462,
113,
446,
232,
157,
81,
425,
67,
170,
118,
107,
160,
170,
430,
574,
153,
206,
67,
383,
147,
476,
498,
202,
66,
123,
144,
322,
130,
481,
407,
192,
123,
213,
162,
64,
290,
169,
63,
752,
153,
236,
140,
45,
393,
194,
216,
201,
209,
143,
136,
168,
171,
95,
53,
186,
118,
169,
429,
49,
128,
183,
172,
196,
169,
179,
137,
199,
146,
419,
164,
115,
130,
122,
171,
206,
457,
32,
529,
183,
420,
447,
544,
171,
528,
174,
210,
31,
149,
200,
1044,
1040,
526,
42,
382,
390,
310,
245,
369,
820,
201,
121,
184,
310,
321,
996,
186,
416,
39,
185,
150,
530,
156,
225,
295,
862,
184,
475,
170,
45,
393,
430,
390,
260,
390,
401,
86,
220,
39,
406,
192,
363,
38,
86,
135,
245,
398,
50,
37,
386,
380,
383,
219,
41,
44,
258,
38,
383,
39,
202,
36,
390,
1738,
105,
186,
129,
370,
257,
1681,
191,
379,
183,
249,
207,
178,
187,
415,
183,
207,
1780,
170,
178,
109,
499,
494,
101,
92,
39,
150,
82,
107,
463,
208,
453,
197,
105,
86,
373,
910,
181,
158,
127,
104,
191,
43,
92,
191,
78,
174,
182,
40,
188,
160,
157,
437,
139,
199,
146,
33,
147,
193,
156,
318,
110,
1749,
84,
540,
373,
482,
154,
32,
143,
447,
486,
142,
148,
153,
353,
181,
161,
441,
34,
365,
187,
134,
137,
147,
388,
138,
262,
177,
118,
118,
159,
42,
125,
357,
228,
586,
123,
174,
131,
221,
161,
158,
142,
263,
318,
38,
188,
176,
40,
191,
137,
169,
564,
229,
184,
157,
134,
38,
147,
1727,
201,
156,
135,
417,
153,
143,
204,
134,
153,
135,
174,
141,
209,
162,
134,
366,
132,
182,
229,
181,
588,
266,
284,
387,
199,
175,
302,
266,
231,
43,
405,
244,
325,
350,
301,
143,
233,
328,
405,
337,
139,
137,
136,
254,
36,
187,
288,
34,
143,
522,
265,
35,
41,
711,
377,
169,
34,
130,
391,
135,
104,
30,
73,
123,
437,
68,
629,
653,
49,
393,
231,
38,
36,
391,
59,
158,
240,
285,
138,
251,
391,
36,
157,
42,
164,
283,
38,
135,
531,
473,
140,
131,
392,
138,
168,
136,
216,
120,
418,
381,
109,
42,
37,
475,
515,
215,
173,
107,
263,
102,
87,
38,
509,
143,
34,
450,
307,
145,
487,
380,
165,
160,
400,
163,
32,
420,
143,
505,
132,
398,
163,
464,
142,
119,
86,
38,
32,
155,
188,
129,
161,
505,
128,
549,
384,
148,
176,
123,
33,
101,
125,
143,
522,
116,
500,
104,
159,
102,
33,
123,
150,
112,
82,
134,
530,
131,
28,
179,
173,
211,
189,
216,
410,
183,
151,
444,
179,
134,
158,
168,
1794,
123,
491,
46,
31,
384,
481,
499,
496,
518,
440,
368,
447,
453,
392,
190,
304,
301,
202,
294,
205,
169,
175,
329,
435,
213,
127,
129,
259,
183,
336,
863,
165,
368,
241,
182,
209,
214,
305,
352,
328,
446,
232,
165,
858,
160,
944,
260,
431,
184,
337,
666,
178,
39,
256,
403,
434,
395,
106,
197,
256,
166,
286,
625,
490,
292,
260,
330,
592,
410,
240,
267,
40,
35,
634,
151,
313,
280,
33,
158,
167,
40,
350,
151,
580,
34,
130,
1802,
370,
435,
444,
209,
365,
146,
239,
176,
63,
139,
291,
45,
451,
283,
401,
149,
259,
173,
239,
177,
411,
191,
40,
44,
51,
406,
95,
151,
460,
119,
158,
236,
147,
65,
195,
283,
401,
90,
190,
102,
336,
424,
195,
129,
432,
88,
412,
535,
55,
80,
258,
207,
171,
366,
104,
363,
225,
175,
342,
124,
49,
553,
106,
168,
91,
162,
136,
151,
182,
171,
175,
131,
50,
110,
109,
160,
224,
271,
108,
127,
103,
138,
47,
105,
541,
90,
463,
163,
96,
129,
176,
171,
207,
350,
152,
125,
163,
398,
133,
118,
518,
490,
129,
379,
486,
34,
140,
40,
161,
87,
108,
184,
391,
237,
252,
223,
192,
197,
33,
693,
288,
120,
40,
360,
356,
377,
310,
355,
181,
291,
768,
144,
486,
174,
854,
489,
696,
486,
370,
249,
42,
143,
34,
530,
361,
144,
148,
327,
367,
41,
331,
988,
122,
137,
187,
182,
276,
179,
296,
152,
129,
519,
286,
364,
184,
137,
161,
446,
283,
166,
35,
713,
183,
282,
266,
365,
245,
386,
428,
37,
362,
127,
264,
458,
422,
193,
38,
382,
220,
309,
435,
264,
462,
37,
416,
255,
278,
232,
166,
351,
345,
277,
485,
36,
246,
335,
372,
284,
36,
434,
439,
127,
36,
38,
335,
308,
343,
37,
394,
163,
144,
134,
235,
167,
1870,
204,
843,
45,
401,
40,
435,
169,
40,
378,
164,
411,
245,
157,
164,
239,
41,
367,
221,
159,
158,
345,
168,
159,
138,
524,
530,
157,
177,
129,
143,
318,
324,
122,
170,
128,
120,
150,
110,
170,
162,
133,
160,
177,
106,
109,
117,
114,
47,
121,
52,
160,
50,
125,
50,
230,
181,
274,
623,
1771,
140,
47,
199,
91,
155,
47,
128,
614,
166,
37,
319,
191,
126,
198,
324,
185,
629,
844,
271,
159,
43,
574,
513,
39,
135,
287,
221,
139,
200,
264,
140,
222,
173,
45,
300,
180,
193,
125,
155,
309,
185,
329,
193,
95,
137,
38,
267,
153,
43,
239,
163,
147,
552,
693,
170,
185,
267,
108,
200,
145,
219,
164,
176,
716,
134,
170,
234,
170,
196,
40,
406,
214,
369,
133,
572,
181,
316,
222,
163,
127,
141,
294,
159,
278,
250,
370,
186,
207,
383,
125,
216,
35,
353,
453,
148,
249,
184,
582,
106,
337,
102,
282,
179,
149,
341,
240,
166,
213,
385,
124,
193,
476,
214,
128,
130,
382,
193,
873,
174,
411,
355,
230,
156,
337,
37,
152,
354,
434,
189,
38,
755,
462,
154,
435,
403,
738,
184,
75,
738,
364,
178,
727,
184,
360,
176,
160,
376,
246,
164,
177,
408,
146,
419,
144,
43,
162,
137,
439,
142,
127,
136,
551,
388,
362,
113,
40,
80,
601,
123,
411,
568,
905,
364,
439,
553,
190,
606,
79,
167,
195,
262,
365,
271,
150,
207,
183,
76,
254,
146,
155,
242,
558,
204,
533,
127,
586,
168,
77,
150,
38,
65,
41,
429,
180,
254,
63,
232,
156,
150,
225,
427,
307,
156,
387,
174,
41,
65,
382,
286,
183,
409,
141,
192,
243,
109,
209,
201,
387,
292,
487,
205,
63,
171,
160,
393,
172,
120,
184,
388,
63,
168,
471,
145,
154,
1794,
151,
214,
56,
139,
159,
157,
244,
277,
201,
728,
159,
185,
175,
42,
397,
1841,
181,
195,
123,
165,
195,
228,
299,
160,
725,
45,
346,
105,
157,
140,
211,
548,
148,
168,
45,
163,
155,
163,
138,
166,
39,
336,
131,
143,
192,
41,
162,
348,
421,
40,
173,
160,
243,
356,
173,
181,
190,
775,
383,
671,
170,
214,
375,
345,
154,
220,
185,
363,
1595,
240,
141,
202,
766,
283,
185,
364,
391,
138,
45,
294,
365,
154,
1742,
142,
286,
412,
369,
490,
65,
376,
384,
429,
269,
133,
385,
144,
177,
295,
352,
153,
376,
400,
230,
351,
176,
39,
397,
376,
400,
130,
152,
194,
270,
158,
696,
152,
409,
270,
571,
250,
323,
245,
333,
409,
106,
555,
375,
42,
369,
654,
177,
334,
181,
184,
184,
208,
308,
865,
97,
200,
179,
183,
192,
216,
609,
39,
95,
170,
164,
197,
1727,
599,
428,
90,
159,
162,
178,
39,
550,
155,
702,
140,
176,
87,
159,
763,
364,
142,
752,
81,
152,
265,
105,
141,
162,
703,
190,
196,
337,
128,
77,
162,
168,
209,
85,
323,
156,
68,
38,
150,
136,
373,
160,
162,
98,
329,
150,
537,
212,
143,
256,
789,
136,
189,
347,
258,
200,
739,
159,
289,
259,
327,
116,
152,
203,
203,
66,
201,
357,
171,
130,
141,
46,
227,
169,
144,
192,
200,
208,
344,
194,
277,
189,
45,
208,
174,
206,
185,
65,
130,
186,
265,
197,
218,
206,
149,
314,
209,
311,
177,
333,
66,
181,
169,
129,
291,
247,
999,
696,
175,
198,
198,
237,
159,
426,
198,
43,
789,
674,
349,
200,
185,
382,
334,
712,
394,
134,
41,
660,
395,
166,
269,
364,
174,
190,
333,
395,
311,
147,
357,
87,
321,
310,
39,
83,
170,
228,
315,
114,
40,
357,
145,
304,
153,
321,
77,
154,
421,
202,
304,
93,
391,
80,
687,
43,
298,
42,
190,
94,
346,
186,
271,
300,
190,
41,
209,
44,
172,
478,
357,
178,
40,
361,
38,
546,
274,
179,
340,
154,
170,
281,
435,
349,
231,
337,
206,
375,
267,
211,
344,
336,
303,
176,
203,
923,
232,
211,
103,
350,
335,
269,
190,
179,
194,
1720,
157,
196,
160,
328,
199,
694,
187,
325,
170,
101,
660,
182,
159,
166,
542,
170,
128,
181,
357,
91,
568,
145,
125,
94,
618,
120,
158,
552,
93,
184,
141,
121,
83,
92,
172,
89,
195,
128,
214,
41,
125,
111,
88,
169,
177,
130,
152,
383,
105,
105,
692,
88,
546,
121,
38,
170,
160,
211,
322,
167,
259,
196,
683,
84,
141,
169,
184,
774,
593,
191,
197,
659,
295,
198,
317,
299,
307,
210,
280,
296,
193,
321,
412,
187,
287,
260,
259,
120,
137,
198,
183,
394,
105,
191,
178,
310,
261,
303,
176,
732,
250,
150,
128,
281,
160,
74,
346,
44,
211,
302,
152,
240,
136,
330,
179,
338,
146,
258,
157,
185,
187,
75,
230,
279,
963,
335,
297,
137,
1049,
128,
432,
229,
166,
121,
415,
292,
115,
246,
77,
280,
660,
305,
42,
263,
209,
243,
668,
41,
287,
220,
216,
230,
639,
182,
308,
304,
220,
262,
147,
119,
44,
1504,
344,
163,
290,
43,
354,
1523,
793,
148,
745,
39,
177,
211,
273,
207,
336,
173,
373,
134,
178,
188,
336,
287,
1348,
169,
164,
173,
274,
258,
295,
169,
298,
216,
227,
340,
222,
232,
167,
335,
219,
201,
239,
284,
109,
215,
194,
98,
191,
267,
367,
261,
87,
220,
268,
174,
97,
291,
199,
184,
167,
134,
523,
86,
1009,
162,
142,
123,
700,
42,
205,
354,
605,
87,
91,
118,
161,
166,
167,
86,
673,
41,
174,
160,
121,
669,
256,
155,
664,
91,
110,
163,
674,
133,
217,
87,
618,
156,
40,
188,
161,
198,
205,
575,
50,
701,
130,
174,
87,
48,
195,
652,
123,
189,
146,
143,
44,
142,
53,
146,
343,
87,
182,
85,
135,
139,
84,
149,
247,
119,
297,
40,
118,
134,
334,
81,
228,
274,
38,
206,
174,
144,
74,
1474,
323,
73,
154,
133,
248,
1793,
1747,
43,
1613,
202,
264,
149,
152,
149,
240,
74,
780,
311,
219,
168,
227,
203,
282,
118,
74,
298,
297,
348,
400,
75,
281,
342,
41,
319,
346,
397,
1052,
237,
395,
40,
73,
39,
1047,
320,
268,
696,
224,
134,
70,
620,
606,
127,
337,
316,
745,
218,
350,
124,
314,
45,
314,
785,
172,
39,
151,
353,
233,
241,
217,
202,
293,
40,
219,
287,
255,
300,
230,
220,
201,
230,
288,
134,
249,
192,
226,
184,
201,
197,
247,
127,
188,
238,
335,
171,
580,
218,
209,
234,
99,
229,
217,
41,
1362,
146,
315,
80,
1090,
206,
134,
229,
99,
153,
138,
226,
206,
95,
668,
200,
197,
194,
326,
1318,
232,
205,
181,
184,
230,
83,
177,
114,
279,
153,
1101,
88,
378,
153,
143,
1275,
687,
231,
262,
85,
108,
185,
142,
119,
162,
1083,
180,
149,
184,
201,
82,
217,
98,
685,
96,
83,
72,
200,
160,
159,
162,
183,
671,
66,
128,
115,
106,
211,
111,
63,
126,
99,
220,
186,
62,
40,
122,
184,
61,
166,
189,
172,
352,
386,
223,
156,
181,
54,
137,
1398,
202,
137,
358,
184,
181,
231,
323,
198,
286,
194,
330,
269,
344,
146,
198,
282,
141,
144,
333,
148,
235,
190,
295,
57,
210,
153,
300,
328,
159,
372,
112,
173,
111,
305,
1083,
295,
404,
155,
272,
375,
51,
255,
111,
370,
358,
282,
315,
327,
749,
298,
705,
404,
170,
309,
292,
234,
729,
705,
245,
278,
222,
705,
270,
255,
1050,
373,
391,
1061,
318,
364,
419,
344,
215,
146,
215,
748,
39,
175,
367,
800,
45,
278,
357,
241,
793,
45,
200,
727,
169,
782,
196,
200,
343,
167,
179,
154,
152,
173,
373,
631,
145,
180,
337,
182,
320,
149,
151,
36,
142,
202,
141,
404,
162,
200,
87,
180,
360,
36,
238,
213,
210,
175,
125,
268,
206,
228,
197,
180,
139,
85,
1084,
366,
132,
138,
130,
167,
156,
1013,
1061,
148,
82,
101,
187,
160,
582,
163,
212,
622,
224,
144,
138,
680,
79,
128,
135,
117,
147,
44,
428,
78,
135,
360,
42,
165,
600,
122,
78,
161,
147,
187,
74,
688,
293,
123,
638,
168,
100,
645,
160,
155,
39,
198,
146,
74,
177,
139,
98,
150,
158,
690,
64,
397,
37,
423,
63,
111,
319,
59,
364,
120,
58,
359,
1252,
233,
186,
238,
1203,
49,
390,
187,
165,
1124,
614,
133,
1020,
206,
253,
593,
335,
121,
174,
187,
369,
769,
348,
257,
332,
301,
163,
1209,
129,
41,
140,
199,
761,
314,
40,
167,
33,
745,
263,
1039,
415,
120,
994,
246,
120,
153,
176,
251,
1062,
1050,
131,
412,
106,
348,
1134,
961,
410,
361,
1050,
277,
364,
255,
43,
413,
312,
395,
289,
129,
360,
190,
129,
239,
363,
129,
300,
729,
319,
40,
145,
722,
758,
700,
250,
272,
116,
340,
389,
249,
776,
205,
297,
37,
46,
83,
378,
165,
66,
170,
235,
210,
241,
378,
368,
154,
232,
43,
188,
182,
74,
186,
158,
156,
165,
232,
164,
118,
160,
393,
104,
164,
144,
358,
113,
160,
201,
190,
174,
158,
578,
98,
197,
190,
178,
73,
161,
360,
237,
184,
202,
64,
151,
46,
114,
62,
212,
98,
212,
167,
144,
93,
171,
145,
305,
178,
143,
1013,
164,
44,
161,
63,
258,
220,
241,
162,
109,
246,
83,
43,
63,
725,
164,
160,
618,
38,
172,
136,
166,
63,
38,
133,
374,
62,
37,
162,
55,
211,
123,
144,
45,
375,
157,
162,
55,
179,
54,
115,
311,
147,
133,
308,
50,
170,
188,
46,
155,
43,
310,
299,
148,
95,
414,
277,
182,
163,
386,
188,
109,
650,
169,
329,
386,
301,
293,
190,
165,
1035,
155,
284,
1030,
36,
372,
191,
260,
220,
398,
361,
176,
139,
139,
247,
367,
174,
1037,
375,
144,
38,
147,
172,
138,
346,
364,
132,
322,
320,
117,
103,
343,
316,
437,
40,
1042,
356,
38,
282,
370,
38,
286,
180,
875,
47,
295,
415,
388,
749,
370,
253,
37,
116,
330,
384,
240,
772,
293,
265,
365,
111,
372,
288,
184,
292,
796,
246,
243,
248,
37,
309,
42,
291,
365,
375,
171,
1134,
174,
357,
243,
263,
203,
807,
275,
279,
174,
417,
1019,
153,
317,
377,
40,
208,
47,
803,
193,
376,
184,
266,
283,
171,
358,
180,
245,
280,
174,
137,
351,
150,
236,
136,
367,
123,
210,
143,
118,
221,
272,
122,
194,
109,
42,
106,
120,
297,
193,
305,
200,
185,
206,
65,
248,
196,
64,
205,
121,
170,
191,
80,
60,
225,
186,
181,
381,
160,
163,
1009,
137,
181,
168,
244,
120,
120,
117,
68,
171,
156,
117,
161,
262,
62,
384,
157,
54,
167,
730,
188,
154,
42,
53,
170,
138,
131,
719,
166,
154,
124,
52,
161,
190,
158,
201,
362,
776,
1063,
153,
131,
180,
349,
148,
145,
194,
213,
331,
234,
301,
310,
49,
330,
213,
291,
172,
135,
359,
92,
352,
38,
178,
45,
442,
707,
1114,
299,
349,
185,
345,
157,
260,
342,
46,
167,
153,
121,
331,
122,
258,
390,
333,
131,
149,
227,
136,
44,
186,
347,
175,
730,
157,
320,
236,
181,
210,
774,
206,
46,
162,
447,
378,
766,
257,
46,
109,
39,
269,
1043,
263,
45,
338,
241,
416,
225,
475,
136,
48,
310,
201,
371,
468,
767,
890,
315,
105,
199,
398,
50,
131,
175,
336,
919,
351,
208,
241,
138,
229,
227,
129,
350,
212,
333,
377,
253,
346,
484,
39,
182,
70,
369,
127,
909,
87,
128,
271,
893,
816,
388,
262,
1082,
278,
40,
178,
221,
38,
165,
176,
144,
171,
131,
227,
312,
222,
149,
143,
131,
428,
691,
190,
686,
385,
183,
203,
128,
163,
193,
151,
132,
43,
117,
80,
391,
370,
681,
189,
144,
44,
79,
159,
173,
129,
162,
153,
141,
162,
139,
127,
77,
127,
72,
914,
174,
1054,
765,
146,
72,
40,
65,
117,
742,
160,
128,
223,
65,
335,
186,
200,
112,
49,
830,
210,
210,
200,
64,
55,
167,
194,
153,
161,
358,
181,
108,
334,
140,
61,
168,
240,
47,
344,
206,
231,
155,
40,
46,
133,
173,
232,
183,
63,
165,
39,
391,
343,
271,
138,
1078,
250,
392,
243,
386,
715,
93,
59,
201,
176,
411,
372,
220,
133,
204,
195,
133,
169,
313,
168,
377,
193,
128,
212,
422,
297,
158,
247,
171,
137,
158,
127,
135,
387,
201,
263,
142,
377,
160,
157,
127,
44,
340,
144,
430,
337,
201,
117,
242,
138,
411,
110,
126,
270,
232,
719,
232,
45,
265,
492,
411,
254,
132,
879,
406,
508,
239,
205,
127,
384,
840,
821,
138,
462,
386,
196,
231,
184,
307,
158,
124,
381,
258,
198,
340,
227,
185,
163,
236,
222,
214,
266,
177,
793,
142,
432,
213,
83,
392,
42,
420,
348,
47,
42,
241,
165,
328,
384,
930,
439,
180,
164,
159,
334,
367,
199,
262,
156,
261,
372,
193,
153,
715,
175,
151,
372,
158,
223,
203,
445,
486,
741,
146,
143,
182,
756,
145,
43,
201,
293,
783,
109,
387,
696,
261,
261,
194,
43,
177,
169,
379,
96,
290,
551,
146,
165,
153,
93,
199,
283,
121,
165,
140,
326,
696,
117,
259,
122,
92,
255,
326,
188,
181,
301,
83,
141,
182,
159,
326,
164,
648,
821,
156,
124,
149,
175,
125,
149,
236,
337,
83,
198,
156,
220,
759,
109,
324,
190,
120,
114,
270,
190,
206,
148,
235,
108,
50,
127,
222,
170,
179,
90,
175,
34,
903,
136,
893,
155,
89,
173,
145,
194,
199,
939,
167,
187,
184,
85,
137,
169,
379,
196,
360,
350,
44,
978,
196,
206,
123,
139,
1077,
168,
145,
122,
86,
51,
129,
129,
185,
189,
373,
633,
212,
287,
194,
247,
249,
164,
45,
124,
42,
339,
184,
172,
354,
361,
240,
292,
106,
46,
321,
154,
124,
133,
40,
815,
167,
126,
149,
40,
330,
165,
152,
818,
135,
231,
317,
414,
178,
186,
203,
178,
42,
40,
339,
334,
199,
376,
891,
66,
185,
162,
38,
169,
366,
154,
130,
918,
210,
203,
220,
407,
303,
351,
200,
43,
205,
193,
211,
348,
256,
196,
922,
202,
255,
181,
147,
304,
206,
318,
250,
802,
330,
636,
194,
208,
130,
445,
227,
73,
1094,
204,
223,
129,
238,
44,
198,
128,
420,
183,
169,
244,
199,
205,
905,
191,
287,
198,
192,
170,
113,
941,
150,
833,
125,
197,
128,
42,
783,
332,
111,
382,
181,
775,
211,
375,
107,
132,
357,
818,
124,
124,
137,
120,
128,
363,
294,
115,
682,
127,
234,
259,
123,
330,
255,
173,
146,
162,
375,
120,
227,
38,
199,
326,
384,
91,
920,
111,
174,
117,
193,
380,
201,
209,
167,
218,
154,
661,
214,
223,
173,
173,
334,
344,
39,
299,
225,
150,
137,
178,
164,
318,
137,
134,
193,
108,
1035,
161,
196,
182,
342,
262,
161,
153,
136,
887,
208,
109,
158,
314,
144,
194,
203,
187,
871,
862,
129,
111,
358,
131,
308,
265,
161,
310,
110,
870,
169,
259,
356,
146,
162,
273,
157,
175,
196,
205,
181,
335,
297,
332,
108,
148,
127,
113,
251,
259,
313,
121,
44,
273,
171,
125,
41,
335,
205,
332,
40,
172,
141,
316,
145,
287,
323,
193,
139,
44,
230,
120,
195,
799,
340,
131,
77,
106,
73,
800,
373,
361,
188,
42,
257,
184,
321,
262,
140,
154,
319,
263,
850,
146,
247,
256,
222,
257,
228,
245,
220,
230,
499,
210,
261,
228,
215,
484,
190,
236,
704,
171,
210,
169,
44,
205,
540,
268,
139,
259,
174,
174,
106,
230,
243,
169,
196,
156,
133,
139,
816,
216,
227,
108,
173,
133,
136,
177,
132,
273,
107,
167,
326,
121,
255,
111,
128,
866,
61,
822,
134,
813,
945,
133,
43,
131,
201,
165,
216,
179,
159,
159,
124,
857,
123,
812,
123,
136,
171,
338,
163,
146,
120,
140,
117,
248,
120,
328,
146,
869,
234,
40,
130,
126,
107,
155,
157,
122,
88,
328,
339,
800,
102,
109,
156,
221,
87,
38,
656,
137,
340,
320,
83,
203,
44,
42,
853,
198,
847,
329,
326,
168,
80,
1072,
167,
91,
177,
127,
175,
168,
941,
164,
174,
71,
308,
167,
137,
306,
174,
252,
226,
419,
125,
235,
124,
41,
853,
188,
40,
197,
327,
190,
864,
108,
903,
72,
287,
214,
214,
870,
779,
121,
226,
863,
198,
186,
380,
206,
249,
50,
186,
42,
260,
363,
201,
151,
402,
328,
135,
313,
177,
228,
279,
177,
344,
225,
335,
189,
290,
205,
242,
153,
138,
161,
215,
185,
705,
209,
46,
43,
47,
245,
714,
267,
48,
63,
208,
267,
794,
40,
130,
399,
276,
228,
196,
43,
274,
162,
221,
111,
205,
219,
303,
816,
215,
319,
228,
208,
40,
205,
283,
408,
440,
137,
180,
269,
869,
106,
260,
179,
268,
236,
338,
177,
174,
266,
256,
96,
154,
209,
272,
145,
234,
780,
383,
149,
244,
174,
262,
97,
207,
190,
151,
240,
162,
155,
181,
751,
150,
40,
172,
94,
207,
164,
157,
149,
90,
148,
152,
146,
100,
157,
342,
260,
86,
367,
181,
219,
871,
135,
288,
330,
86,
189,
150,
84,
46,
80,
917,
133,
197,
168,
145,
201,
902,
79,
132,
249,
86,
150,
75,
159,
71,
134,
115,
126,
547,
362,
846,
852,
71,
90,
808,
44,
67,
42,
137,
170,
317,
896,
129,
329,
854,
67,
65,
777,
587,
197,
125,
61,
154,
360,
383,
186,
130,
171,
975,
114,
133,
359,
194,
51,
195,
159,
970,
233,
328,
266,
50,
873,
335,
142,
258,
264,
44,
174,
142,
185,
314,
792,
862,
387,
197,
867,
165,
384,
789,
300,
51,
120,
395,
287,
787,
227,
300,
220,
132,
413,
797,
208,
50,
301,
365,
227,
253,
237,
50,
108,
215,
169,
287,
235,
318,
207,
156,
45,
246,
40,
194,
217,
36,
46,
117,
95,
35,
343,
216,
332,
106,
341,
116,
241,
261,
417,
312,
39,
414,
394,
200,
344,
182,
311,
173,
221,
242,
172,
169,
209,
164,
136,
40,
276,
934,
168,
202,
289,
153,
513,
131,
642,
138,
148,
64,
153,
268,
218,
582,
165,
63,
225,
251,
222,
189,
48,
195,
148,
196,
146,
41,
203,
215,
62,
172,
207,
323,
117,
115,
202,
196,
113,
187,
117,
172,
925,
224,
168,
161,
40,
110,
58,
181,
176,
987,
287,
221,
57,
119,
117,
150,
970,
228,
164,
100,
141,
125,
136,
105,
973,
54,
434,
47,
153,
967,
139,
130,
166,
160,
162,
45,
1005,
121,
201,
116,
172,
45,
203,
123,
218,
38,
46,
130,
371,
37,
197,
198,
143,
339,
232,
170,
43,
123,
109,
345,
94,
771,
32,
853,
349,
42,
510,
161,
852,
330,
34,
173,
188,
142,
427,
146,
183,
390,
44,
148,
130,
34,
128,
288,
233,
196,
183,
484,
372,
235,
230,
767,
171,
326,
304,
138,
247,
333,
283,
187,
1068,
221,
157,
290,
177,
217,
299,
239,
291,
270,
334,
40,
317,
828,
292,
34,
300,
218,
381,
285,
240,
228,
280,
43,
195,
833,
36,
314,
418,
271,
238,
309,
397,
286,
257,
220,
36,
187,
884,
408,
231,
659,
82,
38,
401,
37,
756,
93,
36,
265,
357,
86,
267,
33,
394,
324,
40,
321,
178,
365,
310,
150,
145,
282,
306,
132,
167,
163,
162,
159,
731,
148,
204,
1018,
280,
191,
140,
967,
144,
398,
987,
147,
576,
440,
551,
42,
137,
529,
167,
382,
245,
45,
239,
171,
250,
160,
136,
233,
126,
148,
297,
171,
109,
215,
177,
167,
117,
107,
41,
647,
102,
330,
140,
149,
41,
229,
111,
132,
139,
830,
243,
118,
226,
311,
221,
247,
103,
178,
43,
105,
270,
561,
38,
138,
1036,
136,
45,
184,
163,
253,
172,
114,
184,
41,
152,
332,
198,
325,
1008,
1082,
165,
174,
100,
160,
149,
191,
1028,
183,
38,
141,
175,
222,
41,
763,
1026,
31,
146,
183,
135,
40,
148,
321,
111,
99,
102,
279,
124,
131,
331,
39,
223,
34,
143,
88,
384,
271,
763,
387,
305,
359,
106,
173,
359,
300,
290,
35,
49,
172,
169,
125,
860,
163,
153,
268,
362,
323,
258,
147,
253,
136,
245,
144,
267,
133,
240,
216,
148,
320,
311,
260,
225,
254,
107,
261,
204,
177,
226,
872,
40,
209,
253,
277,
772,
231,
154,
142,
273,
307,
291,
187,
861,
321,
217,
291,
166,
266,
42,
327,
226,
256,
36,
139,
299,
145,
280,
249,
253,
241,
158,
292,
239,
788,
314,
243,
256,
166,
253,
212,
319,
515,
237,
743,
230,
312,
214,
422,
100,
229,
41,
311,
473,
38,
257,
45,
59,
43,
109,
40,
75,
150,
153,
291,
454,
150,
153,
379,
931,
162,
147,
150,
127,
285,
1064,
280,
156,
761,
585,
115,
110,
407,
114,
149,
209,
185,
105,
276,
1042,
98,
39,
110,
1157,
42,
52,
649,
515,
364,
985,
149,
81,
951,
171,
175,
146,
170,
211,
161,
49,
467,
270,
40,
111,
136,
154,
109,
47,
40,
122,
120,
181,
161,
1083,
109,
126,
182,
43,
1063,
160,
87,
143,
81,
148,
271,
119,
150,
109,
35,
1064,
136,
272,
35,
162,
214,
189,
104,
156,
32,
41,
144,
224,
105,
122,
40,
324,
271,
111,
99,
225,
36,
576,
385,
312,
168,
104,
230,
36,
143,
108,
262,
197,
150,
197,
181,
864,
206,
858,
161,
332,
334,
489,
340,
440,
314,
167,
533,
208,
198,
174,
710,
35,
253,
187,
154,
145,
335,
583,
179,
271,
124,
229,
301,
375,
168,
292,
186,
280,
107,
268,
139,
254,
1148,
342,
142,
176,
295,
45,
249,
312,
98,
121,
41,
350,
181,
277,
36,
1130,
506,
585,
301,
266,
197,
344,
320,
230,
215,
478,
781,
328,
292,
275,
296,
189,
237,
142,
223,
175,
42,
125,
321,
223,
283,
295,
175,
300,
149,
190,
137,
158,
197,
295,
187,
274,
305,
188,
186,
41,
649,
203,
250,
334,
302,
177,
238,
319,
142,
262,
142,
281,
40,
430,
482,
430,
113,
364,
154,
442,
154,
45,
449,
151,
285,
109,
171,
284,
161,
116,
134,
174,
275,
138,
125,
147,
1079,
265,
111,
164,
997,
1102,
260,
73,
239,
265,
421,
70,
589,
184,
552,
493,
543,
150,
43,
159,
331,
70,
142,
1118,
475,
132,
180,
198,
159,
473,
70,
40,
139,
233,
128,
511,
97,
123,
62,
466,
1038,
154,
128,
61,
573,
170,
121,
169,
61,
119,
186,
86,
132,
60,
199,
150,
175,
185,
125,
116,
56,
144,
141,
229,
197,
49,
84,
283,
121,
184,
159,
141,
117,
185,
170,
228,
111,
165,
181,
43,
171,
48,
133,
83,
327,
114,
384,
214,
148,
212,
48,
1108,
162,
309,
245,
148,
38,
274,
240,
480,
139,
152,
298,
50,
173,
578,
270,
288,
480,
194,
216,
144,
167,
243,
138,
42,
412,
191,
319,
195,
41,
186,
119,
358,
282,
285,
331,
252,
397,
42,
344,
598,
591,
358,
503,
229,
357,
100,
164,
184,
511,
43,
137,
137,
605,
199,
504,
520,
400,
518,
44,
179,
289,
217,
136,
327,
238,
360,
191,
296,
136,
135,
133,
303,
331,
168,
348,
314,
184,
279,
221,
228,
145,
521,
153,
162,
183,
181,
293,
350,
187,
427,
334,
205,
121,
253,
192,
79,
109,
135,
211,
40,
105,
1250,
426,
338,
289,
1169,
178,
39,
407,
314,
519,
180,
178,
311,
139,
352,
43,
129,
52,
359,
179,
352,
177,
133,
165,
371,
159,
68,
130,
129,
215,
146,
318,
46,
622,
1132,
41,
1233,
539,
838,
1160,
668,
183,
187,
1133,
454,
354,
78,
74,
176,
157,
198,
186,
181,
72,
166,
333,
173,
137,
152,
1147,
71,
157,
156,
339,
343,
515,
68,
112,
384,
161,
332,
67,
169,
124,
181,
66,
151,
113,
65,
168,
174,
100,
44,
126,
64,
42,
235,
173,
284,
145,
160,
176,
247,
171,
478,
145,
151,
227,
390,
443,
163,
42,
404,
235,
124,
144,
128,
151,
141,
132,
63,
209,
164,
123,
135,
146,
47,
217,
204,
213,
176,
125,
535,
171,
334,
42,
338,
135,
66,
318,
175,
180,
42,
149,
484,
268,
260,
194,
500,
417,
157,
144,
393,
140,
414,
188,
494,
209,
245,
405,
163,
399,
68,
50,
159,
208,
173,
94,
357,
1266,
130,
141,
182,
158,
129,
120,
156,
141,
141,
358,
161,
341,
164,
44,
371,
372,
161,
586,
133,
426,
227,
121,
370,
348,
410,
325,
179,
588,
354,
142,
583,
437,
118,
152,
327,
298,
134,
445,
390,
43,
130,
432,
181,
256,
170,
116,
1276,
356,
331,
359,
365,
532,
155,
1245,
105,
344,
43,
354,
402,
146,
313,
49,
402,
214,
84,
361,
337,
44,
39,
189,
345,
357,
203,
189,
138,
136,
326,
181,
297,
211,
858,
166,
156,
1127,
442,
159,
137,
151,
123,
192,
1172,
355,
357,
211,
43,
156,
119,
149,
186,
463,
216,
299,
147,
1200,
142,
386,
461,
119,
543,
191,
93,
162,
446,
115,
157,
380,
261,
212,
359,
198,
170,
108,
219,
178,
158,
98,
131,
169,
94,
163,
121,
1189,
168,
249,
93,
153,
137,
1229,
46,
49,
107,
143,
379,
168,
93,
233,
150,
44,
47,
106,
91,
42,
365,
162,
125,
239,
306,
119,
164,
92,
36,
156,
84,
177,
137,
163,
95,
346,
195,
389,
196,
190,
113,
171,
110,
148,
588,
334,
222,
38,
166,
146,
193,
389,
316,
136,
134,
404,
161,
194,
456,
393,
226,
126,
355,
369,
401,
125,
414,
188,
306,
353,
406,
144,
158,
128,
176,
168,
200,
184,
130,
129,
125,
259,
127,
367,
185,
116,
356,
172,
155,
184,
239,
117,
399,
375,
229,
338,
310,
132,
39,
204,
158,
119,
198,
406,
154,
347,
185,
141,
148,
353,
373,
199,
179,
439,
1310,
133,
283,
141,
328,
291,
149,
1306,
259,
349,
133,
363,
337,
336,
250,
203,
335,
126,
120,
153,
383,
328,
50,
347,
120,
113,
42,
394,
55,
96,
43,
213,
141,
360,
416,
208,
371,
215,
206,
191,
44,
42,
314,
189,
187,
163,
184,
40,
174,
345,
308,
531,
703,
1300,
1239,
745,
290,
145,
157,
218,
695,
124,
221,
155,
80,
143,
343,
184,
1253,
196,
227,
179,
259,
192,
303,
181,
156,
121,
236,
202,
945,
1232,
164,
120,
668,
112,
162,
204,
190,
133,
120,
237,
117,
164,
196,
116,
127,
360,
172,
182,
112,
367,
343,
187,
150,
207,
100,
107,
177,
160,
326,
341,
159,
153,
173,
300,
414,
185,
146,
171,
235,
138,
142,
43,
91,
89,
155,
145,
378,
44,
375,
405,
164,
408,
333,
124,
238,
79,
377,
391,
421,
488,
201,
1230,
453,
182,
79,
299,
373,
229,
192,
197,
165,
380,
1355,
203,
142,
107,
80,
427,
224,
230,
1331,
186,
182,
185,
143,
172,
192,
135,
246,
215,
510,
175,
82,
289,
299,
193,
138,
161,
143,
502,
1319,
187,
173,
270,
276,
34,
319,
175,
337,
357,
195,
118,
146,
511,
176,
271,
75,
116,
190,
193,
328,
288,
385,
220,
159,
129,
274,
306,
74,
216,
355,
394,
172,
292,
301,
144,
185,
330,
72,
338,
153,
423,
71,
137,
171,
115,
425,
310,
69,
62,
62,
337,
117,
160,
67,
43,
56,
158,
150,
53,
46,
64,
208,
37,
365,
359,
61,
213,
337,
352,
56,
217,
321,
222,
51,
47,
193,
315,
42,
327,
187,
351,
154,
1352,
194,
157,
205,
142,
453,
852,
236,
334,
146,
139,
194,
168,
743,
746,
702,
348,
254,
230,
294,
44,
153,
40,
173,
229,
451,
239,
212,
136,
355,
225,
1345,
197,
40,
450,
218,
224,
187,
193,
185,
138,
171,
192,
182,
181,
1336,
133,
175,
172,
299,
159,
141,
245,
173,
150,
121,
46,
559,
141,
103,
110,
167,
173,
194,
164,
42,
145,
345,
149,
168,
41,
125,
99,
661,
167,
283,
1369,
249,
172,
338,
35,
39,
104,
225,
328,
40,
484,
323,
39,
194,
193,
209,
172,
469,
354,
492,
188,
122,
468,
200,
168,
219,
192,
36,
346,
172,
164,
317,
155,
170,
153,
35,
185,
908,
205,
188,
306,
167,
241,
347,
151,
149,
35,
157,
152,
305,
301,
182,
237,
274,
137,
217,
149,
236,
351,
510,
232,
288,
168,
303,
40,
35,
321,
508,
171,
242,
201,
565,
492,
292,
181,
342,
36,
277,
523,
191,
507,
39,
135,
221,
157,
512,
201,
302,
203,
268,
201,
322,
176,
38,
340,
430,
216,
317,
176,
254,
293,
40,
69,
133,
205,
428,
281,
431,
170,
225,
338,
116,
42,
78,
223,
42,
198,
68,
39,
39,
499,
36,
38,
448,
207,
399,
163,
371,
35,
208,
143,
222,
465,
34,
228,
171,
356,
154,
176,
368,
163,
35,
223,
537,
34,
721,
727,
347,
1049,
237,
163,
557,
39,
171,
202,
196,
198,
142,
32,
152,
122,
146,
1335,
210,
139,
136,
40,
254,
471,
152,
32,
134,
143,
171,
38,
165,
141,
216,
135,
154,
353,
455,
134,
224,
188,
358,
191,
128,
39,
142,
139,
1381,
122,
163,
127,
127,
111,
176,
153,
1380,
254,
157,
340,
207,
32,
114,
128,
113,
121,
119,
122,
262,
153,
112,
110,
124,
33,
145,
36,
181,
101,
32,
954,
253,
166,
162,
141,
146,
195,
376,
134,
145,
180,
106,
158,
322,
135,
140,
145,
150,
32,
38,
489,
275,
40,
200,
198,
1447,
133,
34,
228,
145,
243,
164,
505,
132,
356,
251,
123,
267,
177,
296,
219,
170,
329,
167,
237,
209,
37,
157,
344,
167,
511,
257,
519,
232,
310,
328,
149,
282,
246,
524,
196,
301,
289,
349,
39,
233,
227,
224,
167,
520,
290,
227,
317,
132,
241,
36,
165,
265,
289,
219,
595,
210,
229,
197,
225,
589,
161,
570,
269,
193,
198,
231,
48,
367,
34,
87,
200,
546,
506,
156,
372,
408,
253,
606,
152,
434,
70,
367,
171,
120,
177,
206,
493,
383,
127,
391,
37,
368,
353,
153,
374,
452,
321,
36,
173,
217,
151,
139,
132,
373,
323,
239,
168,
163,
1403,
547,
145,
149,
314,
137,
132,
125,
318,
138,
135,
712,
58,
322,
164,
74,
121,
118,
43,
57,
536,
133,
104,
263,
127,
108,
118,
187,
137,
117,
41,
317,
340,
166,
53,
277,
144,
539,
169,
113,
1425,
230,
362,
178,
1449,
312,
49,
112,
165,
249,
50,
130,
126,
48,
341,
135,
197,
48,
533,
337,
134,
133,
343,
41,
169,
145,
166,
116,
148,
140,
38,
1463,
36,
130,
127,
35,
148,
339,
153,
219,
323,
228,
345,
403,
152,
243,
557,
312,
567,
176,
501,
134,
189,
269,
218,
499,
400,
493,
232,
929,
313,
455,
310,
251,
278,
223,
237,
182,
199,
491,
157,
42,
262,
153,
194,
180,
596,
36,
151,
245,
590,
147,
296,
184,
582,
151,
264,
602,
214,
37,
329,
591,
267,
195,
147,
191,
503,
265,
282,
40,
41,
1536,
424,
297,
272,
602,
37,
191,
511,
221,
278,
243,
1497,
42,
219,
302,
398,
167,
38,
246,
186,
298,
153,
198,
1566,
43,
400,
37,
43,
1464,
398,
212,
525,
434,
350,
222,
363,
346,
39,
263,
211,
214,
165,
145,
134,
337,
387,
1605,
259,
111,
161,
368,
401,
160,
139,
352,
165,
346,
351,
41,
134,
334,
146,
340,
453,
149,
133,
132,
203,
332,
153,
178,
144,
370,
328,
147,
325,
1099,
914,
139,
129,
318,
159,
109,
203,
163,
56,
158,
136,
174,
375,
38,
133,
200,
143,
316,
182,
57,
371,
120,
42,
139,
140,
55,
118,
113,
194,
1463,
105,
126,
55,
230,
121,
118,
187,
1349,
140,
320,
47,
120,
283,
1448,
277,
46,
83,
184,
155,
348,
46,
187,
207,
44,
161,
193,
82,
340,
124,
52,
190,
145,
104,
226,
150,
264,
222,
179,
234,
173,
1516,
149,
123,
181,
171,
76,
234,
223,
196,
173,
1308,
353,
325,
446,
40,
546,
496,
189,
343,
376,
1490,
236,
39,
314,
200,
362,
246,
407,
192,
401,
137,
546,
45,
311,
417,
327,
372,
180,
41,
192,
41,
179,
214,
255,
173,
331,
187,
284,
508,
520,
281,
25,
180,
39,
233,
181,
148,
151,
244,
420,
518,
188,
354,
298,
163,
188,
166,
37,
354,
1583,
287,
156,
44,
508,
225,
289,
106,
403,
1540,
438,
316,
34,
139,
159,
1621,
224,
184,
335,
40,
224,
35,
365,
307,
170,
214,
205,
259,
442,
290,
311,
179,
233,
219,
39,
1655,
308,
211,
208,
35,
153,
35,
281,
34,
165,
307,
186,
1559,
208,
83,
264,
193,
353,
364,
357,
173,
169,
43,
340,
216,
188,
347,
311,
297,
270,
150,
335,
302,
129,
139,
150,
1485,
298,
575,
131,
42,
185,
294,
177,
146,
820,
55,
189,
288,
976,
110,
184,
140,
140,
149,
134,
874,
56,
183,
126,
179,
230,
130,
110,
197,
381,
182,
41,
361,
52,
136,
51,
831,
176,
110,
358,
46,
149,
176,
165,
254,
594,
106,
159,
347,
115,
163,
160,
142,
135,
1479,
111,
166,
150,
40,
43,
1508,
46,
201,
134,
40,
121,
130,
343,
119,
224,
39,
126,
43,
228,
213,
101,
147,
1553,
212,
181,
212,
295,
213,
335,
174,
40,
273,
119,
42,
222,
270,
332,
191,
208,
293,
217,
177,
382,
43,
39,
202,
212,
244,
38,
394,
150,
406,
401,
166,
355,
283,
399,
344,
253,
394,
248,
421,
352,
36,
413,
185,
399,
155,
335,
276,
232,
162,
211,
193,
179,
225,
291,
418,
349,
496,
187,
123,
283,
163,
228,
207,
334,
37,
202,
160,
171,
230,
244,
132,
503,
340,
187,
42,
508,
350,
38,
189,
177,
305,
310,
239,
399,
178,
329,
178,
166,
42,
326,
43,
333,
229,
293,
330,
180,
272,
46,
157,
162,
339,
1612,
153,
133,
203,
124,
473,
353,
1599,
228,
228,
153,
193,
214,
296,
199,
143,
1575,
180,
394,
1627,
116,
289,
67,
1649,
275,
115,
90,
432,
366,
348,
435,
163,
373,
365,
342,
267,
341,
161,
174,
163,
130,
200,
149,
315,
179,
198,
119,
38,
41,
127,
1154,
293,
118,
315,
372,
1078,
557,
567,
117,
288,
1725,
189,
831,
1405,
450,
230,
174,
154,
67,
290,
205,
184,
163,
137,
179,
171,
347,
66,
341,
380,
130,
133,
356,
172,
44,
151,
88,
1540,
123,
337,
123,
1574,
55,
228,
196,
55,
289,
340,
1507,
218,
128,
192,
188,
222,
176,
151,
170,
55,
40,
166,
228,
374,
191,
270,
155,
137,
1611,
145,
204,
226,
57,
192,
121,
218,
227,
240,
371,
172,
225,
115,
448,
350,
47,
213,
407,
171,
151,
45,
211,
148,
203,
176,
132,
109,
398,
480,
160,
379,
441,
153,
1737,
239,
224,
235,
364,
118,
185,
46,
188,
153,
136,
1744,
193,
237,
168,
241,
214,
175,
314,
149,
403,
357,
486,
331,
154,
352,
329,
163,
330,
446,
435,
238,
296,
142,
346,
115,
342,
41,
322,
350,
308,
365,
315,
149,
169,
232,
1639,
197,
246,
185,
293,
433,
214,
1616,
1606,
41,
189,
217,
344,
377,
230,
96,
220,
41,
430,
411,
431,
196,
39,
305,
359,
303,
291,
1645,
355,
177,
185,
39,
46,
229,
158,
212,
186,
1718,
1572,
175,
833,
172,
145,
1188,
40,
1553,
166,
167,
556,
99,
142,
560,
805,
157,
813,
174,
99,
148,
330,
203,
157,
261,
352,
199,
1514,
158,
355,
197,
99,
168,
153,
231,
183,
219,
148,
167,
342,
173,
1515,
99,
157,
126,
166,
1567,
145,
176,
98,
335,
1526,
128,
94,
180,
160,
94,
88,
152,
140,
94,
155,
93,
182,
91,
160,
118,
177,
206,
399,
42,
137,
197,
170,
178,
139,
166,
205,
93,
91,
124,
168,
201,
87,
245,
420,
188,
184,
391,
155,
256,
482,
85,
278,
231,
492,
109,
194,
362,
490,
175,
315,
41,
116,
187,
423,
123,
80,
345,
146,
492,
160,
330,
1663,
236,
269,
442,
330,
265,
376,
184,
241,
81,
40,
159,
189,
44,
207,
330,
169,
245,
332,
180,
178,
211,
169,
172,
178,
352,
181,
83,
161,
346,
296,
230,
141,
188,
176,
306,
283,
196,
183,
370,
330,
179,
84,
343,
232,
279,
180,
293,
186,
298,
191,
211,
215,
328,
114,
296,
201,
83,
173,
220,
39,
275,
1627,
219,
196,
1608,
370,
173,
212,
281,
166,
1610,
206,
307,
184,
363,
99,
176,
1600,
340,
200,
345,
283,
164,
87,
173,
224,
206,
313,
144,
412,
357,
364,
218,
379,
289,
44,
355,
1694,
349,
194,
220,
353,
182,
405,
439,
449,
1256,
389,
348,
181,
196,
39,
173,
454,
158,
399,
230,
161,
170,
145,
119,
146,
564,
207,
163,
150,
138,
118,
211,
197,
206,
349,
129,
200,
193,
257,
111,
270,
112,
111,
204,
154,
1553,
322,
161,
1644,
150,
274,
112,
176,
110,
131,
547,
114,
113,
97,
151,
107,
170,
1664,
127,
105,
146,
46,
184,
89,
316,
139,
206,
96,
234,
159,
95,
337,
55,
36,
88,
348,
124,
46,
86,
327,
170,
198,
117,
490,
171,
116,
187,
323,
85,
366,
187,
246,
83,
160,
79,
384,
89,
122,
564,
74,
333,
168,
1716,
191,
45,
267,
43,
190,
308,
564,
182,
167,
282,
210,
183,
209,
278,
77,
133,
149,
197,
398,
147,
275,
243,
246,
233,
174,
582,
75,
333,
290,
159,
215,
296,
366,
196,
352,
35,
235,
76,
371,
1750,
591,
327,
598,
240,
322,
297,
261,
311,
237,
286,
40,
185,
216,
234,
343,
215,
42,
358,
80,
187,
400,
367,
158,
166,
80,
187,
290,
359,
43,
79,
218,
153,
42,
41,
260,
215,
1683,
1670,
185,
326,
195,
326,
279,
147,
338,
137,
331,
156,
329,
121,
161,
41,
357,
43,
389,
42,
324,
209,
214,
266,
207,
408,
151,
189,
203,
376,
421,
1066,
393,
481,
1002,
192,
208,
409,
135,
624,
199,
337,
162,
1652,
333,
380,
100,
1002,
220,
1087,
202,
190,
275,
96,
189,
147,
311,
188,
202,
161,
101,
182,
177,
165,
148,
128,
314,
97,
1663,
369,
132,
141,
170,
1679,
187,
192,
138,
164,
135,
94,
211,
197,
266,
161,
212,
178,
205,
313,
79,
187,
142,
130,
78,
152,
205,
121,
142,
1695,
273,
141,
79,
163,
74,
176,
139,
73,
123,
122,
235,
215,
130,
63,
164,
98,
112,
138,
158,
324,
154,
62,
162,
102,
42,
62,
309,
161,
245,
61,
140,
266,
378,
378,
166,
228,
153,
647,
125,
189,
296,
286,
157,
62,
594,
294,
174,
113,
393,
193,
177,
150,
222,
243,
147,
279,
64,
283,
1715,
338,
1787,
315,
283,
179,
365,
326,
58,
1700,
315,
278,
353,
1717,
51,
253,
258,
249,
252,
284,
367,
387,
308,
179,
53,
221,
279,
367,
682,
252,
305,
239,
295,
227,
46,
211,
261,
42,
216,
371,
261,
41,
186,
283,
197,
274,
135,
101,
227,
111,
400,
215,
145,
62,
222,
310,
216,
119,
197,
210,
144,
127,
693,
360,
97,
184,
106,
357,
45,
106,
145,
449,
379,
194,
45,
199,
349,
44,
178,
167,
201,
161,
191,
175,
423,
384,
786,
1150,
731,
349,
145,
423,
420,
1790,
64,
207,
129,
151,
193,
547,
102,
346,
420,
137,
134,
174,
156,
174,
64,
166,
41,
164,
46,
43,
170,
244,
392,
182,
295,
649,
138,
63,
115,
219,
154,
166,
59,
389,
146,
144,
292,
1762,
134,
119,
121,
1744,
161,
176,
141,
161,
84,
382,
283,
58,
41,
362,
162,
628,
126,
38,
55,
353,
347,
52,
132,
206,
339,
215,
118,
166,
366,
83,
119,
109,
53,
139,
1745,
46,
173,
161,
43,
396,
141,
278,
301,
120,
183,
136,
114,
228,
119,
297,
95,
181,
265,
321,
191,
1836,
235,
301,
142,
341,
679,
141,
110,
194,
345,
293,
253,
191,
42,
130,
339,
186,
179,
207,
262,
38,
370,
286,
279,
205,
129,
753,
168,
163,
171,
187,
148,
324,
214,
315,
206,
145,
1895,
260,
321,
125,
304,
372,
141,
261,
148,
302,
133,
347,
242,
214,
362,
119,
316,
152,
40,
221,
335,
303,
311,
202,
338,
127,
167,
327,
234,
161,
131,
242,
298,
303,
258,
222,
269,
291,
772,
230,
270,
43,
191,
196,
71,
162,
216,
298,
41,
705,
253,
120,
120,
39,
356,
86,
701,
120,
154,
270,
161,
714,
259,
368,
121,
1794,
194,
329,
208,
194,
485,
41,
177,
192,
454,
309,
151,
161,
170,
185,
480,
136,
574,
787,
43,
184,
444,
160,
335,
638,
128,
201,
125,
120,
199,
693,
581,
124,
83,
98,
143,
180,
442,
141,
43,
350,
82,
171,
637,
173,
163,
201,
261,
81,
169,
43,
80,
85,
102,
164,
195,
153,
269,
129,
164,
100,
138,
149,
185,
200,
129,
364,
183,
176,
302,
120,
74,
185,
183,
187,
142,
183,
208,
191,
43,
1815,
205,
67,
185,
202,
64,
1212,
356,
188,
290,
42,
168,
152,
64,
232,
350,
159,
168,
1656,
237,
145,
308,
914,
187,
189,
136,
326,
201,
140,
62,
329,
641,
752,
331,
326,
235,
757,
338,
158,
749,
239,
286,
176,
327,
86,
165,
135,
132,
757,
63,
172,
755,
344,
177,
333,
319,
178,
141,
155,
177,
255,
350,
65,
44,
140,
306,
293,
823,
107,
233,
264,
163,
178,
167,
346,
175,
778,
66,
268,
194,
235,
66,
789,
214,
352,
37,
234,
39,
261,
67,
231,
361,
795,
138,
188,
51,
849,
212,
792,
209,
156,
151,
320,
203,
41,
197,
309,
185,
148,
97,
311,
183,
48,
180,
187,
249,
122,
367,
137,
710,
328,
318,
180,
425,
99,
45,
312,
258,
243,
188,
180,
517,
319,
464,
243,
201,
180,
1874,
171,
1861,
163,
734,
144,
448,
180,
397,
381,
199,
195,
91,
417,
675,
632,
155,
413,
171,
149,
152,
37,
359,
159,
202,
176,
740,
208,
188,
129,
372,
194,
174,
162,
90,
43,
148,
158,
181,
166,
366,
256,
83,
150,
240,
161,
153,
179,
170,
173,
82,
157,
41,
237,
221,
372,
227,
154,
147,
74,
80,
40,
156,
230,
138,
111,
46,
364,
1920,
1648,
243,
68,
149,
42,
343,
426,
132,
129,
40,
64,
181,
106,
101,
167,
350,
64,
129,
209,
203,
216,
91,
187,
63,
141,
336,
353,
348,
228,
204,
216,
188,
191,
373,
64,
182,
834,
135,
43,
760,
358,
188,
218,
771,
290,
1808,
258,
345,
370,
45,
247,
767,
779,
355,
259,
762,
364,
760,
176,
173,
206,
209,
207,
158,
57,
322,
141,
255,
232,
146,
279,
787,
230,
379,
161,
152,
152,
251,
193,
322,
158,
210,
89,
262,
302,
202,
783,
242,
44,
140,
129,
319,
329,
273,
766,
413,
337,
830,
282,
298,
290,
226,
273,
360,
205,
801,
108,
218,
133,
41,
165,
216,
386,
377,
232,
283,
308,
198,
138,
325,
352,
197,
250,
177,
242,
136,
199,
348,
233,
307,
190,
261,
258,
175,
282,
171,
115,
176,
141,
301,
243,
203,
312,
156,
352,
192,
720,
195,
297,
793,
241,
46,
165,
158,
115,
43,
175,
219,
201,
328,
244,
491,
196,
148,
721,
200,
491,
233,
165,
195,
490,
617,
224,
332,
189,
144,
972,
145,
223,
456,
210,
578,
138,
217,
39,
103,
48,
146,
191,
455,
99,
617,
133,
224,
425,
189,
175,
247,
188,
164,
821,
812,
154,
784,
96,
163,
94,
152,
336,
200,
241,
333,
147,
217,
161,
358,
171,
117,
127,
278,
156,
157,
341,
107,
168,
96,
323,
1943,
221,
45,
1817,
133,
267,
89,
243,
224,
181,
165,
160,
80,
37,
348,
79,
142,
121,
198,
262,
214,
102,
189,
197,
127,
198,
77,
131,
139,
343,
145,
273,
318,
196,
350,
137,
253,
150,
96,
844,
185,
204,
74,
199,
765,
337,
192,
177,
182,
843,
39,
764,
299,
134,
217,
759,
2009,
222,
360,
377,
76,
177,
2037,
242,
280,
1847,
160,
77,
190,
46,
184,
149,
289,
213,
201,
255,
232,
780,
139,
117,
343,
69,
200,
204,
131,
268,
192,
372,
266,
155,
251,
47,
828,
172,
338,
189,
211,
344,
250,
208,
241,
320,
226,
207,
309,
415,
189,
336,
311,
310,
193,
215,
168,
197,
151,
254,
271,
246,
295,
123,
167,
158,
270,
177,
161,
205,
262,
151,
40,
239,
165,
40,
145,
43,
289,
173,
340,
127,
723,
531,
215,
292,
44,
209,
252,
690,
939,
196,
506,
488,
718,
213,
184,
170,
514,
329,
171,
213,
679,
163,
382,
213,
176,
483,
287,
741,
106,
182,
208,
168,
212,
202,
194,
201,
173,
177,
1912,
175,
190,
364,
103,
208,
152,
170,
215,
224,
99,
161,
165,
213,
169,
139,
163,
2052,
136,
249,
184,
165,
336,
173,
199,
144,
388,
155,
110,
1738,
97,
156,
153,
111,
330,
161,
95,
2033,
169,
103,
125,
199,
92,
252,
382,
326,
117,
155,
112,
190,
86,
236,
181,
173,
179,
352,
84,
202,
144,
121,
216,
175,
85,
187,
83,
228,
207,
41,
154,
101,
177,
338,
803,
188,
337,
140,
79,
805,
152,
212,
365,
105,
242,
137,
433,
300,
173,
188,
757,
2074,
232,
445,
445,
164,
191,
146,
254,
171,
846,
147,
190,
191,
188,
160,
283,
255,
75,
189,
160,
272,
137,
159,
196,
139,
220,
75,
224,
182,
380,
216,
299,
201,
319,
865,
103,
303,
363,
249,
280,
231,
365,
45,
218,
235,
2073,
72,
327,
224,
1933,
137,
243,
198,
353,
346,
332,
339,
72,
170,
218,
267,
330,
2130,
293,
124,
188,
205,
39,
205,
143,
237,
340,
204,
356,
692,
184,
46,
164,
346,
252,
331,
170,
647,
337,
240,
196,
336,
122,
47,
884,
159,
326,
280,
110,
196,
324,
79,
166,
323,
91,
328,
794,
134,
43,
125,
330,
322,
321,
40,
181,
146,
278,
239,
547,
47,
128,
198,
545,
242,
230,
219,
878,
546,
211,
530,
226,
152,
262,
329,
209,
529,
199,
197,
194,
918,
287,
42,
216,
164,
176,
2084,
111,
237,
678,
123,
229,
162,
257,
172,
165,
110,
160,
182,
108,
213,
155,
165,
204,
196,
160,
203,
271,
158,
192,
113,
106,
285,
147,
43,
154,
124,
129,
39,
138,
298,
91,
198,
252,
181,
170,
1751,
101,
1826,
119,
1814,
92,
160,
197,
170,
82,
118,
2104,
1828,
81,
354,
144,
115,
156,
80,
337,
845,
2129,
128,
143,
79,
173,
229,
190,
113,
2122,
118,
72,
190,
233,
76,
140,
333,
151,
101,
70,
186,
99,
204,
223,
264,
204,
343,
100,
257,
271,
67,
198,
669,
142,
266,
179,
374,
224,
196,
2099,
174,
361,
152,
806,
102,
201,
232,
70,
141,
309,
229,
211,
150,
275,
146,
205,
229,
231,
175,
296,
386,
235,
350,
258,
207,
339,
71,
261,
137,
43,
132,
271,
361,
189,
252,
168,
245,
181,
47,
383,
174,
776,
341,
1868,
165,
110,
74,
338,
373,
139,
163,
365,
43,
204,
359,
133,
166,
176,
330,
394,
72,
219,
180,
47,
260,
212,
163,
316,
130,
208,
240,
169,
181,
129,
351,
42,
175,
196,
171,
318,
282,
301,
265,
191,
156,
335,
160,
174,
152,
212,
265,
268,
618,
207,
171,
205,
532,
254,
75,
203,
43,
220,
267,
126,
153,
210,
232,
98,
607,
379,
153,
42,
194,
363,
581,
610,
216,
228,
1091,
315,
564,
253,
781,
204,
225,
231,
563,
913,
208,
214,
104,
227,
187,
103,
226,
182,
214,
680,
632,
194,
167,
165,
228,
177,
150,
102,
175,
173,
187,
217,
88,
190,
631,
164,
168,
189,
39,
113,
168,
224,
235,
177,
200,
270,
646,
103,
182,
85,
151,
2071,
74,
143,
158,
88,
192,
131,
128,
103,
156,
150,
342,
101,
306,
109,
85,
126,
202,
134,
40,
118,
84,
181,
133,
80,
347,
132,
125,
129,
2165,
73,
661,
70,
341,
1818,
175,
144,
70,
104,
127,
248,
95,
66,
152,
94,
219,
138,
196,
365,
210,
111,
259,
308,
758,
763,
171,
254,
196,
154,
201,
205,
237,
336,
387,
713,
175,
128,
156,
182,
210,
153,
130,
2206,
251,
595,
283,
161,
127,
65,
188,
215,
239,
293,
1937,
300,
224,
264,
396,
47,
454,
254,
180,
339,
206,
354,
65,
343,
403,
159,
2004,
279,
124,
191,
134,
217,
248,
66,
389,
376,
215,
181,
309,
215,
68,
205,
360,
154,
275,
233,
179,
151,
186,
267,
71,
194,
69,
142,
345,
367,
265,
194,
216,
39,
202,
700,
111,
366,
110,
133,
116,
341,
77,
216,
392,
79,
165,
153,
77,
340,
240,
183,
619,
132,
191,
328,
261,
131,
583,
213,
619,
205,
152,
38,
577,
208,
196,
220,
784,
242,
135,
216,
201,
837,
94,
579,
176,
190,
203,
227,
184,
216,
199,
199,
151,
189,
197,
95,
185,
143,
572,
160,
167,
134,
151,
94,
173,
155,
163,
170,
215,
301,
119,
280,
199,
187,
154,
85,
89,
271,
245,
95,
648,
107,
37,
112,
90,
1882,
147,
137,
83,
1894,
82,
2174,
168,
112,
48,
137,
149,
236,
162,
82,
111,
123,
81,
132,
191,
77,
102,
135,
139,
195,
143,
65,
123,
161,
36,
188,
214,
64,
186,
293,
368,
63,
62,
673,
278,
39,
310,
274,
169,
59,
347,
128,
1993,
713,
383,
161,
58,
127,
195,
228,
154,
125,
1945,
54,
199,
678,
189,
228,
144,
361,
236,
211,
371,
55,
244,
357,
421,
685,
254,
44,
264,
184,
275,
393,
37,
344,
151,
120,
464,
261,
333,
463,
239,
215,
56,
225,
202,
131,
330,
274,
163,
1947,
41,
385,
50,
454,
403,
390,
195,
187,
291,
385,
2266,
155,
206,
51,
151,
447,
243,
119,
323,
179,
382,
49,
361,
220,
249,
291,
357,
201,
193,
43,
179,
244,
352,
150,
198,
108,
348,
91,
84,
107,
168,
406,
227,
187,
239,
126,
89,
203,
2304,
393,
43,
157,
363,
446,
168,
267,
126,
206,
708,
303,
643,
136,
625,
261,
201,
152,
615,
164,
374,
631,
826,
173,
45,
208,
141,
211,
842,
165,
134,
617,
215,
150,
70,
139,
162,
724,
179,
68,
198,
167,
175,
136,
208,
268,
271,
200,
168,
141,
67,
131,
178,
125,
210,
36,
346,
653,
161,
250,
216,
99,
124,
160,
135,
68,
133,
354,
140,
160,
134,
149,
147,
61,
112,
1916,
155,
60,
346,
371,
1908,
207,
114,
60,
393,
40,
59,
120,
215,
140,
55,
124,
115,
200,
195,
150,
44,
234,
55,
121,
146,
178,
123,
54,
111,
147,
157,
53,
2183,
112,
167,
101,
180,
162,
131,
52,
147,
141,
199,
344,
51,
169,
47,
139,
178,
218,
46,
210,
1952,
340,
685,
206,
210,
208,
155,
238,
189,
303,
185,
283,
139,
185,
255,
209,
145,
133,
763,
48,
341,
198,
154,
44,
403,
265,
327,
165,
770,
147,
726,
328,
37,
107,
2291,
399,
198,
323,
431,
267,
377,
190,
280,
151,
179,
195,
35,
49,
392,
469,
292,
158,
312,
109,
47,
193,
201,
270,
272,
177,
284,
45,
410,
269,
40,
302,
163,
240,
301,
265,
161,
400,
177,
169,
216,
2295,
35,
214,
310,
245,
292,
197,
290,
131,
182,
442,
258,
154,
328,
114,
338,
239,
232,
263,
356,
192,
346,
204,
197,
238,
309,
99,
142,
232,
391,
41,
88,
37,
319,
129,
1983,
295,
346,
191,
90,
199,
168,
107,
131,
41,
368,
40,
411,
319,
199,
673,
198,
683,
171,
286,
163,
160,
275,
239,
2070,
168,
156,
179,
650,
189,
238,
629,
871,
636,
160,
173,
35,
144,
163,
228,
395,
125,
168,
187,
46,
166,
153,
291,
110,
148,
171,
175,
737,
45,
234,
102,
324,
107,
142,
41,
134,
108,
266,
153,
139,
338,
124,
155,
131,
1930,
184,
143,
42,
114,
1992,
134,
153,
36,
173,
157,
114,
135,
240,
142,
37,
210,
106,
117,
235,
390,
163,
36,
109,
99,
219,
2252,
747,
136,
169,
136,
209,
100,
100,
197,
2263,
221,
50,
198,
118,
316,
255,
756,
207,
218,
761,
160,
386,
330,
182,
128,
38,
431,
222,
293,
44,
175,
254,
179,
153,
146,
280,
159,
401,
207,
150,
242,
35,
148,
776,
44,
282,
159,
334,
233,
119,
255,
42,
325,
212,
279,
212,
176,
136,
294,
459,
202,
372,
300,
127,
210,
35,
237,
377,
214,
429,
165,
339,
282,
251,
247,
268,
181,
165,
365,
180,
295,
409,
38,
197,
284,
354,
2376,
135,
352,
241,
181,
36,
120,
38,
152,
212,
224,
41,
151,
2308,
39,
370,
149,
190,
99,
804,
2040,
346,
138,
41,
339,
317,
251,
181,
352,
122,
129,
117,
39,
133,
38,
342,
179,
443,
227,
212,
371,
454,
179,
119,
383,
49,
166,
44,
152,
41,
710,
173,
707,
40,
400,
126,
222,
321,
196,
708,
139,
752,
145,
179,
143,
412,
150,
136,
969,
139,
140,
50,
130,
41,
412,
180,
424,
135,
123,
157,
705,
167,
197,
132,
260,
122,
712,
124,
150,
229,
122,
225,
142,
167,
110,
179,
1968,
193,
154,
830,
312,
180,
173,
109,
37,
2158,
194,
174,
418,
2074,
394,
126,
2071,
124,
45,
122,
37,
2358,
41,
149,
170,
180,
156,
38,
195,
187,
113,
144,
126,
188,
139,
107,
38,
130,
188,
158,
151,
310,
162,
38,
124,
259,
241,
291,
224,
355,
114,
197,
298,
101,
121,
38,
363,
177,
176,
200,
127,
471,
192,
242,
360,
298,
116,
150,
804,
143,
263,
185,
863,
171,
41,
194,
193,
210,
1027,
39,
148,
199,
291,
270,
251,
290,
147,
194,
221,
397,
271,
355,
169,
179,
204,
245,
45,
227,
129,
269,
299,
201,
237,
335,
214,
353,
2022,
253,
123,
155,
262,
162,
444,
220,
320,
40,
354,
339,
134,
436,
121,
219,
183,
295,
171,
167,
257,
355,
2382,
128,
269,
240,
236,
148,
44,
210,
149,
404,
310,
438,
323,
198,
147,
231,
291,
196,
406,
40,
219,
67,
415,
102,
353,
53,
247,
246,
196,
312,
2317,
196,
160,
200,
2072,
314,
154,
361,
47,
398,
356,
758,
258,
177,
777,
754,
392,
261,
236,
177,
374,
303,
863,
41,
968,
733,
756,
1065,
162,
78,
250,
187,
169,
152,
2423,
88,
189,
135,
162,
141,
174,
832,
285,
139,
157,
137,
153,
34,
141,
127,
123,
242,
147,
146,
71,
832,
97,
191,
130,
352,
134,
240,
164,
176,
68,
116,
128,
252,
67,
140,
166,
370,
130,
141,
310,
214,
2152,
61,
206,
2092,
174,
60,
110,
2039,
120,
175,
349,
304,
110,
59,
234,
134,
2061,
930,
316,
118,
122,
1002,
200,
361,
199,
194,
280,
205,
156,
206,
176,
186,
196,
51,
153,
347,
269,
218,
385,
188,
43,
278,
241,
148,
166,
285,
269,
209,
207,
257,
318,
204,
128,
148,
215,
157,
124,
222,
233,
227,
197,
325,
144,
153,
225,
199,
192,
180,
170,
206,
160,
258,
201,
46,
46,
369,
153,
44,
216,
368,
322,
289,
296,
204,
43,
197,
214,
366,
152,
327,
336,
136,
331,
226,
205,
154,
252,
356,
291,
299,
235,
170,
116,
135,
189,
40,
150,
240,
216,
202,
184,
283,
197,
171,
294,
328,
368,
163,
327,
171,
2398,
247,
181,
334,
156,
408,
60,
41,
157,
434,
282,
163,
128,
143,
399,
177,
39,
127,
2307,
370,
126,
805,
809,
2240,
368,
220,
338,
173,
125,
180,
1962,
879,
166,
787,
184,
176,
43,
929,
380,
323,
770,
133,
172,
96,
160,
168,
250,
95,
177,
426,
148,
36,
167,
134,
326,
268,
160,
173,
1883,
2153,
301,
88,
189,
125,
759,
87,
373,
145,
55,
142,
277,
171,
87,
163,
281,
139,
42,
104,
86,
183,
40,
2141,
335,
157,
351,
155,
85,
83,
185,
184,
128,
997,
169,
122,
125,
77,
159,
139,
213,
215,
97,
168,
194,
152,
211,
166,
168,
69,
165,
136,
151,
170,
134,
172,
213,
198,
316,
234,
336,
146,
81,
71,
318,
224,
155,
177,
133,
280,
201,
943,
145,
151,
946,
330,
285,
182,
318,
72,
167,
206,
150,
97,
280,
150,
148,
145,
244,
208,
69,
240,
204,
2188,
65,
216,
147,
215,
196,
171,
325,
154,
191,
119,
192,
163,
144,
150,
141,
314,
353,
56,
162,
357,
230,
148,
396,
189,
397,
253,
351,
294,
142,
44,
172,
311,
149,
162,
174,
360,
230,
361,
167,
164,
203,
319,
1046,
183,
2128,
309,
343,
161,
199,
179,
171,
195,
2203,
357,
145,
165,
164,
246,
45,
242,
73,
42,
201,
67,
194,
38,
333,
351,
395,
311,
246,
775,
291,
310,
202,
327,
194,
55,
301,
742,
201,
976,
212,
322,
186,
780,
210,
303,
1081,
42,
196,
40,
192,
186,
715,
323,
197,
681,
96,
196,
318,
162,
214,
207,
1800,
157,
302,
166,
182,
310,
95,
210,
314,
145,
213,
307,
276,
205,
154,
162,
143,
137,
179,
89,
158,
208,
150,
148,
302,
278,
150,
145,
132,
38,
162,
1899,
201,
81,
321,
142,
164,
159,
178,
73,
45,
121,
125,
173,
72,
38,
200,
250,
144,
159,
71,
124,
161,
211,
129,
117,
68,
171,
198,
175,
63,
131,
193,
137,
117,
63,
118,
121,
41,
140,
137,
156,
62,
167,
194,
1019,
243,
322,
212,
202,
255,
1075,
167,
197,
181,
334,
297,
1122,
1034,
57,
184,
136,
197,
215,
217,
254,
159,
127,
130,
382,
134,
58,
171,
219,
144,
390,
201,
334,
175,
230,
378,
2097,
121,
204,
101,
181,
2017,
220,
210,
966,
380,
41,
961,
190,
278,
171,
310,
349,
375,
57,
360,
222,
266,
141,
2033,
102,
2270,
144,
58,
229,
1873,
198,
143,
2266,
161,
278,
37,
2017,
349,
147,
219,
164,
339,
218,
160,
109,
345,
183,
417,
156,
337,
336,
165,
317,
333,
139,
67,
329,
333,
321,
199,
328,
176,
313,
322,
146,
756,
326,
87,
754,
171,
324,
340,
317,
288,
274,
1012,
254,
201,
711,
1104,
1081,
139,
238,
203,
312,
702,
822,
86,
215,
176,
46,
161,
723,
191,
202,
211,
200,
282,
173,
79,
133,
198,
77,
92,
226,
172,
205,
138,
193,
41,
337,
76,
182,
113,
152,
322,
149,
186,
162,
159,
139,
180,
209,
178,
164,
139,
47,
1863,
76,
2192,
1092,
1860,
1010,
148,
1009,
73,
1015,
277,
1874,
137,
160,
181,
175,
73,
117,
142,
322,
134,
184,
173,
174,
337,
181,
153,
121,
323,
72,
154,
151,
211,
290,
150,
161,
1995,
171,
167,
73,
1922,
164,
41,
46,
71,
327,
121,
118,
188,
117,
84,
59,
194,
211,
103,
191,
162,
123,
113,
155,
58,
114,
180,
203,
200,
51,
340,
155,
167,
48,
181,
253,
187,
231,
168,
142,
373,
136,
249,
252,
2001,
148,
138,
392,
214,
444,
127,
47,
2010,
1997,
267,
213,
233,
1137,
193,
1129,
337,
208,
195,
178,
249,
47,
404,
1138,
164,
125,
332,
337,
232,
326,
199,
348,
226,
372,
961,
167,
209,
39,
291,
325,
233,
41,
208,
239,
1141,
161,
426,
239,
285,
39,
137,
209,
187,
968,
199,
36,
967,
200,
146,
172,
195,
331,
43,
138,
37,
148,
37,
144,
137,
202,
439,
352,
2240,
191,
38,
1973,
140,
177,
114,
298,
1069,
51,
364,
283,
943,
744,
249,
116,
324,
325,
985,
325,
705,
353,
210,
203,
203,
825,
949,
183,
208,
54,
177,
203,
834,
700,
209,
342,
691,
195,
192,
218,
182,
170,
266,
165,
147,
643,
195,
345,
177,
1087,
138,
163,
165,
188,
83,
128,
53,
416,
160,
331,
164,
153,
82,
162,
130,
52,
295,
160,
147,
180,
193,
156,
42,
160,
107,
141,
118,
52,
117,
132,
126,
140,
51,
150,
146,
128,
348,
1190,
172,
142,
142,
1952,
51,
140,
227,
135,
116,
209,
160,
166,
50,
119,
115,
282,
199,
150,
114,
225,
41,
200,
1976,
1943,
168,
51,
312,
138,
113,
36,
50,
224,
1967,
147,
42,
144,
1992,
41,
111,
150,
145,
45,
184,
43,
1931,
174,
151,
41,
436,
434,
40,
202,
146,
448,
1077,
36,
197,
207,
393,
192,
177,
274,
173,
1118,
324,
192,
168,
515,
1082,
151,
38,
136,
279,
198,
216,
184,
2001,
413,
135,
132,
247,
147,
144,
331,
1176,
295,
179,
258,
241,
156,
335,
231,
440,
187,
294,
129,
302,
114,
243,
37,
289,
173,
36,
233,
125,
354,
176,
258,
310,
269,
222,
37,
180,
341,
258,
219,
339,
204,
203,
246,
360,
231,
338,
168,
183,
45,
347,
152,
41,
339,
152,
254,
278,
357,
41,
193,
40,
330,
106,
39,
181,
47,
351,
202,
1076,
257,
451,
39,
260,
38,
46,
432,
275,
176,
710,
275,
200,
273,
161,
133,
667,
47,
271,
664,
158,
257,
360,
712,
1044,
41,
182,
150,
665,
183,
247,
632,
1252,
136,
142,
129,
176,
100,
651,
47,
110,
1190,
180,
198,
199,
105,
276,
152,
38,
149,
268,
39,
165,
208,
136,
226,
301,
40,
172,
169,
101,
324,
145,
113,
117,
466,
217,
150,
164,
144,
40,
148,
82,
132,
132,
143,
124,
172,
1873,
40,
148,
163,
161,
110,
138,
101,
140,
105,
137,
190,
198,
198,
40,
135,
268,
115,
36,
226,
167,
35,
115,
290,
214,
139,
181,
316,
145,
1947,
193,
32,
299,
339,
106,
1039,
314,
38,
307,
113,
527,
519,
200,
208,
262,
174,
237,
44,
191,
195,
169,
206,
192,
191,
39,
203,
144,
368,
94,
202,
277,
264,
151,
226,
403,
109,
39,
301,
1130,
184,
153,
234,
533,
42,
1091,
249,
379,
392,
264,
41,
1054,
365,
229,
364,
250,
41,
434,
387,
233,
377,
414,
206,
230,
177,
362,
39,
435,
352,
151,
348,
283,
375,
207,
183,
1059,
375,
378,
41,
2063,
200,
516,
218,
479,
161,
217,
123,
180,
338,
416,
274,
43,
395,
215,
277,
201,
204,
178,
2049,
44,
333,
71,
196,
203,
41,
383,
56,
40,
291,
2110,
233,
1078,
194,
189,
245,
230,
143,
2083,
540,
372,
241,
241,
253,
627,
153,
165,
632,
348,
169,
616,
175,
41,
922,
139,
158,
1257,
138,
167,
137,
630,
350,
607,
134,
163,
151,
133,
321,
49,
171,
130,
1094,
117,
146,
120,
139,
1895,
798,
104,
2056,
49,
518,
714,
137,
199,
192,
168,
171,
219,
127,
110,
46,
44,
119,
115,
1056,
1891,
528,
323,
173,
104,
163,
277,
143,
40,
933,
46,
154,
179,
35,
194,
202,
127,
342,
152,
129,
133,
204,
168,
35,
184,
173,
254,
132,
98,
90,
112,
260,
177,
324,
213,
228,
381,
324,
38,
138,
294,
123,
539,
297,
135,
317,
188,
150,
225,
153,
39,
212,
251,
1120,
1024,
2170,
284,
123,
1130,
196,
184,
240,
181,
157,
198,
165,
1039,
441,
328,
41,
170,
996,
250,
189,
188,
261,
164,
152,
216,
317,
181,
159,
196,
43,
427,
154,
445,
48,
270,
297,
421,
415,
214,
214,
298,
221,
192,
182,
135,
377,
442,
40,
47,
231,
187,
366,
400,
177,
225,
220,
376,
212,
199,
35,
197,
227,
2144,
243,
41,
195,
443,
345,
191,
246,
374,
224,
1959,
230,
160,
174,
181,
155,
207,
152,
192,
342,
280,
170,
59,
220,
194,
162,
371,
133,
235,
41,
170,
339,
223,
211,
206,
60,
151,
37,
146,
203,
85,
170,
405,
40,
338,
102,
655,
132,
680,
384,
273,
419,
361,
138,
697,
821,
117,
655,
49,
652,
1099,
109,
129,
727,
878,
650,
788,
189,
142,
1205,
919,
193,
97,
144,
62,
150,
195,
123,
135,
121,
58,
125,
413,
240,
117,
57,
122,
40,
2055,
152,
159,
173,
57,
44,
167,
100,
137,
164,
135,
122,
162,
54,
351,
145,
1901,
148,
228,
202,
114,
175,
206,
190,
217,
223,
83,
367,
240,
178,
386,
180,
48,
185,
145,
100,
204,
119,
181,
139,
142,
257,
48,
332,
208,
228,
145,
40,
158,
211,
146,
1114,
183,
226,
209,
129,
187,
640,
230,
157,
199,
48,
221,
127,
231,
1170,
204,
91,
147,
193,
206,
48,
173,
164,
161,
211,
172,
142,
171,
191,
409,
47,
172,
278,
178,
202,
347,
45,
207,
1138,
1048,
169,
398,
42,
425,
635,
345,
39,
435,
153,
154,
138,
210,
136,
421,
176,
207,
220,
2210,
1065,
126,
195,
351,
640,
184,
182,
135,
192,
385,
373,
157,
299,
412,
143,
391,
158,
160,
399,
243,
195,
183,
298,
974,
229,
113,
409,
180,
2052,
203,
1079,
146,
376,
125,
159,
256,
212,
339,
174,
196,
278,
2174,
147,
180,
383,
218,
