34,
42,
31,
44,
39,
68,
88,
67,
84,
35,
43,
83,
72,
64,
59,
55,
73,
48,
97,
67,
41,
29,
100,
88,
78,
75,
102,
101,
32,
79,
107,
104,
89,
111,
79,
101,
112,
42,
130,
101,
133,
112,
127,
103,
73,
133,
128,
138,
132,
96,
108,
117,
138,
133,
124,
103,
130,
135,
140,
136,
108,
101,
108,
123,
133,
109,
116,
156,
115,
150,
34,
137,
114,
97,
137,
143,
95,
81,
70,
119,
182,
96,
126,
164,
63,
105,
148,
33,
118,
70,
49,
64,
39,
94,
168,
184,
172,
133,
183,
38,
203,
118,
107,
112,
111,
157,
161,
47,
42,
181,
176,
42,
85,
133,
41,
120,
174,
41,
157,
211,
179,
131,
173,
78,
125,
131,
167,
113,
155,
144,
133,
194,
207,
121,
183,
214,
189,
162,
176,
192,
166,
213,
144,
227,
199,
180,
225,
177,
194,
215,
187,
173,
158,
148,
177,
139,
209,
159,
179,
196,
45,
192,
149,
170,
210,
227,
225,
143,
227,
202,
170,
226,
200,
187,
197,
217,
209,
192,
225,
231,
39,
193,
180,
182,
179,
175,
153,
224,
155,
199,
180,
195,
172,
149,
174,
118,
41,
201,
152,
157,
233,
161,
188,
184,
178,
146,
123,
134,
183,
151,
162,
166,
172,
91,
204,
161,
180,
126,
98,
148,
257,
84,
128,
92,
197,
104,
33,
215,
220,
192,
164,
152,
120,
99,
96,
82,
142,
43,
133,
209,
126,
174,
97,
148,
277,
61,
188,
278,
236,
110,
153,
179,
228,
244,
100,
187,
177,
188,
181,
145,
153,
156,
215,
176,
175,
32,
211,
146,
182,
236,
219,
121,
211,
169,
229,
130,
254,
102,
122,
31,
235,
192,
222,
232,
126,
226,
137,
127,
155,
176,
195,
100,
133,
124,
174,
223,
229,
256,
262,
139,
165,
236,
133,
148,
141,
183,
290,
231,
265,
201,
210,
40,
237,
214,
217,
148,
220,
236,
256,
287,
223,
131,
243,
123,
211,
278,
251,
84,
199,
231,
206,
262,
241,
234,
235,
202,
237,
239,
290,
267,
272,
133,
200,
190,
168,
224,
235,
262,
218,
217,
205,
246,
233,
196,
110,
255,
165,
185,
155,
313,
193,
218,
189,
262,
309,
186,
278,
212,
131,
300,
41,
45,
154,
187,
267,
190,
41,
195,
261,
187,
187,
295,
33,
213,
186,
292,
265,
281,
35,
333,
290,
112,
261,
249,
338,
318,
86,
348,
329,
129,
101,
330,
73,
30,
305,
97,
173,
215,
115,
94,
31,
109,
197,
72,
186,
59,
46,
84,
44,
160,
153,
194,
44,
159,
206,
40,
179,
43,
175,
115,
201,
207,
170,
285,
139,
132,
127,
233,
191,
180,
228,
138,
270,
207,
232,
41,
211,
307,
252,
185,
255,
78,
358,
332,
174,
246,
223,
269,
221,
209,
118,
352,
325,
308,
211,
44,
86,
169,
91,
260,
268,
261,
135,
221,
217,
212,
90,
43,
223,
249,
205,
37,
236,
192,
138,
182,
168,
244,
251,
215,
307,
223,
305,
359,
167,
140,
280,
117,
290,
174,
91,
338,
230,
230,
87,
220,
274,
235,
206,
250,
124,
208,
356,
154,
257,
260,
196,
345,
35,
239,
297,
151,
270,
270,
232,
133,
224,
236,
368,
269,
213,
163,
310,
363,
259,
278,
224,
140,
208,
236,
319,
233,
308,
220,
270,
285,
351,
223,
142,
385,
318,
136,
244,
217,
206,
295,
309,
395,
211,
239,
368,
143,
331,
128,
396,
121,
406,
238,
49,
34,
283,
300,
48,
203,
119,
114,
292,
423,
119,
104,
242,
197,
121,
35,
147,
41,
304,
67,
45,
124,
77,
44,
326,
163,
173,
369,
219,
275,
47,
155,
207,
112,
40,
270,
197,
245,
179,
75,
186,
177,
172,
318,
278,
173,
187,
250,
38,
203,
202,
254,
261,
170,
159,
277,
162,
199,
231,
278,
285,
195,
231,
330,
222,
229,
272,
247,
144,
267,
379,
263,
197,
189,
289,
134,
190,
308,
34,
294,
152,
150,
361,
256,
186,
259,
129,
162,
193,
271,
163,
111,
134,
294,
249,
133,
168,
311,
321,
98,
294,
319,
326,
265,
313,
198,
337,
276,
246,
349,
242,
428,
300,
208,
320,
342,
228,
309,
176,
312,
147,
268,
315,
173,
274,
308,
122,
252,
279,
186,
243,
232,
284,
386,
177,
271,
209,
301,
45,
210,
454,
330,
258,
418,
341,
353,
191,
275,
285,
178,
183,
356,
338,
283,
231,
302,
218,
240,
289,
300,
345,
267,
307,
323,
278,
378,
170,
405,
317,
284,
287,
304,
246,
296,
428,
222,
376,
313,
224,
321,
213,
350,
133,
180,
237,
444,
173,
302,
450,
195,
381,
278,
296,
430,
456,
399,
407,
36,
118,
331,
107,
141,
434,
321,
112,
425,
97,
118,
169,
147,
48,
116,
65,
78,
150,
91,
63,
66,
452,
193,
139,
201,
260,
277,
270,
50,
64,
146,
215,
252,
251,
45,
283,
161,
118,
282,
297,
134,
173,
353,
245,
247,
247,
333,
224,
33,
239,
282,
166,
214,
172,
149,
482,
350,
202,
328,
207,
154,
256,
209,
163,
244,
183,
252,
199,
154,
196,
207,
188,
190,
213,
178,
219,
176,
198,
175,
123,
322,
183,
194,
182,
177,
368,
175,
272,
236,
165,
167,
181,
213,
172,
262,
204,
298,
125,
320,
218,
238,
237,
226,
141,
258,
330,
203,
153,
169,
223,
367,
200,
220,
352,
160,
334,
125,
88,
206,
342,
305,
233,
342,
220,
309,
307,
321,
289,
446,
389,
282,
345,
317,
526,
46,
384,
404,
266,
295,
341,
287,
45,
251,
225,
221,
275,
37,
224,
358,
443,
303,
358,
347,
371,
480,
350,
351,
44,
353,
254,
405,
300,
293,
297,
207,
316,
508,
322,
512,
288,
328,
357,
500,
507,
387,
261,
155,
489,
484,
348,
197,
322,
185,
326,
212,
316,
273,
313,
349,
518,
152,
390,
350,
314,
346,
545,
433,
220,
351,
311,
380,
517,
291,
342,
391,
316,
478,
212,
322,
207,
388,
373,
158,
269,
336,
324,
108,
220,
151,
327,
107,
353,
548,
262,
310,
213,
544,
347,
577,
43,
168,
515,
127,
541,
47,
513,
127,
160,
437,
91,
323,
50,
498,
47,
203,
157,
549,
43,
215,
240,
238,
548,
192,
138,
190,
266,
182,
394,
172,
167,
174,
249,
228,
47,
35,
142,
204,
270,
175,
311,
236,
567,
182,
122,
252,
217,
215,
401,
313,
227,
272,
224,
137,
334,
132,
158,
137,
325,
351,
261,
42,
170,
204,
315,
318,
273,
355,
37,
236,
170,
188,
455,
342,
164,
210,
154,
110,
603,
306,
167,
589,
362,
454,
157,
40,
146,
205,
352,
352,
309,
199,
295,
138,
166,
379,
347,
330,
49,
330,
249,
252,
103,
258,
197,
324,
345,
155,
401,
146,
263,
302,
293,
348,
202,
376,
362,
167,
266,
143,
260,
291,
276,
384,
316,
313,
304,
297,
223,
304,
208,
340,
334,
226,
538,
437,
460,
215,
306,
206,
47,
300,
397,
360,
230,
260,
236,
423,
234,
447,
321,
545,
523,
283,
322,
219,
226,
333,
224,
322,
214,
240,
226,
214,
360,
303,
186,
225,
223,
541,
125,
277,
152,
382,
558,
34,
264,
146,
401,
362,
547,
337,
182,
243,
537,
297,
316,
181,
588,
302,
33,
516,
285,
187,
507,
313,
276,
223,
328,
445,
285,
221,
230,
262,
427,
226,
298,
240,
297,
377,
394,
360,
466,
498,
46,
466,
538,
391,
546,
293,
355,
270,
200,
549,
382,
225,
246,
422,
335,
289,
223,
505,
259,
271,
555,
288,
457,
412,
213,
193,
257,
523,
223,
225,
215,
255,
397,
270,
450,
47,
298,
214,
212,
339,
105,
352,
212,
488,
89,
527,
537,
73,
268,
216,
263,
308,
36,
257,
40,
219,
34,
206,
315,
384,
302,
235,
306,
185,
276,
206,
222,
200,
268,
195,
357,
351,
318,
229,
254,
323,
261,
581,
171,
279,
357,
235,
280,
200,
545,
37,
233,
257,
462,
214,
282,
287,
314,
598,
282,
397,
183,
282,
45,
389,
331,
174,
183,
81,
176,
176,
306,
361,
218,
189,
135,
154,
145,
175,
270,
276,
157,
152,
99,
264,
269,
201,
476,
274,
304,
213,
164,
397,
180,
223,
216,
153,
475,
241,
198,
137,
324,
195,
282,
279,
35,
128,
297,
151,
233,
256,
327,
250,
155,
208,
36,
188,
150,
353,
318,
227,
266,
249,
244,
228,
641,
429,
295,
220,
38,
121,
454,
248,
273,
306,
346,
43,
43,
227,
132,
215,
257,
47,
264,
293,
301,
203,
278,
248,
293,
308,
542,
294,
512,
174,
182,
211,
256,
170,
522,
227,
214,
272,
315,
278,
372,
649,
285,
453,
212,
244,
218,
146,
520,
370,
405,
196,
643,
651,
357,
229,
173,
256,
658,
437,
647,
184,
569,
367,
280,
227,
380,
160,
292,
234,
667,
475,
223,
400,
258,
567,
321,
576,
261,
48,
300,
39,
422,
253,
499,
396,
679,
556,
583,
354,
280,
41,
211,
669,
397,
243,
533,
232,
248,
569,
262,
283,
224,
254,
240,
170,
491,
575,
191,
353,
301,
402,
324,
150,
241,
277,
209,
186,
230,
362,
407,
227,
648,
485,
403,
463,
252,
207,
591,
349,
616,
345,
236,
41,
200,
688,
504,
222,
227,
210,
204,
267,
261,
197,
42,
467,
102,
208,
306,
202,
634,
205,
52,
218,
520,
323,
144,
343,
334,
441,
343,
292,
139,
419,
343,
653,
145,
128,
134,
422,
345,
122,
255,
224,
223,
225,
37,
117,
460,
201,
249,
328,
649,
195,
354,
148,
286,
467,
167,
189,
638,
187,
648,
259,
150,
196,
237,
165,
202,
141,
267,
282,
195,
43,
133,
280,
146,
328,
527,
211,
285,
222,
157,
316,
446,
217,
326,
137,
276,
212,
215,
157,
146,
450,
199,
607,
119,
256,
234,
256,
222,
150,
160,
201,
432,
212,
202,
145,
643,
149,
195,
250,
297,
467,
172,
330,
611,
327,
166,
155,
203,
191,
166,
45,
168,
352,
286,
212,
632,
171,
197,
129,
178,
552,
139,
325,
127,
176,
349,
40,
294,
579,
329,
283,
136,
262,
204,
389,
251,
167,
110,
331,
156,
323,
152,
178,
216,
656,
204,
151,
214,
264,
164,
267,
210,
243,
168,
221,
437,
180,
288,
327,
175,
284,
222,
169,
543,
644,
131,
296,
382,
203,
209,
327,
507,
162,
530,
207,
201,
509,
285,
280,
280,
519,
406,
636,
315,
153,
214,
295,
38,
177,
483,
279,
263,
290,
590,
273,
243,
369,
402,
245,
196,
480,
238,
244,
467,
279,
343,
560,
243,
43,
449,
228,
507,
192,
197,
225,
271,
459,
523,
43,
384,
488,
575,
561,
385,
537,
316,
226,
437,
65,
518,
105,
484,
568,
305,
94,
447,
162,
379,
511,
155,
319,
396,
177,
209,
678,
155,
492,
424,
299,
405,
349,
397,
478,
41,
139,
405,
132,
396,
694,
179,
245,
637,
42,
166,
644,
227,
366,
149,
80,
218,
697,
255,
44,
306,
167,
206,
221,
358,
218,
404,
648,
313,
228,
127,
183,
246,
157,
536,
119,
60,
643,
226,
367,
274,
52,
219,
105,
328,
318,
545,
143,
540,
188,
134,
104,
345,
52,
149,
196,
160,
681,
174,
303,
232,
196,
137,
446,
214,
402,
270,
321,
188,
314,
223,
222,
398,
326,
132,
376,
187,
372,
509,
158,
221,
313,
345,
206,
187,
185,
218,
118,
339,
214,
346,
256,
545,
230,
151,
193,
367,
177,
162,
226,
36,
200,
188,
237,
166,
351,
261,
446,
176,
360,
136,
170,
226,
553,
183,
37,
128,
339,
136,
212,
231,
417,
260,
321,
338,
138,
107,
340,
190,
478,
35,
181,
519,
379,
328,
327,
396,
246,
140,
337,
179,
538,
143,
502,
211,
413,
148,
318,
158,
267,
257,
506,
154,
416,
41,
447,
361,
203,
243,
382,
545,
252,
458,
192,
191,
195,
383,
499,
229,
47,
529,
230,
500,
374,
523,
159,
552,
332,
236,
500,
442,
392,
43,
314,
355,
445,
493,
267,
205,
322,
469,
416,
199,
275,
303,
241,
422,
144,
455,
411,
354,
216,
529,
326,
283,
453,
137,
671,
379,
320,
41,
356,
361,
75,
480,
134,
652,
361,
253,
446,
210,
430,
638,
473,
691,
245,
184,
662,
36,
251,
649,
45,
449,
638,
41,
437,
433,
429,
608,
419,
446,
424,
494,
346,
265,
152,
89,
450,
131,
200,
398,
433,
402,
139,
136,
177,
521,
208,
238,
337,
392,
180,
112,
352,
343,
142,
104,
441,
357,
151,
337,
297,
686,
97,
532,
353,
537,
290,
142,
343,
358,
397,
218,
683,
275,
357,
290,
43,
307,
293,
467,
239,
244,
432,
454,
354,
257,
466,
37,
565,
295,
459,
372,
398,
198,
312,
237,
125,
219,
167,
183,
80,
384,
189,
166,
212,
38,
335,
243,
316,
162,
338,
219,
275,
197,
145,
235,
194,
426,
136,
544,
249,
327,
137,
40,
193,
175,
474,
190,
274,
283,
305,
124,
181,
194,
320,
460,
573,
41,
568,
306,
239,
694,
213,
333,
462,
170,
243,
317,
283,
40,
321,
323,
370,
527,
203,
168,
206,
404,
453,
254,
200,
383,
371,
333,
288,
445,
166,
218,
199,
248,
221,
593,
668,
222,
432,
651,
142,
215,
178,
143,
184,
583,
455,
207,
172,
224,
203,
124,
465,
429,
412,
281,
437,
425,
402,
324,
466,
465,
706,
432,
118,
138,
43,
384,
101,
134,
41,
431,
304,
102,
291,
378,
580,
406,
377,
44,
69,
104,
732,
96,
741,
443,
728,
97,
77,
43,
64,
625,
442,
93,
61,
393,
277,
77,
57,
373,
596,
73,
277,
268,
47,
587,
51,
345,
145,
306,
412,
713,
490,
495,
600,
563,
471,
271,
176,
410,
237,
40,
587,
167,
218,
181,
608,
43,
586,
145,
151,
196,
186,
398,
67,
256,
423,
256,
472,
244,
223,
118,
56,
199,
168,
371,
286,
341,
480,
312,
242,
235,
175,
293,
154,
198,
294,
455,
272,
436,
279,
314,
192,
233,
58,
281,
235,
368,
141,
424,
287,
227,
129,
344,
198,
230,
488,
286,
111,
181,
245,
434,
309,
196,
215,
183,
240,
225,
247,
311,
57,
354,
229,
278,
215,
146,
548,
240,
363,
147,
48,
397,
367,
239,
374,
223,
248,
145,
58,
160,
124,
218,
342,
140,
208,
301,
206,
198,
357,
99,
166,
152,
164,
192,
219,
45,
227,
347,
221,
134,
199,
220,
57,
269,
44,
174,
106,
179,
229,
127,
229,
507,
265,
228,
146,
235,
304,
170,
242,
366,
510,
728,
161,
289,
176,
204,
305,
273,
221,
414,
705,
496,
184,
344,
190,
565,
401,
632,
327,
470,
145,
341,
729,
709,
273,
514,
270,
180,
621,
460,
44,
202,
369,
351,
343,
384,
578,
520,
327,
206,
270,
245,
212,
275,
376,
274,
392,
514,
128,
160,
513,
372,
367,
40,
255,
504,
330,
342,
228,
311,
216,
329,
170,
476,
162,
421,
503,
400,
317,
150,
330,
254,
48,
337,
398,
45,
216,
44,
435,
406,
165,
117,
361,
327,
99,
428,
87,
523,
427,
519,
519,
280,
393,
88,
423,
290,
318,
431,
456,
540,
384,
136,
81,
380,
405,
466,
490,
387,
339,
383,
95,
206,
489,
395,
431,
379,
193,
379,
185,
322,
423,
278,
375,
301,
74,
355,
393,
344,
499,
71,
89,
141,
164,
521,
217,
245,
347,
335,
171,
339,
538,
144,
64,
331,
231,
45,
274,
213,
280,
68,
63,
259,
229,
181,
228,
187,
87,
90,
648,
201,
179,
418,
304,
287,
280,
229,
72,
301,
252,
303,
227,
207,
237,
167,
409,
262,
203,
404,
268,
216,
647,
638,
650,
187,
374,
551,
243,
258,
268,
286,
209,
434,
186,
236,
263,
40,
539,
194,
177,
209,
198,
328,
266,
234,
253,
193,
365,
322,
156,
168,
172,
224,
224,
288,
350,
186,
306,
216,
192,
223,
209,
361,
375,
377,
234,
236,
158,
134,
221,
197,
218,
166,
263,
44,
450,
133,
183,
383,
242,
142,
752,
186,
236,
218,
254,
773,
147,
383,
675,
369,
192,
304,
206,
735,
212,
418,
223,
370,
177,
403,
202,
246,
370,
525,
148,
204,
221,
475,
221,
277,
537,
181,
369,
742,
386,
375,
259,
450,
211,
425,
519,
229,
37,
674,
305,
268,
570,
223,
350,
239,
272,
38,
551,
185,
285,
163,
513,
296,
190,
301,
562,
512,
147,
554,
297,
323,
209,
393,
339,
317,
417,
371,
176,
382,
364,
515,
422,
435,
111,
788,
90,
328,
343,
557,
557,
102,
85,
237,
273,
475,
316,
350,
417,
94,
97,
786,
90,
374,
93,
85,
401,
73,
69,
264,
457,
311,
247,
181,
41,
552,
389,
474,
355,
225,
545,
519,
231,
221,
594,
360,
180,
218,
177,
241,
571,
194,
533,
160,
249,
39,
320,
171,
177,
557,
41,
346,
234,
137,
211,
215,
207,
157,
95,
162,
130,
216,
319,
75,
82,
367,
334,
355,
241,
187,
200,
228,
590,
203,
310,
396,
192,
349,
148,
232,
345,
240,
220,
587,
200,
728,
91,
175,
538,
255,
196,
179,
629,
39,
262,
256,
134,
227,
270,
169,
286,
286,
243,
724,
271,
222,
629,
174,
386,
34,
465,
157,
194,
209,
244,
274,
592,
311,
215,
127,
193,
446,
203,
563,
184,
202,
462,
135,
174,
170,
427,
195,
154,
305,
220,
321,
273,
255,
471,
722,
173,
259,
373,
474,
212,
285,
276,
236,
448,
213,
252,
239,
136,
501,
48,
141,
191,
200,
181,
313,
229,
277,
301,
295,
290,
160,
235,
366,
190,
236,
152,
432,
309,
174,
223,
174,
265,
128,
357,
46,
341,
604,
552,
317,
335,
393,
306,
139,
415,
349,
291,
264,
832,
326,
336,
253,
407,
291,
831,
284,
426,
395,
209,
481,
732,
322,
159,
317,
148,
358,
532,
255,
284,
283,
398,
305,
824,
237,
396,
738,
750,
174,
164,
170,
248,
327,
44,
490,
628,
280,
328,
335,
394,
318,
409,
389,
618,
397,
270,
252,
226,
283,
230,
379,
397,
208,
370,
219,
363,
354,
424,
285,
369,
139,
465,
315,
99,
383,
99,
401,
426,
45,
286,
382,
381,
87,
126,
110,
327,
257,
389,
645,
291,
618,
91,
287,
81,
127,
646,
338,
69,
276,
81,
627,
446,
425,
525,
258,
63,
784,
271,
252,
244,
198,
55,
179,
356,
231,
47,
183,
226,
202,
528,
335,
192,
232,
183,
284,
215,
189,
181,
587,
300,
235,
227,
194,
568,
113,
156,
162,
230,
410,
201,
293,
155,
802,
178,
594,
735,
224,
374,
236,
201,
191,
134,
240,
179,
39,
244,
198,
214,
733,
211,
224,
232,
283,
169,
208,
202,
209,
198,
805,
746,
166,
187,
184,
250,
149,
152,
787,
171,
192,
284,
171,
112,
351,
163,
50,
207,
164,
230,
157,
247,
156,
251,
438,
149,
132,
310,
177,
221,
258,
266,
274,
164,
36,
178,
205,
170,
367,
291,
309,
203,
273,
182,
237,
653,
669,
189,
271,
123,
255,
324,
296,
39,
180,
207,
287,
579,
359,
155,
315,
194,
98,
129,
569,
322,
197,
278,
578,
145,
238,
196,
324,
306,
135,
323,
146,
122,
602,
327,
302,
237,
558,
187,
256,
629,
284,
191,
581,
342,
346,
107,
267,
174,
264,
280,
192,
176,
223,
143,
240,
189,
359,
256,
614,
228,
198,
273,
149,
828,
300,
193,
278,
330,
157,
138,
203,
576,
565,
319,
172,
277,
291,
379,
350,
41,
43,
643,
351,
593,
327,
135,
488,
340,
462,
172,
600,
301,
398,
260,
431,
290,
453,
385,
283,
32,
131,
577,
132,
117,
125,
134,
123,
266,
117,
352,
85,
240,
291,
304,
42,
267,
645,
96,
398,
96,
411,
301,
140,
293,
79,
292,
341,
291,
90,
80,
474,
50,
86,
414,
630,
291,
50,
600,
419,
599,
798,
437,
197,
41,
791,
193,
225,
324,
69,
309,
217,
198,
951,
166,
407,
256,
223,
604,
266,
183,
130,
206,
315,
286,
447,
195,
192,
623,
181,
205,
217,
538,
816,
215,
139,
376,
143,
41,
355,
282,
809,
200,
191,
153,
173,
159,
865,
265,
214,
84,
128,
236,
149,
224,
251,
145,
115,
669,
629,
118,
821,
162,
244,
160,
200,
162,
180,
356,
174,
354,
243,
645,
164,
179,
287,
231,
453,
201,
120,
134,
276,
240,
632,
139,
469,
254,
145,
335,
242,
266,
276,
682,
445,
189,
284,
175,
171,
229,
305,
263,
310,
331,
194,
362,
233,
194,
303,
306,
564,
350,
191,
175,
242,
296,
41,
188,
46,
162,
205,
308,
335,
321,
568,
418,
233,
213,
132,
127,
178,
157,
185,
317,
39,
317,
552,
301,
231,
455,
156,
216,
898,
331,
346,
294,
247,
424,
579,
192,
420,
291,
892,
438,
326,
387,
828,
344,
207,
320,
278,
282,
327,
304,
652,
179,
343,
34,
314,
423,
313,
303,
411,
572,
146,
305,
665,
112,
336,
326,
311,
327,
303,
293,
77,
532,
518,
84,
286,
500,
107,
417,
342,
404,
391,
361,
166,
86,
528,
360,
392,
424,
368,
400,
227,
928,
312,
65,
323,
78,
148,
75,
67,
320,
906,
207,
259,
692,
528,
697,
870,
180,
305,
325,
429,
219,
64,
880,
75,
170,
51,
163,
143,
812,
64,
166,
301,
52,
63,
200,
231,
275,
147,
72,
206,
131,
209,
171,
54,
195,
142,
136,
77,
301,
137,
44,
217,
169,
829,
276,
138,
37,
291,
173,
393,
90,
311,
348,
147,
621,
231,
826,
206,
123,
543,
186,
183,
901,
310,
324,
173,
239,
129,
820,
156,
288,
164,
175,
145,
401,
253,
387,
632,
634,
219,
305,
391,
355,
454,
176,
195,
414,
103,
269,
553,
229,
309,
175,
323,
201,
153,
336,
157,
424,
641,
158,
235,
46,
252,
245,
153,
299,
151,
102,
711,
217,
361,
145,
238,
100,
271,
135,
646,
148,
232,
210,
318,
335,
235,
649,
169,
137,
409,
231,
167,
648,
193,
240,
161,
224,
130,
642,
210,
658,
374,
195,
145,
154,
247,
119,
844,
411,
322,
263,
133,
267,
325,
42,
220,
252,
198,
127,
312,
122,
203,
154,
42,
216,
47,
374,
301,
307,
516,
316,
465,
363,
95,
212,
326,
939,
424,
287,
139,
32,
370,
224,
184,
155,
137,
321,
226,
577,
131,
344,
568,
138,
180,
339,
309,
81,
33,
355,
733,
417,
37,
228,
209,
151,
727,
353,
330,
583,
166,
345,
335,
135,
200,
723,
259,
203,
40,
295,
342,
264,
291,
189,
314,
147,
144,
505,
123,
281,
310,
982,
120,
282,
534,
125,
393,
968,
367,
107,
48,
91,
77,
507,
305,
405,
70,
306,
295,
301,
373,
252,
268,
515,
207,
725,
235,
443,
723,
415,
231,
250,
198,
1125,
243,
39,
198,
38,
341,
183,
1083,
177,
38,
266,
148,
167,
190,
38,
135,
340,
180,
147,
346,
142,
1084,
213,
710,
379,
136,
192,
196,
135,
400,
138,
352,
313,
35,
297,
320,
896,
138,
179,
313,
969,
247,
95,
111,
339,
950,
392,
287,
246,
324,
399,
963,
329,
309,
237,
338,
303,
285,
631,
188,
216,
626,
336,
158,
419,
289,
407,
197,
174,
382,
105,
243,
169,
896,
188,
261,
309,
291,
427,
230,
228,
281,
42,
213,
554,
243,
903,
328,
157,
183,
180,
170,
143,
222,
115,
268,
191,
237,
637,
369,
326,
195,
37,
262,
336,
189,
361,
646,
141,
158,
288,
155,
323,
255,
154,
498,
165,
339,
116,
284,
129,
926,
413,
223,
117,
225,
102,
399,
245,
121,
338,
385,
109,
343,
279,
109,
332,
330,
570,
219,
923,
749,
441,
278,
139,
148,
912,
395,
245,
148,
155,
346,
163,
161,
329,
44,
245,
124,
364,
111,
340,
168,
660,
366,
336,
120,
108,
199,
348,
285,
175,
94,
323,
942,
576,
126,
286,
92,
815,
247,
209,
216,
149,
91,
417,
265,
208,
140,
195,
773,
803,
167,
305,
260,
465,
247,
202,
274,
103,
125,
134,
305,
506,
1037,
99,
92,
525,
290,
453,
295,
76,
254,
328,
46,
108,
462,
380,
275,
89,
129,
87,
301,
237,
324,
304,
71,
290,
80,
165,
262,
766,
255,
337,
45,
156,
307,
553,
156,
195,
768,
755,
121,
47,
310,
162,
44,
241,
275,
382,
234,
170,
259,
40,
185,
393,
755,
159,
195,
350,
36,
330,
300,
42,
987,
744,
246,
338,
218,
136,
154,
688,
151,
205,
378,
294,
306,
291,
85,
370,
182,
92,
38,
159,
201,
179,
207,
170,
386,
307,
178,
320,
270,
440,
157,
172,
232,
727,
224,
156,
146,
386,
214,
348,
396,
35,
642,
378,
633,
190,
230,
258,
729,
180,
161,
235,
261,
209,
654,
189,
102,
277,
198,
175,
130,
254,
432,
639,
255,
189,
244,
223,
408,
127,
365,
221,
166,
205,
37,
230,
399,
183,
352,
154,
322,
294,
157,
276,
277,
152,
337,
218,
198,
321,
231,
181,
407,
369,
367,
141,
462,
273,
133,
274,
246,
314,
112,
127,
185,
338,
116,
233,
194,
230,
247,
155,
404,
390,
377,
181,
437,
110,
172,
161,
213,
194,
222,
219,
360,
252,
146,
124,
288,
151,
118,
118,
397,
273,
190,
408,
267,
661,
573,
146,
242,
220,
48,
673,
314,
584,
260,
262,
179,
197,
332,
135,
187,
586,
392,
33,
151,
222,
360,
110,
302,
329,
352,
299,
345,
113,
344,
354,
240,
46,
768,
69,
320,
169,
848,
361,
41,
319,
140,
329,
530,
107,
367,
267,
294,
1127,
262,
1090,
926,
306,
211,
431,
324,
170,
115,
222,
93,
280,
197,
237,
531,
420,
87,
817,
226,
394,
69,
71,
800,
165,
56,
784,
194,
53,
801,
618,
93,
180,
48,
189,
178,
253,
776,
407,
225,
37,
619,
206,
431,
200,
275,
330,
31,
209,
403,
617,
165,
186,
299,
189,
179,
316,
151,
395,
400,
251,
375,
270,
155,
626,
417,
297,
353,
396,
251,
190,
80,
185,
217,
184,
411,
454,
154,
220,
410,
159,
250,
183,
179,
186,
124,
251,
177,
193,
199,
234,
257,
449,
249,
346,
231,
159,
145,
123,
339,
186,
213,
210,
189,
179,
266,
234,
234,
151,
190,
649,
134,
294,
158,
650,
162,
454,
655,
194,
221,
175,
431,
45,
145,
234,
653,
381,
209,
42,
141,
390,
428,
447,
302,
134,
233,
168,
188,
237,
164,
234,
177,
232,
102,
297,
207,
210,
286,
405,
252,
243,
430,
215,
267,
133,
120,
144,
162,
417,
355,
315,
260,
426,
840,
329,
584,
161,
40,
226,
170,
442,
413,
182,
182,
310,
204,
178,
420,
427,
131,
150,
358,
277,
41,
153,
243,
381,
285,
164,
33,
350,
240,
42,
421,
181,
154,
40,
214,
46,
144,
409,
51,
444,
443,
433,
216,
303,
177,
103,
692,
172,
892,
31,
151,
392,
390,
221,
85,
223,
43,
131,
377,
131,
191,
702,
146,
374,
72,
232,
302,
69,
118,
351,
387,
100,
198,
59,
313,
396,
835,
195,
451,
358,
225,
834,
188,
56,
831,
270,
184,
258,
177,
192,
129,
307,
122,
43,
38,
198,
213,
236,
310,
198,
429,
123,
260,
199,
362,
121,
344,
248,
232,
176,
141,
169,
309,
386,
347,
125,
187,
56,
482,
407,
176,
69,
212,
456,
390,
166,
176,
48,
146,
215,
173,
187,
164,
181,
192,
279,
120,
239,
186,
227,
186,
179,
42,
278,
646,
202,
179,
176,
268,
278,
335,
237,
261,
38,
356,
201,
183,
323,
194,
237,
189,
184,
277,
303,
179,
170,
201,
142,
348,
166,
440,
187,
198,
36,
179,
262,
244,
218,
259,
334,
239,
163,
654,
38,
373,
299,
241,
414,
201,
188,
121,
322,
198,
651,
207,
255,
502,
42,
144,
402,
262,
191,
151,
414,
141,
295,
171,
276,
275,
382,
150,
325,
43,
376,
283,
152,
171,
368,
181,
144,
445,
357,
129,
135,
168,
205,
176,
188,
246,
134,
150,
151,
138,
242,
121,
370,
296,
327,
177,
749,
169,
126,
291,
133,
277,
359,
307,
226,
320,
299,
211,
145,
227,
290,
209,
188,
291,
306,
34,
627,
380,
298,
356,
83,
623,
342,
109,
692,
47,
401,
90,
167,
525,
629,
43,
71,
356,
415,
347,
32,
280,
872,
190,
327,
295,
254,
470,
313,
303,
38,
267,
319,
682,
286,
303,
67,
299,
266,
702,
43,
190,
72,
43,
326,
701,
865,
70,
141,
154,
164,
175,
38,
141,
145,
309,
46,
308,
189,
201,
48,
201,
43,
185,
223,
229,
220,
325,
222,
265,
220,
190,
165,
130,
196,
140,
261,
147,
179,
339,
36,
122,
200,
249,
205,
267,
33,
110,
142,
184,
153,
270,
207,
111,
119,
151,
195,
170,
143,
257,
363,
188,
135,
193,
186,
101,
277,
548,
136,
90,
180,
348,
246,
213,
220,
375,
137,
194,
155,
261,
164,
186,
151,
241,
175,
184,
165,
351,
173,
502,
202,
169,
179,
193,
447,
207,
192,
158,
118,
131,
334,
229,
169,
263,
201,
169,
429,
150,
334,
136,
41,
271,
148,
249,
231,
1004,
170,
297,
248,
362,
34,
150,
132,
317,
749,
122,
215,
360,
129,
252,
242,
190,
133,
104,
517,
175,
171,
215,
321,
1090,
329,
126,
186,
124,
332,
137,
325,
142,
1022,
213,
312,
322,
148,
146,
234,
529,
343,
666,
127,
309,
226,
314,
318,
750,
673,
276,
841,
291,
140,
451,
276,
183,
317,
263,
451,
375,
129,
197,
376,
124,
555,
554,
679,
145,
189,
119,
408,
539,
181,
958,
107,
409,
316,
319,
1336,
118,
337,
944,
286,
682,
1315,
940,
101,
939,
317,
77,
936,
486,
313,
72,
78,
66,
860,
247,
308,
61,
876,
397,
295,
187,
46,
80,
846,
489,
39,
196,
188,
172,
426,
789,
230,
173,
40,
240,
889,
134,
166,
123,
76,
188,
233,
165,
39,
219,
202,
70,
118,
164,
1053,
142,
192,
139,
210,
69,
199,
145,
163,
182,
188,
127,
204,
62,
144,
119,
1069,
250,
142,
179,
423,
573,
68,
283,
392,
173,
565,
459,
283,
155,
181,
499,
45,
575,
155,
154,
230,
812,
114,
735,
219,
122,
307,
374,
279,
201,
181,
42,
193,
230,
196,
355,
180,
231,
115,
233,
272,
819,
279,
144,
302,
199,
194,
140,
278,
108,
303,
222,
257,
281,
262,
159,
310,
153,
249,
595,
39,
124,
205,
300,
264,
269,
304,
144,
182,
187,
214,
829,
41,
913,
461,
39,
199,
132,
737,
825,
287,
1017,
265,
166,
198,
124,
422,
172,
181,
179,
256,
188,
1018,
220,
237,
343,
267,
240,
290,
346,
136,
256,
160,
607,
189,
665,
290,
596,
841,
844,
222,
214,
756,
165,
537,
42,
223,
527,
845,
164,
225,
31,
212,
257,
924,
141,
953,
398,
225,
443,
232,
669,
914,
1229,
339,
422,
249,
129,
287,
41,
205,
189,
278,
532,
51,
257,
190,
50,
262,
321,
273,
209,
103,
212,
1382,
129,
204,
48,
433,
356,
175,
71,
312,
192,
369,
252,
947,
1375,
315,
307,
1355,
1545,
283,
429,
352,
1515,
270,
52,
48,
84,
74,
193,
209,
42,
848,
208,
128,
177,
201,
231,
435,
43,
950,
621,
237,
177,
43,
246,
207,
127,
851,
55,
704,
104,
204,
719,
230,
161,
217,
181,
717,
129,
155,
211,
31,
317,
282,
224,
717,
253,
206,
267,
207,
169,
197,
73,
183,
182,
240,
76,
283,
181,
98,
223,
166,
215,
278,
215,
169,
163,
100,
257,
174,
809,
1163,
659,
215,
273,
182,
260,
266,
109,
194,
202,
164,
243,
44,
176,
239,
157,
163,
167,
202,
268,
644,
211,
174,
174,
320,
137,
910,
299,
43,
264,
829,
150,
250,
817,
257,
199,
597,
831,
164,
828,
151,
234,
746,
411,
840,
373,
342,
174,
738,
253,
175,
412,
203,
150,
333,
39,
209,
930,
127,
172,
44,
331,
653,
377,
457,
1107,
802,
602,
112,
797,
748,
34,
1015,
178,
202,
164,
796,
614,
235,
181,
161,
141,
260,
217,
203,
854,
267,
261,
259,
36,
984,
913,
369,
364,
299,
907,
858,
165,
212,
994,
367,
112,
121,
125,
434,
438,
103,
99,
1167,
98,
1126,
681,
345,
59,
92,
344,
549,
950,
74,
271,
71,
239,
399,
172,
347,
420,
604,
774,
265,
720,
201,
49,
217,
224,
468,
141,
447,
52,
177,
176,
788,
384,
35,
850,
141,
82,
225,
258,
661,
224,
39,
973,
443,
203,
437,
377,
126,
240,
230,
212,
575,
146,
360,
298,
1239,
265,
210,
257,
130,
290,
302,
516,
36,
203,
116,
213,
156,
293,
178,
290,
717,
819,
306,
317,
192,
729,
196,
259,
296,
329,
244,
249,
199,
191,
430,
319,
293,
44,
389,
164,
206,
382,
669,
349,
247,
177,
168,
229,
204,
737,
276,
271,
290,
266,
350,
278,
237,
132,
234,
213,
142,
150,
185,
535,
195,
144,
132,
205,
148,
1097,
38,
679,
226,
340,
250,
271,
255,
741,
968,
509,
297,
372,
179,
171,
148,
1505,
506,
280,
256,
735,
229,
446,
746,
173,
663,
255,
383,
44,
187,
1493,
150,
219,
378,
212,
753,
566,
243,
183,
38,
1352,
651,
160,
652,
606,
616,
155,
355,
1484,
287,
331,
404,
302,
275,
153,
766,
202,
326,
984,
668,
944,
126,
968,
45,
922,
233,
680,
769,
1136,
85,
114,
40,
1683,
841,
341,
447,
331,
377,
1019,
39,
365,
1094,
356,
939,
387,
43,
412,
1103,
353,
892,
203,
43,
43,
42,
422,
192,
234,
365,
393,
511,
64,
303,
195,
60,
1098,
415,
231,
543,
172,
394,
41,
249,
156,
397,
1675,
196,
57,
41,
192,
891,
374,
1648,
131,
262,
165,
48,
810,
135,
233,
949,
193,
805,
244,
330,
260,
39,
217,
153,
297,
368,
214,
245,
234,
216,
249,
372,
177,
320,
574,
266,
315,
212,
175,
229,
45,
273,
245,
340,
340,
193,
722,
219,
225,
570,
267,
393,
205,
174,
109,
220,
309,
561,
37,
389,
378,
267,
332,
144,
302,
347,
209,
301,
571,
342,
238,
387,
341,
215,
332,
558,
35,
338,
266,
302,
301,
43,
265,
325,
281,
242,
297,
283,
292,
236,
209,
448,
302,
169,
149,
1094,
1192,
176,
215,
283,
1087,
214,
526,
286,
213,
388,
371,
390,
378,
448,
192,
269,
238,
399,
244,
404,
1015,
187,
184,
254,
219,
171,
188,
401,
166,
209,
183,
1098,
393,
161,
200,
46,
181,
445,
251,
451,
146,
1089,
319,
747,
45,
660,
424,
213,
743,
542,
359,
396,
162,
395,
550,
740,
45,
352,
329,
665,
287,
421,
663,
901,
238,
407,
323,
1120,
40,
893,
264,
220,
395,
322,
413,
504,
890,
321,
290,
1443,
438,
465,
258,
1442,
222,
422,
344,
1561,
243,
346,
253,
258,
196,
667,
411,
194,
218,
39,
397,
96,
114,
896,
237,
177,
379,
152,
601,
1011,
397,
119,
1007,
396,
921,
669,
104,
443,
398,
452,
100,
1004,
1148,
99,
354,
1427,
1144,
340,
402,
341,
372,
1087,
42,
444,
392,
387,
1086,
461,
970,
962,
85,
281,
41,
39,
974,
267,
223,
929,
40,
970,
969,
173,
238,
209,
223,
578,
379,
361,
221,
451,
532,
189,
199,
235,
466,
1734,
178,
189,
187,
327,
47,
286,
236,
559,
34,
154,
461,
267,
234,
70,
275,
239,
1337,
254,
263,
204,
269,
394,
78,
248,
293,
143,
1332,
265,
273,
386,
237,
202,
334,
168,
392,
437,
210,
320,
244,
303,
216,
207,
38,
310,
406,
301,
599,
416,
231,
253,
409,
314,
182,
279,
251,
276,
452,
290,
408,
311,
168,
475,
311,
431,
472,
221,
328,
547,
140,
160,
152,
472,
221,
431,
124,
233,
144,
460,
308,
269,
398,
152,
260,
354,
183,
180,
232,
289,
442,
222,
351,
331,
304,
217,
261,
424,
157,
360,
398,
143,
207,
213,
135,
736,
180,
410,
226,
256,
303,
734,
380,
140,
395,
34,
157,
181,
235,
214,
239,
412,
202,
153,
342,
389,
218,
193,
320,
170,
469,
138,
315,
248,
431,
182,
287,
746,
346,
272,
328,
165,
149,
173,
36,
430,
201,
153,
218,
325,
157,
625,
288,
184,
362,
204,
404,
166,
393,
173,
842,
407,
274,
462,
159,
353,
512,
189,
167,
756,
150,
656,
372,
163,
317,
270,
45,
154,
149,
181,
162,
431,
1205,
333,
992,
257,
420,
254,
323,
581,
168,
991,
369,
355,
276,
214,
287,
449,
228,
498,
244,
263,
304,
131,
257,
374,
105,
256,
245,
246,
405,
997,
171,
71,
447,
289,
331,
187,
215,
1425,
104,
371,
1614,
430,
312,
259,
1592,
334,
102,
428,
813,
408,
280,
245,
333,
593,
278,
336,
382,
95,
256,
345,
128,
409,
52,
914,
324,
934,
930,
350,
90,
948,
210,
78,
565,
76,
947,
42,
287,
36,
300,
73,
71,
183,
182,
710,
291,
460,
323,
336,
613,
295,
235,
460,
388,
101,
326,
189,
386,
139,
134,
321,
271,
198,
189,
201,
177,
373,
1824,
275,
298,
166,
159,
159,
1137,
119,
632,
151,
344,
631,
43,
405,
181,
224,
281,
226,
218,
185,
315,
303,
253,
210,
242,
149,
132,
437,
491,
243,
303,
157,
140,
181,
43,
301,
238,
294,
119,
256,
172,
139,
210,
400,
122,
356,
184,
364,
287,
154,
483,
153,
290,
217,
738,
170,
358,
176,
281,
36,
442,
215,
298,
201,
628,
47,
465,
264,
313,
350,
224,
275,
130,
215,
46,
169,
185,
536,
121,
570,
158,
146,
145,
38,
425,
229,
207,
225,
179,
441,
212,
165,
212,
739,
44,
743,
750,
202,
115,
169,
306,
189,
424,
208,
314,
253,
414,
398,
461,
160,
184,
154,
197,
306,
339,
425,
242,
314,
165,
657,
97,
208,
240,
40,
255,
403,
220,
153,
245,
237,
666,
186,
177,
268,
160,
252,
147,
196,
244,
122,
415,
423,
259,
1201,
123,
332,
241,
395,
244,
430,
461,
452,
205,
224,
251,
1089,
587,
678,
419,
387,
245,
263,
368,
229,
256,
231,
773,
154,
364,
249,
1652,
48,
294,
249,
494,
269,
101,
321,
1647,
287,
1083,
89,
383,
1003,
99,
51,
1019,
235,
273,
628,
1592,
120,
409,
100,
355,
82,
548,
447,
82,
863,
99,
453,
547,
49,
97,
57,
398,
254,
122,
76,
944,
393,
254,
422,
237,
941,
43,
42,
1033,
346,
331,
324,
265,
135,
341,
626,
217,
264,
381,
366,
393,
257,
198,
276,
1204,
209,
46,
174,
344,
204,
210,
149,
831,
187,
225,
195,
262,
202,
351,
209,
363,
308,
298,
193,
297,
315,
179,
714,
298,
217,
268,
308,
325,
325,
540,
209,
331,
948,
304,
282,
232,
271,
286,
252,
345,
214,
146,
148,
632,
47,
811,
810,
50,
620,
117,
199,
306,
311,
42,
715,
297,
527,
124,
253,
285,
385,
128,
276,
161,
41,
163,
182,
125,
640,
251,
129,
140,
227,
144,
266,
388,
260,
148,
473,
271,
89,
204,
395,
97,
233,
254,
249,
732,
34,
160,
41,
302,
240,
245,
450,
44,
186,
279,
96,
353,
210,
430,
429,
229,
233,
170,
271,
207,
244,
359,
304,
219,
111,
202,
391,
208,
225,
336,
137,
146,
115,
174,
253,
189,
1196,
198,
383,
166,
241,
120,
204,
172,
201,
134,
503,
227,
177,
412,
211,
160,
244,
222,
660,
319,
161,
252,
354,
128,
659,
189,
173,
41,
166,
238,
116,
321,
195,
341,
308,
213,
237,
188,
314,
326,
246,
321,
163,
177,
369,
176,
205,
191,
662,
204,
188,
46,
417,
110,
298,
160,
220,
410,
310,
298,
1283,
271,
326,
761,
1208,
279,
255,
235,
201,
44,
217,
373,
253,
246,
149,
220,
195,
342,
206,
438,
47,
93,
112,
169,
403,
244,
235,
412,
153,
391,
427,
150,
182,
404,
615,
77,
535,
619,
43,
424,
126,
246,
463,
272,
120,
44,
125,
77,
1220,
89,
1030,
263,
69,
1029,
377,
526,
464,
493,
437,
289,
427,
409,
196,
330,
234,
263,
404,
50,
429,
328,
95,
45,
213,
1038,
259,
41,
44,
299,
40,
359,
75,
373,
307,
186,
46,
76,
688,
205,
232,
45,
302,
270,
310,
213,
290,
301,
693,
228,
298,
197,
72,
159,
251,
163,
252,
272,
336,
290,
282,
37,
132,
294,
152,
298,
539,
273,
217,
240,
332,
182,
81,
126,
225,
218,
202,
302,
222,
534,
479,
231,
157,
203,
182,
468,
352,
198,
102,
339,
42,
84,
714,
720,
251,
438,
82,
354,
224,
437,
91,
286,
219,
226,
342,
279,
412,
214,
479,
137,
236,
548,
425,
226,
194,
288,
193,
36,
163,
469,
201,
287,
263,
116,
246,
162,
206,
102,
207,
725,
226,
469,
475,
236,
216,
442,
207,
176,
170,
492,
230,
653,
186,
234,
253,
121,
238,
290,
415,
316,
191,
45,
281,
317,
209,
251,
438,
435,
92,
108,
197,
657,
90,
223,
289,
196,
179,
391,
178,
662,
156,
154,
160,
256,
166,
269,
314,
252,
172,
203,
163,
123,
270,
468,
186,
212,
495,
234,
357,
145,
143,
457,
180,
480,
307,
278,
211,
181,
584,
300,
449,
195,
180,
369,
49,
174,
248,
200,
179,
224,
47,
46,
206,
755,
266,
449,
1389,
322,
259,
211,
167,
157,
202,
155,
304,
844,
467,
219,
312,
154,
195,
44,
235,
271,
308,
310,
536,
180,
530,
431,
176,
254,
417,
326,
285,
425,
232,
37,
371,
240,
398,
110,
110,
456,
173,
81,
368,
65,
266,
103,
1025,
363,
43,
213,
116,
59,
103,
1103,
460,
1016,
55,
335,
525,
1044,
254,
44,
101,
98,
235,
95,
951,
1042,
708,
159,
45,
318,
57,
536,
248,
1370,
85,
412,
190,
256,
295,
167,
300,
31,
156,
215,
454,
293,
193,
224,
178,
263,
171,
294,
280,
269,
291,
128,
611,
187,
188,
230,
532,
151,
202,
280,
112,
715,
481,
42,
239,
102,
101,
198,
198,
220,
366,
96,
413,
177,
158,
225,
230,
206,
168,
211,
180,
499,
384,
146,
391,
355,
155,
171,
248,
286,
404,
117,
325,
282,
251,
274,
719,
207,
42,
139,
331,
262,
283,
164,
215,
183,
389,
37,
283,
314,
234,
124,
378,
738,
394,
230,
164,
206,
209,
243,
131,
190,
734,
363,
1073,
157,
192,
248,
188,
193,
143,
37,
385,
197,
216,
389,
219,
1286,
208,
191,
191,
240,
341,
367,
124,
183,
189,
342,
381,
315,
326,
368,
209,
35,
200,
395,
140,
34,
322,
168,
143,
228,
230,
378,
180,
218,
113,
222,
1301,
1458,
208,
340,
403,
368,
182,
380,
1011,
314,
270,
414,
274,
221,
250,
46,
44,
208,
355,
278,
347,
350,
42,
611,
465,
1792,
365,
188,
41,
272,
296,
348,
197,
223,
285,
323,
279,
148,
66,
417,
242,
34,
88,
275,
271,
350,
135,
309,
269,
120,
81,
386,
116,
290,
245,
429,
373,
89,
261,
365,
1028,
29,
339,
42,
610,
1019,
2091,
276,
271,
955,
245,
192,
330,
702,
232,
173,
523,
208,
348,
214,
168,
295,
144,
176,
388,
41,
159,
1163,
290,
208,
31,
109,
158,
165,
145,
358,
715,
717,
275,
390,
123,
285,
249,
169,
712,
174,
326,
219,
147,
290,
317,
128,
622,
170,
468,
232,
293,
202,
544,
368,
220,
184,
223,
225,
260,
284,
625,
218,
246,
427,
215,
364,
735,
167,
559,
31,
132,
41,
146,
196,
242,
247,
150,
245,
346,
167,
136,
202,
157,
133,
353,
209,
258,
255,
820,
195,
195,
103,
817,
239,
226,
198,
102,
238,
273,
385,
154,
227,
288,
192,
232,
131,
223,
224,
178,
35,
116,
222,
131,
226,
351,
93,
85,
178,
237,
334,
258,
166,
149,
202,
223,
1372,
269,
266,
188,
657,
270,
161,
373,
749,
45,
187,
192,
380,
181,
49,
574,
245,
201,
142,
840,
187,
45,
253,
42,
336,
1468,
351,
113,
334,
34,
389,
164,
758,
190,
763,
402,
195,
366,
121,
159,
333,
374,
137,
332,
293,
393,
332,
154,
359,
260,
371,
677,
370,
371,
332,
309,
450,
322,
48,
323,
440,
104,
101,
106,
315,
234,
272,
110,
635,
81,
374,
376,
266,
75,
313,
275,
77,
288,
389,
185,
367,
346,
86,
95,
81,
129,
123,
340,
57,
1326,
287,
54,
321,
81,
49,
1327,
45,
1323,
679,
250,
615,
187,
429,
242,
692,
249,
183,
285,
300,
168,
1239,
292,
209,
51,
162,
151,
1211,
41,
356,
361,
226,
206,
188,
37,
2183,
303,
162,
161,
301,
218,
153,
362,
256,
358,
207,
162,
214,
395,
727,
158,
188,
300,
302,
302,
343,
205,
248,
260,
318,
381,
207,
47,
34,
214,
251,
198,
283,
171,
312,
105,
211,
172,
325,
294,
158,
207,
385,
186,
295,
45,
210,
190,
218,
142,
250,
307,
284,
173,
244,
299,
221,
359,
234,
206,
157,
134,
104,
235,
355,
210,
205,
160,
205,
218,
471,
289,
165,
35,
172,
287,
162,
216,
176,
103,
339,
200,
134,
734,
239,
35,
266,
643,
390,
179,
745,
284,
379,
660,
757,
187,
342,
203,
423,
163,
133,
650,
400,
168,
185,
361,
1464,
211,
157,
256,
263,
30,
161,
134,
673,
219,
44,
850,
31,
317,
293,
1477,
377,
354,
427,
847,
296,
272,
106,
227,
403,
99,
381,
77,
177,
201,
134,
357,
252,
336,
36,
226,
170,
200,
1197,
44,
92,
257,
397,
1110,
68,
183,
632,
91,
292,
355,
748,
376,
342,
277,
247,
676,
586,
229,
383,
69,
196,
569,
243,
52,
582,
596,
285,
153,
194,
616,
255,
612,
181,
179,
437,
432,
344,
220,
246,
955,
1253,
372,
180,
564,
73,
1232,
138,
164,
372,
166,
199,
359,
714,
1217,
160,
148,
158,
805,
314,
153,
46,
1103,
274,
201,
230,
319,
342,
384,
216,
158,
343,
164,
376,
245,
260,
1574,
213,
368,
293,
324,
190,
240,
283,
288,
205,
153,
152,
176,
273,
803,
182,
360,
155,
136,
226,
209,
138,
463,
191,
91,
365,
219,
224,
181,
462,
392,
156,
125,
233,
266,
351,
204,
735,
382,
595,
383,
300,
261,
345,
195,
42,
102,
153,
35,
281,
218,
139,
249,
191,
293,
238,
299,
132,
91,
334,
271,
380,
308,
36,
98,
113,
391,
193,
159,
227,
584,
218,
170,
115,
312,
314,
292,
127,
262,
212,
628,
716,
173,
201,
176,
48,
222,
598,
145,
596,
644,
297,
230,
193,
374,
169,
296,
135,
572,
205,
190,
262,
146,
126,
369,
221,
277,
193,
106,
174,
169,
407,
104,
217,
144,
606,
226,
207,
209,
287,
166,
339,
153,
195,
93,
588,
157,
649,
597,
186,
259,
753,
158,
155,
175,
381,
281,
124,
1174,
35,
37,
254,
261,
1162,
231,
108,
150,
241,
1097,
843,
1095,
246,
38,
242,
1094,
288,
124,
80,
122,
1092,
236,
341,
1082,
862,
208,
76,
111,
294,
197,
86,
319,
157,
797,
546,
677,
219,
531,
789,
47,
65,
215,
172,
46,
45,
172,
871,
46,
340,
213,
40,
378,
412,
197,
43,
190,
183,
396,
435,
135,
1033,
275,
1178,
612,
1780,
1034,
617,
40,
37,
292,
605,
1034,
1021,
1779,
184,
150,
202,
265,
77,
284,
48,
359,
797,
73,
44,
159,
66,
208,
124,
246,
224,
965,
355,
700,
226,
41,
221,
49,
326,
201,
712,
151,
1075,
225,
195,
369,
273,
367,
157,
219,
300,
178,
263,
43,
126,
358,
221,
185,
179,
108,
40,
166,
353,
249,
269,
196,
360,
181,
39,
539,
345,
272,
194,
275,
415,
47,
39,
200,
203,
183,
172,
178,
219,
554,
824,
342,
814,
125,
222,
249,
44,
179,
246,
187,
153,
474,
177,
229,
304,
211,
225,
319,
135,
142,
173,
214,
214,
565,
180,
268,
382,
419,
147,
240,
223,
358,
263,
250,
181,
1735,
351,
135,
216,
653,
430,
150,
212,
113,
522,
397,
187,
193,
299,
145,
297,
42,
201,
190,
303,
264,
239,
172,
253,
285,
197,
679,
722,
355,
196,
115,
670,
191,
611,
108,
609,
184,
868,
813,
178,
183,
240,
820,
349,
43,
171,
797,
863,
424,
429,
197,
328,
165,
69,
214,
332,
407,
681,
720,
66,
700,
64,
306,
42,
1272,
673,
683,
288,
2380,
135,
42,
180,
661,
1210,
259,
333,
206,
666,
1459,
300,
327,
327,
2322,
76,
212,
2308,
324,
330,
714,
803,
1455,
283,
465,
254,
227,
56,
634,
209,
181,
223,
103,
146,
255,
172,
264,
333,
261,
92,
266,
248,
353,
211,
583,
185,
206,
235,
277,
265,
201,
206,
447,
345,
202,
188,
254,
271,
88,
188,
216,
180,
247,
262,
176,
238,
330,
298,
41,
228,
663,
188,
380,
729,
186,
224,
87,
197,
825,
129,
194,
507,
185,
730,
499,
40,
229,
326,
199,
366,
166,
789,
266,
266,
164,
227,
145,
135,
774,
209,
122,
244,
241,
657,
142,
129,
497,
180,
140,
709,
395,
193,
115,
274,
189,
258,
256,
160,
262,
598,
507,
107,
50,
557,
362,
497,
180,
1087,
756,
170,
213,
508,
267,
158,
705,
345,
580,
634,
311,
745,
617,
857,
295,
214,
51,
271,
622,
304,
864,
48,
238,
232,
154,
108,
2188,
2072,
191,
2187,
106,
2182,
142,
816,
411,
203,
315,
1109,
1105,
497,
1094,
82,
1213,
75,
466,
731,
2371,
645,
640,
86,
705,
79,
69,
84,
1219,
67,
741,
501,
44,
337,
700,
441,
50,
47,
705,
473,
42,
1033,
1220,
200,
227,
1098,
612,
1097,
795,
1025,
365,
185,
139,
203,
431,
627,
283,
427,
201,
2375,
656,
892,
329,
255,
890,
39,
238,
812,
429,
552,
370,
350,
297,
322,
889,
249,
255,
2350,
266,
362,
541,
219,
347,
891,
427,
226,
246,
817,
218,
312,
198,
163,
98,
286,
244,
901,
148,
808,
139,
40,
210,
348,
400,
139,
162,
39,
364,
131,
184,
274,
688,
154,
234,
262,
48,
200,
156,
43,
394,
223,
172,
180,
566,
249,
136,
498,
178,
325,
114,
198,
38,
126,
144,
125,
407,
432,
293,
426,
215,
337,
332,
127,
227,
772,
417,
330,
708,
665,
1009,
877,
412,
247,
617,
287,
413,
601,
232,
318,
750,
400,
45,
303,
267,
873,
191,
370,
589,
39,
286,
580,
248,
2215,
162,
133,
250,
667,
193,
283,
2168,
630,
932,
139,
260,
185,
2165,
358,
1818,
793,
514,
624,
262,
238,
524,
758,
702,
367,
131,
40,
203,
2042,
86,
188,
532,
759,
753,
683,
1098,
104,
237,
1104,
1242,
573,
121,
268,
1238,
954,
1237,
130,
725,
195,
416,
524,
239,
723,
104,
703,
698,
128,
327,
115,
2015,
76,
308,
720,
120,
1172,
317,
638,
1165,
81,
651,
1935,
165,
72,
106,
1151,
487,
378,
56,
1166,
1179,
1040,
1150,
1038,
333,
310,
617,
181,
39,
521,
1124,
170,
2352,
39,
212,
180,
358,
375,
179,
1092,
198,
158,
381,
212,
295,
403,
135,
1172,
326,
115,
362,
211,
250,
372,
1004,
363,
554,
552,
622,
399,
181,
279,
196,
232,
265,
1123,
340,
233,
346,
569,
395,
520,
296,
265,
929,
280,
223,
486,
241,
352,
222,
321,
275,
374,
396,
545,
288,
454,
265,
228,
180,
256,
215,
319,
222,
902,
348,
151,
181,
301,
390,
242,
160,
324,
908,
277,
729,
166,
165,
329,
440,
196,
320,
824,
310,
186,
254,
304,
257,
119,
185,
300,
287,
268,
471,
111,
249,
231,
183,
281,
514,
270,
325,
245,
227,
604,
426,
39,
127,
287,
2065,
228,
180,
2060,
251,
515,
599,
201,
249,
505,
225,
436,
392,
168,
170,
711,
232,
210,
248,
591,
40,
387,
384,
258,
229,
330,
769,
691,
445,
197,
348,
209,
685,
429,
1966,
317,
844,
182,
421,
704,
842,
640,
1901,
839,
250,
415,
368,
247,
279,
561,
273,
48,
672,
416,
1151,
1099,
487,
212,
40,
169,
434,
274,
761,
217,
1092,
433,
319,
233,
222,
302,
304,
478,
944,
422,
516,
381,
1157,
172,
402,
195,
1116,
170,
245,
289,
444,
1153,
306,
103,
894,
735,
396,
325,
2409,
188,
442,
166,
201,
753,
402,
2409,
539,
314,
211,
77,
92,
283,
287,
749,
2399,
219,
140,
455,
65,
246,
2051,
193,
1924,
417,
134,
42,
434,
275,
228,
51,
794,
132,
40,
82,
1106,
551,
41,
1039,
255,
1101,
209,
105,
1171,
221,
86,
1092,
501,
522,
37,
132,
185,
1054,
196,
169,
118,
250,
439,
249,
1087,
227,
516,
222,
117,
313,
248,
206,
1019,
441,
80,
175,
169,
983,
450,
283,
313,
173,
143,
200,
194,
108,
577,
37,
112,
562,
2215,
354,
207,
720,
187,
86,
365,
71,
213,
169,
341,
891,
210,
364,
456,
364,
182,
328,
290,
45,
412,
809,
374,
571,
283,
385,
267,
491,
813,
235,
419,
168,
499,
192,
41,
162,
323,
294,
260,
180,
314,
540,
143,
252,
248,
276,
788,
120,
326,
42,
378,
218,
249,
215,
451,
204,
489,
225,
248,
237,
247,
722,
180,
327,
203,
233,
211,
241,
835,
245,
169,
240,
159,
200,
1889,
1868,
204,
698,
42,
271,
459,
446,
463,
743,
217,
304,
163,
199,
188,
150,
426,
728,
234,
749,
253,
841,
739,
215,
383,
209,
269,
261,
428,
920,
185,
248,
232,
182,
45,
188,
177,
834,
43,
1365,
668,
202,
762,
242,
169,
749,
153,
185,
509,
667,
698,
366,
245,
317,
43,
210,
187,
122,
705,
764,
151,
244,
214,
165,
168,
461,
584,
289,
441,
890,
752,
406,
150,
2015,
40,
153,
206,
699,
518,
911,
435,
1081,
191,
145,
580,
275,
1066,
717,
107,
1038,
481,
83,
41,
486,
477,
973,
267,
307,
720,
943,
58,
123,
1121,
329,
420,
917,
125,
153,
48,
213,
855,
403,
133,
1118,
2019,
43,
259,
718,
49,
925,
137,
136,
1195,
1118,
884,
487,
87,
858,
1253,
912,
271,
187,
384,
299,
1111,
1973,
199,
184,
435,
106,
228,
788,
207,
1889,
182,
309,
160,
180,
393,
721,
442,
358,
180,
145,
411,
330,
309,
303,
35,
150,
351,
310,
344,
99,
455,
68,
471,
454,
209,
513,
128,
376,
117,
360,
483,
230,
408,
188,
111,
351,
197,
190,
223,
356,
269,
207,
158,
418,
127,
188,
585,
129,
198,
246,
148,
184,
39,
156,
131,
139,
462,
484,
183,
450,
206,
177,
120,
168,
155,
427,
137,
490,
384,
116,
213,
457,
222,
162,
195,
254,
537,
216,
177,
652,
831,
158,
124,
2004,
218,
156,
216,
297,
165,
829,
133,
37,
206,
152,
120,
1922,
164,
226,
194,
230,
171,
747,
229,
561,
297,
1876,
176,
48,
566,
505,
172,
768,
517,
149,
299,
459,
641,
144,
291,
97,
314,
774,
246,
243,
245,
646,
145,
113,
393,
158,
837,
639,
828,
764,
699,
487,
307,
523,
234,
468,
365,
512,
155,
205,
113,
762,
180,
168,
290,
610,
292,
215,
221,
308,
463,
189,
404,
301,
939,
853,
855,
206,
268,
1108,
977,
119,
320,
178,
973,
332,
1114,
46,
266,
450,
89,
310,
490,
263,
88,
867,
1926,
117,
804,
342,
73,
2089,
130,
789,
52,
225,
876,
816,
255,
104,
576,
195,
1120,
100,
104,
792,
533,
220,
514,
46,
1121,
1245,
361,
1110,
367,
190,
205,
46,
333,
97,
86,
648,
358,
41,
242,
857,
441,
246,
147,
795,
142,
238,
304,
138,
621,
359,
287,
339,
2062,
505,
291,
197,
774,
601,
418,
153,
511,
178,
193,
233,
529,
438,
200,
773,
150,
74,
451,
223,
1003,
286,
497,
234,
274,
51,
185,
544,
751,
261,
190,
233,
329,
558,
161,
262,
206,
397,
226,
2045,
154,
182,
410,
469,
2043,
175,
357,
492,
430,
229,
203,
182,
337,
481,
473,
207,
181,
801,
566,
442,
446,
138,
245,
476,
303,
533,
470,
227,
368,
162,
141,
168,
122,
447,
166,
178,
498,
176,
137,
707,
121,
331,
190,
128,
515,
130,
245,
120,
221,
143,
188,
226,
146,
196,
222,
590,
301,
849,
156,
828,
349,
244,
135,
500,
826,
40,
159,
504,
142,
221,
177,
746,
150,
221,
247,
553,
603,
262,
233,
175,
192,
87,
220,
95,
203,
567,
690,
169,
430,
648,
142,
167,
192,
155,
607,
837,
182,
381,
173,
518,
555,
1210,
161,
189,
594,
531,
586,
178,
1098,
174,
160,
389,
352,
459,
590,
672,
146,
522,
292,
239,
230,
129,
272,
608,
269,
617,
186,
857,
377,
143,
545,
217,
314,
522,
519,
603,
217,
182,
494,
309,
598,
207,
191,
133,
443,
111,
323,
98,
43,
88,
831,
715,
379,
802,
326,
2042,
639,
76,
484,
794,
832,
83,
1125,
406,
43,
417,
1146,
99,
75,
1116,
516,
470,
573,
380,
353,
429,
1608,
562,
164,
380,
729,
1946,
793,
200,
447,
497,
470,
179,
311,
244,
465,
200,
601,
839,
182,
327,
796,
165,
285,
301,
617,
188,
78,
134,
279,
405,
479,
130,
309,
436,
183,
2057,
435,
242,
414,
487,
420,
140,
329,
351,
794,
431,
387,
175,
56,
423,
526,
120,
631,
598,
408,
349,
236,
456,
701,
596,
199,
816,
371,
423,
588,
835,
379,
281,
420,
356,
381,
225,
471,
375,
707,
189,
1763,
270,
244,
188,
397,
191,
170,
122,
172,
133,
568,
538,
708,
142,
720,
826,
278,
192,
447,
129,
205,
156,
43,
526,
219,
830,
168,
191,
122,
140,
503,
120,
475,
176,
320,
234,
460,
140,
45,
218,
536,
224,
201,
41,
377,
906,
296,
362,
212,
836,
206,
142,
319,
251,
506,
916,
878,
204,
186,
115,
354,
580,
521,
123,
175,
344,
198,
545,
839,
231,
212,
245,
669,
597,
174,
172,
203,
163,
137,
840,
652,
894,
173,
225,
135,
233,
191,
691,
182,
253,
338,
275,
43,
472,
508,
382,
191,
240,
371,
152,
156,
847,
752,
137,
350,
99,
418,
243,
761,
38,
716,
221,
116,
768,
107,
111,
204,
646,
184,
196,
423,
457,
657,
293,
714,
237,
82,
1194,
706,
154,
405,
424,
607,
115,
383,
75,
417,
717,
889,
628,
80,
1833,
808,
413,
402,
500,
61,
1121,
566,
556,
103,
540,
691,
557,
547,
863,
74,
1120,
467,
690,
1075,
494,
686,
476,
42,
550,
354,
456,
208,
1019,
414,
72,
157,
2119,
712,
147,
586,
219,
566,
794,
216,
800,
141,
1010,
1524,
325,
295,
59,
216,
318,
129,
553,
137,
566,
351,
47,
323,
434,
482,
136,
123,
206,
89,
306,
136,
803,
214,
392,
637,
122,
90,
43,
420,
402,
455,
778,
201,
367,
478,
609,
360,
427,
300,
212,
246,
897,
545,
482,
398,
226,
568,
471,
353,
733,
186,
228,
352,
523,
198,
185,
521,
546,
578,
196,
642,
196,
745,
193,
827,
223,
184,
587,
179,
553,
193,
208,
162,
473,
250,
190,
223,
208,
43,
170,
116,
171,
134,
722,
251,
323,
148,
507,
195,
1558,
48,
172,
165,
217,
482,
540,
395,
177,
333,
145,
45,
638,
1548,
343,
642,
237,
150,
44,
495,
206,
785,
333,
300,
136,
530,
1555,
165,
158,
546,
156,
915,
143,
845,
147,
632,
299,
201,
154,
170,
129,
119,
224,
259,
320,
751,
762,
165,
147,
512,
158,
176,
372,
271,
162,
235,
160,
115,
187,
166,
384,
911,
166,
133,
104,
219,
808,
209,
233,
182,
207,
47,
219,
115,
249,
513,
610,
161,
220,
261,
617,
268,
41,
413,
153,
543,
250,
118,
120,
267,
901,
195,
298,
303,
118,
398,
203,
241,
790,
795,
177,
171,
649,
106,
714,
416,
535,
1834,
186,
564,
445,
771,
415,
83,
77,
695,
528,
389,
1844,
635,
70,
574,
678,
175,
187,
90,
65,
626,
536,
456,
520,
617,
533,
63,
39,
1094,
285,
83,
222,
396,
600,
436,
464,
587,
441,
379,
1594,
341,
196,
460,
405,
440,
312,
153,
47,
603,
84,
184,
147,
171,
322,
141,
2124,
417,
339,
533,
139,
801,
267,
463,
41,
1621,
416,
328,
812,
372,
195,
709,
293,
105,
1518,
190,
185,
46,
336,
143,
270,
309,
187,
179,
126,
45,
421,
255,
40,
185,
166,
45,
287,
160,
297,
403,
238,
910,
184,
343,
177,
297,
352,
559,
489,
409,
439,
119,
206,
245,
387,
563,
268,
124,
252,
538,
301,
161,
169,
561,
41,
205,
232,
144,
148,
283,
94,
101,
500,
108,
134,
242,
370,
466,
207,
388,
216,
249,
462,
293,
123,
224,
623,
153,
387,
914,
123,
386,
248,
182,
360,
126,
390,
107,
320,
1259,
181,
190,
328,
379,
114,
291,
46,
961,
224,
197,
273,
426,
183,
223,
1245,
112,
355,
45,
160,
1180,
520,
165,
208,
362,
130,
312,
213,
339,
946,
394,
1181,
327,
172,
197,
164,
593,
586,
260,
1567,
598,
329,
539,
205,
442,
525,
212,
496,
672,
491,
511,
250,
672,
498,
158,
503,
540,
199,
621,
163,
508,
297,
509,
297,
243,
346,
271,
427,
489,
324,
427,
658,
627,
489,
238,
426,
401,
516,
439,
158,
387,
605,
130,
236,
134,
431,
596,
1915,
510,
97,
447,
244,
439,
589,
795,
106,
718,
335,
90,
1101,
752,
349,
402,
92,
555,
423,
72,
398,
338,
216,
651,
530,
160,
75,
732,
86,
88,
86,
1115,
350,
139,
65,
206,
287,
617,
598,
518,
522,
523,
1109,
460,
1044,
415,
515,
371,
1042,
331,
409,
387,
327,
455,
149,
785,
372,
398,
299,
708,
273,
1349,
103,
328,
699,
332,
263,
160,
271,
235,
84,
685,
306,
264,
288,
297,
152,
356,
71,
44,
409,
809,
263,
249,
192,
804,
2209,
274,
902,
410,
226,
306,
269,
907,
43,
38,
297,
173,
407,
525,
221,
164,
345,
254,
530,
186,
250,
521,
33,
170,
531,
531,
274,
140,
300,
163,
42,
174,
132,
220,
338,
234,
141,
115,
621,
129,
140,
254,
40,
180,
276,
370,
350,
583,
410,
278,
112,
120,
267,
560,
676,
347,
345,
173,
677,
345,
665,
278,
354,
267,
305,
476,
156,
219,
351,
658,
448,
255,
168,
389,
486,
591,
282,
603,
450,
210,
216,
321,
364,
458,
260,
583,
335,
375,
46,
392,
525,
268,
233,
427,
666,
759,
513,
342,
272,
596,
249,
337,
190,
233,
287,
424,
373,
335,
342,
204,
1174,
536,
423,
586,
297,
544,
203,
255,
262,
674,
204,
601,
358,
160,
216,
198,
203,
353,
270,
165,
276,
196,
218,
201,
399,
406,
1265,
1573,
473,
218,
511,
36,
664,
400,
300,
583,
485,
395,
281,
497,
173,
314,
1284,
1991,
363,
264,
474,
318,
1923,
308,
515,
1208,
327,
1906,
41,
298,
240,
331,
508,
125,
436,
193,
218,
214,
128,
595,
712,
288,
535,
130,
78,
588,
196,
131,
162,
1216,
324,
94,
586,
1109,
161,
83,
86,
50,
216,
1041,
171,
519,
287,
45,
46,
323,
439,
39,
318,
84,
153,
432,
750,
578,
141,
374,
301,
282,
297,
680,
38,
305,
301,
238,
801,
416,
39,
290,
412,
424,
177,
208,
347,
302,
320,
276,
227,
280,
665,
262,
349,
459,
902,
808,
536,
278,
486,
226,
2223,
523,
523,
86,
256,
802,
391,
2220,
247,
304,
296,
157,
1216,
504,
455,
34,
189,
340,
562,
237,
47,
137,
158,
306,
141,
205,
617,
240,
205,
229,
47,
218,
235,
172,
308,
577,
296,
816,
185,
263,
658,
487,
245,
172,
613,
211,
258,
499,
164,
250,
254,
287,
512,
476,
155,
472,
297,
570,
341,
417,
151,
470,
398,
267,
1002,
143,
388,
188,
931,
276,
355,
266,
138,
38,
179,
217,
474,
290,
584,
576,
431,
409,
355,
273,
567,
182,
306,
443,
396,
368,
345,
674,
497,
427,
268,
576,
685,
603,
750,
568,
287,
284,
951,
428,
265,
461,
646,
286,
318,
508,
764,
152,
672,
637,
117,
201,
587,
149,
38,
198,
483,
263,
288,
271,
571,
234,
506,
199,
456,
126,
373,
280,
213,
43,
226,
288,
247,
222,
188,
769,
405,
225,
218,
202,
553,
769,
223,
310,
775,
255,
1280,
523,
239,
289,
582,
400,
196,
617,
583,
954,
422,
705,
326,
439,
1917,
273,
176,
578,
952,
214,
435,
504,
300,
491,
242,
276,
250,
486,
299,
294,
605,
257,
574,
160,
86,
444,
337,
232,
577,
284,
298,
444,
540,
578,
304,
643,
1106,
575,
1040,
323,
488,
156,
1040,
381,
42,
590,
152,
149,
2280,
270,
285,
486,
314,
1040,
1793,
175,
318,
337,
291,
721,
264,
521,
425,
289,
164,
142,
174,
276,
698,
400,
44,
254,
289,
269,
328,
450,
157,
156,
43,
272,
2215,
330,
258,
299,
104,
396,
482,
222,
2207,
291,
43,
103,
132,
363,
138,
199,
224,
277,
167,
600,
155,
411,
235,
408,
230,
163,
148,
118,
158,
162,
144,
374,
176,
287,
118,
216,
143,
141,
140,
258,
268,
809,
502,
99,
136,
264,
232,
304,
271,
208,
260,
997,
93,
524,
190,
993,
232,
103,
396,
586,
189,
219,
281,
293,
184,
581,
151,
154,
915,
195,
34,
203,
274,
225,
523,
451,
371,
1166,
185,
184,
232,
332,
134,
450,
1163,
146,
196,
125,
336,
509,
152,
196,
471,
332,
465,
31,
213,
178,
445,
282,
399,
119,
494,
747,
197,
469,
335,
658,
49,
299,
416,
1265,
234,
291,
49,
759,
449,
835,
824,
523,
943,
243,
473,
41,
437,
520,
275,
141,
1910,
156,
371,
154,
187,
472,
473,
570,
766,
200,
253,
1908,
457,
441,
1822,
654,
209,
502,
224,
112,
560,
197,
464,
476,
488,
451,
92,
291,
629,
474,
489,
121,
91,
45,
196,
258,
541,
267,
386,
1375,
490,
47,
386,
423,
714,
264,
76,
623,
94,
187,
103,
529,
477,
490,
47,
46,
540,
496,
195,
204,
791,
600,
781,
692,
66,
568,
667,
789,
193,
551,
516,
1101,
253,
68,
361,
715,
66,
156,
377,
397,
409,
37,
334,
512,
565,
32,
1100,
184,
795,
487,
352,
113,
301,
274,
509,
296,
226,
214,
217,
273,
42,
252,
286,
320,
246,
120,
312,
45,
187,
148,
1115,
216,
129,
85,
280,
299,
719,
202,
417,
46,
249,
361,
190,
264,
456,
167,
301,
124,
410,
180,
465,
286,
314,
417,
167,
184,
335,
471,
449,
302,
194,
361,
372,
171,
464,
463,
273,
192,
458,
391,
319,
274,
149,
39,
274,
392,
162,
34,
313,
296,
157,
447,
38,
455,
34,
216,
502,
199,
176,
169,
35,
228,
430,
188,
451,
34,
175,
772,
374,
294,
742,
192,
142,
457,
248,
697,
472,
450,
195,
619,
35,
609,
128,
1886,
685,
526,
410,
347,
44,
450,
762,
228,
460,
697,
318,
464,
303,
32,
286,
485,
524,
493,
541,
248,
393,
253,
402,
347,
746,
419,
118,
1194,
125,
475,
865,
629,
1185,
389,
366,
108,
695,
772,
359,
224,
755,
109,
344,
493,
397,
86,
203,
1116,
559,
774,
1126,
236,
576,
206,
734,
1105,
1086,
248,
199,
1039,
1126,
154,
203,
884,
1002,
440,
182,
68,
245,
889,
49,
131,
612,
605,
56,
87,
138,
724,
49,
2213,
156,
160,
634,
267,
36,
39,
284,
232,
177,
341,
37,
231,
262,
381,
163,
250,
193,
476,
258,
391,
171,
221,
416,
426,
346,
261,
197,
434,
406,
173,
358,
183,
395,
153,
152,
315,
334,
148,
126,
385,
405,
384,
241,
351,
41,
235,
409,
1888,
141,
400,
146,
1878,
327,
223,
132,
688,
472,
408,
200,
478,
443,
481,
747,
685,
239,
759,
181,
195,
290,
494,
195,
561,
757,
243,
340,
366,
45,
144,
358,
621,
388,
41,
309,
857,
366,
184,
615,
82,
281,
872,
34,
1109,
604,
333,
144,
110,
600,
987,
34,
875,
642,
2192,
871,
88,
869,
2181,
687,
84,
1118,
72,
602,
56,
62,
1107,
46,
528,
791,
615,
41,
2104,
242,
218,
203,
201,
558,
1038,
111,
49,
37,
411,
549,
427,
82,
571,
178,
739,
151,
408,
226,
110,
479,
423,
198,
399,
230,
493,
499,
503,
277,
39,
220,
276,
247,
264,
674,
571,
263,
335,
517,
44,
341,
161,
484,
263,
432,
674,
661,
586,
213,
182,
393,
211,
819,
549,
485,
742,
281,
175,
130,
664,
452,
179,
530,
474,
456,
1886,
465,
828,
199,
572,
582,
1876,
533,
748,
171,
839,
163,
489,
452,
755,
198,
142,
492,
755,
425,
415,
206,
366,
557,
1099,
669,
256,
537,
1098,
175,
561,
87,
559,
225,
678,
475,
581,
575,
633,
572,
574,
465,
507,
680,
588,
77,
450,
2102,
357,
1102,
2023,
95,
1034,
556,
1030,
554,
55,
1053,
88,
258,
522,
832,
56,
419,
221,
49,
710,
354,
443,
180,
197,
395,
192,
555,
738,
310,
539,
1153,
825,
51,
333,
716,
462,
710,
1162,
503,
255,
425,
667,
239,
478,
596,
284,
390,
1953,
692,
649,
152,
754,
478,
283,
232,
312,
584,
228,
591,
117,
183,
483,
604,
364,
468,
428,
270,
416,
995,
363,
585,
344,
176,
311,
54,
145,
52,
266,
45,
328,
588,
209,
194,
586,
459,
216,
206,
407,
821,
213,
127,
348,
678,
210,
422,
184,
36,
206,
286,
686,
523,
257,
215,
361,
197,
826,
432,
678,
346,
346,
337,
570,
390,
359,
172,
39,
222,
550,
786,
384,
195,
216,
171,
382,
776,
393,
724,
353,
549,
1707,
319,
117,
346,
759,
854,
1101,
1637,
567,
379,
240,
523,
572,
576,
347,
579,
381,
227,
493,
77,
1921,
539,
530,
1093,
725,
563,
386,
902,
360,
288,
491,
2020,
540,
1031,
508,
698,
1019,
364,
517,
336,
444,
498,
256,
285,
798,
836,
68,
625,
249,
842,
379,
314,
385,
100,
697,
373,
144,
486,
194,
200,
224,
1946,
187,
166,
76,
212,
194,
366,
75,
807,
587,
420,
206,
74,
804,
66,
639,
473,
730,
171,
450,
558,
167,
719,
151,
563,
327,
257,
733,
597,
300,
387,
166,
536,
271,
165,
526,
250,
470,
332,
522,
548,
271,
249,
274,
356,
365,
271,
223,
391,
462,
283,
331,
352,
519,
149,
224,
470,
288,
181,
346,
457,
447,
224,
470,
493,
158,
613,
180,
498,
178,
1088,
91,
562,
347,
261,
611,
148,
495,
211,
184,
497,
148,
197,
203,
454,
608,
163,
102,
527,
507,
1090,
587,
257,
1011,
496,
167,
74,
1010,
399,
790,
430,
79,
1727,
326,
1557,
278,
316,
399,
410,
469,
453,
427,
322,
355,
411,
484,
524,
602,
341,
341,
399,
290,
2010,
223,
246,
513,
442,
198,
947,
179,
790,
177,
533,
135,
787,
77,
146,
175,
423,
216,
80,
400,
326,
198,
73,
184,
80,
400,
714,
255,
165,
136,
628,
720,
172,
198,
37,
241,
194,
165,
123,
186,
254,
360,
459,
1946,
161,
304,
1786,
35,
721,
311,
733,
415,
1355,
346,
363,
618,
320,
382,
310,
195,
223,
330,
204,
402,
155,
122,
444,
375,
800,
111,
352,
341,
39,
264,
110,
397,
450,
445,
35,
194,
257,
481,
337,
280,
834,
217,
468,
280,
174,
197,
374,
313,
655,
359,
201,
259,
384,
36,
149,
295,
380,
357,
340,
575,
363,
671,
753,
843,
324,
284,
809,
77,
472,
759,
626,
578,
198,
222,
172,
503,
315,
203,
185,
235,
423,
315,
166,
354,
475,
441,
528,
338,
31,
435,
1086,
723,
388,
1102,
322,
418,
732,
1023,
1651,
438,
1022,
1476,
280,
248,
584,
557,
237,
771,
1553,
317,
315,
517,
489,
432,
326,
501,
1016,
247,
448,
951,
235,
612,
155,
105,
83,
344,
948,
173,
472,
791,
916,
75,
849,
763,
840,
146,
981,
815,
242,
154,
842,
258,
706,
150,
183,
971,
223,
831,
135,
187,
314,
109,
121,
180,
177,
118,
400,
493,
92,
96,
455,
130,
35,
118,
34,
1850,
88,
127,
120,
775,
452,
447,
96,
509,
397,
354,
1244,
1436,
353,
337,
799,
117,
181,
860,
814,
401,
171,
853,
1450,
554,
876,
577,
308,
1463,
1461,
775,
353,
522,
322,
298,
167,
431,
384,
293,
361,
749,
293,
350,
423,
169,
395,
274,
309,
339,
356,
482,
132,
302,
135,
428,
286,
180,
153,
265,
356,
656,
322,
267,
80,
260,
371,
95,
169,
866,
381,
255,
301,
134,
207,
308,
372,
698,
115,
281,
206,
234,
1015,
314,
254,
305,
186,
308,
385,
263,
318,
315,
247,
256,
242,
801,
296,
229,
1327,
238,
1026,
492,
975,
285,
507,
276,
294,
242,
963,
74,
267,
440,
238,
141,
210,
951,
436,
291,
128,
275,
152,
299,
179,
121,
273,
133,
292,
107,
126,
286,
292,
251,
496,
134,
479,
866,
239,
139,
140,
109,
722,
826,
714,
248,
111,
81,
477,
231,
77,
318,
35,
233,
209,
92,
119,
125,
203,
420,
661,
177,
142,
323,
161,
321,
253,
38,
181,
153,
242,
470,
159,
237,
104,
278,
292,
244,
327,
300,
492,
290,
667,
750,
876,
192,
215,
88,
105,
673,
143,
378,
289,
180,
148,
153,
84,
1098,
161,
1086,
1023,
315,
239,
209,
350,
155,
148,
1655,
228,
318,
72,
600,
429,
79,
183,
157,
1036,
134,
155,
60,
122,
178,
60,
149,
138,
142,
1059,
1852,
106,
1843,
108,
282,
634,
534,
110,
32,
325,
172,
124,
291,
35,
730,
106,
34,
288,
132,
255,
288,
32,
264,
322,
332,
746,
38,
233,
117,
188,
160,
268,
837,
194,
184,
125,
186,
141,
323,
181,
139,
245,
141,
171,
256,
321,
148,
132,
169,
234,
131,
155,
395,
99,
204,
199,
116,
281,
125,
392,
68,
1030,
109,
306,
69,
1018,
153,
1032,
176,
152,
609,
118,
267,
125,
167,
63,
141,
142,
192,
118,
321,
713,
201,
96,
717,
239,
49,
237,
713,
235,
125,
353,
113,
117,
290,
112,
191,
90,
199,
184,
193,
116,
34,
152,
358,
262,
1119,
142,
350,
141,
34,
239,
140,
338,
171,
189,
227,
247,
142,
183,
342,
241,
360,
230,
113,
296,
323,
123,
191,
142,
128,
839,
329,
92,
323,
176,
1098,
103,
1097,
111,
208,
281,
69,
164,
82,
272,
163,
747,
462,
322,
276,
191,
1165,
805,
424,
289,
730,
266,
768,
1014,
264,
1035,
846,
412,
1033,
508,
131,
1031,
1194,
70,
380,
152,
117,
863,
509,
1018,
110,
1033,
173,
695,
954,
478,
751,
509,
622,
34,
952,
132,
173,
149,
140,
475,
119,
229,
708,
102,
694,
286,
222,
117,
200,
101,
175,
229,
199,
344,
505,
256,
137,
500,
231,
84,
33,
114,
134,
349,
124,
806,
33,
357,
129,
103,
151,
261,
696,
327,
1112,
982,
303,
145,
818,
912,
261,
137,
1112,
972,
747,
139,
322,
452,
296,
827,
868,
267,
316,
748,
520,
159,
377,
126,
793,
1473,
271,
521,
567,
73,
1331,
168,
713,
145,
521,
304,
715,
34,
961,
330,
1823,
1129,
276,
1813,
235,
766,
519,
303,
217,
298,
35,
535,
1367,
132,
331,
238,
74,
68,
289,
39,
618,
1332,
1027,
968,
1015,
126,
318,
127,
951,
948,
1249,
268,
246,
43,
97,
155,
77,
101,
124,
362,
796,
184,
125,
105,
210,
287,
155,
137,
240,
167,
72,
113,
148,
127,
233,
421,
727,
103,
726,
748,
822,
306,
800,
160,
283,
81,
755,
96,
71,
195,
305,
684,
165,
741,
196,
166,
773,
638,
185,
221,
302,
260,
206,
297,
177,
154,
290,
30,
153,
256,
268,
999,
753,
164,
162,
152,
292,
907,
331,
82,
75,
33,
65,
31,
1016,
891,
68,
66,
159,
953,
150,
610,
143,
146,
77,
111,
155,
227,
202,
195,
243,
44,
189,
366,
33,
227,
166,
215,
373,
364,
36,
708,
317,
827,
534,
691,
1336,
379,
1381,
1216,
780,
357,
1154,
882,
1150,
1302,
318,
1368,
804,
331,
345,
34,
232,
348,
150,
195,
540,
186,
352,
354,
281,
396,
264,
36,
1020,
370,
1580,
1013,
1009,
41,
76,
39,
85,
272,
292,
35,
35,
1369,
951,
297,
950,
201,
197,
169,
228,
165,
39,
104,
141,
88,
35,
153,
142,
208,
184,
1042,
166,
119,
106,
118,
35,
193,
1477,
186,
34,
239,
224,
350,
31,
940,
326,
33,
733,
1360,
266,
277,
845,
812,
223,
330,
384,
206,
771,
782,
37,
32,
313,
23,
191,
265,
1533,
340,
202,
362,
35,
192,
1208,
1745,
1068,
198,
1109,
1190,
193,
31,
185,
239,
995,
1320,
1313,
40,
789,
1441,
1368,
107,
1412,
114,
1359,
1537,
96,
1440,
1356,
78,
1341,
363,
342,
356,
345,
340,
376,
99,
377,
1453,
1289,
326,
883,
881,
1589,
174,
1877,
188,
34,
355,
129,
243,
193,
873,
960,
1255,
176,
959,
243,
163,
977,
129,
136,
253,
126,
812,
194,
238,
989,
122,
1570,
169,
327,
302,
169,
312,
34,
324,
1307,
1472,
341,
1271,
35,
1087,
853,
29,
1638,
1068,
1542,
1080,
411,
1206,
876,
28,
301,
1065,
1229,
1058,
99,
41,
16,
103,
100,
1058,
31,
864,
334,
350,
404,
2272,
32,
314,
414,
416,
516,
1034,
303,
707,
66,
365,
955,
918,
1033,
924,
2281,
372,
228,
75,
198,
397,
353,
1249,
52,
370,
78,
77,
179,
986,
400,
202,
359,
78,
187,
37,
325,
267,
220,
78,
1203,
1103,
36,
63,
209,
82,
1421,
203,
273,
114,
321,
81,
186,
85,
378,
101,
149,
1114,
1110,
35,
336,
1174,
94,
298,
1131,
445,
265,
1098,
460,
1086,
301,
1265,
379,
1107,
247,
35,
1101,
224,
35,
274,
355,
456,
244,
414,
1018,
431,
65,
334,
993,
205,
999,
229,
110,
1252,
101,
270,
96,
239,
1151,
90,
216,
1038,
36,
856,
1212,
31,
1587,
1445,
33,
199,
1131,
1037,
197,
1074,
198,
99,
251,
76,
948,
69,
802,
900,
274,
58,
257,
272,
712,
108,
320,
1189,
410,
1252,
414,
1005,
1139,
1151,
399,
1193,
1169,
35,
320,
1030,
1634,
1291,
500,
1184,
1066,
1247,
1232,
454,
223,
315,
1472,
1101,
1148,
748,
251,
1176,
36,
1198,
1351,
2079,
1322,
1117,
103,
280,
101,
300,
335,
147,
1342,
39,
388,
674,
1370,
1121,
80,
1708,
1044,
250,
253,
402,
1043,
49,
243,
126,
274,
331,
216,
1042,
310,
205,
268,
308,
368,
147,
249,
114,
695,
83,
80,
83,
636,
1452,
625,
85,
283,
291,
807,
263,
1234,
1139,
1215,
858,
789,
1304,
262,
1364,
1056,
1073,
1052,
261,
990,
1928,
1865,
1709,
1449,
274,
441,
642,
372,
1541,
371,
1684,
648,
555,
551,
1504,
536,
35,
113,
1157,
1789,
94,
470,
323,
322,
105,
54,
44,
94,
366,
1573,
78,
390,
390,
428,
1324,
390,
366,
1121,
1079,
1042,
320,
281,
353,
288,
1069,
390,
267,
423,
1578,
407,
348,
1461,
1102,
381,
1605,
2003,
1547,
191,
408,
1090,
1157,
1156,
1508,
1329,
1081,
1098,
712,
1621,
1533,
57,
286,
113,
1021,
268,
385,
1842,
1494,
383,
445,
1284,
1504,
1677,
1180,
590,
1041,
1206,
1144,
1195,
505,
391,
1183,
847,
1988,
365,
1174,
420,
317,
419,
384,
421,
347,
253,
248,
427,
460,
1347,
1268,
388,
250,
1340,
412,
889,
427,
1354,
712,
2029,
354,
425,
420,
692,
385,
1897,
398,
393,
415,
87,
371,
80,
47,
395,
1757,
1952,
535,
448,
393,
1426,
1328,
450,
1043,
1334,
1343,
739,
1198,
1311,
1237,
631,
1180,
867,
445,
392,
448,
806,
409,
465,
387,
399,
1511,
1500,
466,
915,
936,
1846,
1511,
437,
1606,
275,
379,
359,
1280,
1506,
1301,
112,
101,
111,
1815,
1698,
99,
97,
87,
1117,
1251,
1106,
99,
1043,
350,
747,
1803,
1270,
428,
432,
577,
1082,
1243,
259,
585,
265,
767,
490,
425,
443,
1433,
2120,
1865,
1230,
2102,
1360,
430,
2057,
1229,
366,
835,
2057,
1825,
1791,
1230,
806,
1524,
265,
473,
1606,
432,
435,
198,
465,
378,
2077,
910,
529,
2219,
303,
302,
298,
34,
301,
2177,
336,
298,
1422,
436,
293,
287,
2276,
289,
42,
291,
319,
252,
310,
2152,
228,
2169,
246,
191,
232,
218,
150,
189,
466,
153,
150,
41,
41,
538,
143,
46,
2333,
2011,
1865,
1334,
992,
1333,
1485,
1016,
1326,
1499,
1319,
1407,
1450,
2363,
632,
983,
472,
1129,
1115,
467,
1337,
2424,
1407,
444,
138,
475,
2288,
506,
124,
1555,
447,
471,
131,
460,
452,
360,
357,
133,
95,
75,
505,
1447,
668,
1456,
1360,
501,
523,
443,
519,
477,
547,
1082,
514,
471,
1204,
1202,
1197,
2154,
1300,
1360,
1614,
621,
1435,
38,
564,
694,
2068,
1333,
837,
137,
345,
148,
2267,
50,
139,
85,
108,
30,
1773,
617,
1728,
2179,
1588,
2281,
2496,
32,
2204,
2154,
2120,
1821,
2021,
2367,
2285,
1806,
2493,
1845,
2308,
327,
2063,
2038,
2067,
266,
291,
217,
288,
1220,
1226,
2361,
2148,
2346,
199,
2499,
1505,
515,
660,
223,
822,
1489,
1487,
1063,
568,
1487,
822,
784,
1467,
2864,
1441,
2365,
1486,
2273,
822,
2387,
1485,
1482,
1454,
2251,
50,
1323,
109,
2268,
100,
43,
2127,
1915,
208,
688,
724,
2352,
2282,
3082,
1359,
2402,
2394,
2381,
2340,
2167,
51,
419,
257,
1680,
709,
244,
209,
225,
1393,
421,
700,
506,
650,
1295,
632,
2613,
198,
1546,
604,
718,
1565,
1560,
122,
214,
563,
576,
1537,
187,
82,
146,
265,
33,
37,
1809,
38,
53,
1016,
336,
2079,
245,
240,
2072,
221,
179,
155,
2328,
1604,
641,
602,
1636,
1621,
1739,
1264,
574,
1056,
541,
588,
465,
120,
105,
1705,
1080,
65,
809,
1619,
1084,
771,
1680,
763,
499,
854,
1044,
467,
1967,
41,
408,
1052,
393,
42,
321,
238,
239,
132,
122,
80,
799,
828,
1760,
1738,
2559,
1720,
859,
837,
1666,
914,
146,
932,
609,
589,
546,
853,
143,
616,
1477,
116,
1185,
1862,
559,
1175,
2667,
127,
516,
694,
930,
2581,
99,
576,
103,
89,
884,
921,
1785,
722,
518,
557,
84,
893,
945,
1610,
757,
1514,
705,
1529,
1485,
1483,
2447,
2273,
560,
2145,
2599,
2896,
555,
1397,
2094,
2730,
94,
480,
2797,
3173,
1423,
2166,
149,
2388,
2470,
2036,
1680,
145,
1047,
2570,
131,
2550,
136,
121,
314,
974,
2371,
978,
2067,
1490,
1215,
2471,
594,
2078,
122,
944,
983,
153,
2764,
959,
2507,
2832,
1667,
127,
2699,
768,
104,
2038,
1003,
932,
123,
1996,
488,
97,
2006,
2089,
1994,
108,
1980,
1913,
1983,
546,
974,
585,
805,
43,
41,
47,
977,
1984,
971,
1733,
1479,
1626,
2225,
1465,
1198,
2729,
1198,
2271,
1113,
1111,
1109,
1106,
1028,
2010,
1027,
2778,
2706,
1025,
2767,
1021,
2338,
2723,
884,
942,
2714,
2363,
539,
941,
2507,
2499,
53,
934,
3369,
851,
769,
652,
2916,
2685,
2792,
26,
2965,
2692,
614,
1371,
3206,
2730,
3,
2221,
191,
32,
109,
166,
101,
2554,
657,
916,
77,
705,
1022,
1041,
1038,
94,
665,
2685,
1918,
965,
666,
2851,
1914,
2644,
790,
3078,
2227,
619,
2050,
122,
644,
1586,
1067,
1307,
1553,
1872,
28,
182,
2382,
842,
1890,
945,
574,
2072,
854,
1994,
1425,
1511,
1613,
2165,
36,
1506,
1606,
1475,
36,
2948,
2046,
58,
1542,
1311,
2185,
36,
1583,
1497,
2182,
2339,
1320,
1143,
2251,
756,
2082,
2419,
2554,
620,
3168,
2707,
1030,
78,
3285,
35,
1411,
2817,
1138,
36,
34,
39,
896,
41,
2305,
787,
146,
794,
108,
140,
1060,
80,
1164,
720,
987,
985,
148,
1123,
96,
137,
91,
111,
101,
1655,
105,
3060,
2332,
1379,
160,
2239,
2162,
2175,
1985,
2153,
1419,
1200,
2882,
1788,
34,
39,
191,
2848,
304,
1903,
1808,
304,
1798,
304,
1153,
2516,
2641,
2638,
2636,
2440,
2513,
1191,
1709,
142,
1249,
1797,
43,
144,
139,
103,
130,
95,
1531,
979,
1067,
1224,
2457,
1294,
1162,
720,
1223,
1168,
1541,
692,
975,
1077,
70,
1496,
918,
1266,
2770,
1405,
1405,
2483,
327,
1961,
328,
1331,
2421,
3004,
2508,
2497,
655,
2467,
656,
2523,
