39,
62,
36,
95,
36,
71,
40,
97,
60,
90,
87,
100,
94,
123,
46,
110,
129,
108,
32,
121,
134,
127,
139,
141,
135,
34,
128,
125,
145,
112,
39,
114,
129,
148,
110,
132,
153,
144,
43,
153,
138,
54,
135,
92,
83,
118,
43,
130,
161,
123,
93,
66,
44,
104,
110,
112,
52,
154,
47,
46,
41,
169,
179,
70,
165,
174,
161,
89,
180,
116,
196,
97,
171,
99,
90,
72,
197,
160,
151,
31,
121,
141,
205,
156,
38,
210,
185,
179,
215,
177,
116,
179,
209,
203,
121,
154,
202,
157,
189,
151,
207,
88,
221,
179,
185,
128,
193,
204,
119,
189,
220,
146,
125,
177,
206,
226,
151,
170,
195,
173,
125,
140,
194,
167,
178,
206,
137,
201,
206,
194,
171,
161,
188,
211,
188,
149,
187,
166,
172,
148,
183,
150,
174,
44,
186,
208,
190,
162,
221,
194,
171,
174,
182,
140,
125,
218,
129,
162,
30,
143,
118,
167,
164,
169,
42,
175,
215,
126,
187,
40,
173,
117,
245,
102,
125,
246,
172,
121,
197,
209,
249,
100,
86,
121,
184,
149,
222,
173,
53,
195,
140,
43,
40,
201,
94,
253,
144,
203,
239,
37,
130,
180,
218,
44,
154,
138,
150,
94,
155,
253,
165,
201,
194,
254,
135,
230,
211,
255,
187,
183,
234,
247,
221,
226,
183,
175,
242,
139,
295,
208,
225,
210,
245,
266,
127,
306,
106,
238,
161,
282,
137,
261,
200,
262,
140,
193,
152,
182,
207,
223,
145,
232,
203,
183,
258,
216,
187,
77,
180,
215,
168,
277,
188,
216,
193,
151,
256,
312,
239,
175,
270,
234,
200,
225,
268,
192,
172,
187,
180,
264,
220,
153,
253,
176,
233,
177,
196,
204,
277,
143,
176,
154,
236,
197,
223,
237,
178,
311,
177,
213,
155,
249,
173,
107,
180,
326,
204,
147,
40,
264,
169,
297,
203,
210,
183,
159,
218,
314,
149,
259,
284,
201,
124,
124,
158,
139,
110,
45,
235,
321,
137,
114,
37,
241,
90,
214,
353,
113,
182,
190,
296,
270,
180,
118,
158,
170,
225,
233,
177,
287,
182,
112,
207,
203,
212,
75,
166,
147,
209,
149,
323,
266,
140,
129,
164,
281,
33,
219,
166,
149,
247,
136,
189,
32,
269,
321,
132,
300,
145,
133,
264,
192,
147,
309,
210,
124,
342,
174,
299,
160,
322,
122,
189,
145,
212,
236,
163,
160,
305,
288,
232,
216,
169,
152,
262,
40,
33,
204,
210,
343,
187,
329,
196,
217,
239,
228,
305,
269,
330,
336,
194,
250,
248,
186,
353,
202,
161,
215,
157,
189,
227,
212,
184,
376,
167,
129,
214,
207,
259,
160,
171,
145,
362,
265,
202,
193,
335,
167,
194,
192,
161,
193,
191,
298,
272,
166,
211,
142,
209,
185,
135,
145,
277,
222,
223,
226,
232,
184,
350,
204,
392,
281,
33,
339,
129,
384,
112,
220,
326,
211,
228,
308,
125,
42,
388,
115,
156,
113,
96,
384,
276,
193,
253,
217,
141,
299,
78,
66,
85,
47,
406,
140,
58,
289,
399,
275,
48,
258,
85,
417,
139,
181,
40,
314,
411,
200,
72,
389,
207,
173,
202,
220,
183,
228,
246,
191,
310,
235,
116,
296,
49,
216,
212,
235,
170,
135,
307,
36,
135,
113,
340,
164,
206,
197,
187,
163,
272,
168,
258,
227,
210,
329,
165,
156,
191,
295,
241,
331,
224,
142,
356,
258,
228,
276,
135,
230,
162,
183,
113,
223,
348,
117,
331,
274,
189,
183,
200,
218,
374,
181,
438,
255,
229,
408,
230,
231,
259,
44,
194,
171,
228,
408,
376,
263,
250,
250,
322,
310,
306,
218,
336,
315,
287,
185,
268,
324,
221,
217,
378,
201,
386,
232,
292,
371,
188,
234,
210,
195,
192,
207,
365,
414,
271,
163,
179,
159,
206,
404,
350,
323,
382,
149,
220,
217,
191,
259,
395,
347,
257,
205,
181,
191,
331,
272,
200,
158,
204,
267,
240,
139,
403,
235,
222,
381,
35,
164,
152,
332,
316,
155,
211,
224,
184,
191,
94,
376,
332,
362,
49,
395,
148,
327,
92,
148,
140,
116,
413,
104,
327,
147,
307,
210,
300,
441,
242,
209,
136,
198,
181,
39,
232,
73,
327,
149,
190,
120,
130,
212,
294,
177,
120,
250,
355,
125,
237,
263,
112,
152,
217,
228,
189,
134,
326,
47,
228,
179,
363,
187,
426,
326,
223,
238,
138,
358,
171,
430,
185,
289,
262,
164,
218,
270,
249,
195,
299,
152,
326,
228,
304,
170,
40,
193,
190,
203,
359,
151,
244,
161,
128,
196,
338,
128,
212,
209,
223,
278,
184,
331,
203,
151,
147,
368,
248,
231,
122,
136,
319,
210,
210,
304,
172,
248,
121,
135,
358,
261,
153,
43,
303,
196,
277,
88,
231,
223,
141,
239,
237,
377,
346,
211,
445,
254,
204,
363,
163,
271,
185,
242,
42,
214,
216,
396,
202,
179,
325,
200,
396,
197,
284,
190,
171,
417,
162,
185,
348,
168,
199,
349,
343,
446,
36,
374,
63,
372,
174,
127,
198,
227,
185,
264,
216,
45,
219,
185,
308,
200,
185,
396,
295,
286,
396,
203,
181,
157,
378,
215,
176,
178,
160,
284,
178,
270,
241,
223,
107,
178,
39,
356,
195,
459,
94,
100,
426,
193,
157,
413,
503,
361,
140,
156,
101,
437,
336,
215,
243,
148,
123,
261,
174,
41,
430,
389,
149,
260,
42,
287,
40,
233,
66,
161,
143,
144,
147,
381,
136,
227,
241,
175,
209,
32,
154,
333,
160,
198,
283,
176,
199,
150,
259,
176,
157,
118,
41,
125,
251,
123,
382,
187,
455,
221,
221,
399,
125,
119,
160,
425,
204,
248,
245,
115,
124,
190,
304,
346,
188,
189,
123,
361,
260,
351,
52,
417,
126,
172,
339,
213,
254,
242,
129,
412,
190,
176,
420,
232,
318,
297,
217,
145,
158,
285,
119,
432,
188,
154,
278,
130,
213,
260,
100,
295,
178,
398,
343,
255,
196,
89,
189,
206,
144,
287,
207,
412,
458,
300,
299,
146,
183,
211,
227,
449,
266,
162,
355,
297,
420,
134,
141,
35,
167,
122,
349,
159,
413,
169,
213,
113,
204,
213,
135,
188,
340,
307,
204,
131,
350,
39,
239,
410,
235,
154,
371,
145,
300,
157,
46,
171,
252,
206,
299,
222,
168,
38,
223,
282,
180,
204,
194,
174,
244,
152,
165,
357,
243,
84,
39,
146,
377,
137,
175,
148,
172,
448,
420,
64,
79,
312,
223,
210,
480,
42,
457,
321,
354,
448,
41,
145,
474,
240,
159,
182,
448,
142,
399,
180,
228,
437,
47,
125,
212,
120,
179,
90,
113,
271,
82,
193,
213,
353,
182,
162,
150,
188,
332,
341,
105,
293,
382,
34,
179,
120,
178,
174,
162,
247,
48,
276,
305,
496,
134,
204,
383,
240,
355,
130,
275,
212,
213,
482,
184,
192,
221,
160,
255,
380,
417,
472,
140,
213,
183,
492,
183,
265,
328,
252,
196,
223,
156,
380,
279,
209,
494,
160,
194,
271,
351,
146,
272,
259,
465,
184,
142,
205,
460,
218,
488,
283,
309,
328,
211,
349,
356,
219,
385,
213,
316,
169,
213,
167,
497,
179,
301,
141,
290,
148,
111,
195,
288,
201,
148,
425,
241,
144,
214,
342,
201,
334,
248,
198,
167,
160,
244,
437,
436,
444,
393,
158,
158,
464,
110,
156,
108,
422,
131,
141,
387,
180,
102,
156,
392,
99,
202,
273,
169,
93,
413,
271,
32,
410,
267,
63,
73,
77,
410,
188,
77,
55,
152,
212,
44,
481,
524,
501,
42,
469,
477,
509,
71,
217,
446,
165,
42,
64,
172,
214,
133,
300,
109,
112,
518,
55,
482,
98,
169,
323,
300,
141,
227,
40,
353,
409,
339,
302,
308,
260,
261,
171,
248,
254,
228,
130,
297,
276,
260,
130,
152,
170,
104,
153,
198,
122,
192,
215,
484,
163,
166,
191,
164,
187,
542,
176,
330,
451,
538,
486,
434,
312,
209,
165,
219,
116,
159,
530,
440,
536,
144,
269,
41,
193,
211,
224,
241,
374,
258,
302,
394,
489,
135,
463,
524,
184,
269,
467,
503,
199,
196,
422,
131,
163,
458,
506,
185,
485,
365,
287,
204,
222,
116,
148,
221,
407,
424,
461,
386,
156,
412,
208,
212,
187,
175,
185,
439,
303,
353,
152,
516,
458,
475,
205,
401,
368,
161,
254,
368,
89,
34,
88,
187,
241,
419,
212,
311,
358,
390,
300,
298,
113,
296,
283,
345,
294,
347,
222,
245,
89,
441,
403,
86,
54,
346,
431,
416,
41,
342,
214,
46,
40,
332,
344,
164,
285,
170,
435,
175,
478,
297,
278,
162,
254,
181,
263,
233,
165,
446,
35,
183,
187,
188,
181,
174,
114,
107,
133,
164,
127,
439,
391,
169,
335,
202,
180,
455,
198,
29,
390,
141,
214,
344,
216,
479,
209,
124,
426,
352,
199,
254,
164,
359,
206,
48,
384,
584,
353,
48,
199,
264,
179,
35,
43,
331,
243,
151,
32,
308,
170,
380,
103,
446,
189,
358,
194,
163,
245,
195,
335,
373,
300,
147,
338,
246,
258,
243,
379,
562,
39,
175,
538,
306,
202,
425,
555,
475,
477,
477,
373,
190,
387,
160,
386,
278,
300,
358,
230,
423,
285,
45,
292,
601,
250,
401,
217,
334,
380,
473,
364,
388,
235,
404,
267,
564,
498,
332,
475,
523,
388,
190,
245,
248,
201,
160,
387,
531,
239,
426,
260,
164,
40,
484,
520,
499,
496,
192,
389,
200,
137,
322,
283,
203,
40,
163,
183,
364,
339,
164,
252,
317,
227,
293,
518,
215,
191,
323,
217,
214,
306,
146,
146,
102,
180,
103,
218,
399,
499,
194,
598,
350,
188,
341,
589,
51,
578,
66,
187,
49,
42,
186,
479,
124,
542,
123,
195,
242,
273,
261,
190,
497,
188,
515,
247,
115,
442,
224,
173,
131,
44,
239,
656,
330,
449,
227,
156,
345,
107,
529,
369,
208,
44,
140,
129,
370,
35,
313,
350,
367,
255,
140,
245,
385,
351,
375,
104,
410,
453,
492,
359,
303,
301,
356,
383,
242,
169,
370,
380,
43,
300,
166,
312,
200,
533,
189,
220,
180,
260,
423,
244,
477,
184,
290,
370,
282,
392,
285,
35,
263,
445,
341,
141,
340,
305,
243,
549,
387,
409,
227,
357,
240,
391,
253,
196,
43,
211,
407,
385,
242,
207,
172,
426,
236,
192,
212,
490,
192,
388,
214,
309,
241,
138,
421,
484,
303,
194,
223,
207,
248,
222,
452,
404,
408,
235,
184,
282,
310,
167,
164,
344,
387,
453,
202,
54,
199,
363,
195,
343,
519,
194,
35,
348,
261,
179,
422,
657,
165,
547,
527,
333,
389,
539,
38,
190,
135,
33,
105,
452,
564,
32,
380,
428,
366,
102,
364,
204,
542,
357,
93,
77,
509,
449,
356,
330,
132,
101,
337,
180,
340,
82,
206,
145,
86,
287,
46,
218,
330,
46,
326,
436,
64,
218,
129,
516,
85,
197,
171,
39,
533,
133,
128,
180,
607,
71,
198,
187,
146,
567,
134,
164,
181,
619,
219,
213,
207,
73,
135,
264,
174,
214,
116,
177,
194,
212,
204,
137,
274,
299,
500,
181,
396,
303,
176,
323,
429,
203,
365,
115,
265,
33,
223,
379,
186,
407,
70,
213,
368,
220,
321,
155,
491,
265,
488,
179,
105,
219,
205,
177,
345,
289,
33,
151,
224,
116,
235,
182,
325,
161,
212,
218,
193,
328,
223,
540,
199,
192,
199,
197,
29,
556,
40,
144,
545,
244,
489,
259,
222,
317,
493,
337,
254,
186,
403,
229,
310,
475,
221,
480,
359,
180,
208,
241,
314,
252,
340,
261,
205,
209,
202,
275,
463,
138,
470,
33,
231,
417,
39,
490,
503,
542,
237,
207,
236,
199,
561,
191,
167,
481,
498,
437,
198,
183,
478,
212,
442,
399,
229,
205,
197,
285,
454,
227,
39,
253,
149,
337,
190,
152,
254,
346,
38,
186,
327,
231,
220,
653,
224,
36,
485,
440,
34,
378,
422,
685,
177,
351,
118,
33,
333,
391,
513,
329,
33,
180,
432,
411,
354,
111,
164,
392,
320,
98,
39,
180,
332,
653,
74,
77,
228,
31,
278,
150,
674,
323,
253,
306,
332,
55,
192,
331,
295,
178,
193,
47,
280,
129,
173,
280,
723,
309,
42,
219,
51,
224,
297,
130,
159,
449,
117,
184,
167,
459,
34,
263,
495,
247,
377,
243,
160,
246,
168,
312,
264,
466,
256,
203,
39,
170,
234,
118,
211,
213,
185,
223,
360,
101,
278,
251,
331,
236,
315,
173,
270,
135,
247,
45,
220,
161,
182,
242,
177,
196,
185,
332,
320,
242,
251,
382,
230,
268,
140,
257,
352,
245,
233,
208,
220,
518,
206,
202,
296,
209,
543,
432,
430,
242,
264,
175,
300,
480,
198,
383,
251,
40,
255,
475,
242,
280,
207,
258,
219,
231,
379,
198,
479,
479,
153,
266,
574,
377,
310,
183,
219,
406,
462,
210,
239,
494,
477,
186,
393,
265,
221,
211,
317,
197,
191,
202,
181,
263,
240,
223,
273,
213,
238,
319,
329,
494,
197,
171,
209,
271,
509,
426,
40,
424,
221,
247,
211,
243,
470,
179,
277,
505,
567,
209,
425,
292,
35,
489,
380,
223,
103,
31,
387,
185,
252,
453,
253,
510,
364,
240,
207,
310,
429,
323,
483,
34,
399,
365,
181,
226,
212,
82,
64,
144,
337,
31,
121,
41,
406,
193,
41,
731,
235,
594,
208,
170,
199,
445,
309,
264,
159,
264,
258,
465,
222,
187,
217,
122,
249,
517,
228,
247,
178,
204,
136,
194,
237,
198,
247,
200,
433,
187,
418,
135,
176,
158,
594,
129,
350,
406,
105,
123,
166,
230,
154,
164,
128,
428,
259,
119,
113,
157,
196,
219,
103,
293,
144,
176,
160,
210,
246,
120,
380,
354,
141,
98,
32,
243,
391,
347,
191,
224,
268,
314,
181,
486,
220,
320,
353,
553,
607,
250,
200,
282,
383,
237,
616,
432,
234,
381,
582,
462,
623,
177,
324,
261,
299,
332,
176,
220,
268,
237,
612,
149,
160,
153,
286,
586,
344,
228,
171,
38,
598,
145,
570,
191,
150,
251,
177,
355,
208,
587,
186,
627,
144,
226,
213,
575,
331,
178,
192,
570,
320,
203,
724,
231,
536,
44,
39,
306,
255,
360,
238,
39,
40,
178,
337,
530,
216,
176,
566,
574,
553,
207,
261,
437,
268,
238,
522,
380,
253,
750,
491,
513,
362,
255,
816,
422,
226,
48,
304,
675,
290,
333,
41,
722,
503,
132,
221,
291,
692,
393,
546,
251,
253,
190,
33,
145,
234,
359,
68,
42,
701,
227,
613,
468,
525,
73,
484,
524,
247,
322,
45,
66,
647,
326,
170,
349,
273,
415,
169,
347,
273,
822,
293,
203,
711,
237,
357,
230,
244,
137,
154,
123,
606,
246,
457,
221,
626,
195,
251,
238,
770,
121,
91,
296,
438,
40,
254,
202,
230,
462,
330,
221,
152,
258,
235,
183,
147,
456,
620,
139,
461,
190,
138,
172,
229,
319,
557,
306,
112,
109,
119,
252,
218,
214,
108,
219,
257,
245,
75,
227,
252,
312,
188,
92,
401,
327,
164,
552,
412,
194,
143,
547,
808,
547,
183,
138,
606,
127,
342,
256,
124,
300,
254,
145,
194,
258,
43,
429,
264,
273,
238,
255,
242,
245,
333,
530,
306,
39,
405,
335,
284,
194,
264,
192,
255,
464,
379,
365,
294,
291,
322,
214,
404,
180,
183,
470,
364,
582,
374,
655,
455,
564,
240,
456,
381,
281,
459,
191,
313,
151,
580,
188,
578,
182,
223,
158,
290,
650,
627,
487,
234,
205,
234,
181,
272,
236,
228,
350,
184,
155,
181,
399,
229,
331,
294,
348,
227,
230,
273,
174,
759,
586,
162,
536,
211,
334,
277,
315,
408,
235,
305,
42,
171,
315,
313,
225,
212,
125,
37,
581,
187,
539,
159,
173,
415,
574,
94,
110,
386,
202,
683,
678,
647,
173,
104,
520,
46,
340,
427,
320,
411,
142,
364,
160,
379,
425,
322,
261,
41,
158,
227,
331,
291,
362,
169,
73,
614,
141,
260,
311,
233,
402,
205,
536,
144,
223,
447,
197,
236,
541,
219,
293,
643,
270,
326,
208,
368,
441,
632,
254,
40,
227,
213,
308,
205,
107,
153,
165,
278,
239,
131,
196,
201,
216,
810,
149,
155,
172,
185,
242,
119,
298,
186,
144,
162,
240,
41,
129,
139,
239,
211,
178,
142,
318,
350,
126,
131,
357,
112,
182,
301,
204,
261,
680,
166,
230,
345,
254,
191,
164,
207,
303,
255,
319,
351,
298,
146,
553,
258,
205,
654,
183,
450,
250,
221,
642,
834,
271,
145,
268,
412,
232,
227,
265,
162,
116,
150,
146,
442,
249,
43,
215,
175,
239,
357,
304,
232,
645,
271,
138,
250,
211,
577,
412,
261,
242,
675,
626,
281,
264,
270,
602,
281,
254,
47,
290,
36,
673,
569,
369,
548,
596,
46,
216,
511,
264,
226,
357,
576,
557,
574,
271,
209,
589,
326,
293,
179,
585,
193,
242,
279,
243,
244,
256,
573,
650,
227,
361,
305,
188,
682,
323,
358,
94,
700,
365,
471,
321,
510,
653,
352,
393,
140,
46,
258,
371,
283,
128,
196,
346,
338,
536,
641,
41,
204,
669,
191,
194,
449,
111,
285,
406,
132,
348,
36,
207,
147,
628,
150,
106,
441,
161,
275,
343,
488,
239,
214,
270,
419,
223,
230,
152,
236,
238,
271,
87,
576,
205,
292,
261,
270,
222,
135,
111,
448,
209,
39,
204,
361,
267,
197,
36,
97,
174,
265,
218,
260,
169,
246,
185,
282,
165,
109,
183,
181,
150,
115,
117,
233,
157,
262,
172,
148,
170,
205,
326,
336,
91,
208,
295,
144,
306,
151,
421,
290,
281,
163,
245,
258,
179,
232,
135,
264,
131,
34,
290,
243,
284,
223,
82,
370,
725,
184,
35,
197,
222,
177,
611,
481,
341,
292,
124,
154,
293,
274,
194,
540,
591,
640,
124,
271,
242,
259,
216,
150,
645,
524,
492,
183,
280,
266,
402,
213,
284,
577,
220,
136,
275,
227,
316,
182,
387,
300,
221,
235,
280,
164,
329,
594,
221,
294,
239,
276,
282,
336,
522,
664,
420,
290,
278,
256,
363,
283,
243,
658,
202,
442,
258,
272,
282,
540,
133,
660,
222,
563,
157,
297,
155,
246,
313,
667,
198,
236,
106,
216,
279,
228,
150,
250,
142,
245,
289,
405,
165,
230,
557,
260,
195,
140,
220,
41,
719,
695,
404,
700,
467,
142,
516,
330,
248,
241,
706,
341,
139,
107,
116,
117,
321,
87,
269,
167,
66,
687,
678,
623,
267,
298,
623,
293,
631,
222,
220,
199,
180,
50,
262,
226,
208,
334,
230,
113,
135,
280,
237,
190,
179,
122,
146,
246,
182,
163,
179,
167,
159,
670,
108,
544,
187,
242,
264,
432,
200,
205,
254,
448,
173,
488,
246,
531,
158,
305,
163,
188,
227,
484,
231,
309,
520,
139,
710,
152,
298,
195,
176,
267,
125,
133,
115,
93,
198,
153,
123,
116,
126,
211,
488,
252,
239,
226,
279,
287,
204,
227,
278,
123,
360,
232,
214,
265,
253,
265,
241,
239,
108,
286,
200,
292,
165,
238,
281,
296,
154,
243,
269,
296,
40,
151,
167,
556,
297,
219,
265,
34,
174,
196,
233,
152,
235,
149,
187,
265,
251,
232,
521,
239,
430,
190,
241,
253,
154,
616,
370,
184,
108,
666,
560,
189,
230,
371,
272,
120,
525,
193,
231,
122,
227,
265,
269,
235,
44,
243,
476,
736,
183,
423,
268,
252,
217,
157,
155,
39,
176,
206,
165,
222,
188,
251,
203,
699,
285,
205,
214,
634,
511,
135,
672,
211,
519,
436,
179,
511,
469,
224,
148,
42,
34,
342,
184,
355,
285,
179,
205,
174,
443,
229,
213,
42,
171,
345,
219,
144,
136,
195,
191,
193,
206,
651,
466,
589,
593,
108,
235,
106,
151,
148,
282,
156,
233,
103,
186,
578,
166,
686,
38,
221,
112,
359,
267,
117,
187,
148,
56,
373,
403,
112,
427,
315,
668,
110,
144,
747,
368,
174,
165,
173,
670,
184,
167,
480,
530,
92,
166,
172,
189,
386,
141,
45,
43,
382,
531,
147,
478,
220,
377,
100,
539,
81,
145,
526,
614,
242,
100,
538,
442,
140,
41,
168,
537,
622,
142,
721,
174,
106,
261,
178,
221,
509,
126,
138,
200,
159,
81,
192,
253,
280,
226,
734,
153,
239,
121,
181,
159,
217,
141,
229,
215,
360,
131,
207,
218,
311,
493,
126,
203,
407,
39,
99,
538,
164,
247,
203,
170,
227,
514,
248,
38,
181,
166,
744,
547,
180,
177,
403,
314,
325,
738,
231,
213,
418,
44,
213,
402,
148,
198,
170,
43,
169,
632,
183,
193,
142,
516,
640,
146,
198,
189,
36,
36,
197,
149,
202,
194,
217,
255,
148,
37,
192,
181,
198,
546,
185,
178,
41,
389,
217,
235,
335,
227,
342,
333,
420,
106,
502,
196,
184,
265,
329,
163,
302,
274,
150,
164,
278,
182,
669,
193,
244,
146,
249,
150,
411,
155,
456,
191,
356,
167,
241,
353,
549,
305,
187,
140,
307,
290,
205,
202,
353,
394,
508,
592,
279,
314,
282,
488,
148,
548,
420,
424,
224,
43,
352,
125,
189,
186,
204,
135,
60,
188,
369,
102,
420,
184,
497,
57,
174,
659,
179,
170,
561,
172,
344,
52,
138,
171,
188,
44,
145,
196,
111,
125,
522,
189,
130,
574,
147,
424,
158,
135,
306,
527,
210,
182,
102,
535,
128,
195,
306,
148,
522,
200,
305,
187,
212,
492,
173,
335,
204,
256,
309,
186,
173,
168,
44,
197,
535,
185,
201,
108,
159,
159,
101,
291,
502,
168,
745,
174,
156,
284,
134,
197,
160,
493,
336,
182,
206,
133,
200,
215,
138,
234,
168,
135,
189,
188,
176,
495,
155,
152,
296,
149,
136,
181,
199,
155,
176,
411,
822,
533,
188,
152,
544,
295,
307,
168,
153,
161,
39,
252,
515,
512,
166,
161,
313,
408,
479,
120,
276,
330,
422,
273,
43,
153,
167,
227,
337,
146,
230,
166,
765,
518,
177,
152,
263,
517,
39,
273,
770,
409,
186,
440,
186,
282,
335,
494,
300,
318,
437,
215,
152,
198,
209,
355,
118,
547,
476,
309,
188,
508,
182,
419,
112,
316,
150,
111,
254,
104,
380,
339,
434,
164,
102,
799,
60,
170,
410,
48,
422,
41,
157,
668,
135,
108,
150,
188,
221,
61,
617,
179,
160,
156,
84,
131,
270,
34,
161,
147,
155,
527,
193,
145,
341,
139,
536,
200,
159,
92,
171,
118,
43,
312,
333,
552,
154,
138,
164,
534,
107,
123,
378,
305,
518,
309,
332,
146,
336,
377,
300,
75,
290,
105,
282,
317,
314,
199,
196,
203,
122,
179,
185,
188,
525,
247,
34,
174,
215,
568,
180,
182,
161,
204,
172,
220,
191,
174,
146,
143,
223,
156,
337,
153,
99,
352,
369,
190,
164,
199,
557,
146,
135,
183,
336,
158,
554,
192,
124,
159,
217,
141,
449,
222,
325,
323,
129,
136,
130,
372,
243,
182,
554,
584,
843,
546,
327,
161,
132,
180,
538,
172,
398,
637,
170,
119,
373,
359,
821,
579,
36,
35,
563,
168,
443,
544,
155,
193,
375,
151,
194,
517,
33,
359,
504,
157,
565,
428,
196,
181,
349,
424,
549,
35,
170,
566,
180,
350,
183,
323,
563,
491,
333,
170,
751,
151,
557,
280,
473,
769,
551,
180,
491,
394,
465,
242,
181,
194,
295,
297,
767,
167,
132,
170,
175,
149,
161,
319,
125,
36,
268,
34,
397,
254,
43,
108,
85,
263,
138,
41,
497,
137,
76,
464,
51,
394,
427,
289,
346,
131,
135,
118,
119,
393,
133,
151,
97,
149,
147,
159,
244,
197,
164,
798,
378,
44,
537,
502,
532,
378,
188,
434,
539,
185,
392,
275,
216,
432,
35,
536,
151,
591,
160,
157,
119,
173,
190,
194,
148,
206,
240,
253,
189,
201,
154,
168,
161,
209,
366,
254,
232,
150,
160,
196,
151,
174,
197,
192,
213,
207,
397,
43,
198,
351,
352,
178,
310,
204,
204,
146,
140,
648,
226,
173,
464,
192,
362,
139,
462,
186,
640,
43,
195,
142,
149,
472,
155,
140,
460,
307,
201,
536,
509,
149,
162,
567,
634,
123,
379,
180,
155,
45,
306,
753,
398,
32,
612,
138,
159,
164,
353,
156,
417,
191,
147,
198,
665,
660,
167,
582,
142,
668,
357,
217,
421,
298,
333,
247,
419,
366,
379,
707,
279,
585,
45,
430,
560,
767,
171,
149,
368,
516,
348,
405,
666,
152,
462,
383,
458,
415,
717,
151,
387,
278,
124,
123,
295,
169,
52,
126,
302,
70,
34,
47,
259,
726,
51,
47,
96,
648,
137,
341,
567,
316,
188,
200,
340,
289,
271,
410,
247,
196,
34,
198,
87,
213,
587,
508,
331,
91,
245,
173,
161,
201,
537,
791,
235,
480,
242,
140,
496,
168,
145,
407,
382,
226,
78,
157,
128,
416,
223,
536,
232,
179,
633,
251,
268,
325,
177,
233,
253,
532,
527,
333,
180,
298,
102,
538,
215,
553,
368,
203,
188,
197,
219,
173,
459,
155,
547,
185,
356,
317,
466,
370,
158,
256,
154,
183,
360,
357,
548,
210,
43,
226,
395,
157,
146,
199,
208,
374,
371,
634,
430,
546,
190,
174,
198,
173,
361,
171,
660,
651,
164,
750,
158,
194,
285,
570,
477,
202,
171,
224,
602,
388,
279,
161,
475,
275,
398,
162,
286,
381,
287,
270,
213,
589,
220,
308,
441,
289,
459,
726,
673,
42,
210,
444,
665,
417,
491,
305,
329,
449,
181,
130,
42,
126,
326,
109,
214,
149,
90,
247,
60,
94,
60,
290,
45,
162,
78,
76,
253,
410,
33,
73,
125,
78,
280,
201,
182,
278,
310,
308,
292,
257,
169,
446,
277,
91,
165,
294,
307,
148,
447,
529,
76,
264,
166,
236,
88,
187,
152,
633,
238,
705,
236,
484,
182,
171,
90,
273,
142,
209,
412,
287,
130,
41,
281,
495,
233,
179,
408,
237,
198,
238,
42,
193,
432,
157,
172,
506,
547,
37,
465,
165,
233,
537,
242,
172,
226,
181,
40,
229,
645,
251,
168,
159,
550,
174,
104,
559,
559,
170,
36,
170,
350,
239,
247,
203,
203,
548,
34,
223,
278,
215,
162,
274,
314,
191,
278,
190,
503,
516,
209,
158,
183,
336,
233,
213,
304,
475,
218,
186,
268,
442,
292,
202,
319,
263,
200,
237,
251,
167,
195,
252,
225,
393,
168,
211,
221,
449,
276,
198,
35,
578,
275,
226,
686,
397,
337,
239,
307,
477,
490,
134,
159,
450,
211,
310,
328,
277,
34,
252,
201,
31,
319,
184,
375,
208,
252,
446,
413,
30,
220,
306,
265,
279,
100,
300,
538,
218,
500,
86,
200,
197,
93,
76,
188,
258,
186,
573,
136,
387,
385,
93,
180,
214,
78,
131,
388,
212,
80,
193,
183,
384,
812,
49,
721,
145,
354,
156,
173,
43,
235,
263,
112,
533,
249,
275,
195,
35,
172,
188,
48,
520,
619,
243,
44,
217,
272,
166,
231,
279,
156,
209,
164,
173,
228,
143,
208,
189,
274,
185,
39,
454,
93,
711,
131,
346,
196,
162,
199,
264,
78,
628,
262,
154,
413,
247,
314,
278,
196,
411,
269,
192,
213,
638,
172,
462,
194,
324,
82,
231,
218,
242,
133,
257,
546,
329,
192,
354,
411,
102,
151,
86,
263,
173,
204,
147,
182,
242,
127,
142,
151,
278,
312,
197,
190,
171,
120,
277,
414,
129,
123,
217,
517,
247,
373,
552,
512,
411,
132,
185,
150,
273,
644,
323,
317,
225,
228,
38,
334,
345,
154,
142,
299,
361,
430,
421,
639,
214,
646,
185,
338,
303,
162,
281,
347,
238,
207,
217,
218,
427,
431,
36,
332,
261,
211,
436,
344,
124,
168,
121,
78,
306,
383,
313,
248,
230,
479,
224,
42,
489,
187,
178,
203,
349,
477,
240,
486,
44,
411,
703,
150,
128,
42,
188,
166,
416,
73,
278,
245,
324,
319,
597,
93,
635,
311,
311,
88,
437,
243,
242,
232,
153,
839,
41,
272,
256,
167,
58,
144,
269,
65,
195,
250,
220,
194,
142,
148,
225,
50,
209,
251,
381,
286,
174,
633,
233,
266,
192,
209,
215,
260,
318,
232,
210,
259,
272,
513,
198,
539,
697,
245,
170,
250,
203,
308,
228,
303,
300,
175,
827,
237,
139,
433,
234,
321,
190,
350,
211,
95,
119,
242,
457,
449,
223,
186,
542,
527,
189,
255,
187,
74,
177,
410,
241,
188,
291,
158,
203,
281,
167,
227,
526,
203,
156,
172,
138,
229,
210,
183,
448,
81,
247,
363,
272,
312,
335,
639,
132,
333,
549,
285,
106,
334,
166,
309,
548,
215,
265,
258,
281,
379,
107,
325,
224,
222,
250,
344,
740,
269,
298,
639,
190,
385,
172,
547,
145,
185,
288,
345,
257,
279,
327,
340,
576,
197,
127,
190,
263,
800,
245,
250,
171,
148,
791,
217,
344,
274,
573,
281,
559,
247,
492,
798,
291,
172,
303,
792,
246,
217,
729,
262,
181,
207,
199,
65,
260,
269,
146,
830,
314,
259,
247,
240,
327,
72,
730,
779,
204,
730,
110,
72,
50,
91,
512,
49,
295,
63,
208,
510,
198,
441,
59,
852,
291,
54,
189,
888,
283,
322,
71,
185,
42,
685,
158,
423,
192,
197,
234,
198,
56,
314,
347,
143,
190,
330,
248,
147,
191,
339,
205,
509,
93,
266,
239,
184,
185,
531,
217,
213,
539,
82,
628,
240,
109,
199,
201,
243,
301,
511,
54,
545,
223,
695,
124,
815,
891,
211,
260,
172,
234,
230,
242,
297,
632,
206,
230,
48,
213,
553,
211,
807,
118,
329,
730,
319,
159,
346,
42,
233,
716,
209,
158,
728,
152,
370,
263,
238,
195,
207,
217,
584,
186,
152,
221,
230,
105,
349,
109,
178,
86,
140,
352,
320,
153,
258,
204,
193,
542,
229,
114,
121,
299,
325,
176,
229,
150,
541,
311,
166,
138,
196,
220,
337,
139,
324,
165,
202,
239,
149,
157,
187,
142,
123,
140,
211,
656,
229,
822,
170,
162,
359,
175,
174,
545,
209,
563,
254,
342,
312,
160,
216,
330,
184,
548,
210,
194,
264,
842,
159,
151,
146,
191,
33,
45,
262,
567,
175,
580,
284,
251,
657,
452,
835,
97,
94,
794,
226,
38,
208,
313,
623,
258,
32,
243,
340,
313,
227,
274,
75,
366,
254,
285,
272,
353,
217,
41,
66,
273,
176,
583,
197,
234,
328,
265,
993,
723,
749,
106,
66,
204,
175,
87,
743,
274,
89,
333,
861,
422,
74,
53,
689,
193,
282,
530,
344,
406,
193,
191,
161,
1002,
447,
130,
509,
866,
184,
388,
634,
345,
233,
167,
213,
246,
146,
220,
186,
407,
268,
40,
219,
157,
700,
700,
174,
142,
205,
804,
309,
146,
192,
148,
377,
191,
122,
349,
805,
205,
316,
326,
201,
249,
231,
154,
139,
798,
176,
159,
199,
305,
633,
630,
343,
601,
321,
254,
246,
185,
554,
233,
99,
550,
222,
111,
179,
285,
552,
129,
174,
299,
187,
226,
143,
208,
180,
195,
152,
635,
251,
179,
355,
236,
636,
352,
143,
240,
320,
406,
201,
366,
202,
178,
207,
185,
561,
221,
271,
129,
175,
138,
186,
104,
140,
168,
154,
229,
211,
144,
208,
278,
150,
198,
205,
149,
215,
352,
223,
107,
815,
308,
171,
519,
45,
216,
324,
662,
121,
468,
245,
147,
159,
412,
310,
226,
245,
243,
308,
244,
343,
668,
841,
348,
120,
135,
568,
323,
238,
33,
275,
391,
578,
723,
136,
191,
107,
274,
138,
111,
577,
355,
220,
183,
568,
165,
262,
273,
323,
181,
269,
594,
65,
537,
290,
339,
378,
195,
337,
140,
589,
320,
328,
401,
392,
311,
307,
468,
103,
266,
322,
414,
89,
313,
302,
298,
834,
51,
248,
91,
791,
115,
67,
347,
526,
91,
182,
229,
1108,
248,
195,
279,
163,
212,
244,
147,
42,
925,
624,
129,
373,
201,
873,
202,
192,
140,
322,
178,
186,
494,
799,
611,
45,
149,
306,
295,
181,
196,
329,
170,
319,
154,
188,
363,
321,
119,
256,
164,
298,
999,
251,
196,
103,
317,
238,
247,
302,
137,
297,
196,
209,
46,
83,
219,
305,
135,
132,
224,
209,
140,
148,
159,
187,
641,
223,
208,
248,
34,
113,
176,
47,
303,
179,
326,
635,
733,
191,
168,
155,
288,
631,
195,
237,
443,
407,
185,
240,
318,
153,
824,
161,
139,
189,
417,
249,
207,
199,
347,
164,
204,
275,
197,
105,
170,
394,
296,
412,
185,
170,
151,
141,
131,
644,
166,
156,
641,
259,
644,
338,
230,
181,
351,
203,
152,
249,
834,
347,
846,
285,
243,
443,
198,
244,
72,
173,
83,
164,
396,
199,
159,
154,
145,
180,
677,
863,
277,
40,
290,
263,
870,
464,
104,
701,
344,
182,
551,
79,
472,
584,
373,
444,
396,
281,
775,
1100,
267,
330,
983,
373,
418,
193,
607,
933,
302,
38,
291,
706,
366,
512,
296,
142,
341,
616,
432,
185,
819,
226,
208,
42,
183,
831,
369,
256,
168,
202,
180,
693,
311,
177,
123,
904,
181,
511,
154,
628,
130,
377,
428,
186,
859,
152,
203,
43,
190,
257,
230,
696,
178,
141,
175,
333,
274,
165,
212,
190,
432,
332,
223,
211,
218,
226,
305,
368,
290,
119,
198,
888,
178,
166,
122,
299,
150,
637,
219,
39,
158,
235,
218,
194,
140,
190,
195,
151,
208,
176,
151,
158,
161,
314,
394,
38,
189,
270,
269,
323,
646,
179,
219,
304,
406,
185,
455,
196,
501,
565,
324,
290,
202,
225,
660,
745,
878,
328,
235,
238,
150,
164,
176,
227,
195,
350,
661,
266,
396,
329,
659,
836,
191,
191,
317,
146,
347,
348,
601,
468,
599,
823,
182,
192,
221,
667,
212,
172,
181,
672,
226,
356,
882,
40,
39,
805,
809,
175,
105,
214,
35,
271,
798,
207,
276,
667,
345,
809,
800,
41,
273,
776,
1080,
457,
1085,
470,
652,
335,
937,
801,
77,
807,
285,
268,
669,
386,
83,
851,
356,
165,
566,
397,
316,
109,
626,
744,
248,
279,
594,
351,
176,
427,
557,
48,
273,
277,
868,
84,
139,
261,
591,
615,
986,
62,
149,
457,
394,
370,
1019,
139,
46,
171,
326,
493,
44,
943,
149,
90,
238,
119,
414,
437,
272,
230,
223,
40,
429,
592,
215,
39,
705,
184,
582,
355,
304,
153,
986,
244,
308,
353,
251,
170,
184,
229,
128,
211,
263,
42,
230,
591,
244,
246,
186,
959,
438,
419,
893,
210,
240,
712,
237,
192,
204,
309,
986,
217,
709,
290,
245,
295,
178,
215,
186,
200,
134,
233,
437,
387,
38,
291,
244,
162,
210,
633,
185,
247,
391,
188,
324,
523,
637,
259,
410,
262,
148,
195,
397,
689,
233,
389,
202,
275,
775,
149,
183,
180,
194,
319,
243,
317,
241,
221,
774,
194,
225,
170,
206,
769,
426,
192,
216,
201,
195,
195,
89,
768,
134,
182,
218,
192,
143,
457,
348,
160,
989,
151,
318,
345,
208,
155,
159,
242,
175,
525,
398,
206,
315,
740,
152,
324,
490,
716,
235,
207,
185,
429,
333,
551,
331,
185,
654,
201,
664,
448,
484,
320,
354,
150,
348,
756,
295,
612,
384,
970,
316,
220,
332,
305,
432,
165,
385,
671,
320,
366,
346,
491,
44,
613,
305,
363,
357,
277,
767,
104,
235,
216,
388,
34,
89,
765,
74,
319,
175,
87,
399,
706,
186,
394,
253,
311,
863,
250,
827,
169,
712,
199,
313,
419,
104,
691,
298,
129,
97,
212,
605,
503,
633,
193,
179,
718,
52,
264,
152,
832,
289,
193,
519,
312,
374,
189,
440,
839,
38,
133,
188,
307,
199,
700,
271,
298,
440,
228,
293,
59,
183,
454,
151,
237,
246,
234,
200,
627,
132,
392,
647,
388,
229,
130,
218,
202,
232,
200,
579,
228,
263,
39,
230,
722,
172,
312,
217,
223,
231,
351,
468,
238,
180,
181,
244,
186,
381,
457,
138,
98,
280,
208,
207,
204,
203,
223,
258,
284,
210,
301,
805,
194,
213,
257,
711,
228,
222,
312,
188,
436,
246,
183,
249,
635,
290,
191,
244,
201,
205,
348,
390,
169,
385,
238,
213,
161,
355,
320,
209,
285,
315,
315,
138,
299,
158,
155,
400,
176,
112,
813,
196,
315,
213,
240,
345,
197,
343,
212,
181,
426,
307,
217,
313,
348,
189,
257,
43,
782,
328,
186,
210,
323,
748,
275,
253,
249,
215,
166,
243,
34,
208,
295,
194,
730,
222,
315,
321,
660,
223,
371,
333,
215,
222,
326,
245,
185,
161,
38,
248,
209,
294,
195,
783,
176,
558,
189,
183,
181,
749,
168,
46,
190,
760,
661,
259,
263,
152,
583,
219,
462,
174,
256,
876,
222,
871,
314,
243,
585,
307,
481,
229,
286,
873,
127,
853,
32,
307,
98,
831,
199,
284,
254,
471,
224,
250,
343,
450,
108,
273,
402,
199,
150,
317,
440,
228,
35,
361,
273,
96,
210,
87,
808,
219,
524,
270,
204,
64,
58,
243,
590,
44,
203,
317,
156,
229,
307,
523,
226,
333,
183,
223,
169,
43,
528,
318,
239,
156,
216,
160,
433,
202,
352,
155,
260,
265,
189,
309,
204,
360,
244,
627,
231,
236,
214,
211,
196,
313,
208,
626,
339,
166,
218,
127,
180,
345,
289,
261,
140,
303,
230,
220,
612,
138,
288,
247,
243,
211,
209,
339,
228,
124,
135,
135,
546,
213,
370,
288,
269,
207,
229,
204,
728,
134,
171,
187,
713,
723,
243,
260,
228,
257,
195,
639,
152,
291,
234,
131,
127,
155,
220,
176,
277,
177,
730,
176,
727,
817,
310,
221,
208,
213,
192,
145,
292,
241,
177,
228,
145,
202,
197,
255,
295,
256,
189,
289,
193,
284,
190,
285,
47,
735,
197,
199,
182,
239,
201,
204,
728,
261,
268,
324,
180,
166,
273,
237,
287,
397,
839,
197,
235,
143,
241,
163,
206,
265,
177,
184,
251,
283,
215,
202,
275,
170,
144,
168,
189,
267,
301,
273,
284,
159,
145,
206,
315,
295,
346,
254,
337,
212,
654,
240,
40,
260,
286,
278,
362,
192,
174,
363,
318,
221,
140,
286,
838,
391,
40,
395,
347,
192,
324,
122,
236,
158,
821,
208,
39,
199,
268,
196,
823,
391,
245,
82,
240,
596,
74,
81,
119,
223,
80,
319,
523,
192,
183,
57,
168,
201,
31,
194,
265,
290,
789,
716,
163,
270,
197,
158,
349,
193,
208,
302,
172,
204,
231,
252,
218,
267,
217,
705,
248,
221,
184,
154,
225,
170,
628,
168,
195,
191,
176,
235,
201,
333,
181,
247,
212,
212,
543,
132,
135,
230,
191,
238,
202,
247,
156,
193,
309,
217,
249,
214,
175,
298,
808,
266,
281,
236,
143,
148,
367,
173,
635,
158,
722,
150,
195,
634,
633,
149,
155,
299,
802,
212,
639,
194,
218,
199,
344,
142,
166,
214,
638,
727,
86,
212,
192,
165,
170,
195,
304,
137,
183,
193,
165,
174,
106,
309,
222,
152,
188,
215,
149,
278,
205,
653,
172,
298,
149,
147,
289,
247,
219,
308,
376,
172,
213,
190,
212,
148,
348,
172,
157,
647,
207,
303,
164,
142,
180,
379,
728,
330,
244,
168,
219,
880,
276,
174,
189,
202,
317,
165,
210,
42,
210,
194,
237,
190,
296,
190,
172,
246,
727,
463,
189,
287,
167,
308,
243,
317,
765,
574,
329,
343,
207,
223,
887,
145,
583,
215,
331,
115,
179,
199,
314,
191,
100,
40,
374,
202,
341,
140,
292,
198,
165,
90,
888,
55,
394,
144,
41,
518,
323,
142,
323,
617,
220,
224,
223,
44,
203,
523,
319,
236,
193,
185,
373,
412,
169,
202,
186,
205,
212,
238,
202,
160,
208,
266,
41,
175,
319,
128,
334,
192,
630,
176,
224,
154,
139,
211,
166,
133,
804,
319,
90,
219,
636,
185,
624,
231,
76,
139,
178,
37,
157,
182,
38,
713,
151,
74,
229,
159,
181,
190,
157,
229,
253,
45,
356,
633,
196,
192,
304,
261,
178,
817,
195,
133,
172,
141,
258,
227,
353,
167,
142,
209,
153,
241,
200,
228,
206,
338,
153,
373,
167,
250,
43,
641,
196,
445,
160,
36,
182,
162,
209,
219,
171,
207,
206,
204,
429,
178,
240,
152,
149,
157,
163,
118,
320,
169,
354,
329,
187,
204,
196,
130,
139,
355,
163,
714,
348,
205,
131,
141,
98,
169,
195,
179,
37,
155,
199,
650,
141,
162,
336,
296,
131,
741,
219,
724,
565,
193,
157,
155,
572,
288,
660,
360,
204,
379,
231,
170,
205,
93,
154,
173,
182,
366,
308,
366,
254,
322,
336,
574,
139,
254,
582,
316,
173,
235,
573,
259,
300,
810,
731,
305,
113,
32,
799,
241,
124,
132,
783,
913,
641,
102,
42,
294,
162,
232,
302,
278,
136,
581,
252,
167,
182,
132,
313,
902,
263,
679,
697,
264,
75,
164,
166,
328,
368,
517,
254,
926,
140,
363,
157,
518,
228,
229,
371,
47,
160,
619,
219,
199,
243,
150,
217,
123,
178,
279,
43,
175,
177,
167,
173,
275,
218,
149,
139,
36,
712,
632,
948,
129,
196,
183,
264,
188,
177,
251,
322,
172,
261,
203,
306,
105,
140,
286,
224,
795,
165,
89,
370,
184,
384,
345,
197,
317,
806,
230,
610,
207,
181,
185,
119,
175,
550,
637,
171,
159,
153,
190,
168,
165,
161,
641,
202,
176,
42,
157,
128,
187,
357,
344,
320,
710,
223,
158,
143,
192,
200,
143,
40,
150,
236,
141,
168,
178,
169,
356,
142,
147,
140,
144,
305,
158,
422,
123,
289,
655,
204,
136,
294,
159,
135,
127,
290,
335,
140,
166,
164,
289,
334,
338,
562,
149,
568,
177,
129,
297,
158,
324,
335,
213,
655,
135,
578,
333,
342,
140,
334,
363,
295,
113,
743,
181,
357,
299,
281,
757,
140,
223,
184,
297,
245,
176,
134,
207,
384,
587,
164,
33,
111,
385,
492,
197,
271,
248,
180,
138,
113,
659,
266,
399,
246,
552,
299,
806,
605,
405,
295,
304,
983,
272,
971,
291,
248,
122,
589,
257,
277,
592,
152,
273,
151,
589,
262,
72,
421,
88,
255,
176,
687,
286,
541,
394,
230,
52,
202,
76,
84,
347,
192,
176,
62,
341,
143,
105,
170,
93,
701,
271,
283,
204,
37,
201,
313,
64,
626,
353,
183,
278,
148,
278,
165,
143,
151,
193,
39,
175,
331,
153,
142,
254,
284,
205,
191,
178,
141,
198,
603,
636,
144,
153,
147,
83,
184,
248,
118,
43,
149,
116,
181,
170,
653,
235,
250,
190,
145,
143,
116,
165,
121,
132,
100,
260,
182,
96,
720,
447,
177,
253,
221,
176,
149,
176,
141,
146,
125,
161,
167,
223,
128,
145,
205,
161,
172,
134,
646,
406,
142,
257,
109,
288,
221,
380,
640,
178,
215,
397,
272,
365,
192,
462,
266,
276,
180,
320,
124,
281,
742,
203,
748,
474,
276,
216,
209,
382,
266,
163,
170,
570,
350,
152,
177,
454,
291,
142,
139,
359,
30,
175,
320,
210,
180,
168,
148,
331,
293,
174,
485,
230,
214,
85,
126,
301,
398,
442,
285,
153,
261,
263,
271,
207,
87,
319,
277,
178,
151,
276,
177,
88,
114,
189,
602,
227,
44,
545,
44,
592,
383,
210,
273,
379,
74,
269,
194,
373,
152,
178,
422,
280,
156,
1077,
47,
428,
349,
67,
397,
1044,
401,
40,
79,
48,
187,
154,
166,
380,
142,
386,
285,
427,
157,
713,
58,
189,
174,
155,
192,
207,
43,
252,
167,
167,
58,
250,
138,
244,
166,
219,
150,
196,
117,
57,
210,
171,
92,
238,
247,
74,
193,
120,
209,
171,
235,
41,
112,
254,
238,
169,
140,
360,
228,
252,
142,
724,
169,
159,
39,
208,
252,
187,
103,
181,
160,
181,
193,
209,
138,
208,
667,
222,
158,
378,
122,
159,
154,
127,
192,
260,
206,
167,
147,
139,
150,
351,
202,
361,
725,
169,
173,
166,
206,
131,
655,
155,
262,
117,
540,
169,
159,
652,
106,
133,
151,
157,
177,
537,
407,
656,
190,
153,
289,
183,
40,
233,
105,
132,
288,
285,
468,
153,
165,
200,
484,
191,
282,
168,
655,
745,
162,
173,
312,
203,
39,
262,
122,
156,
178,
118,
198,
290,
357,
236,
169,
117,
336,
242,
658,
161,
153,
325,
226,
114,
218,
303,
191,
159,
162,
212,
347,
36,
229,
90,
217,
213,
799,
86,
178,
318,
654,
102,
130,
324,
309,
263,
150,
310,
597,
503,
139,
603,
795,
108,
432,
111,
316,
199,
309,
122,
390,
396,
215,
338,
180,
200,
111,
239,
215,
165,
163,
356,
85,
301,
320,
281,
349,
168,
39,
179,
147,
440,
205,
142,
217,
717,
213,
257,
183,
171,
200,
632,
194,
204,
625,
159,
208,
191,
300,
217,
180,
702,
185,
226,
166,
206,
290,
314,
148,
152,
161,
188,
137,
39,
34,
150,
224,
222,
113,
527,
298,
248,
235,
290,
242,
123,
356,
190,
190,
181,
45,
205,
201,
199,
191,
351,
257,
139,
37,
146,
173,
244,
95,
150,
111,
43,
168,
181,
224,
221,
205,
273,
155,
139,
375,
37,
194,
141,
95,
105,
175,
229,
213,
167,
653,
188,
159,
131,
228,
333,
736,
256,
147,
174,
156,
745,
145,
319,
40,
116,
143,
362,
35,
371,
121,
275,
262,
324,
109,
159,
211,
195,
167,
226,
192,
128,
667,
173,
145,
225,
143,
471,
311,
184,
496,
740,
152,
169,
285,
379,
181,
168,
203,
580,
305,
130,
582,
341,
668,
620,
666,
425,
202,
331,
127,
306,
31,
352,
785,
113,
149,
590,
216,
274,
201,
171,
327,
197,
303,
156,
308,
226,
217,
233,
127,
358,
201,
120,
221,
73,
262,
390,
116,
198,
360,
305,
287,
292,
250,
292,
247,
545,
98,
285,
117,
234,
83,
211,
295,
577,
77,
232,
509,
73,
418,
54,
320,
174,
330,
266,
214,
180,
192,
255,
172,
235,
194,
149,
136,
1190,
180,
264,
359,
169,
139,
208,
196,
205,
183,
711,
219,
207,
169,
155,
223,
244,
275,
242,
166,
238,
171,
197,
284,
232,
139,
152,
136,
800,
234,
255,
209,
188,
222,
185,
140,
136,
637,
372,
236,
134,
144,
110,
337,
198,
204,
212,
151,
163,
162,
131,
103,
182,
205,
150,
721,
642,
217,
173,
307,
203,
198,
111,
161,
99,
145,
310,
280,
215,
173,
364,
214,
113,
734,
203,
344,
141,
652,
209,
192,
161,
133,
282,
214,
303,
256,
375,
128,
223,
175,
211,
554,
186,
118,
558,
92,
174,
647,
209,
133,
192,
142,
42,
228,
156,
137,
119,
188,
121,
110,
233,
220,
165,
274,
566,
182,
151,
110,
182,
146,
186,
194,
136,
204,
132,
568,
402,
197,
653,
479,
182,
205,
126,
298,
40,
43,
242,
417,
466,
462,
209,
353,
198,
666,
124,
133,
398,
138,
584,
370,
156,
181,
244,
133,
36,
347,
181,
171,
85,
275,
222,
159,
327,
301,
80,
136,
296,
148,
272,
163,
595,
1207,
41,
237,
191,
41,
152,
139,
939,
402,
30,
251,
109,
265,
597,
328,
38,
69,
250,
133,
192,
283,
320,
67,
431,
164,
795,
163,
48,
181,
183,
145,
330,
167,
201,
160,
790,
144,
424,
151,
134,
220,
194,
204,
351,
147,
188,
162,
128,
38,
226,
201,
129,
133,
200,
222,
44,
219,
216,
207,
174,
171,
166,
196,
196,
174,
44,
179,
115,
246,
42,
160,
341,
189,
76,
183,
156,
167,
41,
123,
249,
634,
200,
141,
286,
242,
117,
41,
105,
105,
259,
722,
171,
187,
112,
219,
185,
730,
163,
44,
201,
200,
201,
132,
728,
175,
182,
319,
378,
199,
152,
128,
129,
161,
187,
136,
464,
179,
723,
187,
264,
148,
178,
916,
179,
183,
140,
654,
244,
153,
152,
306,
473,
170,
635,
194,
182,
187,
152,
127,
296,
183,
906,
162,
171,
43,
210,
199,
657,
171,
372,
163,
835,
153,
213,
141,
129,
146,
741,
571,
154,
274,
569,
133,
41,
149,
182,
181,
300,
272,
581,
575,
44,
333,
32,
320,
298,
205,
279,
328,
502,
208,
306,
498,
177,
227,
442,
111,
167,
202,
201,
281,
328,
394,
279,
865,
436,
125,
301,
49,
270,
107,
382,
89,
477,
278,
381,
177,
287,
275,
210,
407,
242,
189,
217,
234,
337,
169,
520,
991,
207,
307,
89,
205,
337,
87,
955,
185,
179,
53,
223,
316,
45,
206,
260,
169,
51,
191,
159,
215,
127,
197,
168,
333,
157,
190,
191,
186,
43,
71,
803,
149,
624,
146,
197,
208,
160,
416,
153,
223,
175,
146,
196,
624,
220,
208,
174,
149,
204,
224,
140,
211,
158,
227,
179,
182,
625,
192,
214,
142,
262,
190,
177,
313,
192,
183,
116,
187,
226,
193,
336,
163,
815,
36,
195,
111,
159,
130,
145,
242,
194,
175,
201,
194,
265,
163,
208,
186,
156,
723,
222,
277,
314,
181,
187,
116,
217,
92,
134,
207,
189,
648,
165,
107,
144,
128,
117,
292,
316,
123,
41,
213,
241,
182,
139,
203,
197,
1003,
652,
146,
170,
913,
472,
154,
184,
200,
184,
42,
143,
286,
144,
739,
892,
377,
270,
855,
915,
202,
290,
151,
927,
735,
662,
749,
157,
454,
154,
703,
755,
207,
196,
249,
662,
148,
175,
210,
132,
343,
653,
567,
317,
659,
253,
308,
190,
218,
313,
171,
290,
44,
299,
125,
661,
234,
845,
153,
241,
383,
390,
289,
403,
668,
76,
175,
165,
158,
222,
117,
1386,
475,
240,
43,
296,
1341,
103,
1340,
295,
202,
111,
397,
515,
51,
559,
67,
712,
595,
194,
50,
100,
438,
571,
212,
83,
46,
149,
484,
248,
433,
45,
711,
179,
190,
208,
160,
985,
241,
202,
181,
344,
278,
41,
800,
228,
487,
236,
179,
216,
628,
171,
162,
542,
241,
706,
145,
187,
194,
143,
118,
195,
625,
338,
158,
628,
183,
531,
206,
254,
169,
214,
653,
188,
186,
418,
336,
197,
220,
249,
248,
42,
806,
261,
195,
222,
250,
124,
166,
138,
175,
152,
180,
630,
153,
170,
189,
627,
148,
170,
227,
192,
420,
163,
176,
436,
209,
205,
207,
185,
176,
738,
187,
178,
821,
200,
128,
231,
179,
357,
318,
650,
175,
132,
192,
163,
202,
211,
207,
142,
460,
492,
149,
172,
170,
31,
262,
370,
171,
212,
261,
331,
153,
460,
242,
251,
630,
186,
373,
208,
329,
459,
227,
468,
360,
658,
169,
230,
494,
365,
285,
155,
155,
318,
430,
168,
34,
343,
398,
173,
242,
568,
171,
238,
321,
278,
193,
831,
306,
154,
179,
303,
931,
319,
922,
227,
888,
194,
706,
297,
573,
122,
901,
175,
159,
171,
268,
30,
782,
104,
126,
240,
357,
236,
221,
115,
220,
191,
283,
72,
1371,
863,
589,
853,
525,
185,
37,
1090,
115,
541,
63,
1322,
202,
96,
1295,
133,
243,
1290,
248,
208,
70,
542,
64,
577,
304,
209,
253,
139,
200,
1246,
51,
191,
365,
715,
217,
140,
174,
162,
35,
624,
627,
138,
702,
626,
142,
187,
178,
216,
717,
179,
198,
207,
208,
235,
167,
711,
229,
217,
618,
203,
226,
436,
150,
446,
172,
203,
210,
639,
194,
158,
444,
252,
190,
179,
636,
201,
151,
133,
150,
157,
628,
186,
765,
38,
216,
122,
178,
183,
223,
202,
707,
266,
205,
227,
506,
261,
219,
39,
306,
267,
225,
377,
438,
133,
179,
166,
208,
125,
206,
259,
225,
152,
32,
138,
144,
258,
223,
193,
205,
178,
145,
197,
268,
146,
213,
134,
175,
199,
207,
231,
165,
735,
206,
390,
174,
821,
195,
184,
141,
328,
205,
189,
857,
360,
299,
208,
160,
197,
662,
251,
370,
291,
199,
907,
482,
266,
200,
144,
240,
190,
281,
49,
287,
569,
572,
351,
177,
200,
226,
277,
225,
362,
231,
324,
282,
278,
491,
182,
176,
282,
305,
318,
146,
304,
41,
177,
35,
1207,
44,
1186,
260,
195,
213,
476,
667,
115,
150,
232,
120,
279,
420,
32,
126,
386,
195,
1184,
83,
1152,
142,
85,
166,
761,
172,
188,
332,
165,
102,
674,
93,
496,
102,
145,
87,
43,
77,
999,
48,
124,
700,
516,
45,
91,
59,
235,
46,
778,
707,
285,
191,
332,
202,
705,
478,
611,
214,
515,
200,
197,
170,
442,
251,
520,
139,
250,
911,
283,
222,
504,
32,
272,
209,
243,
190,
197,
215,
287,
716,
145,
202,
199,
214,
229,
236,
205,
168,
210,
156,
302,
177,
179,
151,
146,
344,
327,
182,
224,
272,
187,
91,
715,
207,
219,
246,
127,
271,
107,
196,
39,
629,
204,
635,
638,
206,
110,
277,
631,
33,
169,
551,
167,
120,
158,
141,
190,
336,
333,
121,
133,
128,
200,
182,
300,
219,
197,
184,
301,
277,
141,
204,
204,
237,
135,
207,
144,
199,
43,
215,
153,
146,
157,
143,
169,
645,
232,
178,
191,
176,
333,
139,
183,
913,
312,
165,
257,
136,
145,
178,
299,
123,
117,
234,
150,
169,
283,
191,
140,
202,
325,
330,
139,
156,
214,
648,
312,
211,
179,
352,
152,
272,
751,
312,
847,
188,
261,
697,
329,
157,
837,
262,
233,
571,
184,
35,
39,
295,
48,
316,
117,
30,
281,
293,
579,
294,
197,
168,
310,
181,
298,
143,
303,
303,
43,
117,
210,
668,
302,
150,
514,
610,
361,
79,
41,
178,
335,
346,
261,
946,
94,
517,
43,
125,
252,
953,
235,
239,
685,
112,
100,
661,
516,
181,
107,
668,
95,
1023,
39,
515,
147,
522,
131,
300,
1061,
73,
537,
131,
582,
211,
360,
63,
200,
316,
555,
330,
159,
305,
523,
243,
445,
224,
621,
41,
217,
716,
519,
515,
619,
210,
616,
268,
191,
254,
219,
191,
154,
157,
159,
191,
229,
179,
190,
526,
197,
158,
226,
161,
494,
185,
141,
245,
520,
167,
632,
253,
164,
332,
171,
164,
154,
184,
148,
148,
534,
162,
148,
169,
245,
156,
161,
105,
199,
249,
133,
347,
553,
201,
128,
553,
265,
182,
404,
316,
265,
630,
147,
188,
269,
173,
388,
161,
259,
119,
130,
188,
129,
160,
127,
198,
159,
292,
163,
210,
306,
305,
162,
146,
208,
150,
233,
248,
229,
172,
729,
228,
133,
371,
209,
170,
172,
284,
152,
299,
171,
114,
277,
155,
345,
127,
335,
211,
286,
200,
209,
282,
342,
291,
355,
754,
156,
370,
153,
193,
216,
162,
366,
183,
203,
181,
341,
305,
314,
211,
356,
141,
271,
186,
269,
276,
214,
136,
288,
300,
356,
313,
325,
220,
215,
34,
301,
269,
590,
578,
200,
268,
119,
178,
354,
159,
36,
66,
327,
214,
92,
232,
1043,
242,
247,
143,
500,
194,
67,
545,
1045,
262,
146,
123,
293,
521,
45,
529,
151,
66,
612,
515,
133,
58,
803,
606,
200,
521,
198,
47,
232,
215,
799,
1047,
217,
866,
595,
184,
175,
587,
370,
188,
234,
139,
624,
845,
204,
298,
334,
177,
236,
230,
170,
615,
201,
180,
183,
191,
209,
256,
169,
167,
230,
99,
282,
840,
155,
175,
243,
83,
194,
205,
247,
542,
100,
175,
313,
140,
208,
371,
103,
34,
142,
156,
725,
221,
622,
220,
160,
153,
207,
203,
118,
157,
257,
169,
137,
331,
167,
194,
192,
242,
135,
193,
120,
198,
158,
154,
322,
643,
171,
169,
110,
156,
129,
165,
220,
353,
138,
179,
371,
267,
192,
203,
198,
362,
132,
651,
179,
643,
148,
175,
158,
200,
143,
198,
193,
303,
176,
180,
230,
159,
119,
255,
211,
282,
192,
196,
131,
171,
204,
270,
145,
181,
118,
266,
143,
250,
656,
241,
191,
215,
749,
190,
165,
209,
154,
159,
573,
277,
122,
376,
638,
258,
391,
278,
400,
277,
583,
170,
301,
376,
325,
340,
225,
45,
571,
304,
276,
388,
354,
265,
291,
222,
173,
275,
323,
87,
295,
253,
77,
257,
214,
182,
310,
167,
295,
302,
250,
169,
210,
247,
264,
186,
31,
285,
232,
254,
178,
263,
253,
165,
898,
271,
226,
172,
228,
257,
109,
254,
152,
83,
881,
98,
155,
74,
535,
78,
92,
154,
516,
46,
148,
66,
854,
526,
33,
162,
188,
182,
825,
181,
123,
781,
187,
195,
137,
68,
629,
183,
33,
262,
746,
617,
888,
601,
163,
149,
604,
207,
245,
192,
177,
540,
612,
148,
266,
235,
141,
243,
148,
214,
633,
179,
123,
225,
210,
169,
152,
148,
899,
145,
99,
317,
145,
108,
143,
155,
137,
625,
194,
189,
635,
297,
36,
894,
180,
254,
619,
887,
148,
205,
312,
155,
202,
40,
146,
542,
172,
279,
138,
201,
199,
291,
184,
40,
326,
160,
190,
177,
174,
142,
200,
305,
181,
304,
227,
158,
301,
654,
148,
198,
152,
335,
187,
117,
247,
173,
316,
180,
412,
262,
649,
170,
277,
167,
201,
341,
204,
158,
193,
35,
191,
264,
211,
133,
267,
377,
129,
165,
158,
231,
138,
118,
122,
275,
132,
256,
177,
161,
141,
139,
188,
213,
273,
183,
39,
146,
128,
167,
174,
253,
121,
176,
188,
180,
227,
180,
229,
183,
276,
174,
289,
222,
166,
237,
165,
206,
201,
186,
181,
237,
194,
197,
254,
218,
258,
189,
191,
411,
161,
290,
392,
204,
187,
41,
221,
281,
397,
571,
297,
192,
243,
109,
298,
780,
254,
199,
794,
273,
211,
66,
172,
793,
182,
254,
121,
42,
521,
64,
41,
413,
789,
519,
201,
227,
203,
199,
167,
297,
219,
185,
533,
173,
320,
151,
168,
615,
429,
159,
167,
38,
196,
181,
249,
562,
625,
330,
142,
220,
174,
324,
210,
532,
145,
168,
168,
322,
180,
823,
586,
293,
159,
717,
262,
192,
519,
296,
171,
162,
565,
221,
261,
158,
178,
195,
141,
214,
594,
202,
236,
206,
209,
84,
212,
262,
163,
561,
212,
145,
203,
717,
217,
140,
177,
205,
684,
174,
40,
164,
353,
115,
194,
97,
131,
142,
191,
219,
83,
140,
172,
246,
128,
200,
221,
173,
718,
147,
128,
195,
116,
248,
128,
640,
94,
407,
647,
135,
635,
152,
636,
255,
646,
640,
187,
202,
191,
141,
165,
651,
198,
159,
198,
145,
172,
125,
181,
157,
152,
190,
184,
158,
238,
114,
109,
168,
142,
646,
31,
227,
186,
140,
164,
174,
138,
170,
109,
288,
145,
178,
169,
124,
553,
311,
183,
109,
179,
298,
568,
40,
563,
158,
218,
144,
155,
155,
303,
562,
577,
167,
158,
190,
318,
186,
162,
193,
375,
311,
344,
164,
265,
342,
314,
212,
157,
304,
32,
193,
267,
152,
152,
77,
691,
183,
365,
174,
78,
336,
328,
150,
311,
303,
409,
776,
411,
284,
420,
236,
228,
179,
399,
219,
222,
743,
243,
143,
55,
742,
48,
284,
169,
522,
191,
64,
735,
709,
229,
156,
169,
62,
45,
695,
185,
199,
621,
670,
58,
533,
205,
202,
215,
47,
161,
260,
150,
180,
166,
890,
879,
718,
143,
47,
198,
264,
142,
723,
608,
524,
135,
168,
163,
161,
194,
539,
173,
123,
95,
140,
204,
215,
189,
199,
217,
114,
140,
228,
123,
165,
404,
132,
163,
263,
142,
203,
173,
178,
153,
186,
260,
442,
127,
188,
155,
726,
719,
369,
225,
205,
126,
732,
155,
429,
358,
207,
188,
164,
156,
163,
168,
101,
124,
210,
196,
727,
250,
158,
155,
201,
98,
656,
197,
233,
650,
180,
248,
41,
160,
160,
242,
176,
211,
40,
134,
215,
174,
165,
47,
173,
152,
560,
32,
207,
173,
149,
144,
288,
165,
200,
151,
150,
226,
202,
206,
415,
143,
153,
466,
118,
172,
240,
163,
48,
384,
268,
167,
653,
144,
128,
274,
41,
756,
221,
267,
114,
159,
308,
391,
264,
254,
217,
291,
203,
292,
188,
161,
144,
291,
213,
280,
206,
232,
142,
271,
274,
107,
300,
205,
190,
149,
293,
515,
41,
423,
75,
737,
512,
328,
708,
256,
715,
611,
203,
149,
709,
313,
435,
181,
47,
435,
195,
179,
698,
166,
446,
221,
172,
232,
667,
35,
176,
143,
642,
167,
188,
169,
522,
176,
165,
712,
164,
234,
351,
209,
504,
705,
42,
140,
160,
150,
190,
523,
237,
446,
159,
384,
142,
146,
329,
163,
299,
214,
236,
721,
295,
188,
229,
151,
197,
83,
163,
169,
379,
232,
624,
483,
197,
168,
156,
176,
178,
139,
85,
154,
177,
138,
174,
171,
46,
36,
262,
166,
200,
177,
379,
244,
184,
183,
644,
37,
194,
377,
201,
136,
160,
157,
108,
128,
125,
185,
448,
190,
184,
199,
184,
732,
267,
91,
654,
207,
37,
220,
198,
261,
141,
156,
237,
222,
365,
122,
256,
479,
207,
222,
179,
741,
550,
114,
204,
389,
419,
661,
286,
191,
150,
31,
166,
572,
135,
455,
274,
656,
42,
202,
755,
263,
143,
343,
126,
664,
225,
170,
300,
170,
140,
137,
304,
238,
129,
278,
296,
417,
425,
41,
261,
202,
385,
758,
221,
125,
310,
435,
188,
141,
83,
268,
268,
140,
186,
197,
320,
382,
405,
152,
419,
164,
47,
142,
34,
262,
499,
213,
242,
306,
729,
123,
240,
679,
705,
235,
252,
67,
220,
726,
80,
321,
708,
334,
317,
677,
80,
239,
185,
235,
195,
221,
200,
658,
41,
227,
704,
172,
189,
166,
197,
41,
439,
204,
303,
232,
203,
139,
130,
356,
170,
263,
152,
429,
141,
224,
713,
205,
424,
179,
149,
192,
182,
620,
41,
184,
172,
184,
636,
154,
144,
401,
205,
141,
173,
378,
119,
181,
114,
114,
186,
183,
254,
160,
201,
169,
155,
392,
84,
181,
415,
138,
207,
371,
125,
418,
240,
278,
187,
252,
155,
639,
179,
374,
32,
640,
210,
149,
160,
156,
397,
440,
168,
733,
50,
157,
558,
139,
135,
198,
563,
556,
142,
185,
120,
192,
189,
652,
245,
43,
157,
152,
40,
176,
568,
565,
156,
154,
209,
160,
644,
410,
278,
201,
136,
363,
170,
192,
154,
150,
124,
308,
564,
272,
185,
133,
42,
260,
756,
119,
143,
227,
44,
309,
314,
166,
204,
198,
347,
500,
236,
253,
179,
177,
243,
31,
159,
491,
322,
293,
191,
214,
124,
323,
399,
206,
140,
396,
29,
366,
384,
126,
492,
43,
190,
333,
41,
108,
189,
496,
172,
169,
774,
281,
403,
292,
159,
261,
418,
225,
316,
417,
241,
45,
114,
310,
105,
257,
732,
235,
248,
406,
186,
705,
697,
147,
298,
273,
780,
132,
870,
345,
74,
246,
754,
799,
728,
335,
709,
180,
76,
183,
254,
719,
165,
173,
126,
230,
150,
40,
166,
190,
138,
216,
171,
269,
214,
277,
215,
712,
416,
207,
542,
194,
163,
200,
194,
178,
144,
284,
329,
120,
343,
106,
196,
212,
278,
257,
549,
170,
167,
274,
544,
187,
158,
45,
540,
392,
104,
186,
376,
202,
205,
209,
210,
465,
188,
221,
150,
635,
334,
152,
194,
194,
204,
326,
191,
155,
100,
210,
179,
168,
397,
131,
130,
163,
151,
35,
96,
182,
403,
202,
191,
128,
266,
647,
203,
117,
421,
474,
638,
358,
179,
262,
154,
550,
116,
200,
219,
114,
411,
39,
200,
160,
173,
350,
180,
177,
463,
137,
169,
276,
194,
153,
320,
186,
443,
289,
238,
163,
478,
354,
201,
468,
155,
190,
197,
564,
131,
157,
145,
156,
458,
177,
753,
161,
232,
205,
217,
162,
204,
155,
326,
347,
379,
123,
398,
176,
190,
374,
278,
200,
182,
424,
289,
142,
269,
365,
252,
352,
152,
339,
289,
374,
42,
186,
296,
454,
307,
443,
586,
763,
406,
384,
342,
461,
263,
373,
196,
287,
158,
96,
309,
186,
382,
341,
680,
338,
327,
177,
151,
394,
236,
360,
311,
773,
160,
769,
379,
124,
276,
769,
353,
324,
732,
105,
214,
88,
317,
257,
1044,
70,
157,
286,
62,
789,
297,
73,
351,
50,
234,
214,
41,
320,
178,
246,
156,
150,
173,
249,
176,
219,
153,
286,
137,
720,
147,
141,
257,
700,
252,
373,
155,
711,
193,
168,
188,
177,
211,
154,
137,
184,
619,
226,
151,
173,
182,
189,
193,
191,
153,
194,
178,
89,
128,
37,
258,
43,
452,
261,
193,
128,
115,
250,
402,
133,
181,
189,
126,
176,
231,
166,
175,
194,
198,
225,
240,
108,
140,
127,
548,
148,
157,
468,
124,
147,
428,
464,
545,
418,
187,
185,
152,
232,
155,
129,
460,
178,
398,
104,
147,
162,
348,
232,
284,
388,
420,
559,
222,
183,
183,
166,
247,
191,
241,
243,
155,
825,
204,
383,
213,
157,
228,
394,
528,
319,
327,
196,
238,
296,
354,
389,
219,
409,
295,
184,
346,
159,
669,
280,
173,
322,
448,
380,
485,
186,
345,
175,
667,
155,
498,
310,
486,
314,
406,
192,
381,
155,
313,
310,
169,
205,
306,
476,
125,
99,
379,
378,
280,
475,
463,
343,
338,
338,
294,
137,
769,
146,
238,
296,
46,
781,
310,
342,
328,
301,
46,
681,
272,
206,
781,
324,
705,
172,
77,
301,
46,
162,
689,
439,
300,
153,
314,
215,
688,
209,
102,
196,
263,
194,
622,
184,
258,
325,
350,
275,
447,
172,
34,
145,
46,
442,
621,
180,
784,
151,
506,
383,
193,
135,
392,
231,
162,
535,
127,
117,
207,
132,
171,
168,
169,
117,
226,
147,
442,
443,
224,
104,
151,
171,
153,
223,
129,
230,
194,
253,
86,
224,
244,
222,
167,
242,
107,
91,
176,
188,
37,
196,
133,
213,
192,
263,
103,
163,
262,
212,
196,
165,
383,
451,
169,
280,
191,
192,
385,
263,
464,
117,
274,
187,
195,
176,
203,
338,
156,
224,
214,
225,
158,
292,
560,
125,
290,
227,
157,
141,
169,
191,
245,
183,
136,
190,
197,
140,
211,
188,
191,
180,
222,
473,
323,
560,
380,
178,
124,
254,
174,
278,
466,
380,
373,
172,
394,
119,
243,
212,
190,
256,
124,
44,
258,
357,
393,
133,
326,
340,
169,
224,
224,
141,
281,
316,
234,
347,
493,
284,
314,
410,
231,
300,
230,
566,
249,
572,
36,
272,
130,
411,
588,
240,
217,
258,
424,
291,
332,
399,
216,
246,
37,
291,
208,
320,
344,
361,
427,
780,
81,
362,
48,
157,
290,
509,
229,
275,
44,
376,
209,
249,
206,
185,
234,
220,
846,
283,
337,
211,
118,
47,
144,
566,
311,
108,
93,
257,
46,
491,
235,
45,
850,
45,
257,
293,
688,
184,
179,
446,
684,
168,
257,
71,
126,
54,
165,
179,
684,
194,
199,
53,
432,
200,
368,
38,
218,
222,
531,
719,
370,
276,
805,
218,
216,
237,
210,
493,
118,
287,
392,
726,
185,
171,
129,
87,
160,
107,
149,
216,
199,
179,
511,
126,
222,
284,
457,
174,
151,
409,
222,
197,
176,
106,
113,
40,
168,
104,
195,
205,
297,
206,
276,
216,
36,
119,
102,
228,
177,
223,
158,
317,
160,
99,
448,
181,
128,
173,
257,
217,
382,
112,
138,
191,
197,
268,
221,
161,
239,
459,
264,
40,
45,
280,
215,
200,
180,
200,
218,
320,
336,
173,
371,
194,
161,
259,
183,
821,
124,
162,
240,
475,
226,
183,
300,
329,
279,
302,
176,
401,
203,
325,
470,
190,
209,
178,
224,
272,
176,
201,
276,
189,
209,
229,
146,
166,
487,
188,
174,
152,
149,
366,
221,
361,
296,
157,
156,
203,
275,
391,
35,
192,
130,
322,
130,
275,
397,
304,
209,
198,
550,
252,
313,
176,
232,
537,
197,
107,
149,
238,
193,
130,
115,
450,
362,
445,
130,
252,
248,
200,
424,
252,
45,
513,
308,
378,
409,
176,
106,
541,
600,
423,
96,
30,
204,
152,
143,
318,
311,
308,
273,
797,
42,
519,
771,
137,
61,
201,
760,
235,
233,
43,
60,
184,
205,
806,
189,
261,
31,
755,
533,
171,
166,
235,
218,
174,
763,
219,
171,
197,
36,
187,
210,
236,
202,
437,
188,
256,
148,
228,
929,
169,
200,
237,
586,
195,
216,
452,
191,
252,
196,
922,
92,
806,
167,
266,
273,
200,
437,
980,
216,
197,
224,
225,
121,
139,
131,
455,
170,
223,
71,
452,
205,
156,
255,
817,
165,
246,
198,
237,
265,
103,
212,
169,
283,
126,
204,
183,
255,
158,
200,
176,
457,
160,
163,
560,
233,
201,
453,
137,
819,
173,
196,
130,
205,
193,
181,
140,
182,
161,
128,
276,
124,
463,
113,
275,
181,
145,
114,
161,
289,
204,
210,
238,
197,
243,
619,
138,
104,
267,
224,
218,
836,
281,
458,
218,
419,
199,
277,
43,
620,
148,
214,
434,
116,
278,
198,
195,
215,
128,
453,
188,
175,
177,
289,
178,
137,
159,
143,
224,
273,
174,
128,
144,
266,
471,
353,
411,
483,
243,
37,
324,
261,
224,
153,
36,
220,
220,
241,
498,
212,
271,
276,
242,
146,
218,
235,
206,
483,
204,
39,
43,
121,
115,
256,
260,
111,
165,
489,
452,
245,
138,
194,
220,
96,
212,
182,
771,
282,
97,
45,
225,
69,
90,
271,
425,
245,
38,
960,
522,
865,
98,
606,
216,
193,
757,
97,
419,
205,
38,
982,
193,
162,
188,
180,
187,
164,
979,
155,
212,
808,
256,
210,
174,
461,
252,
205,
235,
174,
172,
128,
140,
118,
200,
108,
244,
189,
472,
238,
461,
76,
467,
191,
511,
44,
128,
254,
74,
232,
613,
545,
492,
601,
229,
210,
457,
135,
215,
208,
452,
38,
207,
74,
197,
288,
513,
105,
250,
216,
254,
243,
145,
155,
233,
260,
623,
41,
47,
143,
204,
127,
538,
162,
174,
616,
170,
297,
204,
425,
246,
161,
473,
180,
126,
234,
226,
34,
163,
152,
539,
252,
243,
196,
116,
427,
171,
199,
154,
201,
149,
191,
141,
551,
40,
202,
115,
466,
200,
170,
48,
132,
111,
547,
286,
232,
197,
223,
163,
135,
150,
223,
545,
223,
159,
142,
196,
97,
167,
125,
160,
296,
129,
160,
117,
130,
504,
99,
312,
191,
204,
328,
565,
181,
248,
482,
129,
207,
184,
257,
309,
228,
135,
268,
222,
464,
176,
555,
489,
170,
224,
484,
553,
515,
473,
462,
201,
470,
41,
160,
496,
129,
163,
34,
251,
134,
199,
231,
35,
164,
154,
131,
583,
245,
156,
456,
88,
258,
125,
169,
333,
284,
94,
457,
142,
117,
231,
193,
136,
432,
798,
198,
70,
264,
877,
865,
432,
865,
100,
51,
444,
189,
234,
240,
162,
965,
105,
769,
204,
225,
39,
711,
138,
216,
500,
215,
202,
755,
470,
204,
211,
157,
140,
169,
738,
159,
182,
286,
469,
153,
529,
895,
208,
147,
187,
82,
149,
261,
722,
202,
178,
266,
255,
466,
522,
124,
170,
167,
220,
808,
156,
804,
170,
402,
540,
111,
202,
166,
341,
261,
561,
819,
179,
594,
198,
893,
201,
190,
208,
155,
196,
209,
533,
530,
130,
262,
163,
38,
135,
260,
131,
195,
375,
255,
457,
122,
209,
190,
96,
512,
366,
465,
119,
206,
215,
536,
36,
142,
220,
350,
133,
205,
319,
816,
207,
169,
143,
526,
167,
194,
37,
217,
827,
219,
490,
241,
321,
528,
294,
219,
574,
575,
159,
480,
149,
147,
163,
558,
520,
187,
542,
35,
536,
141,
130,
136,
288,
460,
484,
186,
211,
548,
602,
477,
189,
180,
42,
136,
519,
513,
431,
283,
288,
208,
182,
488,
264,
165,
153,
495,
155,
192,
150,
166,
197,
496,
177,
174,
163,
175,
209,
483,
144,
227,
125,
95,
50,
170,
118,
134,
49,
283,
105,
756,
222,
82,
28,
212,
489,
49,
297,
484,
945,
96,
933,
246,
246,
791,
907,
142,
75,
244,
890,
427,
557,
729,
770,
78,
131,
421,
127,
686,
421,
146,
679,
143,
162,
351,
897,
37,
214,
156,
228,
252,
214,
895,
601,
273,
521,
215,
169,
188,
224,
543,
153,
221,
368,
175,
234,
176,
544,
130,
182,
177,
203,
250,
172,
207,
176,
246,
160,
161,
540,
194,
176,
171,
201,
810,
141,
191,
155,
37,
521,
252,
101,
278,
148,
816,
220,
188,
452,
164,
519,
219,
198,
198,
529,
303,
121,
39,
204,
609,
169,
179,
196,
164,
212,
202,
182,
142,
200,
542,
184,
177,
174,
361,
565,
543,
489,
177,
149,
487,
161,
744,
180,
298,
150,
212,
184,
454,
168,
191,
128,
136,
163,
153,
108,
140,
144,
147,
199,
303,
100,
232,
126,
547,
155,
223,
217,
129,
477,
133,
121,
491,
208,
146,
163,
562,
235,
480,
144,
153,
166,
344,
509,
143,
141,
233,
176,
158,
192,
167,
196,
222,
415,
509,
189,
432,
757,
754,
191,
126,
548,
170,
137,
154,
154,
194,
237,
365,
492,
571,
519,
574,
184,
192,
201,
274,
138,
245,
39,
206,
36,
287,
147,
486,
128,
312,
269,
34,
201,
140,
489,
282,
94,
275,
699,
687,
256,
681,
42,
66,
262,
83,
539,
89,
917,
78,
179,
501,
885,
62,
77,
679,
411,
42,
633,
418,
38,
222,
796,
161,
711,
171,
802,
184,
197,
186,
38,
535,
573,
432,
205,
222,
208,
176,
36,
286,
398,
566,
212,
530,
476,
170,
844,
138,
159,
195,
177,
206,
202,
197,
200,
170,
177,
720,
180,
167,
399,
137,
183,
719,
133,
162,
120,
300,
483,
165,
150,
184,
158,
167,
430,
806,
536,
324,
613,
464,
93,
501,
172,
719,
150,
417,
163,
42,
249,
339,
186,
102,
177,
215,
412,
374,
321,
199,
332,
143,
495,
171,
295,
144,
383,
346,
273,
501,
279,
155,
210,
723,
220,
136,
41,
98,
157,
488,
168,
134,
383,
212,
202,
172,
207,
202,
164,
35,
721,
189,
185,
214,
199,
177,
203,
268,
633,
134,
615,
223,
197,
575,
512,
468,
115,
573,
93,
351,
330,
223,
222,
479,
476,
181,
201,
223,
568,
304,
758,
247,
284,
169,
391,
177,
398,
332,
195,
486,
226,
40,
716,
264,
209,
229,
220,
40,
157,
705,
192,
190,
393,
172,
587,
213,
719,
574,
172,
103,
309,
535,
207,
392,
613,
217,
487,
497,
209,
100,
145,
143,
41,
149,
138,
135,
106,
326,
309,
334,
830,
44,
407,
152,
857,
491,
856,
316,
177,
302,
44,
855,
341,
245,
340,
779,
757,
252,
76,
191,
224,
965,
190,
438,
207,
826,
166,
158,
171,
700,
474,
200,
216,
523,
43,
199,
204,
224,
258,
560,
449,
237,
138,
244,
206,
179,
280,
443,
545,
235,
208,
428,
283,
290,
158,
176,
731,
175,
307,
193,
239,
169,
218,
405,
355,
187,
315,
235,
255,
176,
275,
130,
192,
139,
220,
262,
206,
167,
321,
188,
94,
228,
226,
274,
202,
154,
181,
44,
184,
158,
248,
177,
183,
260,
105,
169,
173,
138,
190,
120,
182,
199,
139,
229,
168,
167,
186,
233,
145,
228,
560,
186,
260,
423,
201,
462,
155,
158,
195,
380,
177,
150,
415,
138,
195,
421,
40,
188,
228,
103,
722,
196,
196,
553,
218,
408,
248,
159,
135,
437,
237,
579,
394,
214,
217,
223,
176,
570,
229,
522,
196,
326,
566,
173,
384,
230,
661,
155,
245,
564,
192,
362,
423,
184,
429,
269,
233,
175,
485,
470,
200,
254,
205,
192,
136,
240,
38,
140,
135,
150,
203,
397,
219,
161,
326,
535,
217,
232,
219,
490,
319,
205,
158,
156,
162,
206,
343,
706,
121,
355,
546,
181,
129,
33,
532,
46,
221,
232,
363,
205,
361,
185,
43,
532,
280,
624,
172,
315,
647,
295,
211,
41,
517,
276,
493,
378,
241,
201,
196,
282,
70,
144,
175,
106,
254,
75,
577,
216,
66,
253,
698,
94,
87,
244,
84,
605,
174,
168,
507,
316,
68,
500,
50,
494,
221,
320,
40,
772,
209,
715,
202,
160,
219,
518,
209,
147,
165,
210,
159,
763,
213,
517,
189,
230,
201,
446,
892,
171,
97,
453,
241,
251,
885,
220,
406,
446,
681,
439,
190,
243,
229,
426,
361,
201,
198,
36,
152,
410,
184,
91,
158,
215,
439,
200,
155,
720,
699,
457,
43,
85,
161,
249,
817,
258,
156,
367,
589,
139,
159,
171,
216,
142,
244,
199,
141,
35,
184,
41,
205,
118,
222,
181,
431,
156,
267,
234,
219,
158,
141,
201,
35,
197,
232,
379,
128,
175,
204,
146,
171,
726,
230,
151,
475,
143,
112,
119,
179,
208,
210,
41,
548,
184,
177,
148,
239,
147,
222,
346,
484,
156,
41,
192,
165,
189,
244,
342,
196,
227,
147,
237,
480,
379,
172,
450,
151,
147,
570,
228,
300,
387,
203,
176,
179,
177,
172,
177,
357,
367,
664,
183,
187,
198,
126,
197,
43,
267,
656,
205,
147,
618,
296,
384,
236,
647,
542,
221,
176,
203,
230,
635,
154,
297,
227,
497,
265,
389,
391,
461,
306,
602,
146,
224,
381,
340,
97,
368,
282,
276,
627,
356,
358,
306,
292,
592,
298,
552,
206,
316,
304,
304,
271,
197,
111,
240,
296,
107,
223,
402,
292,
432,
253,
208,
306,
871,
226,
345,
64,
101,
405,
864,
400,
82,
810,
58,
215,
237,
171,
161,
141,
194,
172,
77,
206,
178,
166,
526,
450,
128,
205,
507,
831,
410,
533,
827,
454,
48,
207,
415,
421,
38,
340,
879,
164,
240,
218,
215,
159,
411,
357,
192,
182,
86,
159,
814,
197,
189,
99,
164,
155,
414,
118,
728,
206,
160,
165,
150,
233,
223,
224,
539,
159,
416,
726,
261,
182,
226,
102,
147,
171,
178,
208,
38,
174,
251,
472,
186,
158,
184,
110,
177,
174,
186,
209,
215,
237,
47,
181,
192,
153,
152,
223,
219,
204,
139,
112,
182,
229,
566,
139,
198,
45,
479,
153,
244,
239,
44,
244,
177,
176,
331,
173,
108,
182,
217,
191,
165,
193,
131,
109,
189,
388,
172,
177,
171,
239,
229,
167,
201,
130,
294,
174,
190,
41,
474,
177,
153,
164,
199,
187,
35,
127,
180,
276,
199,
174,
193,
148,
223,
474,
312,
95,
183,
192,
227,
196,
217,
41,
198,
450,
197,
374,
338,
285,
164,
155,
224,
194,
179,
206,
191,
489,
126,
320,
220,
126,
164,
570,
290,
164,
275,
154,
147,
360,
308,
504,
297,
472,
195,
43,
468,
97,
707,
143,
333,
382,
43,
208,
131,
509,
376,
133,
374,
464,
674,
157,
630,
479,
513,
253,
148,
106,
356,
131,
281,
101,
520,
278,
212,
199,
669,
275,
253,
503,
502,
47,
438,
292,
408,
210,
437,
428,
220,
917,
157,
388,
56,
199,
846,
186,
132,
173,
840,
420,
174,
49,
217,
203,
232,
399,
206,
128,
45,
276,
198,
403,
178,
208,
542,
119,
301,
392,
217,
861,
216,
414,
41,
146,
397,
532,
326,
220,
163,
160,
129,
157,
214,
105,
362,
217,
331,
228,
188,
221,
250,
176,
180,
190,
210,
142,
145,
242,
202,
164,
190,
237,
203,
181,
804,
183,
245,
137,
297,
163,
113,
189,
150,
556,
42,
738,
43,
289,
524,
223,
246,
128,
365,
47,
197,
157,
450,
164,
187,
190,
179,
223,
150,
320,
347,
244,
562,
221,
212,
107,
274,
189,
167,
141,
172,
314,
263,
177,
212,
835,
172,
351,
132,
205,
560,
199,
192,
372,
160,
124,
277,
169,
112,
195,
156,
207,
320,
178,
366,
351,
834,
349,
341,
306,
115,
317,
453,
299,
172,
202,
161,
181,
498,
148,
190,
186,
134,
202,
176,
350,
187,
184,
304,
198,
457,
182,
229,
450,
629,
577,
217,
164,
209,
243,
332,
414,
204,
228,
192,
413,
283,
408,
223,
324,
140,
318,
43,
238,
248,
317,
115,
307,
307,
267,
373,
172,
240,
259,
187,
261,
307,
249,
91,
294,
397,
288,
322,
33,
46,
55,
193,
246,
209,
427,
88,
54,
377,
83,
185,
646,
263,
305,
179,
638,
377,
176,
167,
442,
974,
393,
201,
216,
187,
258,
181,
242,
881,
147,
204,
191,
245,
191,
888,
201,
179,
168,
188,
512,
173,
124,
554,
495,
538,
178,
598,
169,
191,
264,
212,
138,
97,
927,
176,
229,
146,
142,
238,
233,
208,
802,
140,
912,
80,
77,
202,
174,
813,
772,
34,
404,
161,
181,
227,
46,
231,
207,
159,
254,
343,
41,
189,
235,
168,
728,
235,
176,
401,
515,
177,
522,
209,
195,
131,
734,
124,
42,
170,
642,
188,
162,
162,
250,
234,
150,
236,
635,
193,
112,
167,
205,
565,
178,
260,
229,
118,
325,
200,
166,
159,
141,
224,
560,
173,
121,
186,
172,
186,
326,
157,
187,
256,
214,
191,
109,
155,
126,
170,
219,
167,
373,
185,
166,
339,
133,
229,
324,
128,
165,
338,
312,
240,
185,
199,
202,
757,
574,
155,
358,
213,
141,
219,
178,
528,
227,
447,
171,
132,
132,
307,
490,
179,
354,
654,
239,
571,
338,
223,
144,
222,
577,
358,
550,
136,
311,
239,
171,
184,
576,
314,
559,
338,
548,
217,
289,
293,
201,
314,
400,
199,
115,
234,
132,
220,
304,
411,
555,
489,
352,
211,
419,
275,
204,
270,
451,
94,
239,
266,
87,
154,
107,
306,
237,
867,
288,
101,
119,
237,
782,
899,
87,
917,
318,
173,
204,
353,
848,
329,
74,
67,
278,
840,
175,
832,
55,
173,
187,
522,
185,
176,
219,
610,
187,
143,
210,
708,
43,
213,
162,
215,
607,
420,
207,
185,
165,
60,
151,
839,
616,
235,
227,
163,
202,
241,
201,
449,
182,
531,
173,
214,
194,
180,
151,
275,
537,
34,
161,
313,
204,
179,
803,
184,
155,
329,
195,
341,
178,
199,
145,
174,
622,
156,
168,
50,
328,
174,
542,
173,
270,
517,
629,
561,
173,
197,
362,
160,
94,
100,
243,
39,
150,
36,
185,
567,
244,
120,
649,
151,
397,
39,
196,
326,
162,
243,
101,
133,
135,
256,
160,
210,
98,
323,
328,
184,
132,
116,
237,
41,
172,
426,
188,
183,
113,
178,
273,
411,
425,
168,
193,
195,
254,
144,
274,
358,
169,
554,
141,
239,
224,
641,
318,
173,
401,
535,
547,
352,
44,
329,
333,
554,
256,
416,
568,
188,
39,
208,
301,
342,
541,
201,
582,
38,
180,
565,
176,
479,
151,
497,
178,
47,
50,
205,
149,
437,
164,
188,
45,
327,
207,
183,
574,
293,
193,
188,
361,
214,
151,
168,
145,
324,
289,
299,
576,
35,
346,
132,
34,
324,
144,
268,
516,
243,
302,
128,
830,
122,
747,
274,
179,
122,
501,
277,
311,
141,
32,
758,
307,
422,
69,
483,
83,
131,
831,
213,
52,
529,
138,
214,
706,
43,
40,
223,
173,
412,
334,
215,
148,
199,
134,
348,
187,
211,
314,
215,
808,
181,
182,
340,
176,
163,
170,
375,
259,
715,
184,
146,
170,
191,
180,
96,
536,
182,
189,
211,
273,
130,
93,
156,
607,
130,
630,
166,
37,
42,
171,
146,
191,
190,
129,
178,
167,
243,
727,
37,
239,
185,
540,
198,
544,
132,
382,
167,
389,
178,
172,
36,
632,
205,
176,
223,
168,
185,
149,
742,
123,
206,
349,
160,
334,
651,
240,
190,
290,
211,
423,
174,
200,
232,
637,
292,
178,
102,
180,
190,
34,
416,
189,
422,
241,
45,
226,
412,
143,
294,
149,
401,
310,
44,
153,
218,
110,
194,
293,
210,
621,
539,
181,
549,
228,
438,
577,
417,
192,
387,
308,
661,
184,
523,
658,
172,
173,
575,
833,
38,
586,
308,
194,
851,
848,
300,
162,
192,
586,
525,
684,
278,
151,
243,
45,
118,
298,
540,
188,
286,
44,
197,
476,
304,
364,
107,
127,
229,
120,
217,
119,
193,
183,
124,
316,
172,
374,
506,
245,
212,
242,
132,
130,
36,
127,
753,
127,
40,
190,
241,
121,
300,
77,
98,
447,
297,
284,
823,
72,
512,
458,
575,
756,
261,
231,
508,
215,
280,
162,
143,
476,
173,
82,
203,
784,
157,
622,
385,
170,
587,
48,
194,
521,
147,
249,
429,
186,
374,
511,
273,
798,
187,
206,
42,
125,
422,
159,
409,
519,
359,
401,
233,
224,
454,
86,
212,
147,
506,
165,
274,
183,
142,
238,
202,
135,
445,
207,
792,
217,
323,
118,
174,
236,
145,
102,
89,
244,
220,
197,
196,
94,
159,
178,
195,
292,
176,
138,
80,
222,
288,
353,
534,
274,
36,
172,
227,
130,
157,
240,
46,
177,
199,
533,
220,
118,
120,
135,
176,
121,
41,
426,
193,
718,
140,
122,
219,
221,
425,
717,
149,
172,
317,
210,
813,
35,
651,
696,
282,
96,
143,
137,
328,
146,
45,
253,
251,
149,
293,
277,
144,
192,
199,
189,
266,
749,
284,
293,
592,
198,
189,
215,
532,
213,
833,
462,
254,
285,
233,
531,
672,
143,
277,
204,
231,
244,
142,
258,
227,
224,
212,
162,
288,
257,
672,
646,
202,
256,
668,
205,
475,
284,
243,
463,
155,
186,
491,
312,
765,
36,
31,
450,
280,
318,
279,
192,
166,
274,
221,
39,
277,
308,
162,
38,
133,
838,
230,
546,
138,
42,
454,
834,
530,
95,
819,
85,
740,
476,
83,
467,
96,
48,
315,
189,
689,
77,
43,
176,
53,
743,
49,
520,
620,
442,
43,
221,
517,
44,
591,
322,
154,
225,
159,
616,
189,
158,
439,
443,
482,
288,
46,
141,
438,
178,
38,
227,
222,
108,
176,
220,
172,
723,
214,
34,
351,
209,
174,
481,
378,
629,
276,
139,
267,
490,
583,
331,
441,
360,
263,
185,
151,
450,
432,
761,
177,
431,
483,
281,
271,
420,
171,
177,
199,
162,
331,
457,
500,
703,
124,
323,
109,
546,
185,
340,
325,
716,
145,
146,
309,
34,
419,
250,
192,
226,
246,
636,
721,
88,
322,
298,
168,
238,
160,
155,
118,
201,
45,
112,
296,
160,
191,
234,
153,
252,
435,
337,
40,
198,
176,
225,
134,
304,
229,
129,
418,
278,
133,
334,
178,
207,
733,
360,
385,
130,
163,
367,
154,
505,
256,
375,
209,
135,
439,
152,
300,
194,
657,
193,
164,
200,
190,
245,
34,
251,
34,
224,
648,
561,
46,
163,
235,
661,
186,
460,
514,
389,
544,
538,
464,
447,
32,
198,
226,
667,
238,
165,
428,
214,
211,
395,
186,
174,
252,
187,
420,
207,
541,
283,
529,
191,
593,
320,
675,
468,
222,
159,
326,
41,
562,
101,
179,
350,
135,
375,
377,
99,
476,
161,
869,
377,
77,
569,
83,
534,
65,
840,
340,
52,
801,
47,
224,
746,
52,
516,
522,
734,
510,
366,
44,
192,
188,
56,
541,
176,
238,
495,
223,
185,
56,
183,
622,
230,
202,
209,
49,
210,
176,
635,
44,
224,
298,
207,
168,
508,
278,
189,
197,
112,
196,
340,
225,
181,
197,
719,
414,
213,
344,
246,
180,
209,
176,
145,
206,
714,
214,
105,
718,
104,
200,
327,
169,
158,
344,
186,
165,
171,
251,
352,
719,
137,
168,
417,
276,
263,
258,
260,
139,
208,
154,
214,
163,
182,
44,
197,
350,
156,
160,
43,
147,
170,
227,
321,
164,
184,
177,
186,
215,
123,
201,
178,
209,
122,
176,
292,
270,
647,
148,
175,
171,
134,
513,
214,
114,
651,
728,
324,
384,
258,
443,
200,
189,
449,
122,
371,
172,
124,
296,
427,
383,
104,
175,
340,
34,
260,
444,
413,
198,
346,
382,
132,
256,
150,
170,
453,
381,
345,
351,
204,
323,
209,
163,
187,
167,
247,
215,
210,
208,
305,
192,
215,
331,
338,
178,
623,
526,
202,
225,
269,
218,
188,
37,
196,
399,
146,
156,
467,
261,
332,
372,
658,
36,
216,
528,
663,
134,
164,
179,
299,
42,
235,
363,
470,
41,
356,
168,
440,
226,
552,
220,
283,
268,
468,
219,
162,
399,
206,
536,
592,
278,
265,
398,
310,
547,
111,
256,
247,
140,
541,
31,
304,
363,
543,
156,
251,
878,
300,
322,
282,
106,
603,
293,
524,
247,
89,
882,
324,
72,
81,
41,
775,
242,
712,
79,
224,
72,
227,
216,
170,
434,
43,
350,
217,
160,
189,
43,
250,
204,
415,
714,
132,
378,
163,
204,
142,
164,
137,
183,
892,
185,
581,
311,
172,
135,
174,
230,
386,
277,
159,
225,
194,
163,
175,
628,
172,
202,
148,
175,
152,
96,
251,
591,
843,
163,
179,
306,
39,
106,
460,
132,
273,
227,
281,
714,
202,
149,
222,
160,
144,
131,
268,
102,
135,
192,
142,
47,
199,
180,
240,
222,
170,
250,
725,
104,
129,
263,
826,
183,
173,
176,
199,
214,
253,
183,
249,
448,
286,
258,
191,
191,
266,
185,
172,
163,
159,
236,
458,
327,
35,
191,
207,
740,
162,
213,
170,
325,
139,
142,
43,
452,
900,
297,
172,
138,
204,
367,
223,
40,
117,
324,
183,
377,
190,
258,
130,
193,
463,
539,
165,
163,
575,
286,
475,
247,
372,
361,
371,
417,
263,
116,
482,
203,
370,
351,
393,
227,
436,
544,
224,
176,
114,
259,
323,
183,
51,
428,
235,
640,
311,
323,
286,
586,
490,
255,
262,
198,
242,
248,
644,
272,
309,
681,
440,
228,
221,
189,
467,
373,
515,
358,
318,
271,
140,
699,
208,
330,
246,
697,
611,
324,
901,
81,
312,
434,
627,
305,
162,
328,
72,
38,
331,
232,
66,
430,
222,
622,
77,
44,
155,
161,
43,
839,
41,
143,
255,
196,
153,
835,
40,
635,
577,
206,
191,
166,
218,
178,
205,
613,
179,
203,
705,
400,
108,
632,
147,
175,
194,
591,
98,
164,
206,
138,
629,
141,
101,
83,
78,
246,
600,
178,
38,
210,
166,
227,
181,
174,
247,
138,
34,
609,
160,
245,
635,
204,
207,
246,
178,
106,
211,
111,
192,
133,
167,
237,
158,
174,
168,
138,
230,
36,
105,
482,
614,
166,
654,
130,
198,
121,
356,
167,
148,
177,
242,
153,
209,
323,
213,
161,
296,
183,
169,
248,
163,
151,
296,
103,
177,
737,
247,
195,
453,
147,
550,
178,
123,
359,
121,
664,
750,
385,
198,
202,
363,
36,
178,
187,
285,
487,
164,
133,
154,
188,
209,
185,
228,
169,
37,
329,
185,
256,
856,
197,
165,
38,
269,
141,
141,
475,
364,
245,
297,
206,
332,
290,
427,
580,
217,
502,
34,
319,
572,
214,
33,
639,
654,
940,
174,
479,
275,
44,
189,
174,
45,
487,
99,
730,
35,
725,
213,
143,
572,
97,
866,
430,
589,
572,
195,
442,
242,
196,
86,
439,
229,
106,
426,
34,
235,
137,
218,
92,
234,
324,
189,
376,
292,
618,
86,
184,
658,
182,
379,
230,
169,
216,
969,
88,
149,
336,
782,
73,
200,
668,
655,
41,
381,
304,
409,
694,
374,
161,
182,
437,
219,
175,
188,
37,
163,
697,
933,
350,
350,
140,
619,
133,
708,
180,
151,
378,
881,
706,
141,
125,
118,
218,
628,
711,
145,
198,
152,
169,
161,
189,
249,
194,
132,
848,
362,
200,
140,
166,
202,
171,
215,
378,
635,
41,
156,
178,
334,
266,
202,
210,
144,
241,
163,
178,
324,
167,
123,
600,
564,
187,
176,
144,
177,
731,
446,
200,
129,
259,
162,
167,
97,
567,
355,
235,
153,
151,
165,
41,
210,
129,
173,
174,
111,
651,
118,
143,
153,
549,
348,
414,
245,
358,
138,
185,
106,
129,
134,
200,
168,
33,
340,
190,
148,
329,
162,
115,
243,
285,
212,
625,
205,
379,
184,
146,
206,
317,
112,
271,
212,
169,
656,
232,
41,
119,
160,
128,
163,
333,
124,
341,
218,
152,
188,
139,
169,
629,
336,
214,
124,
273,
119,
194,
309,
247,
161,
116,
486,
139,
748,
307,
636,
671,
306,
216,
165,
185,
208,
649,
90,
645,
135,
338,
148,
363,
386,
666,
178,
124,
203,
162,
324,
199,
193,
180,
182,
329,
306,
198,
229,
647,
235,
145,
350,
379,
85,
292,
197,
331,
329,
120,
364,
215,
235,
380,
88,
42,
332,
41,
220,
191,
324,
79,
587,
227,
97,
143,
186,
580,
94,
413,
189,
435,
585,
75,
194,
493,
591,
65,
75,
64,
891,
144,
434,
1008,
246,
192,
161,
58,
174,
128,
231,
56,
316,
76,
162,
972,
197,
318,
190,
56,
129,
147,
618,
761,
162,
124,
168,
261,
466,
166,
294,
215,
732,
199,
545,
158,
725,
232,
261,
46,
166,
685,
251,
603,
214,
164,
517,
219,
339,
634,
206,
174,
869,
121,
151,
190,
252,
306,
247,
158,
200,
195,
455,
113,
141,
222,
148,
193,
199,
186,
717,
40,
182,
808,
624,
149,
105,
170,
199,
185,
141,
141,
731,
254,
197,
182,
161,
253,
236,
172,
150,
622,
171,
301,
209,
104,
192,
363,
313,
142,
207,
170,
159,
297,
138,
191,
200,
214,
342,
280,
728,
153,
103,
274,
185,
316,
133,
620,
168,
624,
180,
44,
170,
738,
140,
144,
152,
365,
122,
152,
319,
116,
346,
129,
742,
361,
287,
168,
176,
184,
158,
469,
347,
145,
145,
304,
280,
298,
481,
299,
140,
546,
143,
171,
203,
218,
448,
206,
345,
164,
140,
189,
312,
448,
587,
425,
163,
200,
647,
349,
679,
364,
385,
184,
355,
149,
35,
665,
324,
363,
177,
121,
697,
180,
672,
475,
467,
343,
134,
656,
136,
368,
649,
168,
558,
105,
490,
320,
461,
557,
149,
369,
196,
43,
167,
464,
480,
166,
130,
340,
79,
293,
82,
614,
110,
269,
112,
217,
606,
45,
867,
121,
576,
863,
747,
240,
286,
92,
407,
118,
788,
298,
1012,
149,
410,
155,
72,
237,
225,
1020,
81,
179,
189,
985,
44,
177,
142,
166,
319,
68,
199,
435,
164,
172,
44,
126,
986,
151,
588,
40,
708,
128,
491,
715,
445,
720,
263,
164,
149,
144,
503,
442,
161,
148,
133,
872,
126,
152,
166,
194,
124,
166,
256,
184,
721,
204,
219,
415,
45,
152,
408,
205,
182,
402,
193,
38,
244,
188,
191,
256,
271,
223,
155,
187,
136,
150,
426,
247,
122,
554,
185,
175,
125,
427,
244,
744,
174,
222,
159,
110,
369,
369,
229,
134,
181,
150,
169,
289,
161,
286,
228,
152,
348,
182,
176,
366,
749,
139,
145,
143,
733,
274,
191,
202,
153,
168,
199,
386,
156,
331,
664,
152,
179,
198,
524,
164,
181,
149,
171,
270,
662,
341,
250,
206,
193,
131,
435,
653,
186,
42,
224,
148,
389,
487,
228,
38,
375,
166,
113,
541,
434,
343,
536,
386,
207,
96,
371,
635,
295,
179,
118,
485,
154,
207,
585,
219,
347,
376,
665,
176,
162,
766,
210,
149,
334,
567,
126,
203,
240,
497,
174,
133,
454,
171,
138,
231,
128,
136,
107,
197,
275,
493,
492,
163,
262,
193,
85,
317,
140,
261,
280,
604,
125,
294,
119,
138,
120,
49,
242,
101,
415,
259,
44,
939,
435,
79,
204,
99,
929,
800,
127,
474,
168,
84,
46,
232,
201,
1034,
101,
181,
182,
255,
170,
65,
97,
40,
176,
210,
38,
718,
229,
158,
811,
226,
526,
227,
123,
395,
530,
159,
256,
796,
796,
433,
146,
209,
97,
394,
134,
169,
716,
189,
173,
928,
180,
189,
163,
156,
177,
540,
322,
544,
249,
181,
195,
162,
919,
392,
341,
161,
255,
254,
916,
147,
246,
810,
238,
907,
245,
168,
816,
247,
191,
187,
98,
76,
175,
180,
235,
413,
136,
114,
227,
163,
130,
213,
123,
151,
196,
155,
144,
403,
154,
188,
221,
219,
151,
318,
272,
165,
164,
349,
409,
139,
151,
174,
212,
130,
172,
168,
151,
208,
738,
161,
308,
217,
172,
210,
658,
658,
272,
193,
312,
185,
233,
230,
215,
343,
520,
135,
233,
143,
240,
422,
166,
198,
154,
172,
154,
197,
153,
381,
343,
150,
651,
379,
351,
167,
661,
128,
196,
247,
42,
280,
344,
181,
131,
577,
175,
354,
138,
42,
291,
282,
203,
168,
163,
177,
228,
38,
196,
37,
777,
179,
213,
96,
773,
221,
190,
905,
413,
41,
73,
690,
786,
365,
131,
103,
457,
198,
201,
189,
146,
597,
436,
42,
435,
198,
1036,
172,
174,
179,
158,
162,
501,
321,
227,
35,
185,
370,
777,
237,
537,
184,
706,
753,
160,
187,
195,
166,
626,
210,
1039,
793,
150,
145,
539,
177,
170,
231,
802,
682,
107,
710,
205,
149,
213,
134,
220,
396,
806,
134,
155,
187,
166,
133,
166,
621,
390,
815,
144,
267,
196,
727,
110,
979,
149,
224,
532,
148,
397,
33,
153,
542,
715,
820,
171,
264,
390,
726,
218,
182,
123,
203,
192,
644,
180,
415,
734,
198,
192,
183,
120,
177,
209,
144,
157,
129,
189,
151,
423,
266,
212,
358,
132,
159,
253,
182,
461,
223,
175,
183,
219,
219,
213,
171,
204,
192,
255,
119,
186,
223,
258,
205,
51,
195,
271,
276,
153,
167,
185,
303,
235,
205,
234,
204,
267,
639,
633,
191,
253,
576,
164,
232,
146,
583,
215,
699,
212,
620,
612,
246,
318,
527,
188,
235,
523,
49,
168,
255,
554,
858,
250,
195,
360,
360,
462,
766,
159,
586,
271,
234,
463,
171,
440,
42,
310,
170,
342,
120,
965,
858,
38,
245,
490,
646,
70,
456,
438,
393,
126,
103,
37,
412,
338,
205,
605,
453,
202,
353,
404,
51,
75,
40,
422,
179,
652,
511,
686,
388,
160,
40,
437,
604,
156,
199,
1045,
183,
436,
225,
41,
203,
1026,
171,
135,
1114,
41,
253,
172,
1051,
605,
252,
178,
131,
41,
125,
178,
206,
231,
637,
162,
195,
187,
195,
182,
709,
438,
712,
164,
203,
258,
181,
225,
149,
229,
792,
1045,
472,
167,
157,
151,
724,
538,
610,
700,
220,
178,
334,
978,
166,
547,
134,
708,
187,
152,
241,
184,
39,
722,
812,
176,
169,
193,
126,
729,
162,
168,
237,
415,
220,
173,
182,
126,
121,
414,
170,
180,
36,
278,
242,
264,
181,
175,
143,
253,
205,
42,
260,
221,
126,
155,
130,
140,
261,
134,
155,
216,
180,
254,
38,
127,
129,
188,
264,
185,
123,
129,
177,
260,
39,
38,
725,
138,
189,
733,
218,
171,
218,
173,
177,
217,
275,
258,
127,
195,
182,
179,
187,
209,
180,
256,
153,
204,
140,
431,
206,
499,
177,
660,
273,
438,
527,
481,
228,
209,
148,
535,
242,
285,
225,
535,
292,
120,
522,
180,
231,
179,
531,
212,
42,
167,
43,
259,
30,
42,
155,
447,
203,
40,
405,
101,
258,
247,
169,
399,
181,
147,
308,
259,
336,
180,
221,
600,
441,
507,
214,
