1,7.0,
2,64.0,
2,3.0,
2,6.0,
2,48.0,
2,6.0,
3,9.0,
3,21.5,
3,3.5,
3,52.5,
3,3.5,
4,6.3,
4,3.3,
4,56.3,
4,16.0,
4,4.5,
4,48.0,
4,10.5,
5,52.0,
5,20.0,
5,45.0,
5,11.5,
5,3.5,
5,40.0,
5,8.0,
6,9.0,
6,40.0,
6,41.0,
6,18.0,
6,40.5,
6,14.0,
6,22.5,
6,0.75,
6,47.0,
6,3.25,
7,23.79,
7,34.0,
7,45.0,
7,20.79,
7,14.0,
7,14.29,
7,0.2,
7,33.4,
7,3.2,
8,7.0,
8,45.0,
8,69.0,
8,37.0,
8,44.0,
8,4.5,
8,6.5,
9,40.0,
9,73.0,
9,43.0,
9,58.5,
9,8.5,
9,8.0,
10,34.0,
10,73.0,
10,9.0,
10,6.5,
10,55.0,
10,6.5,
11,13.2,
11,67.81,
11,36.0,
11,122.81,
11,3.25,
11,12.11,
11,3.25,
12,9.57,
12,32.370000000000005,
12,57.0,
12,46.37,
12,47.0,
12,4.25,
12,10.8,
12,3.25,
13,29.0,
13,4.0,
13,13.53,
13,13.2,
13,38.730000000000004,
13,6.0,
13,59.230000000000004,
13,4.5,
14,29.0,
14,45.0,
14,13.53,
14,12.21,
14,44.24,
14,7.5,
14,63.24,
14,4.5,
15,23.0,
15,11.0,
15,12.87,
15,23.1,
15,12.21,
15,69.68,
15,9.0,
15,95.18,
15,4.5,
16,17.0,
16,30.0,
16,12.0,
16,2.0,
16,37.62,
16,6.0,
16,64.12,
16,6.5,
16,94.12,
16,4.5,
17,4.25,
17,73.0,
17,51.46,
17,33.66,
17,11.75,
17,48.41,
17,17.71,
17,3.75,
17,73.41,
17,2.25,
17,8.21,
18,17.0,
18,70.5,
18,163.5,
18,92.0,
18,35.26,
18,4.29,
18,31.259999999999998,
18,2.97,
19,0.99,
19,17.0,
19,77.49,
19,170.49,
19,27.0,
19,92.0,
19,48.25,
19,5.28,
19,37.25,
19,2.97,
20,17.0,
20,59.5,
20,128.5,
20,58.0,
20,7.0,
20,41.58,
20,5.61,
20,39.58,
20,2.97,
21,17.0,
21,43.0,
21,112.0,
21,58.0,
21,37.0,
21,31.58,
21,5.61,
21,39.58,
21,2.97,
22,17.0,
22,21.0,
22,90.0,
22,71.25,
22,29.5,
22,6.0,
22,22.75,
22,4.0,
22,14.25,
22,2.25,
23,8.5,
23,18.0,
23,56.3,
23,54.8,
23,9.5,
23,6.0,
23,21.3,
23,3.0,
23,12.8,
23,1.8,
24,8.5,
24,163.25,
24,47.0,
24,27.75,
24,4.5,
24,18.75,
24,2.25,
25,8.5,
25,69.12,
25,9.25,
25,13.21,
25,5.94,
25,30.62,
25,2.97,
26,17.0,
26,84.0,
26,4.0,
26,25.5,
26,4.5,
27,17.0,
27,5.0,
27,107.0,
27,4.5,
27,21.0,
27,4.5,
28,17.0,
28,43.0,
28,100.0,
28,36.0,
28,34.0,
28,5.5,
28,22.0,
28,4.5,
29,17.0,
29,34.0,
29,27.0,
29,9.0,
29,24.5,
29,3.5,
29,42.5,
29,4.5,
30,44.06,
30,17.0,
30,37.0,
30,30.06,
30,3.2,
30,25.7,
30,17.86,
30,2.2,
30,41.7,
30,1.8,
31,17.0,
31,49.0,
31,27.25,
31,21.5,
31,18.25,
31,3.0,
31,38.75,
31,2.25,
32,17.0,
32,6.6,
32,3.96,
32,22.560000000000002,
32,31.25,
32,5.28,
32,45.81,
32,2.97,
33,17.0,
33,8.0,
33,7.0,
33,47.0,
33,34.25,
33,5.28,
33,30.25,
33,2.97,
34,17.0,
34,11.0,
34,33.0,
34,34.0,
34,38.58,
34,4.29,
34,41.58,
34,4.29,
35,17.0,
35,4.0,
35,5.0,
35,20.0,
35,47.0,
35,43.0,
35,8.5,
35,4.5,
36,5.61,
36,15.0,
36,17.61,
36,64.41,
36,22.5,
36,44.61,
36,18.5,
36,19.41,
36,5.94,
36,2.97,
37,5.61,
37,93.0,
37,11.61,
37,33.0,
37,110.61,
37,15.0,
37,9.0,
38,17.0,
38,111.0,
38,152.0,
38,12.5,
38,49.5,
38,80.0,
38,13.0,
38,9.0,
39,17.0,
39,191.0,
39,25.0,
39,7.0,
39,12.0,
39,18.0,
39,9.0,
40,14.0,
40,8.5,
40,222.0,
40,50.0,
40,47.0,
40,4.5,
40,33.0,
40,4.5,
40,19.5,
41,17.0,
41,70.5,
41,96.5,
41,59.0,
41,47.0,
41,7.5,
41,31.0,
41,4.5,
42,8.5,
42,65.0,
42,72.0,
42,124.44,
42,86.0,
42,21.0,
42,6.0,
42,2.97,
42,11.940000000000001,
42,2.97,
43,8.5,
43,187.14999999999998,
43,87.8,
43,3.2,
43,2.4,
43,20.45,
43,25.2,
43,1.0,
43,29.65,
43,3.2,
44,8.5,
44,147.74,
44,71.99999999999999,
44,8.8,
44,18.04,
44,18.2,
44,2.6,
44,29.240000000000002,
44,2.6,
45,3.4,
45,69.94,
45,67.78999999999999,
45,69.94,
45,6.29,
45,69.94,
45,16.5,
45,2.24,
45,69.94,
45,1.26,
46,17.0,
46,75.75,
46,25.41,
46,9.25,
46,53.16,
46,15.5,
46,3.75,
46,69.16,
46,2.25,
47,17.0,
47,15.0,
47,96.0,
47,63.0,
47,22.0,
47,17.0,
47,3.25,
47,29.5,
47,2.25,
48,17.0,
48,98.5,
48,20.0,
48,18.5,
48,17.0,
48,3.25,
48,29.5,
48,2.25,
49,17.0,
49,21.0,
49,62.0,
49,86.0,
49,5.5,
49,18.5,
49,17.0,
49,3.25,
49,29.5,
49,2.25,
50,8.5,
50,82.0,
50,127.0,
50,40.0,
50,51.0,
50,31.5,
50,3.25,
50,13.5,
50,2.25,
51,3.4,
51,82.0,
51,86.0,
51,29.65,
51,10.0,
51,29.65,
51,29.65,
51,25.25,
51,2.72,
51,29.65,
51,1.53,
52,6.0,
52,17.0,
52,108.0,
52,41.0,
52,6.5,
52,42.0,
52,4.5,
53,63.0,
53,14.0,
53,17.0,
53,33.0,
53,37.0,
53,6.5,
53,28.0,
53,4.5,
54,8.5,
54,44.58,
54,50.0,
54,37.0,
54,4.29,
54,18.08,
54,4.29,
55,5.61,
55,57.0,
55,70.22,
55,53.0,
55,154.22000000000003,
55,44.0,
55,3.75,
55,12.61,
55,3.25,
56,4.76,
56,3.4,
56,41.76,
56,94.56,
56,11.4,
56,94.56,
56,8.8,
56,94.56,
56,2.4,
56,94.56,
56,1.8,
57,3.23,
57,2.04,
57,60.23,
57,75.75999999999999,
57,56.980000000000004,
57,9.86,
57,75.75999999999999,
57,7.99,
57,75.75999999999999,
57,21.13,
57,2.38,
57,75.75999999999999,
57,1.26,
57,6.99,
58,5.61,
58,77.0,
58,19.47,
58,18.15,
58,7.92,
58,48.54,
58,57.019999999999996,
58,5.94,
58,81.45,
58,2.97,
58,11.11,
59,5.61,
59,114.0,
59,50.0,
59,7.0,
59,34.0,
59,46.519999999999996,
59,5.94,
59,32.910000000000004,
59,2.97,
59,7.61,
60,17.0,
60,59.5,
60,177.5,
60,50.0,
60,31.0,
60,53.5,
60,9.0,
60,4.5,
61,1.98,
61,17.0,
61,97.48,
61,206.48,
61,79.26,
61,29.0,
61,15.5,
61,25.759999999999998,
61,4.29,
61,2.97,
62,17.0,
62,70.0,
62,151.0,
62,107.76,
62,11.0,
62,14.0,
62,23.759999999999998,
62,4.29,
62,2.97,
63,123.57,
63,15.84,
63,17.0,
63,66.33,
63,187.17000000000002,
63,47.24,
63,108.84,
63,9.24,
63,5.5,
63,34.0,
63,6.5,
64,31.0,
64,5.61,
64,111.0,
64,192.0,
64,52.06,
64,84.5,
64,13.5,
64,162.06,
64,12.0,
64,3.25,
64,10.45,
64,2.25,
65,55.0,
65,119.0,
65,3.4,
65,105.5,
65,158.5,
65,77.32999999999998,
65,22.43,
65,9.86,
65,77.32999999999998,
65,3.57,
65,77.33,
65,2.4,
65,77.33,
65,2.6,
66,98.0,
66,1.5,
66,159.0,
66,3.4,
66,154.5,
66,54.8,
66,5.0,
66,54.8,
66,3.4,
66,54.8,
66,2.2,
66,54.8,
66,1.8,
67,34.0,
67,52.0,
67,1.5,
67,58.0,
67,17.0,
67,109.5,
67,8.25,
67,5.61,
67,29.86,
67,27.599999999999998,
67,3.63,
67,43.46,
67,2.97,
68,130.0,
68,78.0,
68,17.0,
68,153.0,
68,33.5,
68,8.25,
68,4.25,
68,31.0,
68,17.0,
68,4.25,
68,44.5,
68,2.25,
69,121.0,
69,8.5,
69,141.0,
69,94.05,
69,12.4,
69,5.0,
69,3.4,
69,17.64,
69,5.94,
69,31.55,
69,2.97,
70,140.0,
70,20.0,
70,8.5,
70,97.0,
70,107.83,
70,25.8,
70,5.0,
70,2.8,
70,14.07,
70,4.29,
70,27.33,
70,2.97,
71,47.0,
71,11.56,
71,11.0,
71,3.4,
71,52.56,
71,67.66,
71,5.0,
71,67.66,
71,2.8,
71,67.66,
71,3.6,
71,67.66,
71,1.8,
72,25.84,
72,55.0,
72,3.4,
72,114.84,
72,60.46999999999999,
72,79.48,
72,4.25,
72,60.47,
72,1.87,
72,60.47,
72,23.360000000000003,
72,2.1,
72,60.47,
72,1.26,
73,77.0,
73,6.0,
73,17.0,
73,126.0,
73,86.25,
73,6.25,
73,4.25,
73,32.0,
73,21.75,
73,4.5,
73,55.75,
73,2.25,
74,25.0,
74,17.0,
74,43.0,
74,48.75,
74,6.25,
74,31.6,
74,2.75,
74,43.6,
74,21.75,
74,4.5,
74,65.35,
74,2.25,
75,17.0,
75,32.0,
75,113.0,
75,25.0,
75,7.0,
75,14.0,
75,40.26,
75,4.29,
75,24.259999999999998,
75,2.97,
76,17.0,
76,105.5,
76,170.5,
76,8.25,
76,3.63,
76,23.88,
76,40.26,
76,4.29,
76,48.14,
76,2.97,
77,17.0,
77,1.65,
77,50.15,
77,87.15,
77,40.0,
77,6.25,
77,2.75,
77,12.0,
77,22.0,
77,3.25,
77,36.5,
77,2.25,
78,17.0,
78,21.0,
78,25.0,
78,11.0,
78,8.0,
78,29.5,
78,4.5,
79,17.0,
79,22.0,
79,12.5,
79,5.5,
79,9.0,
79,28.5,
79,4.5,
