35,
43,
34,
40,
38,
36,
34,
43,
44,
70,
54,
35,
75,
68,
33,
82,
91,
73,
81,
91,
67,
35,
69,
95,
96,
111,
36,
45,
60,
39,
66,
32,
80,
43,
108,
125,
114,
122,
128,
38,
99,
122,
110,
92,
132,
100,
82,
94,
74,
112,
109,
131,
138,
126,
89,
44,
42,
134,
120,
108,
36,
35,
107,
115,
117,
54,
68,
94,
123,
96,
102,
84,
106,
106,
31,
83,
39,
118,
122,
114,
115,
143,
118,
115,
96,
111,
132,
102,
112,
133,
143,
107,
141,
106,
105,
93,
124,
146,
114,
132,
139,
148,
153,
170,
41,
142,
106,
134,
178,
128,
128,
43,
39,
114,
136,
147,
77,
112,
187,
108,
180,
151,
120,
134,
96,
75,
166,
72,
204,
43,
191,
39,
111,
195,
124,
74,
149,
195,
72,
124,
147,
206,
138,
130,
128,
116,
94,
189,
173,
69,
125,
130,
164,
123,
175,
171,
163,
121,
178,
186,
127,
95,
92,
83,
148,
191,
191,
62,
145,
168,
132,
179,
179,
133,
140,
165,
129,
152,
143,
58,
56,
140,
152,
148,
171,
147,
145,
58,
152,
130,
139,
141,
207,
117,
49,
147,
131,
138,
148,
144,
178,
44,
36,
163,
35,
148,
102,
174,
118,
45,
152,
143,
227,
159,
39,
228,
135,
234,
147,
161,
228,
229,
174,
247,
211,
232,
203,
173,
126,
139,
45,
219,
240,
246,
140,
137,
135,
110,
215,
133,
84,
127,
84,
145,
133,
120,
120,
108,
253,
162,
139,
227,
46,
108,
135,
217,
144,
41,
140,
253,
105,
226,
175,
139,
214,
239,
251,
114,
254,
231,
172,
101,
212,
257,
169,
202,
140,
224,
75,
215,
91,
42,
192,
144,
93,
206,
234,
155,
111,
244,
173,
124,
210,
258,
200,
189,
228,
165,
111,
210,
222,
185,
220,
89,
107,
277,
143,
85,
233,
259,
274,
111,
109,
82,
85,
74,
218,
269,
215,
78,
73,
275,
225,
213,
137,
235,
108,
235,
119,
232,
137,
215,
259,
249,
249,
216,
153,
153,
150,
233,
130,
254,
142,
113,
105,
116,
96,
111,
249,
220,
44,
138,
125,
121,
41,
123,
93,
195,
104,
97,
95,
210,
120,
129,
272,
122,
242,
250,
91,
129,
196,
53,
117,
189,
220,
200,
158,
111,
150,
218,
57,
218,
43,
209,
157,
96,
37,
196,
264,
164,
166,
268,
184,
228,
117,
149,
143,
175,
192,
275,
59,
174,
230,
240,
42,
93,
244,
69,
158,
94,
231,
180,
228,
204,
234,
185,
233,
93,
103,
192,
203,
183,
201,
224,
205,
219,
87,
228,
163,
176,
232,
86,
202,
193,
249,
243,
129,
232,
273,
129,
236,
182,
171,
231,
176,
225,
70,
174,
251,
209,
192,
162,
168,
81,
205,
64,
179,
47,
180,
185,
184,
148,
64,
199,
157,
209,
170,
178,
154,
220,
164,
62,
255,
152,
181,
115,
216,
155,
58,
142,
282,
191,
178,
319,
219,
168,
113,
166,
55,
323,
162,
334,
168,
211,
205,
168,
89,
52,
139,
202,
142,
187,
308,
154,
318,
163,
185,
283,
166,
45,
52,
235,
165,
160,
315,
156,
51,
250,
47,
130,
137,
309,
286,
33,
135,
298,
305,
190,
158,
133,
131,
286,
189,
231,
138,
45,
278,
151,
85,
264,
273,
163,
44,
231,
239,
102,
194,
257,
184,
264,
88,
73,
278,
221,
294,
231,
217,
72,
120,
295,
137,
294,
175,
279,
138,
41,
361,
278,
273,
232,
254,
307,
85,
277,
320,
134,
340,
312,
318,
253,
42,
178,
273,
293,
157,
221,
79,
40,
340,
114,
178,
331,
111,
234,
295,
110,
121,
38,
314,
261,
255,
261,
242,
270,
186,
269,
257,
44,
105,
164,
302,
231,
315,
112,
40,
88,
244,
271,
163,
264,
251,
50,
181,
232,
222,
153,
40,
312,
82,
267,
87,
90,
231,
284,
197,
80,
244,
177,
38,
271,
150,
280,
164,
244,
313,
198,
303,
188,
235,
207,
174,
177,
159,
40,
257,
221,
206,
196,
201,
263,
256,
196,
121,
164,
116,
189,
240,
163,
40,
233,
158,
333,
301,
288,
180,
146,
154,
148,
217,
259,
206,
101,
201,
146,
208,
281,
175,
165,
255,
305,
82,
139,
187,
127,
229,
331,
308,
204,
123,
242,
162,
253,
196,
171,
205,
223,
42,
104,
300,
271,
266,
227,
138,
153,
348,
184,
229,
134,
42,
212,
165,
232,
286,
192,
197,
236,
165,
275,
206,
237,
109,
250,
162,
115,
332,
278,
209,
236,
165,
156,
260,
238,
300,
185,
246,
257,
198,
153,
219,
209,
223,
295,
326,
220,
214,
361,
185,
314,
218,
159,
146,
241,
121,
214,
205,
194,
192,
141,
169,
221,
224,
187,
167,
189,
147,
167,
222,
259,
181,
166,
179,
229,
187,
241,
284,
189,
129,
268,
168,
184,
191,
182,
164,
178,
150,
105,
251,
153,
188,
245,
132,
197,
127,
189,
145,
148,
154,
118,
153,
135,
163,
143,
154,
198,
157,
179,
166,
124,
124,
154,
258,
135,
178,
182,
140,
226,
42,
114,
201,
225,
173,
133,
121,
185,
214,
116,
260,
101,
276,
38,
363,
112,
236,
247,
260,
235,
395,
218,
382,
90,
279,
207,
371,
212,
132,
364,
280,
39,
392,
228,
363,
361,
200,
71,
173,
121,
43,
114,
342,
95,
365,
42,
250,
119,
242,
39,
93,
384,
81,
159,
173,
107,
191,
290,
122,
359,
188,
126,
129,
132,
205,
374,
157,
337,
180,
122,
201,
217,
179,
333,
173,
176,
265,
179,
263,
278,
53,
306,
83,
187,
52,
40,
250,
149,
400,
46,
274,
145,
344,
323,
380,
143,
319,
274,
265,
294,
185,
190,
229,
181,
274,
109,
142,
274,
349,
160,
196,
157,
222,
235,
238,
289,
288,
245,
206,
396,
131,
148,
207,
134,
247,
215,
195,
403,
225,
251,
258,
203,
171,
259,
116,
385,
211,
210,
196,
206,
174,
210,
115,
419,
323,
199,
252,
402,
319,
131,
194,
224,
362,
211,
113,
304,
221,
187,
370,
186,
40,
186,
405,
205,
158,
149,
105,
247,
201,
127,
241,
102,
205,
96,
400,
168,
172,
43,
225,
430,
94,
198,
167,
274,
190,
181,
222,
92,
136,
94,
114,
280,
126,
433,
248,
93,
145,
221,
242,
144,
122,
400,
232,
235,
231,
84,
388,
222,
176,
195,
291,
80,
308,
179,
104,
206,
206,
90,
76,
188,
152,
282,
214,
232,
170,
262,
304,
74,
196,
73,
302,
214,
150,
256,
178,
70,
184,
373,
189,
350,
159,
213,
494,
134,
180,
228,
161,
184,
148,
319,
310,
69,
54,
123,
406,
309,
47,
283,
247,
353,
299,
228,
355,
198,
232,
162,
372,
256,
89,
323,
334,
274,
48,
216,
327,
153,
289,
274,
321,
227,
88,
151,
349,
323,
232,
252,
170,
393,
330,
111,
315,
191,
317,
305,
142,
229,
305,
152,
183,
171,
290,
318,
135,
316,
279,
224,
214,
243,
238,
223,
177,
78,
252,
223,
247,
137,
228,
308,
205,
139,
178,
189,
303,
266,
117,
211,
242,
174,
163,
139,
150,
295,
147,
201,
179,
148,
305,
199,
187,
254,
129,
107,
154,
192,
298,
326,
219,
145,
154,
153,
207,
107,
257,
168,
322,
174,
131,
118,
52,
277,
309,
327,
241,
42,
239,
113,
214,
243,
199,
227,
162,
272,
160,
258,
125,
201,
296,
228,
199,
40,
232,
246,
233,
208,
214,
195,
196,
190,
229,
229,
275,
258,
180,
239,
217,
348,
234,
154,
285,
215,
216,
222,
212,
183,
152,
205,
267,
237,
274,
162,
241,
180,
227,
259,
250,
253,
199,
179,
198,
211,
200,
307,
314,
205,
169,
244,
236,
224,
226,
195,
178,
216,
144,
401,
167,
307,
187,
254,
158,
290,
250,
315,
41,
162,
232,
251,
244,
195,
314,
171,
449,
169,
346,
310,
304,
159,
195,
259,
257,
204,
213,
482,
178,
257,
154,
182,
200,
248,
233,
218,
129,
220,
477,
214,
185,
176,
68,
463,
177,
183,
348,
181,
402,
263,
318,
410,
165,
199,
177,
343,
321,
36,
445,
156,
329,
492,
148,
334,
306,
230,
138,
322,
131,
44,
270,
496,
111,
122,
226,
236,
117,
240,
44,
113,
465,
105,
333,
117,
295,
37,
482,
575,
46,
140,
135,
109,
519,
545,
102,
165,
107,
208,
44,
408,
505,
42,
80,
299,
515,
340,
491,
218,
147,
272,
208,
515,
230,
358,
360,
218,
196,
169,
180,
189,
512,
170,
141,
256,
131,
149,
185,
511,
162,
144,
160,
94,
416,
104,
72,
164,
171,
116,
130,
396,
559,
503,
144,
121,
109,
214,
474,
510,
238,
109,
185,
166,
158,
110,
95,
184,
370,
150,
167,
201,
211,
501,
144,
140,
86,
189,
160,
282,
135,
131,
492,
288,
477,
268,
165,
124,
242,
210,
90,
220,
178,
296,
248,
212,
165,
220,
188,
136,
164,
231,
241,
244,
268,
470,
109,
159,
272,
67,
161,
252,
345,
257,
467,
216,
205,
253,
58,
198,
324,
230,
159,
248,
232,
197,
556,
220,
186,
278,
197,
41,
133,
252,
152,
457,
237,
297,
263,
160,
206,
150,
209,
215,
303,
186,
131,
239,
561,
273,
176,
39,
247,
202,
275,
267,
190,
187,
207,
177,
235,
236,
141,
263,
131,
189,
44,
252,
172,
131,
349,
128,
328,
323,
173,
124,
205,
231,
124,
235,
114,
235,
249,
352,
162,
208,
194,
217,
76,
264,
156,
538,
183,
273,
109,
279,
245,
373,
106,
312,
73,
364,
384,
171,
381,
271,
67,
182,
344,
246,
333,
407,
139,
333,
327,
292,
459,
184,
338,
251,
532,
345,
268,
264,
234,
185,
213,
377,
185,
360,
190,
215,
326,
314,
332,
236,
36,
37,
295,
343,
364,
316,
356,
323,
222,
290,
315,
265,
241,
294,
183,
334,
306,
477,
350,
400,
194,
258,
243,
278,
301,
241,
195,
190,
368,
343,
196,
255,
312,
282,
247,
380,
388,
148,
264,
443,
475,
482,
330,
378,
97,
278,
312,
76,
327,
287,
236,
356,
255,
270,
221,
218,
309,
371,
632,
227,
242,
291,
254,
381,
535,
43,
54,
284,
359,
241,
270,
319,
290,
201,
180,
324,
284,
281,
39,
227,
200,
316,
186,
280,
262,
291,
174,
181,
363,
238,
245,
235,
259,
251,
221,
295,
370,
430,
150,
249,
241,
155,
323,
267,
140,
220,
237,
235,
223,
274,
240,
302,
240,
308,
296,
75,
243,
199,
264,
221,
164,
232,
257,
171,
314,
482,
220,
255,
287,
163,
129,
113,
115,
227,
173,
316,
270,
171,
181,
200,
275,
385,
97,
273,
128,
133,
132,
316,
169,
283,
603,
113,
48,
174,
308,
157,
115,
652,
585,
348,
263,
291,
194,
191,
408,
271,
521,
565,
173,
257,
43,
275,
572,
156,
656,
397,
55,
236,
207,
163,
220,
548,
326,
233,
643,
151,
179,
229,
144,
51,
219,
561,
162,
143,
318,
131,
569,
298,
255,
108,
374,
217,
229,
169,
310,
499,
309,
490,
163,
166,
162,
324,
590,
289,
239,
134,
128,
179,
164,
213,
159,
425,
501,
307,
256,
295,
629,
224,
143,
304,
310,
509,
247,
252,
132,
204,
653,
276,
297,
215,
287,
443,
618,
237,
98,
213,
277,
307,
208,
41,
300,
345,
273,
252,
667,
256,
271,
375,
282,
299,
238,
348,
245,
41,
267,
464,
273,
231,
226,
234,
339,
229,
220,
199,
503,
218,
299,
42,
598,
188,
236,
108,
582,
419,
264,
401,
425,
271,
345,
262,
41,
76,
388,
391,
251,
177,
322,
417,
162,
640,
45,
135,
297,
252,
416,
212,
642,
344,
326,
267,
593,
276,
210,
140,
170,
453,
132,
191,
194,
236,
178,
268,
444,
396,
661,
223,
628,
339,
233,
158,
197,
62,
163,
41,
331,
295,
305,
500,
297,
162,
178,
293,
161,
295,
149,
161,
380,
182,
161,
338,
161,
264,
288,
201,
242,
485,
306,
151,
261,
358,
259,
158,
207,
225,
151,
279,
46,
156,
260,
206,
482,
265,
41,
155,
162,
245,
240,
404,
251,
313,
144,
319,
152,
167,
225,
43,
444,
194,
171,
309,
42,
167,
140,
250,
209,
475,
321,
291,
459,
148,
159,
178,
204,
233,
199,
436,
248,
147,
216,
199,
173,
377,
291,
316,
109,
137,
147,
309,
127,
213,
295,
465,
132,
144,
265,
490,
54,
476,
254,
171,
193,
214,
42,
198,
389,
128,
465,
189,
287,
263,
230,
128,
379,
350,
139,
333,
125,
43,
312,
124,
409,
120,
302,
261,
315,
320,
208,
116,
266,
329,
370,
333,
406,
38,
152,
369,
215,
352,
323,
448,
446,
291,
445,
343,
333,
389,
426,
274,
303,
172,
290,
225,
397,
310,
39,
208,
351,
365,
277,
258,
340,
178,
186,
420,
83,
183,
277,
211,
449,
354,
277,
354,
39,
146,
249,
35,
253,
128,
332,
405,
366,
222,
401,
137,
353,
286,
205,
266,
39,
126,
307,
211,
265,
340,
204,
352,
194,
375,
427,
234,
130,
126,
241,
254,
220,
134,
362,
209,
246,
294,
213,
186,
291,
168,
226,
286,
575,
357,
186,
210,
340,
163,
391,
369,
311,
41,
176,
366,
327,
275,
134,
161,
283,
40,
290,
124,
267,
174,
265,
162,
361,
272,
251,
281,
258,
231,
266,
353,
43,
241,
281,
330,
795,
257,
342,
268,
301,
708,
271,
263,
194,
267,
82,
695,
762,
383,
212,
341,
254,
138,
392,
622,
262,
393,
211,
247,
218,
332,
266,
255,
261,
250,
254,
288,
414,
41,
249,
388,
356,
312,
246,
249,
217,
257,
271,
325,
162,
46,
246,
296,
247,
235,
39,
231,
696,
137,
689,
121,
381,
43,
329,
137,
689,
169,
303,
330,
42,
672,
727,
41,
246,
667,
200,
652,
326,
643,
43,
252,
207,
226,
206,
409,
383,
263,
178,
229,
51,
148,
229,
178,
398,
196,
777,
240,
347,
186,
331,
723,
217,
171,
206,
221,
775,
157,
126,
216,
717,
216,
793,
388,
39,
252,
215,
217,
383,
276,
721,
217,
209,
377,
771,
122,
119,
115,
346,
271,
837,
227,
719,
165,
327,
199,
100,
212,
207,
203,
229,
201,
263,
321,
716,
618,
43,
260,
169,
206,
193,
228,
232,
250,
415,
172,
693,
192,
840,
47,
200,
159,
787,
39,
234,
157,
303,
47,
558,
45,
201,
276,
54,
287,
132,
46,
178,
499,
240,
131,
136,
40,
81,
40,
117,
125,
218,
124,
784,
109,
184,
318,
364,
788,
853,
242,
225,
122,
829,
76,
226,
141,
128,
240,
83,
185,
39,
303,
454,
150,
355,
325,
306,
138,
130,
198,
433,
362,
117,
231,
376,
158,
161,
343,
361,
226,
438,
385,
157,
228,
312,
363,
200,
125,
156,
335,
335,
207,
213,
565,
176,
155,
353,
220,
294,
50,
372,
290,
576,
302,
136,
342,
311,
91,
329,
313,
156,
40,
242,
259,
298,
335,
274,
404,
293,
75,
358,
156,
152,
271,
249,
518,
213,
250,
348,
528,
207,
405,
301,
225,
417,
410,
228,
396,
142,
348,
215,
221,
311,
386,
371,
404,
381,
294,
375,
45,
49,
399,
361,
169,
180,
368,
446,
287,
173,
369,
339,
235,
336,
360,
258,
47,
296,
359,
135,
324,
327,
39,
299,
168,
170,
320,
346,
248,
339,
426,
604,
423,
137,
353,
263,
256,
275,
167,
326,
171,
272,
259,
277,
104,
364,
148,
135,
134,
243,
98,
242,
228,
37,
210,
254,
54,
360,
241,
217,
134,
200,
208,
528,
197,
227,
133,
387,
349,
373,
197,
253,
140,
229,
327,
391,
209,
587,
206,
321,
335,
330,
304,
565,
436,
253,
304,
331,
498,
309,
40,
492,
306,
384,
352,
270,
315,
49,
292,
367,
267,
416,
335,
218,
258,
259,
298,
368,
304,
397,
219,
226,
39,
242,
484,
535,
307,
193,
265,
244,
389,
44,
438,
241,
449,
455,
328,
237,
202,
367,
279,
137,
232,
379,
397,
407,
307,
376,
379,
393,
344,
374,
378,
372,
326,
256,
331,
432,
44,
311,
401,
431,
74,
306,
422,
330,
274,
323,
375,
43,
223,
128,
800,
297,
829,
301,
335,
153,
91,
287,
257,
43,
312,
811,
805,
166,
303,
302,
323,
796,
475,
38,
272,
322,
284,
388,
506,
348,
420,
355,
263,
256,
801,
312,
299,
411,
303,
229,
365,
302,
385,
193,
252,
191,
408,
303,
313,
242,
340,
247,
272,
42,
322,
277,
158,
308,
839,
237,
287,
285,
208,
116,
219,
275,
203,
450,
791,
235,
289,
296,
87,
100,
265,
311,
787,
220,
814,
186,
159,
200,
850,
242,
208,
919,
483,
413,
87,
216,
233,
879,
201,
188,
424,
180,
158,
787,
390,
147,
83,
44,
890,
148,
167,
242,
145,
48,
212,
344,
786,
146,
260,
178,
118,
349,
98,
95,
852,
292,
329,
165,
216,
287,
195,
378,
272,
763,
118,
177,
145,
816,
130,
176,
139,
48,
592,
233,
145,
649,
516,
133,
488,
127,
265,
559,
84,
227,
768,
638,
39,
450,
207,
573,
131,
188,
575,
117,
859,
126,
152,
95,
261,
485,
609,
242,
97,
51,
483,
828,
618,
564,
204,
191,
82,
207,
591,
211,
82,
440,
954,
111,
324,
287,
182,
355,
282,
128,
250,
417,
579,
360,
215,
102,
104,
188,
155,
99,
282,
198,
548,
168,
549,
148,
145,
45,
120,
327,
320,
874,
294,
39,
793,
873,
157,
280,
39,
220,
290,
285,
950,
350,
138,
44,
981,
236,
41,
177,
214,
265,
274,
256,
175,
964,
160,
382,
222,
208,
194,
47,
959,
306,
408,
46,
196,
361,
358,
214,
451,
79,
237,
355,
359,
46,
200,
141,
187,
43,
194,
124,
186,
185,
39,
177,
170,
190,
144,
174,
208,
136,
40,
138,
157,
115,
302,
379,
337,
392,
104,
468,
359,
413,
98,
37,
361,
97,
516,
74,
300,
386,
362,
393,
303,
361,
97,
352,
321,
463,
380,
321,
36,
386,
332,
424,
311,
496,
133,
401,
313,
245,
365,
294,
202,
566,
459,
313,
260,
821,
445,
424,
549,
634,
924,
911,
42,
302,
474,
275,
23,
231,
289,
518,
238,
316,
309,
229,
281,
518,
42,
656,
209,
344,
529,
634,
274,
363,
211,
301,
577,
620,
42,
403,
373,
211,
204,
303,
287,
255,
320,
370,
278,
205,
316,
280,
211,
426,
278,
294,
41,
371,
220,
224,
199,
606,
344,
196,
417,
465,
199,
390,
407,
245,
43,
199,
178,
550,
540,
160,
151,
380,
229,
432,
49,
549,
455,
318,
353,
552,
157,
359,
391,
352,
200,
242,
153,
391,
601,
396,
482,
125,
151,
296,
125,
245,
429,
195,
164,
149,
388,
155,
202,
403,
628,
205,
147,
479,
365,
253,
393,
872,
450,
373,
169,
492,
354,
279,
390,
432,
264,
283,
141,
178,
333,
325,
504,
41,
432,
468,
186,
214,
217,
136,
424,
201,
237,
343,
436,
134,
420,
382,
341,
305,
411,
388,
234,
403,
537,
46,
455,
350,
452,
435,
74,
381,
672,
346,
424,
435,
431,
413,
161,
366,
665,
418,
281,
354,
220,
400,
338,
683,
239,
427,
329,
412,
345,
204,
447,
641,
329,
288,
345,
409,
276,
45,
262,
182,
397,
144,
360,
243,
485,
41,
220,
480,
260,
423,
179,
220,
566,
168,
167,
435,
492,
155,
186,
487,
132,
59,
40,
142,
124,
142,
93,
144,
249,
120,
366,
40,
207,
482,
1097,
123,
422,
478,
193,
490,
157,
128,
434,
488,
350,
364,
477,
471,
483,
374,
324,
369,
233,
213,
310,
253,
37,
265,
188,
201,
239,
209,
1103,
155,
180,
242,
161,
40,
144,
206,
184,
129,
904,
254,
1067,
85,
88,
41,
400,
882,
986,
375,
409,
1016,
551,
1039,
93,
362,
357,
1006,
401,
304,
1022,
357,
1030,
361,
410,
45,
719,
371,
45,
39,
974,
421,
152,
327,
80,
311,
321,
44,
353,
227,
1081,
1082,
374,
742,
349,
1036,
77,
158,
1029,
312,
348,
335,
51,
1044,
985,
328,
273,
88,
974,
914,
308,
947,
230,
353,
276,
211,
271,
933,
48,
213,
376,
257,
207,
403,
105,
315,
340,
253,
420,
341,
991,
450,
334,
312,
341,
347,
434,
260,
196,
185,
531,
906,
460,
39,
277,
441,
390,
903,
162,
301,
310,
258,
157,
383,
40,
329,
360,
495,
457,
152,
432,
516,
224,
307,
312,
142,
208,
1105,
1073,
434,
162,
1059,
161,
459,
315,
240,
512,
320,
147,
46,
442,
305,
159,
154,
135,
43,
109,
133,
453,
474,
295,
115,
452,
432,
1016,
155,
324,
217,
290,
414,
146,
155,
441,
339,
394,
253,
141,
346,
40,
172,
151,
210,
384,
342,
296,
305,
178,
308,
42,
168,
767,
347,
186,
457,
236,
213,
341,
307,
377,
719,
241,
142,
288,
195,
255,
259,
427,
693,
749,
280,
313,
703,
162,
211,
215,
393,
112,
402,
181,
294,
364,
45,
403,
429,
267,
286,
194,
239,
453,
218,
418,
374,
288,
310,
498,
39,
302,
427,
432,
721,
447,
420,
479,
647,
454,
271,
651,
618,
309,
228,
501,
402,
443,
454,
378,
597,
947,
502,
440,
244,
578,
369,
573,
546,
596,
43,
664,
577,
448,
551,
566,
295,
417,
547,
400,
542,
466,
445,
177,
448,
423,
40,
442,
578,
598,
303,
431,
456,
786,
388,
417,
441,
439,
324,
489,
437,
744,
355,
962,
233,
271,
423,
193,
266,
616,
710,
308,
570,
349,
570,
242,
215,
556,
251,
259,
252,
130,
563,
192,
551,
127,
232,
240,
267,
305,
231,
111,
588,
493,
225,
519,
605,
245,
199,
566,
214,
186,
196,
568,
181,
220,
485,
267,
208,
410,
241,
477,
212,
375,
492,
166,
165,
517,
180,
162,
41,
170,
736,
445,
455,
238,
393,
147,
541,
160,
553,
314,
48,
392,
160,
399,
384,
44,
166,
378,
564,
43,
350,
658,
309,
352,
599,
286,
199,
486,
143,
450,
298,
301,
819,
371,
427,
293,
397,
649,
246,
189,
298,
367,
284,
323,
334,
169,
253,
311,
138,
175,
662,
668,
665,
193,
657,
215,
180,
661,
337,
836,
1032,
617,
345,
675,
178,
1038,
454,
363,
332,
1152,
176,
314,
1123,
385,
659,
457,
148,
136,
1113,
1106,
101,
42,
118,
101,
97,
701,
251,
92,
272,
84,
1112,
466,
356,
482,
39,
278,
340,
1130,
456,
298,
239,
255,
372,
243,
207,
272,
321,
417,
1015,
1132,
81,
621,
410,
1149,
44,
1062,
399,
1100,
290,
1195,
413,
411,
515,
421,
94,
1094,
406,
235,
420,
421,
297,
483,
337,
1092,
348,
942,
320,
343,
332,
1092,
424,
299,
483,
1181,
744,
1158,
772,
350,
1056,
40,
712,
447,
307,
1173,
36,
291,
1070,
90,
368,
228,
313,
126,
1156,
1117,
515,
533,
478,
295,
296,
394,
1182,
532,
252,
366,
488,
153,
177,
370,
449,
444,
272,
48,
1150,
528,
416,
186,
455,
189,
526,
1114,
38,
1218,
501,
246,
428,
453,
254,
165,
40,
486,
273,
468,
250,
269,
366,
204,
404,
203,
333,
541,
245,
243,
240,
318,
279,
183,
562,
47,
294,
217,
180,
458,
215,
259,
299,
164,
168,
455,
228,
255,
172,
49,
207,
43,
166,
365,
280,
222,
179,
237,
321,
43,
47,
559,
179,
552,
181,
280,
196,
452,
41,
43,
178,
193,
338,
168,
388,
157,
137,
43,
170,
457,
597,
52,
169,
166,
39,
138,
647,
164,
149,
275,
336,
190,
88,
94,
542,
553,
227,
179,
704,
523,
174,
259,
832,
577,
477,
121,
72,
320,
515,
313,
641,
255,
319,
476,
505,
191,
434,
308,
337,
591,
461,
85,
433,
726,
112,
635,
389,
623,
432,
332,
386,
395,
188,
364,
383,
169,
630,
199,
410,
354,
126,
500,
314,
560,
326,
262,
103,
300,
404,
259,
43,
968,
380,
312,
422,
539,
475,
454,
187,
250,
132,
514,
302,
1092,
424,
285,
434,
299,
811,
556,
324,
763,
611,
375,
494,
527,
376,
331,
44,
490,
520,
489,
443,
706,
438,
479,
343,
551,
242,
441,
180,
596,
192,
150,
111,
218,
292,
274,
772,
479,
170,
319,
560,
180,
469,
303,
470,
407,
169,
442,
138,
167,
105,
661,
337,
309,
155,
528,
496,
621,
370,
567,
624,
345,
335,
1106,
93,
297,
41,
399,
297,
1079,
365,
515,
597,
622,
379,
371,
477,
554,
511,
472,
294,
453,
381,
38,
563,
457,
576,
48,
506,
45,
384,
205,
181,
499,
355,
233,
158,
346,
115,
430,
523,
433,
397,
468,
365,
880,
143,
448,
202,
814,
479,
520,
123,
395,
462,
805,
84,
708,
41,
823,
716,
704,
819,
714,
65,
703,
214,
218,
209,
710,
702,
698,
66,
697,
703,
211,
692,
297,
695,
337,
352,
310,
691,
190,
687,
377,
208,
676,
368,
59,
44,
357,
495,
492,
330,
365,
353,
172,
311,
348,
489,
177,
279,
297,
164,
334,
489,
290,
273,
309,
292,
454,
115,
78,
396,
271,
263,
98,
283,
490,
476,
352,
271,
464,
500,
244,
257,
91,
88,
293,
252,
489,
490,
358,
244,
242,
80,
466,
342,
268,
244,
235,
79,
317,
208,
229,
240,
1224,
201,
490,
488,
1228,
210,
268,
495,
483,
79,
205,
727,
324,
725,
649,
357,
426,
702,
724,
480,
721,
712,
701,
300,
464,
1373,
690,
489,
699,
472,
688,
320,
480,
694,
281,
391,
469,
686,
488,
1289,
523,
357,
681,
361,
515,
552,
508,
497,
503,
489,
492,
406,
478,
488,
1387,
486,
382,
41,
364,
302,
608,
174,
304,
77,
356,
287,
394,
1246,
1307,
284,
36,
185,
536,
173,
270,
162,
256,
316,
200,
192,
498,
517,
1303,
545,
550,
174,
535,
409,
1334,
1293,
98,
397,
164,
463,
650,
1387,
76,
584,
438,
475,
109,
403,
412,
381,
1327,
400,
649,
383,
463,
420,
275,
348,
447,
39,
1316,
1389,
494,
126,
394,
489,
1240,
351,
37,
290,
243,
358,
160,
414,
36,
387,
1227,
373,
466,
650,
358,
287,
186,
402,
126,
353,
1006,
376,
696,
550,
185,
115,
260,
344,
1358,
343,
184,
345,
1003,
466,
349,
257,
1323,
1011,
184,
315,
970,
292,
1201,
172,
201,
313,
1226,
243,
376,
517,
1140,
1174,
1221,
184,
183,
458,
160,
1133,
351,
185,
366,
222,
203,
1174,
267,
1211,
95,
408,
162,
171,
193,
1247,
165,
497,
147,
257,
1176,
435,
482,
87,
150,
386,
124,
127,
310,
248,
1319,
1211,
43,
566,
120,
164,
105,
139,
265,
43,
308,
42,
38,
598,
543,
582,
221,
580,
182,
449,
104,
578,
813,
255,
49,
600,
498,
52,
318,
455,
717,
318,
666,
526,
209,
600,
603,
77,
208,
196,
491,
39,
52,
469,
201,
625,
627,
345,
544,
313,
337,
459,
318,
272,
157,
634,
188,
531,
431,
499,
127,
131,
273,
429,
494,
40,
626,
280,
202,
172,
502,
396,
234,
461,
634,
158,
606,
565,
151,
478,
617,
546,
553,
608,
143,
131,
576,
469,
129,
579,
599,
565,
40,
117,
464,
489,
495,
320,
372,
295,
312,
90,
520,
429,
42,
87,
469,
619,
637,
481,
376,
486,
425,
404,
310,
255,
490,
359,
262,
1235,
572,
507,
303,
147,
455,
547,
470,
613,
318,
317,
371,
275,
243,
566,
1200,
270,
324,
242,
233,
434,
1192,
434,
570,
606,
278,
288,
374,
1314,
306,
175,
449,
295,
47,
270,
201,
646,
453,
316,
611,
271,
372,
236,
39,
672,
292,
337,
183,
166,
197,
376,
973,
458,
174,
362,
611,
191,
629,
385,
337,
368,
1163,
372,
449,
88,
360,
519,
201,
1110,
530,
44,
366,
686,
1215,
593,
521,
334,
93,
215,
238,
635,
433,
462,
335,
90,
387,
321,
830,
366,
335,
399,
779,
532,
257,
192,
215,
346,
200,
1106,
192,
37,
228,
317,
186,
251,
248,
187,
210,
184,
914,
807,
234,
506,
203,
182,
43,
166,
1041,
501,
336,
164,
356,
497,
512,
38,
130,
111,
167,
343,
99,
186,
885,
43,
306,
206,
354,
345,
152,
367,
263,
210,
137,
470,
161,
437,
514,
453,
112,
167,
453,
45,
1329,
109,
395,
170,
125,
43,
1006,
711,
293,
38,
1100,
259,
424,
250,
58,
75,
57,
156,
368,
1332,
367,
89,
1089,
1259,
1482,
41,
1072,
367,
458,
131,
422,
125,
115,
1190,
411,
275,
1027,
450,
146,
82,
909,
120,
386,
1135,
416,
543,
863,
380,
365,
489,
97,
368,
625,
643,
106,
93,
422,
1140,
379,
422,
1484,
1130,
366,
298,
381,
208,
122,
207,
497,
326,
485,
438,
543,
1022,
112,
122,
136,
1359,
412,
408,
381,
224,
392,
1016,
108,
423,
341,
98,
1143,
551,
456,
43,
383,
363,
41,
304,
335,
235,
396,
889,
43,
546,
371,
368,
351,
408,
371,
541,
1198,
503,
633,
744,
903,
1276,
41,
494,
1406,
475,
689,
211,
44,
624,
59,
191,
688,
143,
191,
1296,
88,
568,
614,
384,
416,
529,
588,
875,
364,
498,
1493,
763,
611,
758,
306,
761,
727,
735,
449,
444,
654,
48,
1241,
495,
458,
1353,
44,
662,
741,
536,
396,
465,
306,
378,
1388,
353,
375,
1482,
556,
42,
546,
414,
256,
423,
51,
318,
329,
302,
386,
939,
128,
512,
450,
275,
755,
661,
235,
389,
772,
315,
395,
472,
244,
758,
301,
348,
238,
463,
214,
402,
409,
624,
265,
433,
43,
1550,
305,
213,
273,
210,
250,
224,
1451,
392,
258,
406,
302,
350,
584,
1394,
277,
223,
409,
374,
564,
319,
321,
185,
1277,
539,
294,
357,
329,
178,
403,
219,
163,
209,
39,
184,
732,
210,
356,
635,
399,
664,
705,
867,
506,
1423,
893,
918,
696,
460,
673,
1073,
384,
151,
696,
293,
274,
1104,
876,
345,
597,
855,
530,
603,
331,
665,
667,
114,
363,
603,
380,
827,
804,
414,
338,
608,
598,
436,
874,
649,
369,
634,
691,
305,
616,
347,
626,
614,
872,
674,
453,
589,
593,
487,
711,
583,
553,
673,
569,
660,
615,
561,
305,
257,
947,
533,
250,
462,
180,
345,
560,
958,
41,
266,
526,
39,
509,
163,
790,
124,
797,
425,
1140,
598,
450,
46,
173,
475,
745,
591,
324,
556,
45,
733,
40,
1242,
666,
213,
566,
704,
190,
42,
563,
428,
194,
44,
206,
707,
194,
193,
1180,
195,
568,
39,
1064,
129,
196,
1235,
195,
418,
1105,
129,
167,
354,
558,
392,
265,
141,
361,
152,
204,
43,
235,
125,
392,
576,
350,
1136,
124,
355,
64,
565,
642,
323,
421,
368,
118,
441,
477,
446,
342,
390,
216,
333,
602,
366,
200,
347,
98,
371,
191,
339,
45,
1294,
263,
212,
314,
122,
588,
200,
933,
1294,
489,
229,
330,
195,
395,
1284,
182,
573,
200,
165,
95,
1118,
130,
76,
186,
113,
130,
129,
1279,
549,
82,
101,
75,
1275,
301,
155,
42,
98,
45,
1103,
102,
1270,
582,
1275,
234,
194,
403,
81,
73,
1296,
395,
38,
522,
456,
309,
315,
345,
134,
289,
550,
203,
236,
119,
549,
1512,
317,
550,
194,
487,
398,
54,
1095,
1607,
410,
424,
744,
394,
912,
450,
121,
692,
498,
449,
97,
675,
466,
94,
413,
430,
173,
812,
1038,
285,
405,
114,
504,
659,
425,
80,
725,
55,
341,
396,
55,
48,
483,
332,
53,
494,
664,
1032,
360,
52,
309,
320,
402,
240,
615,
503,
264,
325,
330,
1410,
508,
288,
190,
298,
232,
205,
1729,
260,
309,
53,
237,
722,
310,
257,
215,
428,
283,
258,
592,
216,
281,
273,
414,
507,
429,
751,
296,
256,
212,
235,
181,
178,
414,
343,
519,
40,
376,
228,
284,
169,
918,
504,
395,
1661,
743,
179,
298,
439,
40,
980,
500,
896,
923,
482,
752,
794,
746,
524,
660,
1669,
600,
641,
921,
280,
436,
758,
824,
531,
606,
166,
922,
641,
821,
43,
1666,
682,
813,
819,
601,
1135,
444,
808,
801,
507,
1484,
668,
712,
1660,
1146,
666,
328,
38,
439,
175,
799,
519,
422,
665,
1644,
507,
662,
1112,
1639,
46,
531,
394,
1118,
577,
1619,
614,
521,
1260,
462,
1089,
1603,
487,
420,
1608,
1056,
75,
801,
1090,
409,
456,
396,
278,
499,
247,
237,
430,
1054,
499,
488,
607,
424,
555,
430,
1605,
207,
180,
1231,
848,
453,
417,
689,
267,
1765,
654,
1173,
651,
1581,
259,
522,
178,
305,
566,
738,
1607,
443,
333,
303,
372,
1183,
460,
127,
150,
719,
1671,
706,
233,
1169,
396,
773,
134,
1656,
201,
538,
76,
510,
669,
619,
1585,
1589,
594,
805,
663,
670,
165,
47,
255,
646,
605,
204,
578,
687,
406,
643,
418,
513,
614,
420,
610,
302,
177,
821,
593,
641,
421,
697,
793,
616,
577,
551,
565,
425,
630,
420,
417,
827,
417,
360,
540,
612,
319,
319,
674,
467,
281,
265,
480,
602,
434,
1572,
574,
312,
199,
808,
160,
584,
451,
147,
162,
407,
333,
146,
306,
600,
97,
444,
215,
815,
416,
684,
167,
563,
501,
160,
1026,
651,
442,
163,
360,
423,
530,
1003,
402,
163,
412,
371,
436,
521,
561,
293,
303,
411,
126,
632,
393,
170,
381,
881,
316,
240,
77,
200,
253,
1094,
381,
45,
184,
413,
182,
345,
530,
1511,
1476,
459,
170,
184,
307,
180,
1237,
171,
45,
136,
1079,
143,
106,
197,
1074,
248,
152,
1067,
95,
148,
83,
104,
1066,
94,
42,
462,
1113,
623,
1109,
536,
1084,
417,
163,
420,
929,
41,
44,
806,
571,
153,
548,
194,
157,
1174,
140,
499,
1195,
107,
195,
269,
523,
1108,
1120,
232,
296,
47,
332,
47,
41,
925,
116,
75,
894,
81,
45,
559,
1779,
670,
80,
927,
1055,
698,
725,
840,
289,
538,
293,
318,
309,
791,
286,
267,
790,
1052,
366,
77,
333,
238,
1762,
185,
351,
312,
229,
1056,
261,
217,
40,
214,
538,
314,
235,
292,
80,
603,
607,
285,
545,
361,
1549,
493,
1181,
219,
300,
520,
294,
1173,
1790,
672,
736,
543,
610,
155,
507,
1264,
1165,
623,
119,
99,
736,
1118,
512,
1768,
412,
1131,
1115,
1100,
541,
734,
1765,
1092,
1788,
724,
636,
709,
501,
801,
451,
496,
799,
796,
1686,
147,
731,
718,
817,
1725,
448,
754,
549,
1705,
731,
39,
115,
557,
418,
643,
538,
814,
417,
490,
603,
1715,
1732,
618,
374,
724,
647,
698,
631,
913,
410,
796,
713,
894,
1754,
737,
659,
532,
679,
1717,
388,
250,
687,
483,
632,
753,
413,
1631,
369,
416,
1744,
469,
317,
399,
386,
858,
286,
304,
332,
539,
359,
186,
385,
618,
436,
753,
348,
304,
221,
55,
292,
1740,
617,
53,
218,
329,
1727,
509,
163,
616,
299,
631,
180,
612,
697,
916,
188,
604,
55,
342,
1695,
624,
198,
439,
37,
337,
44,
646,
181,
335,
618,
584,
161,
610,
148,
969,
1631,
629,
888,
506,
681,
598,
281,
1720,
246,
745,
652,
100,
1583,
45,
543,
224,
494,
486,
1682,
464,
581,
237,
476,
493,
599,
266,
712,
169,
459,
564,
40,
119,
396,
1641,
1652,
734,
359,
341,
36,
481,
485,
287,
407,
196,
1678,
187,
767,
984,
559,
463,
42,
761,
58,
535,
402,
117,
746,
516,
496,
420,
724,
743,
500,
108,
43,
490,
463,
225,
120,
439,
436,
642,
104,
434,
480,
144,
304,
504,
400,
370,
338,
119,
271,
206,
546,
433,
357,
722,
561,
282,
670,
671,
431,
391,
598,
510,
550,
253,
1363,
496,
1136,
539,
541,
1239,
1117,
50,
1109,
494,
633,
588,
175,
45,
1093,
1380,
1068,
553,
37,
1332,
1235,
385,
309,
295,
1119,
215,
162,
430,
534,
249,
449,
419,
271,
632,
1019,
114,
138,
436,
240,
21,
1084,
309,
293,
471,
43,
357,
277,
177,
662,
497,
391,
485,
299,
432,
408,
194,
320,
184,
1392,
603,
480,
317,
214,
260,
273,
38,
253,
248,
301,
209,
460,
388,
213,
1166,
257,
241,
1244,
227,
415,
230,
326,
219,
260,
344,
482,
188,
262,
94,
147,
230,
122,
385,
239,
201,
207,
160,
96,
222,
227,
176,
233,
226,
230,
203,
214,
152,
154,
182,
556,
169,
175,
152,
202,
229,
42,
155,
144,
274,
208,
205,
1330,
224,
197,
150,
1452,
147,
185,
280,
205,
1622,
216,
1028,
298,
201,
652,
176,
205,
40,
252,
1138,
205,
118,
145,
1133,
633,
174,
1393,
1132,
1144,
157,
204,
1139,
157,
1496,
280,
230,
590,
1133,
120,
1128,
643,
187,
130,
148,
1122,
151,
222,
146,
582,
1516,
1128,
150,
615,
117,
36,
962,
1136,
592,
165,
957,
1426,
106,
961,
956,
954,
951,
100,
949,
91,
947,
195,
153,
54,
945,
943,
50,
940,
239,
935,
250,
46,
45,
40,
90,
940,
101,
41,
935,
109,
39,
227,
41,
88,
206,
331,
665,
935,
462,
933,
1126,
114,
78,
943,
1385,
200,
79,
290,
158,
1163,
308,
174,
157,
149,
158,
51,
1198,
231,
144,
186,
130,
42,
59,
117,
784,
1834,
1773,
76,
1761,
48,
43,
622,
42,
117,
122,
245,
40,
282,
1751,
42,
249,
742,
1785,
459,
40,
480,
1770,
1733,
561,
611,
1479,
451,
641,
1019,
751,
62,
603,
479,
1416,
402,
48,
1387,
252,
519,
484,
48,
202,
41,
45,
488,
281,
53,
415,
1828,
1510,
466,
40,
200,
1330,
476,
452,
434,
268,
195,
181,
293,
145,
438,
473,
192,
158,
1804,
1732,
187,
186,
1824,
262,
47,
1741,
186,
1702,
522,
43,
448,
173,
1707,
180,
510,
414,
170,
179,
44,
552,
508,
1772,
766,
153,
143,
139,
183,
1813,
417,
1741,
148,
525,
686,
493,
1202,
490,
138,
679,
1181,
555,
157,
413,
159,
1137,
1238,
1037,
449,
543,
454,
1832,
1026,
409,
608,
1021,
40,
1227,
1043,
419,
1019,
43,
1130,
467,
1166,
42,
725,
508,
715,
499,
43,
295,
1827,
747,
473,
668,
1846,
37,
641,
287,
323,
481,
366,
837,
418,
88,
1769,
800,
279,
648,
628,
1149,
711,
1029,
1840,
47,
756,
78,
820,
579,
452,
719,
384,
571,
602,
709,
224,
796,
574,
349,
399,
895,
365,
783,
1031,
247,
451,
591,
489,
418,
1848,
698,
401,
267,
784,
192,
643,
381,
414,
713,
39,
496,
429,
561,
251,
503,
55,
340,
483,
820,
302,
501,
1160,
474,
604,
435,
40,
355,
377,
339,
389,
326,
215,
364,
791,
40,
837,
386,
1789,
252,
518,
206,
525,
362,
511,
823,
542,
45,
196,
514,
328,
867,
452,
466,
422,
620,
549,
745,
244,
395,
326,
319,
683,
167,
543,
754,
554,
712,
247,
349,
330,
603,
39,
349,
233,
247,
761,
700,
832,
675,
556,
371,
42,
801,
472,
96,
657,
509,
110,
438,
79,
723,
362,
120,
194,
1351,
376,
712,
44,
1395,
377,
513,
40,
38,
1797,
185,
1779,
197,
201,
1371,
145,
1797,
366,
340,
311,
161,
43,
145,
184,
117,
150,
156,
113,
125,
132,
313,
261,
365,
386,
223,
184,
179,
272,
182,
300,
159,
231,
158,
165,
110,
117,
749,
158,
1711,
134,
110,
108,
1259,
219,
735,
76,
148,
1450,
1636,
248,
181,
144,
131,
138,
1860,
75,
368,
1128,
75,
744,
717,
1530,
1534,
84,
781,
82,
47,
402,
344,
494,
333,
367,
361,
860,
342,
310,
390,
447,
312,
381,
350,
318,
364,
344,
329,
316,
285,
399,
1138,
1145,
1006,
905,
1123,
981,
1132,
989,
1169,
988,
1264,
2025,
341,
1244,
1247,
1231,
480,
590,
1224,
774,
1212,
546,
176,
1621,
944,
46,
314,
607,
147,
715,
767,
1206,
145,
726,
874,
1172,
120,
445,
2038,
341,
106,
937,
1020,
446,
340,
757,
1984,
2019,
42,
445,
526,
1039,
1984,
113,
320,
105,
1273,
100,
1298,
641,
340,
1248,
1981,
601,
1448,
1994,
97,
336,
924,
395,
39,
84,
1982,
335,
846,
1353,
82,
417,
1039,
421,
557,
72,
606,
552,
466,
222,
56,
527,
477,
658,
521,
1217,
831,
52,
499,
41,
512,
506,
266,
550,
370,
406,
206,
38,
1993,
166,
205,
1993,
491,
787,
510,
647,
192,
616,
204,
372,
2038,
394,
189,
472,
750,
345,
579,
1974,
1068,
1998,
161,
188,
207,
466,
394,
956,
170,
961,
1986,
971,
160,
2017,
909,
149,
444,
1913,
206,
489,
127,
390,
793,
39,
1883,
162,
622,
1900,
211,
980,
883,
40,
1895,
875,
615,
864,
1985,
44,
102,
193,
329,
527,
40,
844,
1463,
498,
1896,
122,
43,
473,
592,
466,
39,
862,
121,
856,
1999,
477,
455,
1893,
687,
466,
490,
39,
506,
360,
828,
969,
2032,
490,
308,
945,
129,
1951,
359,
460,
489,
353,
433,
977,
1907,
372,
654,
888,
918,
628,
486,
408,
108,
1889,
40,
389,
965,
565,
457,
276,
1911,
607,
1850,
667,
602,
731,
1105,
489,
414,
411,
1133,
2035,
500,
650,
941,
967,
460,
671,
279,
342,
333,
650,
590,
850,
505,
2049,
643,
45,
301,
373,
380,
634,
453,
800,
673,
489,
44,
663,
355,
252,
632,
340,
634,
182,
39,
479,
40,
250,
561,
1121,
150,
952,
340,
154,
684,
968,
382,
841,
532,
328,
446,
437,
701,
304,
411,
356,
408,
1114,
488,
42,
168,
193,
40,
856,
217,
654,
262,
173,
890,
805,
200,
316,
1819,
104,
820,
149,
345,
182,
430,
218,
215,
1777,
118,
268,
41,
191,
1594,
149,
1607,
227,
138,
944,
629,
45,
174,
245,
158,
150,
130,
250,
905,
846,
201,
1085,
251,
135,
345,
45,
910,
328,
1342,
1562,
362,
320,
646,
159,
1130,
209,
369,
1357,
151,
681,
140,
746,
240,
682,
999,
166,
142,
133,
1313,
1284,
1316,
147,
1630,
341,
346,
916,
747,
357,
343,
1786,
440,
354,
323,
935,
318,
514,
907,
269,
501,
981,
191,
100,
363,
1512,
1730,
417,
273,
346,
742,
307,
257,
279,
905,
853,
1322,
948,
372,
239,
1547,
1316,
267,
207,
377,
459,
375,
345,
294,
369,
392,
264,
311,
295,
380,
393,
250,
872,
1948,
738,
234,
263,
204,
284,
216,
244,
871,
218,
236,
145,
1019,
167,
238,
265,
154,
245,
263,
189,
334,
1180,
1507,
1001,
565,
203,
1700,
242,
1728,
573,
904,
158,
1167,
573,
1203,
1028,
1816,
977,
836,
363,
560,
555,
1128,
920,
227,
194,
100,
93,
98,
1044,
75,
557,
116,
108,
335,
79,
588,
75,
102,
89,
887,
71,
70,
777,
671,
71,
296,
1481,
60,
573,
278,
343,
59,
236,
143,
576,
603,
504,
831,
55,
863,
342,
1000,
511,
38,
915,
1978,
340,
1268,
37,
897,
205,
1085,
898,
2173,
187,
540,
394,
1011,
610,
713,
187,
568,
949,
743,
771,
417,
703,
40,
408,
501,
774,
610,
686,
231,
39,
878,
182,
845,
485,
578,
181,
649,
841,
736,
2044,
45,
1447,
2188,
276,
415,
422,
2023,
466,
1028,
492,
945,
403,
215,
47,
1116,
486,
585,
495,
584,
703,
488,
42,
914,
563,
753,
335,
979,
360,
715,
2090,
502,
264,
829,
815,
443,
985,
1099,
584,
2050,
1256,
1988,
1004,
899,
580,
1021,
283,
637,
422,
356,
830,
720,
503,
501,
1081,
529,
972,
191,
400,
335,
2205,
519,
2198,
267,
553,
995,
514,
661,
520,
225,
2028,
505,
354,
905,
1867,
566,
1127,
1246,
1007,
491,
1094,
729,
1978,
1048,
1037,
911,
1090,
978,
327,
2055,
1253,
282,
852,
856,
483,
842,
1876,
313,
1034,
436,
214,
138,
506,
557,
2042,
284,
997,
252,
152,
258,
467,
256,
391,
269,
865,
2080,
230,
1744,
847,
421,
580,
240,
333,
247,
654,
562,
2101,
1647,
808,
783,
942,
169,
150,
155,
969,
241,
787,
1748,
462,
1850,
117,
817,
773,
697,
283,
439,
257,
146,
433,
1723,
836,
532,
579,
342,
738,
785,
393,
187,
2210,
230,
280,
1880,
1873,
193,
799,
385,
220,
698,
1680,
780,
298,
731,
773,
166,
483,
174,
312,
1861,
872,
413,
438,
363,
844,
453,
1293,
335,
406,
533,
1035,
1024,
696,
203,
1365,
812,
1309,
825,
948,
1286,
687,
841,
320,
348,
533,
1295,
1298,
935,
1301,
1186,
960,
949,
339,
1279,
757,
468,
1298,
944,
1295,
485,
1087,
666,
469,
657,
1040,
655,
219,
391,
473,
713,
931,
2068,
650,
1283,
667,
483,
472,
1644,
280,
649,
623,
440,
113,
494,
288,
329,
636,
89,
259,
269,
345,
182,
468,
239,
276,
788,
328,
171,
417,
617,
832,
251,
294,
246,
649,
421,
338,
76,
441,
259,
232,
221,
184,
129,
415,
122,
259,
540,
1124,
149,
216,
192,
213,
217,
166,
204,
632,
247,
256,
399,
278,
718,
150,
143,
208,
241,
218,
370,
374,
1466,
206,
996,
1553,
197,
309,
117,
233,
366,
1517,
1521,
187,
1023,
250,
165,
83,
841,
1023,
149,
343,
124,
126,
335,
121,
371,
594,
82,
329,
327,
37,
118,
116,
326,
322,
115,
303,
621,
828,
278,
993,
90,
1273,
454,
111,
352,
695,
1754,
120,
985,
109,
103,
245,
100,
968,
459,
96,
350,
360,
2081,
321,
1059,
555,
369,
97,
1900,
92,
284,
2070,
91,
928,
345,
294,
51,
85,
350,
388,
235,
457,
84,
350,
408,
70,
462,
223,
105,
205,
69,
1567,
936,
495,
73,
69,
874,
60,
153,
1568,
207,
132,
957,
1564,
977,
125,
114,
630,
887,
899,
119,
1572,
1417,
316,
917,
244,
76,
1571,
862,
318,
974,
208,
934,
590,
643,
729,
436,
44,
534,
259,
2188,
562,
841,
188,
1074,
1047,
2111,
926,
529,
676,
650,
919,
981,
1021,
829,
461,
454,
190,
40,
416,
1261,
673,
1108,
1136,
1217,
291,
1180,
1113,
1192,
432,
1102,
1175,
736,
279,
1198,
293,
160,
275,
1070,
289,
621,
333,
268,
210,
384,
251,
274,
349,
286,
264,
334,
248,
1977,
987,
189,
758,
225,
289,
155,
2014,
192,
203,
728,
615,
923,
133,
797,
1098,
1429,
149,
48,
96,
912,
1468,
206,
388,
47,
823,
241,
631,
149,
153,
45,
1424,
633,
604,
531,
184,
1996,
1053,
1094,
216,
857,
233,
1906,
146,
638,
1236,
563,
621,
1978,
645,
1225,
520,
877,
487,
813,
297,
625,
617,
1002,
144,
290,
1053,
1032,
610,
1967,
633,
213,
639,
434,
609,
111,
1224,
291,
1930,
784,
261,
620,
356,
598,
406,
1054,
189,
207,
277,
579,
1787,
702,
286,
1055,
573,
301,
220,
282,
219,
793,
666,
653,
2105,
404,
191,
294,
216,
388,
1653,
687,
216,
520,
775,
483,
569,
325,
2039,
582,
1688,
104,
99,
652,
1672,
747,
427,
515,
330,
321,
297,
396,
426,
1671,
1900,
377,
2279,
295,
1670,
438,
732,
291,
330,
427,
1660,
1899,
499,
305,
716,
350,
329,
266,
842,
342,
304,
322,
801,
1991,
338,
226,
323,
790,
469,
217,
177,
175,
790,
333,
284,
387,
152,
774,
144,
471,
351,
752,
325,
1142,
2305,
1897,
438,
787,
250,
212,
410,
434,
328,
2296,
323,
537,
201,
298,
471,
205,
177,
279,
455,
99,
945,
119,
1943,
167,
1193,
158,
221,
162,
450,
467,
125,
413,
1503,
409,
155,
656,
365,
740,
151,
157,
2134,
2277,
147,
151,
146,
1940,
402,
141,
139,
1931,
2138,
189,
130,
2126,
165,
885,
746,
121,
267,
132,
222,
212,
740,
871,
116,
99,
342,
814,
155,
526,
434,
167,
116,
374,
1547,
253,
2352,
161,
327,
300,
859,
423,
112,
1940,
343,
116,
97,
410,
74,
109,
281,
436,
106,
390,
245,
101,
662,
97,
352,
91,
350,
67,
348,
128,
308,
303,
269,
336,
79,
60,
251,
54,
52,
413,
394,
301,
289,
47,
309,
42,
368,
307,
288,
231,
949,
41,
222,
655,
212,
46,
385,
372,
177,
920,
163,
609,
160,
276,
383,
138,
43,
611,
92,
385,
380,
41,
351,
90,
602,
80,
48,
378,
365,
44,
43,
370,
40,
1954,
255,
362,
357,
220,
355,
344,
190,
329,
93,
379,
1380,
906,
175,
104,
165,
354,
103,
25,
920,
189,
1162,
272,
582,
1778,
1162,
353,
359,
579,
352,
1030,
1921,
356,
579,
576,
426,
574,
899,
568,
560,
347,
429,
558,
1897,
206,
553,
412,
921,
2341,
407,
939,
800,
669,
257,
372,
170,
425,
643,
550,
934,
152,
295,
899,
555,
704,
414,
243,
204,
1029,
180,
764,
221,
318,
225,
1168,
656,
553,
758,
241,
778,
428,
216,
203,
416,
251,
611,
409,
911,
409,
565,
200,
381,
428,
192,
1026,
1194,
204,
528,
681,
582,
2062,
581,
523,
1028,
555,
579,
518,
196,
534,
213,
2353,
195,
366,
219,
465,
856,
194,
202,
332,
201,
608,
440,
281,
194,
222,
341,
523,
439,
389,
343,
358,
336,
402,
440,
339,
521,
322,
735,
336,
834,
334,
318,
446,
519,
449,
327,
454,
262,
274,
927,
748,
376,
224,
248,
223,
444,
501,
216,
465,
452,
214,
456,
593,
175,
482,
1339,
454,
1432,
1758,
770,
536,
453,
1858,
864,
817,
661,
450,
1978,
733,
909,
993,
2219,
545,
700,
1954,
456,
537,
840,
667,
1941,
740,
448,
2098,
450,
988,
417,
423,
1513,
962,
2271,
977,
919,
434,
211,
222,
505,
1832,
957,
446,
416,
1997,
407,
118,
929,
1973,
400,
104,
213,
387,
142,
922,
834,
117,
441,
691,
2102,
2469,
88,
1848,
654,
399,
104,
374,
784,
89,
103,
1258,
2480,
307,
844,
187,
591,
422,
531,
254,
114,
919,
394,
2017,
105,
99,
1101,
719,
548,
489,
246,
93,
530,
514,
546,
478,
2025,
471,
87,
933,
470,
270,
333,
2289,
82,
1279,
434,
481,
568,
356,
2280,
460,
113,
78,
76,
876,
508,
435,
581,
65,
355,
400,
1085,
240,
986,
536,
86,
450,
58,
472,
51,
738,
2507,
521,
108,
314,
50,
313,
2122,
351,
268,
275,
47,
2131,
43,
2319,
42,
263,
1102,
1756,
2466,
2382,
452,
480,
403,
2267,
254,
312,
381,
206,
41,
487,
186,
2021,
260,
415,
123,
42,
398,
166,
118,
1993,
393,
388,
42,
1321,
95,
479,
2498,
89,
396,
87,
2466,
1162,
40,
525,
2544,
74,
1550,
90,
75,
465,
335,
305,
2383,
947,
972,
2475,
302,
2424,
265,
478,
252,
2020,
1078,
41,
296,
251,
1157,
953,
302,
966,
227,
1041,
225,
976,
212,
493,
932,
41,
295,
744,
1160,
587,
40,
249,
480,
345,
183,
206,
721,
40,
1125,
76,
129,
133,
749,
128,
321,
1168,
15,
379,
318,
1174,
355,
1255,
1175,
406,
1173,
1532,
363,
349,
775,
378,
375,
1157,
1187,
1185,
717,
553,
542,
572,
1174,
1172,
582,
1017,
546,
538,
1170,
661,
1164,
533,
1243,
343,
512,
543,
519,
341,
530,
533,
567,
508,
577,
424,
560,
565,
587,
580,
521,
558,
188,
75,
681,
547,
74,
476,
652,
334,
2372,
414,
986,
368,
189,
1436,
590,
427,
184,
682,
718,
627,
24,
413,
768,
184,
408,
671,
860,
183,
886,
405,
183,
179,
815,
353,
2339,
1194,
349,
673,
578,
668,
2318,
175,
374,
374,
432,
379,
1426,
646,
398,
261,
572,
358,
1254,
368,
850,
340,
256,
374,
1253,
301,
173,
755,
334,
171,
628,
485,
229,
517,
319,
334,
368,
168,
224,
2420,
267,
221,
437,
522,
296,
249,
504,
245,
395,
479,
256,
2105,
235,
129,
251,
171,
600,
2518,
169,
176,
1033,
261,
624,
1322,
1273,
312,
640,
687,
615,
660,
139,
610,
2519,
42,
511,
523,
104,
461,
2279,
1054,
904,
1155,
604,
523,
668,
252,
2333,
1095,
442,
978,
88,
1025,
338,
585,
427,
1003,
867,
106,
522,
94,
564,
2054,
1021,
84,
560,
498,
958,
495,
878,
476,
1332,
837,
75,
1102,
120,
1115,
55,
410,
511,
1109,
683,
430,
626,
428,
396,
809,
562,
387,
475,
42,
481,
446,
386,
464,
385,
2293,
353,
543,
476,
40,
1091,
1068,
530,
469,
374,
308,
971,
431,
42,
365,
458,
435,
454,
1137,
406,
523,
647,
481,
540,
1502,
41,
446,
407,
469,
2528,
440,
1131,
526,
298,
517,
2549,
460,
36,
425,
1056,
465,
35,
307,
997,
708,
473,
386,
319,
483,
409,
2100,
977,
1311,
500,
753,
146,
736,
984,
936,
496,
36,
433,
2651,
2527,
111,
762,
527,
878,
2640,
1277,
187,
205,
369,
1291,
2645,
175,
754,
1149,
266,
1144,
174,
1155,
512,
495,
310,
684,
517,
1143,
497,
2175,
1344,
209,
45,
127,
180,
174,
1311,
113,
689,
100,
440,
104,
98,
1296,
45,
49,
90,
2657,
1523,
1180,
41,
936,
707,
77,
543,
1995,
525,
42,
2598,
365,
1232,
41,
732,
2010,
541,
365,
546,
532,
1039,
511,
365,
629,
591,
527,
621,
505,
2414,
548,
497,
513,
99,
501,
2554,
508,
426,
1225,
376,
43,
314,
2659,
692,
568,
643,
492,
367,
2655,
42,
894,
74,
982,
80,
366,
401,
1007,
745,
2396,
731,
508,
43,
484,
501,
487,
490,
321,
43,
378,
210,
2490,
525,
375,
2400,
2644,
162,
2002,
387,
391,
66,
505,
457,
995,
469,
495,
1179,
792,
327,
126,
1007,
1169,
331,
1125,
1596,
96,
173,
373,
346,
354,
1279,
1409,
400,
2227,
70,
499,
834,
51,
524,
751,
1138,
74,
801,
1070,
345,
1240,
331,
730,
814,
323,
738,
604,
637,
457,
589,
341,
1245,
555,
413,
1052,
601,
1092,
344,
545,
481,
421,
602,
510,
466,
694,
380,
366,
124,
572,
547,
341,
2064,
392,
607,
571,
298,
522,
1460,
2056,
185,
153,
503,
1414,
443,
419,
1615,
547,
338,
505,
148,
2695,
500,
92,
2669,
683,
617,
789,
1487,
2388,
560,
78,
697,
530,
579,
78,
678,
881,
76,
1033,
515,
1218,
639,
2254,
1003,
519,
76,
354,
1102,
1705,
73,
126,
623,
238,
868,
465,
800,
1093,
968,
536,
714,
756,
1080,
53,
1066,
2039,
1074,
608,
601,
1459,
612,
1004,
53,
312,
2328,
902,
52,
888,
640,
132,
711,
980,
46,
1887,
1191,
957,
596,
46,
495,
1321,
44,
670,
966,
595,
1070,
1626,
1056,
575,
494,
638,
341,
40,
409,
500,
543,
524,
392,
557,
458,
664,
382,
306,
635,
539,
457,
805,
365,
355,
343,
1141,
308,
1176,
1130,
248,
302,
645,
338,
663,
726,
40,
248,
413,
583,
1115,
285,
885,
1183,
345,
352,
471,
272,
611,
283,
894,
619,
293,
448,
416,
42,
1959,
476,
327,
779,
38,
553,
439,
536,
458,
686,
434,
968,
673,
1797,
600,
1368,
601,
330,
1545,
1354,
976,
603,
542,
1167,
725,
1768,
920,
659,
162,
455,
509,
1008,
330,
38,
373,
433,
1558,
698,
376,
624,
480,
1800,
439,
798,
664,
402,
467,
1758,
2633,
1858,
433,
998,
2865,
998,
881,
1773,
405,
1088,
1646,
383,
461,
302,
358,
642,
624,
206,
1625,
225,
215,
1726,
214,
209,
1532,
201,
884,
209,
209,
1165,
216,
198,
1528,
63,
241,
169,
608,
95,
1070,
883,
678,
230,
386,
213,
2591,
615,
196,
862,
160,
231,
1384,
2670,
1532,
1527,
900,
1531,
2407,
1523,
1392,
1527,
241,
1522,
1515,
1519,
1514,
1324,
2416,
552,
109,
1349,
1344,
585,
2753,
104,
1290,
120,
1261,
109,
1341,
2348,
2405,
2551,
105,
224,
2823,
96,
2569,
2433,
1020,
97,
2397,
213,
93,
2343,
2421,
226,
494,
199,
223,
2321,
192,
200,
2816,
208,
2395,
1346,
1779,
1526,
2361,
82,
100,
233,
2793,
731,
1546,
154,
228,
2776,
659,
214,
1389,
81,
1601,
604,
123,
79,
224,
1600,
2774,
117,
858,
2769,
2774,
250,
2370,
2744,
218,
239,
245,
213,
219,
213,
2663,
105,
238,
1380,
2405,
2718,
808,
1284,
2024,
507,
877,
202,
600,
1052,
873,
227,
198,
1610,
672,
1599,
1641,
210,
119,
154,
210,
889,
823,
877,
549,
260,
141,
131,
506,
876,
564,
152,
121,
137,
94,
103,
328,
127,
96,
82,
1221,
556,
510,
1668,
76,
300,
509,
593,
550,
587,
186,
584,
72,
2474,
857,
71,
2717,
1233,
70,
153,
356,
1828,
67,
71,
1184,
546,
1701,
357,
1060,
68,
65,
429,
1274,
66,
379,
316,
50,
349,
1765,
484,
361,
284,
421,
341,
297,
41,
386,
698,
2085,
213,
436,
1259,
637,
1653,
339,
182,
248,
1264,
2722,
995,
306,
429,
1264,
290,
830,
344,
659,
288,
602,
40,
632,
270,
2704,
1105,
319,
1471,
554,
1477,
40,
433,
689,
1069,
312,
432,
326,
1268,
1463,
2459,
1082,
1470,
285,
1524,
1267,
767,
2050,
1265,
1450,
431,
1456,
980,
702,
1274,
38,
688,
1271,
1347,
653,
1501,
1470,
1703,
1570,
297,
796,
39,
1207,
378,
1483,
1122,
1256,
1778,
1332,
720,
826,
671,
1451,
1241,
664,
1702,
515,
1675,
1468,
806,
738,
46,
795,
473,
502,
1450,
1181,
785,
652,
1449,
1808,
480,
497,
44,
578,
547,
477,
630,
639,
526,
1442,
256,
1465,
656,
651,
590,
1135,
306,
646,
1250,
660,
1217,
486,
324,
1083,
1224,
360,
2570,
316,
343,
1265,
524,
483,
338,
1377,
545,
453,
1151,
333,
631,
1745,
324,
337,
737,
851,
849,
816,
996,
284,
837,
677,
1000,
1022,
174,
1011,
1230,
987,
1550,
994,
1014,
959,
987,
944,
322,
316,
1319,
94,
1061,
781,
983,
2561,
309,
305,
1744,
233,
439,
313,
774,
988,
772,
983,
308,
1135,
1607,
987,
1196,
440,
230,
975,
194,
1630,
197,
785,
226,
676,
226,
186,
783,
297,
322,
441,
239,
355,
2659,
636,
1776,
778,
205,
246,
2465,
236,
503,
176,
1699,
192,
231,
529,
1703,
162,
162,
229,
2480,
206,
200,
142,
148,
1532,
1753,
782,
1531,
2598,
503,
2583,
1134,
1015,
207,
1771,
348,
2598,
130,
1095,
2848,
1139,
197,
2835,
200,
117,
1129,
777,
2826,
787,
772,
1533,
116,
1614,
786,
197,
209,
522,
2587,
115,
1963,
574,
522,
786,
1327,
115,
558,
782,
1152,
211,
1963,
566,
365,
147,
192,
95,
2503,
589,
199,
779,
94,
838,
2637,
777,
203,
1330,
468,
188,
198,
2403,
770,
180,
2611,
195,
89,
125,
580,
96,
590,
390,
570,
104,
924,
583,
205,
1754,
198,
392,
730,
582,
184,
78,
393,
1574,
597,
180,
488,
2176,
2841,
206,
200,
2047,
113,
118,
2698,
113,
197,
2458,
153,
114,
143,
100,
140,
144,
106,
626,
102,
96,
2863,
117,
101,
422,
87,
86,
420,
513,
85,
77,
73,
573,
77,
66,
65,
469,
60,
58,
906,
478,
748,
424,
54,
396,
403,
353,
416,
1734,
1391,
716,
474,
303,
445,
576,
1672,
393,
405,
53,
916,
404,
636,
266,
575,
1283,
47,
1447,
1819,
1316,
700,
508,
59,
574,
282,
47,
421,
314,
574,
2770,
364,
569,
249,
803,
1494,
279,
583,
48,
301,
40,
679,
330,
943,
278,
591,
405,
584,
380,
256,
1777,
221,
202,
2774,
333,
552,
257,
565,
190,
468,
636,
671,
806,
717,
562,
1127,
2773,
813,
629,
58,
1484,
716,
45,
605,
337,
57,
1463,
935,
1476,
1452,
1435,
1674,
1464,
652,
746,
1659,
1782,
1265,
1635,
586,
1569,
652,
1100,
1910,
1284,
1432,
1263,
1429,
1428,
1469,
1659,
1758,
1477,
1505,
43,
1617,
557,
1494,
38,
1617,
1487,
1402,
1386,
670,
396,
1318,
1130,
993,
113,
374,
1423,
1640,
1131,
1397,
398,
952,
1449,
1236,
42,
1284,
1478,
1289,
335,
651,
380,
42,
568,
646,
1183,
1217,
636,
368,
1965,
43,
645,
1935,
1537,
2932,
902,
344,
2609,
868,
1059,
1528,
1152,
1002,
623,
373,
1672,
868,
279,
1876,
220,
1668,
433,
368,
523,
225,
2762,
685,
683,
1550,
572,
516,
218,
698,
331,
42,
641,
613,
2917,
346,
582,
225,
677,
1902,
1324,
564,
1016,
688,
954,
1658,
520,
1053,
2283,
1805,
392,
553,
214,
707,
612,
701,
2751,
853,
1860,
1646,
826,
890,
1360,
689,
1196,
438,
647,
541,
1961,
1351,
482,
395,
1385,
1635,
402,
714,
459,
155,
739,
391,
1649,
1298,
902,
212,
1883,
2926,
2000,
1269,
693,
1853,
628,
70,
694,
1272,
1767,
477,
437,
1759,
2113,
215,
1287,
222,
1625,
234,
1112,
1056,
1358,
532,
850,
211,
1545,
1664,
627,
228,
1471,
524,
2757,
217,
2716,
614,
171,
213,
666,
519,
2929,
377,
209,
396,
2791,
1846,
1174,
1333,
215,
394,
522,
446,
2041,
1813,
136,
519,
650,
370,
219,
132,
211,
417,
251,
378,
746,
1244,
192,
251,
527,
2750,
433,
2907,
369,
216,
213,
1205,
1201,
1927,
213,
2937,
525,
1395,
1927,
519,
393,
1541,
253,
2755,
1372,
1744,
1926,
515,
1925,
1378,
1370,
1758,
559,
193,
207,
2978,
1360,
175,
1185,
187,
1351,
507,
173,
498,
2581,
172,
1175,
170,
1182,
2889,
123,
115,
1171,
420,
2616,
214,
1678,
1188,
942,
1167,
1177,
2590,
1183,
487,
115,
495,
424,
81,
834,
86,
1078,
169,
178,
1954,
2781,
1175,
2849,
162,
992,
2383,
569,
1164,
1348,
1951,
282,
2878,
442,
387,
829,
485,
412,
447,
228,
104,
407,
382,
119,
102,
116,
2874,
97,
2847,
452,
2624,
115,
814,
404,
2614,
2925,
794,
957,
100,
91,
172,
676,
59,
90,
88,
64,
2786,
87,
770,
292,
80,
2789,
80,
1811,
76,
63,
73,
755,
73,
59,
295,
58,
1839,
74,
48,
1799,
1619,
2002,
45,
43,
176,
1460,
253,
1694,
38,
138,
467,
1805,
122,
180,
81,
40,
94,
121,
226,
36,
1000,
750,
1027,
728,
944,
624,
781,
974,
522,
855,
645,
40,
374,
726,
790,
39,
1031,
604,
363,
420,
358,
941,
928,
322,
339,
313,
701,
359,
281,
538,
573,
621,
578,
694,
703,
2966,
551,
528,
522,
456,
532,
527,
364,
971,
449,
740,
240,
410,
266,
311,
356,
345,
2307,
371,
390,
339,
541,
2951,
416,
224,
263,
659,
307,
269,
230,
1402,
2261,
234,
1539,
49,
437,
2940,
340,
308,
348,
1916,
402,
54,
844,
345,
1434,
2021,
316,
252,
380,
692,
50,
258,
395,
1401,
615,
1949,
1042,
2517,
1369,
1476,
1115,
534,
1034,
1020,
1195,
1439,
2018,
318,
1024,
1369,
1264,
1115,
1185,
1345,
1011,
1148,
1767,
1107,
1065,
1321,
1077,
587,
2071,
630,
1091,
1257,
437,
639,
801,
562,
434,
814,
577,
794,
540,
1266,
427,
799,
1810,
490,
1091,
2083,
801,
540,
1952,
111,
785,
527,
1882,
449,
590,
523,
2948,
778,
1266,
370,
681,
799,
1199,
1128,
773,
2330,
2325,
784,
628,
1916,
714,
1549,
1279,
781,
770,
802,
423,
2109,
1006,
739,
468,
153,
642,
91,
1538,
1513,
706,
696,
255,
683,
722,
1294,
612,
106,
2959,
98,
998,
826,
103,
1770,
2137,
1901,
254,
2953,
581,
260,
432,
255,
2973,
1107,
1094,
246,
394,
373,
2957,
2917,
280,
1499,
724,
2950,
370,
257,
407,
689,
177,
183,
254,
789,
356,
270,
310,
904,
1326,
255,
2114,
298,
481,
175,
163,
712,
170,
278,
164,
727,
115,
151,
142,
713,
130,
112,
253,
642,
703,
697,
204,
192,
624,
116,
619,
156,
154,
113,
111,
609,
1174,
103,
98,
2189,
111,
94,
120,
620,
754,
1176,
1173,
112,
641,
93,
135,
746,
620,
88,
197,
126,
438,
111,
92,
546,
495,
79,
977,
1165,
615,
104,
73,
981,
607,
976,
120,
615,
106,
1975,
95,
105,
57,
2987,
81,
1946,
1936,
1578,
1945,
378,
45,
444,
39,
54,
362,
418,
1341,
236,
1832,
914,
1827,
42,
379,
1561,
539,
920,
77,
947,
1344,
463,
1004,
1591,
39,
1583,
481,
1816,
479,
2161,
359,
77,
39,
1831,
462,
2002,
1375,
347,
41,
1565,
2118,
826,
701,
503,
40,
345,
564,
687,
2767,
106,
1628,
1123,
1640,
1511,
372,
37,
368,
2702,
1582,
1603,
1380,
2233,
215,
1441,
2584,
363,
1864,
41,
2432,
59,
1389,
1199,
2439,
2445,
363,
361,
1194,
1343,
2071,
619,
1655,
361,
1970,
1024,
707,
1406,
947,
1136,
413,
356,
820,
1026,
355,
338,
941,
2172,
1203,
1034,
1016,
1423,
352,
538,
188,
347,
41,
567,
169,
609,
905,
1417,
955,
67,
676,
1431,
267,
50,
1839,
905,
517,
1585,
371,
2264,
359,
1588,
369,
1989,
1993,
897,
364,
356,
735,
387,
879,
370,
976,
432,
1599,
37,
1200,
211,
384,
382,
887,
2264,
1979,
1238,
405,
1226,
1324,
1535,
1982,
351,
499,
1225,
1193,
460,
206,
402,
1756,
971,
938,
402,
45,
1784,
946,
478,
570,
216,
451,
91,
319,
1356,
2098,
205,
483,
203,
213,
475,
872,
202,
222,
217,
762,
2253,
993,
534,
1012,
202,
198,
956,
2680,
2252,
184,
955,
188,
46,
2316,
953,
45,
734,
951,
559,
398,
175,
949,
183,
197,
1731,
202,
185,
2566,
2343,
948,
946,
882,
1061,
661,
342,
1503,
3085,
747,
629,
1622,
176,
2950,
962,
787,
653,
931,
571,
708,
176,
1715,
1308,
989,
736,
2957,
992,
949,
679,
412,
2644,
928,
2291,
839,
85,
194,
902,
2943,
924,
171,
952,
179,
561,
909,
2332,
170,
1932,
2342,
876,
992,
1030,
795,
471,
178,
676,
897,
384,
196,
1033,
1199,
599,
383,
625,
189,
1689,
685,
93,
213,
1354,
176,
562,
81,
814,
211,
1762,
678,
205,
468,
778,
204,
673,
1204,
2346,
89,
1249,
970,
2978,
604,
2850,
749,
529,
205,
2187,
1738,
2344,
525,
204,
495,
621,
3073,
2540,
958,
751,
1248,
203,
2976,
2855,
616,
93,
91,
2382,
194,
2973,
455,
204,
2383,
437,
88,
24,
2607,
3110,
159,
81,
1236,
22,
175,
1751,
603,
2754,
159,
151,
1808,
2320,
1254,
2368,
989,
136,
1302,
1914,
2131,
984,
380,
735,
1980,
1226,
112,
105,
1970,
775,
1032,
1975,
87,
662,
2363,
662,
105,
958,
657,
105,
3017,
99,
640,
554,
86,
1028,
2985,
478,
2585,
1107,
517,
472,
1342,
2135,
94,
81,
1115,
1131,
540,
2586,
78,
1105,
1111,
1512,
340,
972,
1128,
690,
1045,
975,
1101,
966,
1091,
500,
680,
1108,
1107,
1330,
990,
669,
987,
1076,
1148,
712,
555,
1194,
564,
710,
2293,
349,
2312,
2297,
1191,
1114,
553,
2288,
1196,
417,
1192,
349,
482,
380,
574,
1319,
1158,
1189,
1195,
1192,
363,
359,
1188,
160,
97,
334,
1335,
1315,
160,
1189,
1328,
1186,
2418,
725,
75,
1300,
1013,
724,
818,
519,
1131,
1821,
1223,
1112,
729,
2605,
2807,
1102,
156,
835,
1583,
908,
154,
726,
834,
1191,
2772,
423,
153,
152,
1624,
2769,
437,
1643,
148,
620,
2396,
150,
148,
1174,
810,
1174,
148,
1447,
2693,
903,
1634,
876,
2455,
382,
2075,
371,
1832,
2237,
2037,
1855,
1165,
327,
2030,
350,
349,
1164,
1203,
2663,
295,
1135,
236,
2949,
1681,
1531,
349,
845,
1186,
1532,
1895,
1137,
2497,
1366,
1363,
658,
1170,
1176,
803,
342,
231,
613,
1158,
648,
1169,
224,
1358,
395,
359,
332,
1466,
1779,
1102,
577,
202,
340,
599,
1029,
796,
1189,
465,
636,
185,
498,
1454,
631,
1200,
425,
177,
1776,
481,
484,
747,
268,
529,
1611,
1379,
1430,
1621,
1607,
383,
343,
1871,
471,
1749,
1228,
451,
342,
254,
898,
1877,
249,
1189,
167,
1166,
461,
3154,
1402,
975,
263,
1177,
151,
2688,
3100,
1161,
130,
1107,
558,
1369,
788,
1909,
3199,
2268,
1172,
646,
1084,
1887,
1087,
1176,
1142,
82,
868,
514,
890,
636,
974,
1320,
829,
2518,
983,
1174,
1220,
1901,
1831,
1168,
2506,
263,
950,
1737,
973,
1143,
2513,
765,
1615,
1698,
1459,
1439,
504,
1554,
1748,
1057,
715,
1512,
1370,
1894,
1184,
961,
1871,
952,
1766,
1803,
1005,
2512,
1103,
1456,
197,
1849,
1191,
969,
919,
242,
1090,
1343,
1001,
1174,
713,
1896,
1010,
663,
1177,
1000,
1455,
1202,
995,
1865,
2513,
1346,
731,
977,
1539,
1065,
468,
1017,
997,
255,
466,
1151,
652,
1128,
625,
580,
266,
1144,
682,
1015,
673,
1331,
1187,
713,
2509,
1109,
1523,
468,
629,
612,
942,
627,
263,
972,
1161,
590,
1682,
578,
600,
684,
598,
625,
1012,
1973,
1015,
266,
519,
515,
580,
513,
632,
268,
539,
499,
463,
493,
434,
1462,
1079,
2339,
1038,
2398,
452,
633,
699,
2327,
193,
694,
1072,
649,
2494,
689,
686,
2148,
282,
2371,
1284,
941,
195,
1717,
683,
513,
2385,
2355,
1548,
670,
2312,
1505,
668,
487,
1491,
2765,
2359,
2355,
361,
155,
661,
677,
297,
2312,
1491,
586,
143,
2469,
280,
190,
2303,
2231,
455,
1322,
2202,
135,
132,
624,
2183,
518,
128,
310,
293,
120,
111,
95,
2100,
627,
286,
309,
94,
376,
1183,
304,
285,
620,
976,
86,
91,
1071,
297,
607,
279,
626,
276,
74,
275,
2250,
1990,
254,
2095,
253,
2048,
1793,
254,
268,
81,
1188,
253,
245,
243,
237,
241,
698,
235,
1013,
232,
1802,
1994,
231,
58,
228,
81,
933,
529,
790,
222,
231,
1337,
757,
1793,
251,
299,
1110,
223,
2889,
766,
703,
227,
297,
1514,
221,
769,
152,
244,
1466,
928,
1429,
1615,
234,
294,
765,
378,
1588,
241,
791,
526,
783,
136,
194,
789,
199,
764,
486,
119,
760,
126,
78,
491,
765,
47,
2618,
935,
395,
46,
778,
1062,
757,
177,
2619,
783,
138,
1603,
74,
357,
38,
171,
79,
2607,
121,
1633,
38,
226,
38,
1143,
1010,
39,
2036,
211,
1027,
217,
1319,
1113,
1124,
40,
746,
1577,
400,
1209,
896,
1207,
1578,
1145,
1439,
349,
45,
1142,
1151,
1782,
1565,
1137,
2424,
707,
1550,
1613,
757,
754,
1498,
636,
1126,
437,
1150,
453,
619,
1145,
1650,
2658,
427,
1126,
1149,
451,
2689,
480,
416,
1565,
399,
1798,
456,
405,
1409,
420,
1123,
451,
347,
2121,
222,
765,
1896,
3215,
469,
1155,
1459,
1449,
1041,
212,
2069,
429,
2480,
761,
662,
2274,
442,
602,
786,
1944,
844,
420,
2067,
440,
2328,
602,
473,
961,
2058,
2133,
455,
494,
292,
2317,
229,
537,
981,
2007,
462,
277,
2285,
422,
2422,
2018,
602,
1089,
415,
241,
1947,
1926,
269,
293,
217,
987,
2037,
2139,
284,
217,
811,
1044,
469,
655,
861,
280,
2044,
306,
232,
292,
690,
987,
255,
839,
261,
272,
713,
281,
674,
1156,
260,
270,
986,
280,
267,
1044,
1994,
1126,
1030,
1149,
705,
256,
663,
995,
848,
995,
467,
684,
666,
1483,
252,
982,
1570,
994,
257,
251,
1489,
605,
1280,
677,
995,
761,
1273,
625,
683,
1961,
597,
995,
589,
691,
838,
1996,
995,
1258,
807,
639,
619,
2039,
1650,
1271,
1836,
906,
659,
739,
670,
1281,
998,
994,
1472,
689,
654,
441,
250,
831,
687,
659,
1860,
881,
1266,
633,
1039,
1193,
648,
1698,
1720,
888,
699,
1078,
517,
2921,
515,
484,
843,
828,
1518,
1014,
651,
1059,
212,
176,
894,
1274,
1033,
210,
875,
2149,
204,
1017,
1048,
203,
328,
1024,
202,
319,
889,
1057,
1036,
1701,
316,
121,
979,
204,
888,
119,
869,
118,
116,
202,
2897,
120,
186,
900,
882,
170,
906,
106,
112,
187,
117,
170,
895,
106,
502,
102,
164,
902,
1737,
1188,
103,
101,
870,
1101,
1750,
163,
94,
871,
751,
915,
714,
101,
1987,
148,
911,
152,
979,
91,
94,
117,
83,
921,
199,
125,
148,
958,
198,
2602,
230,
708,
974,
1184,
114,
197,
165,
118,
830,
92,
77,
2613,
84,
913,
66,
159,
917,
923,
1185,
76,
909,
1210,
62,
514,
705,
599,
730,
57,
914,
158,
2604,
156,
719,
572,
865,
567,
2586,
579,
563,
145,
1610,
573,
691,
58,
567,
831,
1769,
730,
55,
915,
742,
560,
49,
175,
1074,
2590,
77,
1211,
589,
1407,
602,
879,
808,
42,
703,
1128,
544,
177,
2243,
829,
558,
465,
909,
693,
390,
3139,
521,
735,
759,
1560,
233,
3074,
36,
618,
1787,
955,
165,
948,
238,
1437,
757,
2971,
136,
38,
1587,
77,
944,
1968,
2680,
2883,
946,
2962,
471,
891,
993,
1138,
967,
1747,
1036,
561,
879,
819,
524,
945,
1133,
399,
987,
408,
825,
1027,
728,
316,
406,
985,
677,
450,
321,
309,
315,
1018,
383,
313,
300,
307,
638,
885,
286,
306,
962,
818,
362,
299,
328,
181,
404,
294,
291,
527,
756,
890,
801,
916,
834,
286,
955,
284,
1036,
361,
831,
596,
265,
878,
1339,
827,
763,
1686,
276,
844,
913,
303,
1123,
2191,
813,
284,
333,
843,
708,
820,
817,
737,
1313,
1827,
817,
516,
1002,
829,
636,
528,
1011,
845,
900,
1164,
737,
443,
635,
1170,
461,
552,
549,
1807,
823,
447,
1304,
2661,
802,
525,
498,
2505,
949,
1152,
1029,
845,
827,
842,
546,
736,
1669,
1088,
820,
714,
728,
696,
660,
1005,
732,
639,
861,
523,
829,
668,
736,
575,
458,
633,
516,
1783,
801,
836,
292,
244,
457,
964,
663,
951,
645,
227,
832,
87,
807,
3061,
735,
553,
828,
615,
828,
284,
1305,
3250,
479,
697,
746,
434,
833,
844,
844,
1899,
590,
603,
817,
887,
1895,
263,
499,
727,
1664,
902,
694,
994,
939,
777,
830,
2264,
642,
2377,
2141,
1098,
1487,
2034,
2236,
1051,
2115,
832,
1680,
765,
813,
1049,
2064,
1449,
1933,
2038,
817,
1458,
1041,
704,
1963,
1408,
1036,
734,
1403,
1680,
546,
1394,
2676,
1068,
587,
1814,
939,
838,
1678,
2056,
920,
683,
2134,
2016,
1722,
1032,
1089,
2051,
1668,
1027,
2067,
1756,
998,
1004,
844,
2126,
1055,
1027,
2569,
974,
1025,
202,
627,
1060,
517,
586,
695,
182,
1022,
1066,
844,
848,
514,
2570,
1030,
1364,
992,
1730,
1060,
885,
2932,
166,
486,
1354,
234,
380,
145,
2739,
58,
1911,
883,
858,
168,
160,
130,
56,
562,
159,
1043,
160,
158,
301,
112,
645,
848,
148,
79,
130,
111,
872,
122,
102,
379,
878,
2715,
849,
86,
3286,
310,
844,
210,
130,
3282,
82,
126,
109,
2835,
2746,
194,
82,
3232,
832,
231,
1723,
107,
213,
191,
870,
246,
105,
102,
1696,
891,
101,
851,
730,
1087,
847,
751,
160,
164,
99,
1955,
150,
1934,
1288,
160,
671,
3100,
96,
777,
1753,
3475,
3276,
235,
151,
86,
1823,
941,
2317,
150,
103,
2804,
2972,
92,
899,
1734,
2400,
2777,
150,
82,
117,
2598,
115,
81,
306,
577,
546,
779,
1940,
3233,
1074,
1286,
432,
1009,
3090,
542,
540,
104,
1539,
428,
83,
40,
92,
415,
895,
84,
370,
1004,
92,
424,
997,
565,
1389,
752,
1786,
993,
940,
40,
988,
297,
1272,
397,
301,
1143,
463,
546,
609,
282,
603,
2783,
990,
609,
463,
2709,
601,
115,
43,
433,
1172,
3122,
1484,
48,
2102,
44,
1414,
80,
1362,
981,
3236,
2713,
139,
138,
115,
122,
120,
3307,
86,
81,
2975,
3093,
269,
3051,
258,
2489,
2949,
124,
1830,
1510,
2080,
1843,
477,
489,
478,
1167,
77,
484,
1002,
113,
365,
496,
1107,
1324,
351,
494,
2837,
1341,
605,
609,
1005,
416,
1423,
828,
2495,
568,
453,
736,
447,
651,
973,
440,
2059,
981,
419,
632,
136,
584,
380,
675,
446,
326,
2034,
784,
315,
791,
464,
450,
991,
759,
508,
672,
1865,
948,
972,
455,
374,
658,
987,
1828,
500,
311,
2863,
464,
341,
992,
434,
1982,
369,
684,
1862,
438,
333,
944,
398,
331,
1015,
296,
1975,
1203,
716,
429,
301,
230,
715,
1156,
532,
325,
2705,
264,
867,
1183,
1200,
1899,
477,
2723,
1644,
197,
685,
999,
1042,
540,
1561,
177,
1704,
369,
1695,
1644,
1992,
487,
930,
689,
835,
175,
838,
518,
2291,
1524,
1984,
926,
991,
953,
1827,
2202,
2126,
1589,
2284,
2179,
1674,
450,
174,
977,
168,
1638,
880,
1143,
1552,
862,
1018,
716,
824,
861,
858,
953,
517,
1506,
1577,
1000,
1008,
306,
878,
1527,
999,
896,
964,
923,
853,
1592,
935,
725,
995,
1119,
846,
1040,
1264,
1585,
166,
163,
1022,
1648,
1831,
990,
982,
2033,
880,
162,
1229,
1020,
846,
1869,
1846,
145,
865,
884,
1858,
144,
1021,
1099,
514,
1225,
1015,
416,
1584,
409,
1014,
1012,
895,
116,
336,
114,
1660,
852,
1902,
81,
1009,
2173,
1734,
182,
1073,
897,
2101,
1009,
1455,
3062,
1016,
1025,
2077,
1008,
671,
559,
1120,
354,
1207,
1444,
1005,
245,
920,
313,
1009,
703,
748,
2560,
129,
1007,
1905,
1500,
132,
810,
633,
148,
931,
702,
472,
1878,
141,
1900,
1212,
2984,
127,
1074,
88,
409,
135,
557,
2337,
1476,
129,
115,
3237,
115,
242,
115,
111,
3206,
109,
212,
2325,
910,
705,
2394,
182,
272,
198,
110,
858,
108,
620,
1761,
183,
667,
96,
3101,
167,
2149,
94,
167,
92,
85,
162,
80,
151,
2802,
158,
1123,
64,
78,
153,
129,
2946,
78,
77,
113,
2367,
41,
101,
127,
2489,
1776,
533,
2358,
100,
668,
1579,
2559,
38,
294,
414,
98,
282,
103,
501,
791,
42,
964,
303,
93,
88,
298,
88,
957,
304,
42,
37,
78,
297,
790,
259,
782,
2617,
36,
77,
391,
2032,
452,
305,
392,
992,
311,
336,
414,
219,
778,
252,
256,
358,
380,
429,
315,
306,
254,
270,
449,
778,
339,
2757,
281,
3195,
210,
267,
1996,
2748,
208,
1046,
430,
2003,
78,
85,
3107,
1413,
866,
1762,
869,
836,
857,
2197,
1762,
2002,
2746,
1613,
1622,
965,
1629,
1621,
2617,
1054,
1089,
2724,
1021,
1381,
3050,
956,
2691,
955,
1600,
1599,
2017,
2989,
1586,
272,
3132,
1594,
3162,
914,
1601,
2018,
1599,
863,
338,
1621,
378,
2452,
1596,
391,
606,
351,
1435,
1441,
2018,
1622,
344,
256,
362,
1431,
367,
883,
965,
379,
2550,
230,
563,
558,
2930,
2844,
1029,
1427,
1580,
562,
395,
551,
375,
545,
501,
198,
537,
541,
866,
556,
837,
2230,
189,
861,
486,
516,
551,
857,
574,
1291,
1054,
333,
397,
792,
548,
538,
340,
2051,
329,
515,
324,
865,
720,
1025,
520,
161,
527,
160,
838,
331,
864,
549,
447,
3025,
326,
724,
893,
708,
1871,
1025,
345,
306,
197,
2989,
717,
151,
535,
1290,
342,
837,
135,
2195,
836,
932,
1179,
309,
125,
842,
535,
529,
554,
121,
862,
664,
501,
228,
119,
528,
544,
693,
891,
769,
835,
893,
586,
1086,
497,
335,
859,
115,
1163,
96,
2970,
889,
1330,
608,
1218,
885,
574,
3082,
464,
1213,
1012,
589,
3135,
2522,
293,
734,
406,
2216,
577,
2452,
579,
1219,
1408,
2203,
319,
2963,
851,
637,
2131,
387,
241,
2385,
668,
2386,
413,
1052,
498,
1409,
1440,
953,
2890,
578,
1205,
557,
1875,
3618,
2859,
924,
2186,
1214,
713,
193,
341,
207,
2891,
554,
202,
1100,
1461,
1412,
2905,
584,
214,
907,
737,
1105,
198,
201,
192,
454,
715,
187,
2879,
1110,
1101,
626,
773,
518,
193,
305,
1100,
3494,
2864,
1052,
1438,
394,
590,
480,
891,
191,
889,
1616,
631,
570,
424,
871,
1291,
862,
1128,
2121,
791,
908,
783,
1291,
2106,
1396,
1664,
741,
1162,
465,
740,
1245,
1296,
1133,
356,
458,
2325,
607,
2192,
626,
518,
498,
744,
1298,
2327,
615,
739,
608,
652,
1514,
623,
115,
141,
1191,
1295,
609,
737,
127,
365,
908,
2106,
430,
487,
608,
439,
1680,
1097,
432,
100,
931,
788,
257,
220,
445,
193,
799,
793,
1483,
1486,
1475,
1337,
490,
1740,
1522,
423,
1153,
1302,
971,
165,
184,
1143,
1150,
1136,
200,
280,
283,
1314,
155,
271,
534,
1142,
1137,
426,
497,
940,
1101,
1132,
1281,
158,
1095,
1779,
1077,
965,
311,
170,
1361,
1128,
970,
826,
977,
956,
962,
966,
141,
155,
448,
952,
958,
1341,
952,
1270,
157,
1166,
1172,
301,
140,
145,
131,
483,
1183,
311,
1258,
1265,
840,
119,
839,
1337,
2042,
133,
117,
297,
1167,
1161,
121,
1171,
1136,
1166,
302,
1157,
2508,
1176,
315,
832,
1153,
272,
118,
3030,
1149,
264,
2184,
114,
1159,
1144,
817,
112,
821,
665,
1166,
285,
1129,
835,
1150,
826,
290,
1144,
1556,
1562,
265,
1159,
76,
820,
73,
670,
1424,
2085,
1104,
1158,
2151,
2852,
1578,
2830,
2066,
2073,
1557,
2756,
962,
2895,
86,
1776,
797,
817,
160,
2628,
757,
1600,
80,
2625,
1616,
812,
837,
746,
2801,
2630,
2678,
2716,
973,
802,
456,
2043,
407,
1346,
2624,
1032,
72,
2062,
1048,
1054,
292,
791,
179,
238,
334,
322,
170,
236,
149,
306,
1634,
2504,
1031,
225,
317,
690,
2691,
1177,
1183,
3496,
632,
1383,
337,
224,
1170,
675,
1151,
166,
2703,
1449,
1159,
2228,
596,
1115,
162,
474,
164,
1202,
2470,
162,
2101,
1607,
315,
162,
2372,
1428,
2370,
162,
1031,
592,
895,
959,
483,
879,
118,
122,
1820,
160,
645,
94,
1029,
157,
1049,
850,
785,
1023,
756,
752,
1099,
2370,
572,
594,
39,
1051,
610,
797,
1544,
769,
307,
806,
305,
84,
39,
302,
95,
1139,
1514,
756,
742,
492,
83,
616,
892,
1473,
303,
615,
749,
1076,
1403,
887,
613,
795,
38,
1458,
612,
920,
816,
814,
611,
2172,
816,
766,
2195,
898,
3048,
1896,
488,
2224,
944,
1474,
584,
2072,
917,
1062,
579,
544,
736,
386,
561,
1462,
906,
616,
910,
592,
1227,
1467,
642,
572,
615,
609,
1276,
3008,
1601,
568,
2203,
2520,
1901,
2416,
1366,
696,
1071,
2495,
297,
1065,
1309,
594,
1890,
1691,
2245,
1143,
630,
2155,
2503,
952,
625,
2189,
901,
824,
2337,
1377,
1131,
466,
479,
1628,
937,
552,
1131,
478,
547,
557,
202,
1243,
2160,
2211,
1256,
233,
2160,
1127,
326,
1274,
1292,
780,
595,
2774,
1302,
237,
978,
553,
523,
323,
318,
1153,
570,
813,
2181,
2163,
823,
317,
2313,
315,
953,
1151,
2365,
1167,
1144,
969,
939,
665,
2168,
995,
2168,
1092,
1139,
1129,
839,
1169,
623,
1138,
151,
1113,
93,
2174,
126,
1420,
2219,
90,
1193,
220,
961,
2216,
196,
175,
418,
330,
2758,
199,
328,
145,
1120,
2110,
157,
2906,
123,
442,
140,
621,
1762,
316,
309,
3206,
125,
305,
122,
2629,
1306,
122,
1149,
104,
108,
2081,
1718,
3168,
661,
103,
1418,
1180,
664,
78,
255,
1568,
522,
2175,
78,
1415,
107,
104,
69,
1550,
80,
1548,
405,
64,
807,
379,
1077,
58,
1550,
1317,
1097,
554,
690,
1136,
49,
2733,
3307,
1765,
1607,
1975,
163,
1145,
2142,
80,
126,
2784,
2710,
473,
462,
411,
1206,
431,
408,
1807,
423,
1838,
1032,
417,
2773,
451,
652,
2456,
476,
470,
70,
436,
394,
1836,
408,
865,
446,
231,
940,
181,
665,
1092,
370,
692,
374,
3247,
1590,
352,
323,
1598,
681,
219,
120,
991,
700,
184,
170,
1832,
2502,
1264,
1855,
1262,
1268,
3381,
389,
1261,
1255,
1420,
1253,
146,
1220,
1259,
138,
1234,
1246,
1213,
511,
1441,
123,
1244,
1117,
1155,
122,
2855,
1778,
629,
1435,
1772,
722,
113,
2676,
546,
96,
1432,
532,
1365,
539,
540,
530,
919,
2404,
426,
544,
510,
1268,
424,
2707,
431,
528,
422,
526,
405,
769,
390,
759,
421,
400,
413,
1455,
420,
143,
2408,
1086,
418,
676,
843,
415,
414,
1269,
401,
655,
949,
640,
755,
412,
2500,
409,
841,
1079,
395,
960,
1636,
60,
399,
1114,
2823,
1449,
472,
395,
737,
398,
384,
390,
1779,
405,
1272,
667,
938,
395,
948,
395,
389,
387,
1083,
2311,
380,
956,
385,
1297,
313,
336,
2270,
2239,
321,
221,
320,
972,
308,
975,
321,
948,
1692,
636,
715,
2074,
303,
2237,
2472,
635,
316,
319,
828,
603,
329,
2314,
2828,
309,
741,
318,
1703,
2821,
302,
2135,
317,
318,
1284,
2834,
2458,
310,
295,
675,
1642,
753,
1280,
303,
300,
1296,
497,
295,
293,
1116,
29,
2041,
775,
2247,
2253,
1451,
1333,
974,
2247,
2838,
1283,
1293,
848,
690,
1289,
404,
600,
1272,
908,
766,
1500,
1286,
697,
1710,
1158,
1133,
2244,
811,
1775,
806,
1162,
1702,
908,
805,
1746,
1391,
2234,
691,
501,
2136,
824,
1767,
807,
1846,
2225,
491,
302,
799,
1250,
657,
2249,
794,
447,
1718,
1245,
165,
2710,
3196,
571,
789,
2505,
706,
1361,
838,
649,
717,
3042,
266,
2206,
639,
1620,
657,
1512,
168,
1712,
695,
174,
2976,
2504,
2202,
166,
793,
2266,
1027,
1358,
2845,
2244,
643,
839,
1205,
816,
161,
641,
1360,
2216,
1315,
800,
640,
166,
1720,
2888,
1219,
1311,
634,
632,
160,
116,
2504,
159,
156,
811,
817,
934,
2251,
155,
634,
156,
770,
1133,
152,
1482,
495,
681,
216,
143,
1180,
2574,
2168,
1323,
2164,
125,
207,
1200,
124,
1322,
121,
186,
2542,
1569,
2000,
334,
1987,
173,
188,
180,
1222,
1977,
164,
127,
370,
126,
1974,
1971,
45,
158,
1226,
1800,
751,
37,
1317,
601,
368,
135,
138,
143,
135,
376,
1579,
677,
1513,
670,
2523,
1239,
123,
38,
1157,
133,
2523,
3296,
106,
559,
823,
791,
34,
838,
422,
83,
693,
818,
753,
812,
1378,
791,
1751,
1787,
1540,
1056,
811,
2518,
2874,
1239,
676,
1750,
2892,
2298,
86,
528,
1956,
580,
80,
45,
538,
43,
561,
1741,
38,
659,
323,
237,
572,
2297,
3008,
301,
1076,
562,
2269,
594,
2307,
185,
546,
595,
582,
809,
2275,
622,
147,
870,
137,
45,
1806,
1780,
737,
150,
45,
99,
168,
2288,
587,
43,
41,
99,
1766,
617,
682,
72,
2283,
160,
607,
146,
614,
522,
438,
2298,
471,
135,
518,
1164,
964,
700,
600,
42,
857,
131,
440,
1145,
729,
2338,
1314,
517,
599,
650,
850,
1178,
855,
1181,
2624,
910,
108,
1822,
2857,
848,
1168,
528,
865,
854,
534,
2943,
2846,
1800,
1147,
2556,
1429,
909,
1284,
1163,
1156,
2847,
2942,
2653,
1134,
1293,
784,
453,
2664,
451,
1430,
2668,
645,
1345,
723,
1689,
659,
2563,
1018,
719,
722,
1854,
744,
1181,
851,
684,
1186,
617,
728,
735,
893,
475,
644,
607,
960,
868,
394,
850,
830,
1163,
2640,
677,
869,
2189,
516,
892,
866,
836,
1346,
720,
873,
828,
1313,
1438,
465,
910,
2680,
1609,
1436,
914,
1136,
1962,
2641,
771,
1662,
274,
1337,
465,
1076,
269,
466,
2083,
494,
267,
106,
969,
854,
1401,
465,
888,
265,
1337,
2997,
812,
261,
854,
872,
489,
1351,
2002,
1441,
863,
1348,
266,
463,
830,
2465,
243,
1460,
229,
257,
262,
236,
2268,
2999,
2997,
234,
1325,
380,
2276,
871,
229,
428,
256,
866,
2997,
252,
748,
720,
222,
473,
1323,
477,
217,
606,
863,
263,
1342,
451,
2740,
259,
1449,
862,
256,
245,
990,
1509,
226,
2109,
1312,
266,
251,
1373,
221,
1652,
249,
822,
247,
1431,
405,
216,
2742,
1302,
1318,
219,
1341,
763,
268,
818,
824,
1993,
1102,
719,
2616,
217,
213,
1724,
778,
234,
2991,
2225,
2736,
1332,
1329,
731,
775,
1489,
1340,
803,
2014,
757,
813,
708,
109,
239,
1367,
2822,
1381,
739,
1994,
878,
2017,
776,
1317,
999,
2782,
1070,
787,
713,
2770,
994,
692,
1335,
1348,
818,
2317,
1916,
835,
1395,
818,
816,
2369,
130,
735,
1370,
790,
708,
815,
2043,
786,
620,
397,
814,
808,
130,
1801,
128,
609,
707,
604,
963,
1358,
578,
814,
778,
824,
597,
732,
804,
565,
129,
446,
695,
587,
627,
487,
812,
2061,
810,
434,
1446,
807,
442,
435,
814,
130,
956,
413,
703,
2930,
801,
818,
591,
1620,
128,
419,
408,
1468,
412,
135,
85,
599,
127,
316,
708,
970,
488,
117,
631,
614,
407,
1355,
584,
401,
912,
595,
644,
117,
584,
394,
481,
164,
375,
113,
1335,
643,
190,
371,
627,
228,
1905,
491,
113,
371,
1265,
1465,
397,
1012,
1805,
1894,
191,
367,
622,
409,
106,
178,
112,
1477,
1564,
1742,
1515,
1464,
102,
2946,
1309,
1507,
1497,
172,
1457,
1290,
102,
1297,
2935,
1447,
1136,
2973,
172,
94,
1192,
1155,
1123,
1960,
997,
1147,
2168,
99,
1151,
171,
164,
1115,
328,
1582,
91,
57,
1553,
1120,
80,
1726,
1542,
2757,
76,
1787,
1537,
1977,
1553,
1541,
138,
75,
1167,
1265,
1369,
1379,
1374,
101,
1369,
104,
1379,
71,
2353,
90,
96,
1387,
59,
47,
1582,
2757,
2782,
369,
75,
1006,
2778,
1254,
47,
45,
365,
503,
2765,
361,
77,
333,
2774,
40,
2214,
709,
2583,
297,
1622,
311,
310,
1417,
1243,
351,
2447,
1637,
1417,
346,
2592,
658,
893,
812,
1709,
1281,
36,
3016,
986,
1314,
1301,
78,
1329,
686,
679,
668,
826,
933,
2226,
1301,
973,
40,
3081,
39,
1319,
741,
2817,
1639,
77,
1898,
339,
218,
1972,
1634,
95,
2328,
1636,
640,
1643,
1869,
925,
1641,
95,
85,
47,
1255,
1637,
45,
641,
1635,
1634,
77,
43,
185,
39,
1626,
1636,
182,
70,
578,
77,
670,
1483,
668,
378,
1482,
712,
3100,
2292,
1347,
1203,
3132,
253,
759,
854,
864,
2067,
2167,
803,
838,
353,
674,
78,
2248,
248,
249,
1664,
256,
253,
3427,
247,
256,
243,
3196,
425,
2171,
2910,
1104,
200,
247,
1815,
2216,
241,
243,
238,
246,
1106,
2174,
231,
234,
243,
861,
848,
1664,
230,
379,
234,
2226,
228,
2254,
238,
1671,
1078,
1085,
223,
1885,
215,
1037,
2157,
247,
243,
871,
944,
229,
1596,
214,
841,
962,
195,
892,
234,
224,
2650,
203,
542,
876,
222,
227,
195,
212,
1819,
860,
188,
887,
223,
2389,
210,
1230,
1359,
222,
196,
1974,
539,
956,
1483,
902,
450,
821,
1183,
874,
819,
791,
960,
221,
849,
880,
140,
752,
140,
207,
567,
833,
2096,
1183,
211,
842,
958,
880,
760,
213,
823,
2090,
2144,
362,
203,
1497,
1504,
1507,
868,
359,
752,
949,
839,
1223,
1093,
1811,
2446,
1202,
2286,
909,
1351,
876,
355,
1224,
2177,
1346,
1777,
1361,
3167,
1144,
597,
1143,
930,
834,
714,
924,
1340,
853,
605,
864,
834,
875,
980,
3160,
2719,
980,
658,
2508,
1389,
1142,
921,
2213,
916,
173,
592,
915,
1192,
607,
911,
1175,
983,
910,
347,
123,
909,
128,
859,
1173,
610,
846,
891,
967,
890,
2245,
123,
893,
435,
889,
121,
654,
1062,
618,
591,
2155,
999,
114,
776,
889,
2348,
490,
660,
1126,
110,
1406,
645,
906,
896,
806,
868,
489,
529,
789,
873,
1319,
630,
487,
803,
656,
553,
765,
873,
430,
1165,
762,
97,
151,
515,
113,
488,
102,
551,
118,
748,
800,
444,
460,
481,
1643,
329,
479,
793,
560,
806,
688,
97,
460,
93,
1178,
2997,
747,
779,
132,
554,
570,
472,
492,
197,
1039,
653,
411,
1245,
90,
310,
85,
1024,
1245,
423,
177,
438,
89,
195,
82,
1354,
410,
233,
918,
1304,
291,
390,
482,
760,
554,
903,
499,
438,
72,
261,
330,
67,
182,
560,
64,
506,
481,
177,
467,
418,
455,
59,
544,
566,
170,
251,
1265,
1567,
1564,
921,
310,
157,
1557,
516,
1062,
1452,
1229,
562,
172,
625,
145,
1574,
1564,
45,
1442,
48,
830,
1450,
369,
906,
589,
1438,
645,
1442,
1436,
120,
135,
355,
852,
1435,
2769,
808,
1434,
807,
114,
454,
97,
2771,
1417,
45,
514,
562,
512,
517,
496,
714,
1475,
294,
822,
1261,
1580,
78,
287,
108,
648,
1591,
1083,
45,
41,
1333,
2781,
39,
1077,
1592,
80,
377,
78,
348,
76,
2403,
1473,
990,
433,
2519,
954,
76,
262,
2043,
81,
955,
1249,
940,
624,
81,
78,
846,
350,
871,
954,
2452,
2387,
2441,
860,
78,
263,
341,
1371,
2437,
409,
2415,
735,
402,
156,
823,
1266,
1096,
249,
737,
249,
736,
433,
377,
732,
247,
679,
271,
731,
662,
1236,
1239,
3096,
730,
658,
2751,
239,
726,
3313,
237,
1216,
902,
912,
3335,
203,
879,
883,
868,
1207,
618,
900,
3087,
866,
1306,
201,
701,
748,
1215,
865,
863,
1102,
520,
3103,
185,
1375,
712,
867,
162,
1373,
527,
151,
534,
537,
493,
916,
485,
511,
498,
307,
130,
314,
299,
500,
483,
310,
299,
471,
126,
290,
705,
83,
317,
279,
300,
297,
223,
1309,
284,
683,
288,
271,
2478,
275,
266,
223,
264,
3428,
221,
259,
263,
435,
257,
283,
2764,
3104,
2699,
274,
1061,
2445,
279,
2447,
724,
216,
3110,
215,
1126,
2455,
2861,
1902,
1704,
854,
2648,
1053,
3125,
1036,
2698,
2363,
1034,
215,
3085,
368,
834,
475,
2483,
2415,
748,
376,
751,
744,
2416,
869,
562,
387,
2275,
370,
28,
2393,
743,
1283,
374,
368,
1643,
944,
384,
352,
355,
681,
1068,
2477,
257,
276,
380,
299,
1038,
1077,
355,
248,
2279,
305,
889,
214,
192,
226,
1042,
197,
2375,
211,
685,
750,
1514,
747,
305,
2074,
1072,
1872,
747,
442,
1525,
2126,
196,
1355,
730,
745,
1167,
1524,
891,
1449,
1533,
1737,
1378,
464,
1927,
1233,
747,
897,
1731,
1328,
1449,
1729,
1726,
3145,
1748,
1897,
2475,
1716,
1719,
3153,
1723,
1712,
2407,
225,
719,
1071,
744,
1518,
891,
1522,
2471,
1065,
3143,
735,
875,
742,
606,
1410,
2318,
148,
710,
389,
144,
1833,
153,
1743,
1420,
1753,
377,
650,
762,
1074,
267,
736,
1901,
3148,
740,
147,
909,
145,
2771,
1394,
299,
141,
444,
124,
591,
437,
1389,
120,
320,
445,
3160,
1307,
305,
1091,
335,
120,
3060,
1833,
747,
2334,
735,
333,
111,
117,
927,
1862,
110,
989,
893,
2449,
422,
305,
886,
110,
105,
91,
153,
898,
929,
100,
89,
2016,
917,
86,
2528,
211,
87,
617,
3554,
2134,
78,
208,
37,
2515,
201,
767,
202,
177,
189,
2518,
44,
39,
2559,
162,
3519,
196,
2559,
37,
2680,
401,
921,
2531,
36,
2022,
160,
166,
2963,
164,
37,
151,
2803,
155,
148,
308,
2546,
149,
3521,
1566,
607,
2911,
122,
203,
115,
138,
2911,
198,
38,
2804,
2814,
193,
98,
1153,
256,
172,
93,
99,
37,
133,
2169,
95,
85,
557,
2028,
2807,
2400,
302,
547,
2606,
2621,
77,
204,
2609,
2605,
573,
992,
160,
740,
2581,
217,
2424,
82,
2832,
606,
406,
556,
444,
450,
3041,
436,
407,
443,
232,
432,
557,
442,
394,
2192,
431,
416,
224,
429,
927,
357,
391,
428,
426,
2477,
408,
433,
421,
410,
427,
2188,
420,
425,
426,
838,
406,
414,
445,
433,
417,
2633,
351,
2651,
302,
421,
408,
355,
2292,
307,
1190,
2275,
1253,
679,
2435,
2306,
2242,
702,
604,
1226,
310,
1610,
774,
1185,
308,
305,
417,
1614,
295,
