55,
46,
53,
74,
79,
67,
45,
77,
82,
39,
71,
67,
95,
104,
73,
86,
56,
71,
55,
108,
48,
34,
85,
121,
123,
121,
39,
112,
122,
30,
40,
104,
54,
130,
130,
138,
138,
131,
114,
112,
124,
133,
46,
140,
88,
86,
117,
130,
74,
100,
115,
52,
94,
78,
127,
123,
133,
116,
36,
144,
118,
147,
155,
148,
129,
145,
137,
131,
129,
136,
130,
152,
173,
44,
137,
135,
153,
165,
134,
170,
155,
153,
131,
74,
144,
147,
116,
128,
122,
136,
128,
82,
93,
125,
105,
83,
176,
126,
141,
145,
136,
97,
109,
158,
189,
131,
126,
110,
47,
115,
43,
120,
126,
166,
149,
141,
38,
166,
137,
92,
140,
184,
84,
102,
152,
170,
101,
80,
34,
76,
155,
77,
135,
104,
120,
124,
178,
71,
112,
145,
197,
172,
121,
98,
145,
206,
189,
157,
179,
130,
193,
140,
144,
197,
193,
154,
129,
136,
158,
176,
160,
170,
159,
129,
120,
182,
175,
215,
130,
144,
127,
180,
147,
34,
209,
169,
137,
185,
128,
167,
152,
162,
197,
208,
152,
195,
161,
116,
195,
152,
164,
153,
157,
224,
43,
146,
122,
232,
126,
39,
126,
63,
210,
237,
132,
180,
191,
178,
118,
124,
156,
136,
161,
105,
130,
59,
206,
68,
138,
43,
127,
167,
122,
223,
211,
40,
49,
164,
143,
142,
125,
184,
97,
122,
233,
179,
120,
159,
132,
213,
92,
135,
144,
121,
40,
115,
132,
174,
110,
127,
128,
143,
233,
138,
40,
159,
103,
141,
108,
136,
108,
262,
107,
177,
122,
198,
108,
248,
122,
139,
255,
91,
73,
205,
153,
118,
215,
34,
119,
46,
105,
79,
35,
122,
212,
208,
169,
130,
95,
129,
204,
241,
99,
115,
152,
215,
168,
161,
179,
227,
248,
175,
120,
133,
149,
142,
124,
163,
159,
91,
134,
239,
142,
123,
139,
143,
39,
162,
70,
168,
307,
34,
119,
133,
245,
144,
159,
182,
248,
114,
36,
44,
211,
185,
32,
124,
187,
190,
123,
269,
141,
42,
167,
161,
190,
218,
267,
249,
180,
131,
135,
181,
250,
265,
283,
35,
254,
213,
82,
162,
33,
281,
152,
138,
237,
208,
235,
237,
246,
205,
241,
203,
168,
247,
205,
214,
100,
187,
66,
88,
225,
235,
208,
154,
207,
143,
49,
194,
139,
141,
166,
247,
183,
202,
138,
250,
148,
194,
185,
270,
139,
239,
155,
220,
152,
136,
225,
139,
146,
216,
179,
167,
229,
149,
105,
277,
179,
126,
139,
223,
170,
161,
236,
172,
98,
176,
151,
120,
167,
182,
69,
127,
33,
102,
211,
142,
242,
137,
200,
271,
174,
191,
241,
113,
125,
229,
213,
40,
140,
242,
249,
103,
138,
249,
67,
196,
216,
53,
208,
52,
43,
80,
200,
262,
143,
134,
160,
40,
152,
33,
242,
142,
142,
259,
38,
232,
199,
324,
332,
187,
177,
128,
165,
162,
231,
179,
264,
229,
215,
318,
309,
248,
201,
326,
226,
209,
181,
207,
169,
207,
192,
196,
329,
168,
37,
217,
219,
175,
156,
125,
180,
291,
304,
303,
193,
174,
129,
162,
206,
266,
128,
277,
365,
140,
155,
236,
223,
192,
221,
138,
328,
227,
107,
222,
127,
230,
288,
195,
139,
243,
271,
193,
170,
363,
119,
193,
137,
139,
221,
151,
146,
206,
292,
222,
138,
198,
262,
36,
123,
325,
152,
192,
115,
119,
192,
99,
145,
158,
112,
225,
138,
247,
46,
123,
141,
197,
390,
398,
183,
357,
186,
118,
46,
126,
278,
109,
194,
217,
170,
192,
132,
135,
259,
147,
160,
382,
210,
398,
78,
210,
170,
256,
173,
175,
76,
116,
262,
282,
291,
144,
175,
182,
137,
89,
260,
208,
82,
96,
110,
191,
191,
387,
64,
335,
196,
119,
250,
274,
226,
205,
328,
53,
224,
87,
215,
340,
210,
393,
123,
212,
220,
110,
322,
285,
246,
197,
112,
110,
124,
316,
287,
97,
311,
72,
122,
307,
34,
109,
112,
294,
362,
161,
254,
40,
183,
165,
162,
159,
300,
95,
141,
167,
125,
151,
171,
171,
178,
327,
265,
168,
127,
240,
118,
114,
155,
274,
256,
130,
100,
31,
141,
266,
44,
346,
325,
273,
278,
158,
33,
337,
316,
72,
67,
104,
167,
236,
267,
43,
225,
194,
279,
276,
219,
105,
247,
225,
342,
40,
232,
182,
213,
353,
216,
238,
189,
212,
192,
171,
386,
200,
366,
163,
186,
44,
363,
187,
168,
376,
184,
182,
208,
185,
182,
147,
381,
384,
135,
171,
190,
151,
264,
354,
194,
304,
339,
348,
159,
317,
186,
117,
174,
121,
62,
137,
166,
48,
251,
127,
235,
162,
151,
127,
140,
151,
174,
133,
157,
212,
157,
225,
166,
140,
153,
145,
124,
286,
134,
262,
34,
116,
232,
332,
131,
202,
164,
188,
201,
37,
279,
149,
161,
114,
255,
165,
263,
114,
117,
329,
245,
101,
337,
195,
176,
204,
182,
330,
246,
106,
246,
83,
91,
141,
374,
268,
206,
304,
275,
247,
311,
240,
213,
208,
209,
228,
152,
275,
249,
356,
223,
63,
219,
309,
344,
349,
195,
291,
267,
244,
42,
165,
334,
156,
281,
313,
187,
197,
267,
240,
194,
317,
249,
367,
201,
261,
251,
344,
262,
156,
207,
235,
254,
194,
161,
167,
86,
325,
165,
324,
41,
320,
220,
178,
128,
174,
179,
158,
94,
218,
238,
40,
159,
111,
157,
58,
266,
262,
138,
226,
267,
224,
420,
209,
365,
237,
345,
237,
204,
197,
410,
230,
223,
184,
67,
230,
279,
134,
196,
200,
284,
309,
68,
323,
212,
225,
203,
414,
289,
190,
183,
94,
223,
130,
122,
296,
290,
236,
258,
476,
111,
517,
248,
461,
242,
455,
202,
209,
145,
379,
122,
186,
427,
362,
276,
300,
42,
267,
108,
348,
273,
323,
40,
88,
317,
278,
267,
270,
34,
304,
39,
285,
372,
396,
128,
79,
441,
77,
404,
125,
360,
285,
360,
103,
350,
317,
38,
147,
339,
340,
286,
30,
41,
257,
189,
243,
254,
281,
255,
71,
220,
273,
198,
45,
260,
208,
301,
271,
267,
213,
232,
213,
248,
248,
240,
260,
142,
188,
198,
236,
46,
209,
205,
245,
188,
152,
31,
195,
241,
254,
177,
210,
237,
182,
148,
115,
213,
159,
187,
172,
183,
192,
71,
236,
333,
152,
288,
116,
270,
413,
81,
277,
119,
207,
109,
289,
67,
217,
166,
46,
81,
205,
165,
387,
235,
162,
31,
261,
274,
361,
233,
228,
241,
341,
239,
206,
284,
222,
278,
166,
193,
169,
232,
149,
228,
221,
264,
276,
204,
398,
209,
384,
217,
128,
242,
354,
364,
366,
208,
246,
161,
405,
362,
35,
273,
400,
127,
71,
377,
370,
224,
270,
164,
82,
104,
373,
95,
326,
156,
353,
398,
285,
374,
278,
373,
305,
338,
193,
186,
147,
185,
394,
159,
287,
185,
390,
166,
202,
263,
190,
371,
172,
298,
273,
356,
187,
144,
213,
199,
281,
115,
126,
208,
186,
200,
102,
256,
161,
116,
218,
304,
114,
345,
293,
33,
149,
123,
257,
379,
167,
380,
178,
222,
253,
288,
217,
297,
255,
283,
238,
43,
232,
241,
127,
270,
190,
245,
226,
165,
282,
164,
207,
184,
138,
272,
167,
190,
328,
385,
166,
329,
156,
31,
368,
325,
288,
276,
170,
41,
189,
39,
145,
418,
308,
39,
130,
308,
36,
153,
454,
117,
432,
112,
85,
45,
415,
105,
364,
312,
349,
335,
46,
235,
366,
338,
242,
206,
362,
41,
265,
213,
341,
32,
241,
613,
611,
463,
449,
173,
272,
323,
451,
42,
468,
436,
45,
503,
404,
251,
96,
434,
179,
137,
369,
199,
141,
149,
74,
172,
437,
104,
190,
138,
315,
41,
437,
212,
221,
467,
354,
41,
362,
422,
500,
341,
164,
460,
161,
90,
190,
63,
351,
201,
307,
141,
200,
231,
490,
176,
172,
61,
243,
348,
168,
383,
521,
170,
236,
207,
179,
384,
167,
149,
244,
145,
245,
89,
254,
219,
342,
244,
96,
210,
472,
233,
133,
204,
253,
178,
338,
134,
147,
462,
270,
112,
201,
244,
126,
195,
213,
251,
360,
194,
305,
313,
218,
112,
479,
275,
104,
329,
100,
170,
293,
226,
153,
289,
191,
268,
152,
295,
154,
159,
386,
140,
109,
184,
134,
132,
392,
134,
181,
89,
409,
128,
402,
280,
81,
411,
321,
289,
135,
218,
295,
294,
72,
279,
413,
346,
209,
296,
376,
165,
73,
383,
37,
220,
398,
170,
146,
335,
111,
110,
359,
344,
380,
445,
357,
279,
415,
429,
267,
350,
228,
41,
255,
377,
164,
49,
372,
145,
315,
349,
152,
105,
58,
245,
285,
192,
127,
87,
540,
196,
254,
321,
164,
174,
29,
448,
346,
148,
245,
296,
367,
101,
208,
429,
148,
468,
373,
446,
287,
475,
453,
147,
175,
157,
302,
673,
150,
379,
29,
78,
668,
512,
399,
359,
574,
356,
296,
146,
383,
178,
184,
108,
32,
152,
337,
353,
94,
88,
82,
74,
47,
369,
74,
33,
164,
182,
79,
340,
173,
160,
145,
320,
325,
162,
303,
347,
281,
131,
358,
209,
130,
407,
129,
250,
234,
302,
296,
304,
265,
333,
314,
224,
212,
292,
303,
102,
211,
370,
367,
238,
190,
237,
287,
227,
258,
642,
220,
257,
246,
346,
366,
367,
365,
254,
163,
301,
366,
236,
188,
230,
313,
458,
255,
362,
200,
684,
236,
172,
442,
214,
347,
311,
82,
190,
697,
389,
421,
213,
293,
228,
298,
176,
432,
338,
174,
268,
697,
236,
439,
164,
304,
350,
403,
236,
383,
228,
654,
270,
356,
220,
140,
635,
128,
268,
126,
291,
116,
253,
370,
137,
339,
306,
124,
719,
270,
339,
240,
102,
144,
78,
259,
216,
377,
115,
276,
215,
49,
238,
277,
210,
198,
254,
235,
133,
228,
691,
104,
30,
257,
248,
231,
257,
210,
118,
698,
253,
201,
694,
232,
713,
44,
678,
760,
166,
397,
173,
144,
165,
435,
249,
190,
469,
341,
200,
319,
725,
458,
429,
455,
312,
285,
249,
35,
42,
543,
328,
525,
427,
523,
304,
113,
543,
128,
320,
533,
35,
290,
288,
282,
332,
324,
122,
208,
115,
92,
251,
164,
234,
171,
291,
290,
334,
49,
204,
140,
235,
319,
275,
70,
106,
298,
318,
288,
303,
147,
316,
234,
200,
197,
576,
32,
110,
194,
107,
355,
721,
53,
76,
203,
63,
332,
47,
138,
227,
187,
154,
257,
328,
327,
31,
327,
249,
315,
256,
217,
215,
250,
379,
79,
220,
213,
83,
153,
122,
108,
513,
38,
74,
165,
137,
243,
782,
414,
253,
322,
295,
288,
40,
377,
266,
321,
373,
279,
268,
41,
226,
316,
289,
373,
397,
308,
428,
231,
380,
32,
236,
370,
87,
334,
220,
428,
228,
127,
186,
195,
234,
34,
338,
267,
298,
192,
217,
313,
200,
176,
348,
35,
308,
157,
320,
283,
183,
648,
163,
84,
77,
284,
240,
160,
263,
274,
159,
273,
125,
226,
436,
237,
90,
372,
471,
83,
601,
338,
186,
372,
452,
238,
274,
612,
253,
214,
108,
34,
134,
786,
75,
307,
129,
232,
156,
342,
137,
122,
197,
84,
332,
255,
83,
632,
382,
192,
316,
292,
117,
116,
576,
305,
223,
42,
250,
392,
236,
212,
295,
408,
283,
183,
70,
281,
271,
313,
474,
869,
377,
33,
120,
295,
384,
303,
31,
140,
447,
287,
77,
133,
386,
304,
303,
663,
220,
610,
327,
83,
89,
140,
517,
166,
380,
409,
496,
163,
154,
109,
433,
134,
105,
89,
225,
104,
433,
247,
439,
227,
235,
110,
188,
414,
35,
258,
83,
130,
172,
76,
384,
199,
135,
328,
157,
472,
99,
250,
207,
153,
525,
52,
374,
50,
325,
195,
364,
173,
330,
262,
242,
322,
320,
35,
112,
266,
306,
288,
290,
298,
275,
244,
277,
232,
32,
242,
505,
426,
32,
382,
225,
225,
261,
446,
539,
827,
208,
249,
427,
45,
382,
774,
72,
817,
36,
913,
197,
197,
173,
308,
261,
359,
364,
213,
306,
338,
160,
286,
826,
337,
365,
398,
326,
274,
42,
310,
332,
164,
237,
38,
312,
34,
304,
155,
912,
195,
179,
168,
1011,
129,
359,
151,
166,
144,
1016,
562,
1025,
166,
412,
34,
33,
533,
389,
1060,
46,
854,
94,
713,
95,
136,
168,
569,
581,
32,
880,
367,
856,
611,
830,
153,
608,
620,
250,
120,
21,
186,
601,
448,
641,
96,
128,
914,
164,
102,
125,
1136,
94,
39,
579,
261,
1247,
716,
931,
326,
32,
325,
193,
97,
97,
188,
669,
275,
331,
278,
366,
337,
652,
333,
326,
300,
80,
333,
78,
333,
996,
91,
292,
35,
288,
74,
265,
740,
32,
286,
92,
339,
1022,
288,
285,
711,
311,
345,
274,
343,
341,
281,
300,
739,
470,
395,
182,
209,
271,
270,
80,
334,
268,
847,
266,
208,
171,
232,
345,
375,
247,
242,
237,
234,
368,
190,
832,
276,
538,
94,
295,
348,
403,
365,
196,
73,
279,
282,
34,
341,
312,
134,
169,
463,
161,
452,
165,
104,
93,
38,
34,
149,
256,
525,
87,
79,
524,
175,
129,
56,
548,
629,
499,
77,
712,
163,
192,
78,
341,
172,
336,
524,
291,
145,
603,
322,
238,
244,
204,
587,
305,
346,
130,
161,
272,
238,
504,
249,
34,
379,
1069,
221,
687,
185,
395,
229,
203,
134,
199,
616,
181,
72,
77,
146,
939,
32,
161,
187,
1110,
130,
140,
148,
962,
126,
126,
957,
129,
131,
1143,
39,
45,
72,
83,
814,
92,
797,
38,
712,
43,
637,
89,
119,
1028,
37,
187,
430,
94,
101,
377,
444,
945,
831,
826,
402,
198,
404,
338,
356,
82,
282,
125,
589,
329,
581,
396,
307,
138,
226,
1181,
171,
125,
477,
219,
78,
120,
388,
198,
113,
272,
258,
85,
330,
145,
41,
708,
223,
235,
200,
390,
193,
369,
270,
817,
34,
263,
357,
163,
1203,
790,
89,
253,
239,
840,
282,
225,
227,
103,
254,
178,
157,
122,
237,
309,
253,
117,
201,
303,
102,
320,
265,
237,
209,
1142,
1120,
64,
215,
1131,
520,
219,
77,
450,
211,
738,
195,
513,
702,
170,
151,
35,
170,
838,
464,
85,
133,
1133,
1128,
1123,
1145,
141,
1091,
78,
1531,
490,
1349,
1298,
416,
194,
87,
369,
39,
278,
79,
335,
503,
73,
101,
115,
625,
292,
94,
441,
71,
1251,
1183,
1171,
33,
107,
1347,
1367,
891,
1427,
97,
208,
104,
204,
1134,
854,
200,
898,
1275,
863,
931,
1219,
630,
792,
573,
247,
484,
656,
785,
358,
116,
1429,
512,
326,
109,
105,
585,
90,
1311,
154,
398,
204,
1185,
527,
384,
517,
508,
35,
202,
359,
274,
411,
274,
35,
36,
34,
36,
242,
45,
1630,
23,
226,
777,
215,
28,
23,
905,
25,
208,
24,
232,
236,
543,
519,
518,
680,
470,
483,
32,
505,
362,
804,
1122,
561,
620,
505,
767,
165,
71,
160,
555,
90,
307,
254,
180,
492,
242,
153,
1220,
247,
149,
1346,
299,
184,
634,
672,
46,
555,
552,
132,
628,
595,
174,
683,
631,
107,
34,
182,
166,
277,
161,
208,
250,
216,
240,
304,
175,
215,
162,
171,
224,
214,
126,
337,
409,
208,
75,
71,
90,
337,
336,
321,
63,
402,
291,
322,
261,
118,
33,
804,
233,
489,
216,
213,
1033,
366,
119,
793,
33,
374,
474,
855,
468,
132,
157,
644,
127,
642,
888,
634,
1272,
463,
92,
1530,
33,
75,
116,
636,
301,
114,
36,
356,
712,
186,
33,
192,
494,
187,
784,
368,
772,
368,
607,
709,
192,
690,
276,
186,
663,
96,
158,
654,
163,
156,
869,
38,
655,
414,
34,
390,
286,
647,
801,
105,
613,
145,
134,
592,
580,
556,
388,
555,
402,
220,
650,
1087,
140,
1121,
404,
860,
261,
368,
441,
332,
86,
412,
328,
215,
397,
221,
128,
362,
1499,
355,
144,
366,
350,
130,
120,
300,
368,
284,
1078,
35,
114,
1350,
1051,
1031,
302,
971,
816,
1097,
1090,
1448,
185,
177,
1029,
34,
1161,
182,
207,
304,
1050,
316,
1437,
366,
297,
31,
796,
1059,
200,
957,
1409,
299,
65,
1003,
1105,
62,
33,
184,
1118,
61,
1098,
1243,
786,
54,
175,
77,
163,
74,
1482,
64,
229,
188,
1004,
329,
987,
991,
1172,
980,
140,
35,
331,
979,
341,
338,
1099,
825,
114,
205,
1436,
84,
326,
303,
299,
341,
202,
1391,
279,
210,
279,
671,
947,
278,
1091,
425,
280,
420,
394,
939,
1619,
1635,
893,
402,
37,
985,
37,
145,
919,
78,
914,
159,
910,
148,
902,
71,
140,
689,
619,
1811,
123,
1764,
1742,
1784,
25,
1736,
281,
1753,
1764,
1653,
1772,
388,
160,
84,
1841,
1779,
35,
1742,
271,
183,
1789,
16,
136,
177,
114,
126,
1575,
152,
34,
1086,
591,
283,
1079,
182,
1069,
1662,
128,
431,
1280,
1069,
492,
413,
893,
1218,
1818,
34,
403,
320,
438,
431,
34,
47,
1025,
992,
839,
127,
114,
36,
522,
1597,
103,
33,
1598,
277,
814,
838,
103,
91,
1465,
298,
1703,
87,
298,
237,
1625,
1094,
1085,
285,
817,
91,
890,
573,
854,
872,
918,
540,
114,
583,
796,
626,
862,
36,
894,
881,
710,
887,
926,
733,
666,
654,
795,
824,
619,
895,
815,
665,
812,
812,
641,
852,
735,
567,
691,
545,
862,
91,
839,
696,
502,
662,
472,
542,
59,
633,
267,
41,
512,
505,
177,
70,
479,
511,
277,
35,
496,
794,
480,
792,
789,
786,
910,
784,
774,
1389,
676,
1192,
768,
766,
612,
764,
1412,
915,
762,
33,
901,
146,
872,
1171,
73,
161,
251,
70,
1043,
1147,
213,
228,
1125,
157,
1124,
74,
369,
611,
244,
435,
625,
172,
259,
610,
142,
30,
666,
1024,
40,
162,
393,
1682,
127,
395,
377,
419,
355,
1470,
1399,
344,
338,
335,
334,
332,
1390,
168,
34,
129,
1377,
34,
1906,
1369,
32,
32,
32,
1466,
37,
248,
36,
30,
45,
1265,
1152,
1340,
1141,
1920,
934,
349,
1156,
484,
1103,
343,
1737,
923,
317,
365,
340,
914,
127,
812,
860,
174,
846,
1897,
855,
260,
301,
816,
1010,
85,
961,
713,
55,
876,
912,
981,
419,
380,
96,
1381,
830,
1511,
347,
395,
1015,
1569,
290,
371,
369,
291,
35,
1017,
57,
1621,
1493,
1571,
1170,
1839,
400,
988,
2084,
759,
1331,
1872,
1059,
1065,
1779,
1528,
1081,
1881,
1438,
774,
1642,
1467,
1498,
1252,
52,
941,
1502,
929,
932,
244,
936,
75,
296,
274,
1957,
674,
112,
1368,
118,
1942,
121,
103,
1427,
95,
361,
2085,
1282,
1385,
2102,
51,
49,
999,
1768,
77,
2221,
42,
732,
304,
733,
724,
1066,
50,
48,
1007,
1182,
779,
1005,
966,
1099,
79,
709,
1001,
1091,
1232,
1165,
1267,
1109,
146,
1682,
108,
2290,
698,
89,
1703,
681,
41,
92,
1141,
381,
1275,
932,
1082,
900,
1634,
1250,
315,
1680,
318,
1541,
44,
755,
2338,
370,
411,
353,
1325,
1641,
345,
1633,
1631,
356,
31,
1341,
366,
97,
1120,
114,
90,
448,
39,
1670,
324,
137,
99,
52,
151,
883,
772,
738,
737,
385,
399,
2223,
1137,
2182,
741,
404,
2368,
739,
399,
1205,
2012,
2012,
1074,
508,
1125,
2205,
2036,
736,
1047,
1142,
741,
1841,
1146,
902,
487,
942,
80,
353,
1074,
1204,
1088,
807,
97,
320,
1234,
60,
1585,
803,
329,
261,
1251,
37,
88,
1102,
204,
889,
161,
402,
1370,
1045,
1311,
1172,
1001,
1211,
1298,
47,
1022,
1153,
1096,
1058,
856,
1176,
989,
1246,
326,
699,
1187,
1308,
421,
1061,
45,
2363,
1656,
1921,
955,
1218,
1371,
1202,
1026,
1164,
2378,
2125,
655,
1195,
1322,
304,
951,
1325,
1128,
1768,
141,
121,
113,
135,
81,
2339,
1894,
1691,
84,
81,
95,
2413,
41,
2433,
1927,
639,
1751,
2256,
388,
398,
2332,
301,
76,
2358,
2422,
579,
2130,
2273,
1566,
1877,
1710,
118,
1565,
1640,
124,
119,
44,
493,
81,
84,
325,
1581,
2219,
1972,
78,
55,
1179,
1826,
1258,
1622,
48,
1240,
1237,
1187,
40,
137,
84,
1134,
2482,
722,
1983,
39,
87,
131,
2003,
715,
323,
1088,
1088,
1078,
1074,
108,
1128,
992,
1152,
2353,
47,
507,
1138,
1116,
1336,
1090,
1496,
422,
373,
1011,
787,
1101,
1281,
1089,
1426,
123,
43,
131,
105,
1867,
111,
84,
81,
82,
1105,
1095,
73,
43,
948,
98,
115,
936,
170,
167,
902,
829,
77,
2276,
1018,
1022,
941,
407,
933,
916,
2469,
890,
349,
867,
301,
832,
304,
79,
78,
949,
728,
887,
710,
675,
695,
133,
667,
75,
97,
137,
61,
651,
577,
695,
46,
1781,
1657,
81,
717,
1698,
74,
38,
1716,
913,
75,
2758,
1540,
2401,
1002,
1515,
2073,
1235,
61,
2316,
135,
2683,
1352,
1589,
34,
36,
1347,
24,
1451,
42,
1279,
635,
51,
1303,
1471,
1322,
2489,
1256,
1267,
1248,
1191,
1518,
1174,
1930,
2484,
1157,
1100,
1096,
2383,
1060,
1281,
611,
627,
2197,
554,
530,
1564,
48,
2572,
1464,
1650,
2190,
2469,
1480,
2470,
41,
2032,
2465,
1654,
1177,
2026,
40,
1423,
148,
2278,
2777,
1382,
2306,
81,
1502,
94,
1314,
75,
1364,
1054,
669,
904,
42,
2506,
1093,
1334,
716,
869,
1026,
1626,
744,
122,
2081,
126,
2804,
874,
1330,
1390,
1399,
157,
1348,
1380,
156,
1384,
1323,
1747,
632,
1412,
614,
1401,
76,
654,
1321,
84,
1160,
367,
604,
790,
2588,
1252,
81,
906,
1273,
1278,
1135,
882,
84,
936,
853,
1149,
122,
955,
855,
158,
950,
550,
1143,
116,
85,
1155,
967,
975,
429,
612,
963,
2357,
936,
1638,
900,
1193,
899,
2753,
1496,
41,
36,
39,
2773,
37,
1290,
2956,
1999,
916,
1011,
2461,
2159,
151,
122,
52,
2289,
35,
61,
1128,
2651,
688,
618,
61,
792,
2632,
2649,
1129,
140,
2538,
2755,
135,
1483,
149,
141,
90,
133,
1842,
2205,
1060,
1038,
748,
78,
2767,
512,
2397,
1069,
2794,
901,
1057,
2780,
207,
2874,
1129,
1070,
1023,
992,
1067,
995,
1950,
1691,
2002,
905,
1940,
702,
457,
318,
779,
1867,
397,
2934,
1725,
1753,
439,
1437,
2489,
936,
697,
1199,
1315,
1198,
227,
1182,
1180,
1984,
1868,
551,
1139,
1530,
2206,
1861,
879,
785,
774,
785,
778,
174,
475,
169,
1214,
1152,
791,
3058,
885,
46,
791,
48,
36,
1612,
902,
54,
1186,
204,
1580,
43,
511,
2569,
826,
139,
426,
980,
3070,
422,
119,
380,
117,
302,
2601,
1340,
289,
631,
276,
36,
310,
801,
1624,
135,
2391,
1659,
1689,
1603,
1220,
137,
129,
86,
828,
1092,
136,
674,
624,
38,
78,
75,
1194,
890,
624,
628,
2520,
1115,
2971,
2508,
1248,
2985,
162,
3333,
121,
70,
2272,
3096,
101,
69,
101,
80,
66,
41,
2344,
1930,
1452,
1028,
49,
165,
121,
158,
51,
1500,
831,
81,
2807,
2568,
857,
1526,
1551,
1531,
679,
1533,
79,
790,
668,
83,
1112,
1015,
1116,
1022,
1066,
962,
901,
1027,
899,
133,
1094,
259,
882,
1084,
1351,
2571,
1163,
964,
100,
2946,
2048,
331,
2863,
326,
1621,
424,
1109,
1251,
788,
3086,
1597,
130,
1066,
715,
49,
1780,
30,
31,
2301,
1762,
2831,
2021,
1188,
26,
74,
124,
34,
1698,
2039,
3170,
531,
301,
128,
2527,
151,
1760,
911,
972,
136,
1575,
2223,
131,
1446,
1442,
959,
3192,
103,
1644,
948,
79,
1143,
1421,
1150,
2026,
2612,
1144,
855,
2734,
1048,
750,
430,
2069,
753,
2887,
423,
413,
380,
405,
211,
301,
402,
397,
1870,
2251,
306,
374,
2032,
1875,
2017,
2790,
1516,
57,
2262,
81,
623,
360,
1299,
359,
246,
222,
204,
3013,
89,
38,
3084,
3171,
40,
102,
141,
3345,
3052,
47,
44,
40,
2864,
2890,
3129,
1024,
3382,
2162,
1012,
51,
37,
74,
2183,
901,
444,
114,
945,
200,
1880,
1683,
971,
1264,
1230,
2364,
896,
983,
867,
1982,
1239,
61,
908,
1017,
872,
2780,
1015,
3380,
1041,
3566,
97,
97,
64,
46,
24,
1290,
24,
1207,
47,
1266,
1255,
131,
123,
2795,
2782,
2214,
1014,
85,
2641,
1151,
2362,
2863,
2000,
301,
1095,
1820,
26,
1979,
1039,
955,
1105,
1956,
354,
1854,
2046,
317,
945,
1764,
1887,
184,
2645,
89,
2018,
926,
81,
139,
301,
135,
92,
1929,
601,
625,
38,
1049,
630,
95,
1267,
3054,
623,
618,
621,
610,
595,
629,
594,
608,
605,
621,
35,
583,
593,
38,
2079,
432,
553,
577,
696,
411,
284,
428,
121,
114,
109,
1942,
101,
128,
2013,
2498,
115,
1900,
1100,
3042,
930,
1762,
81,
2585,
2548,
1806,
1154,
278,
246,
1779,
241,
1792,
1829,
183,
452,
588,
1714,
1792,
410,
1953,
1545,
265,
382,
1494,
1488,
189,
609,
194,
577,
2932,
482,
303,
322,
370,
42,
463,
2614,
397,
411,
444,
480,
929,
152,
114,
1760,
929,
3302,
113,
456,
1352,
3214,
3440,
1470,
3006,
282,
301,
100,
3166,
2931,
957,
329,
1520,
40,
2943,
3047,
3090,
2803,
2886,
1739,
1767,
3138,
1948,
2295,
2646,
2634,
1363,
2288,
2488,
2561,
1670,
2566,
308,
42,
2062,
91,
2839,
2228,
3057,
73,
3328,
71,
79,
3596,
64,
3082,
1507,
3607,
1069,
279,
3165,
105,
3803,
1501,
1182,
3618,
3605,
602,
41,
1189,
3798,
3069,
1506,
54,
3839,
3577,
1817,
1142,
2282,
2638,
1204,
1056,
1347,
110,
3623,
102,
1418,
1484,
2228,
218,
1867,
2161,
3220,
1979,
36,
266,
3695,
3686,
3670,
3711,
3668,
3637,
49,
3722,
3643,
3684,
834,
639,
1039,
1472,
73,
602,
634,
647,
638,
2247,
2205,
658,
2232,
622,
479,
1405,
2108,
2264,
815,
138,
796,
93,
807,
822,
814,
83,
2044,
550,
1482,
806,
835,
2288,
576,
1963,
2092,
694,
1296,
849,
1438,
583,
1433,
305,
3061,
1188,
766,
304,
439,
1395,
2044,
2551,
74,
851,
81,
652,
1525,
223,
3121,
1251,
1566,
3900,
2681,
2059,
1407,
1663,
3287,
1178,
1685,
3578,
1466,
3592,
3749,
1121,
1490,
1861,
190,
152,
301,
1273,
369,
365,
3752,
352,
29,
110,
3825,
1339,
38,
3796,
393,
3704,
3811,
2165,
130,
2984,
1675,
79,
2202,
101,
1819,
2885,
3675,
1195,
1174,
125,
94,
1763,
3721,
1367,
1517,
2104,
913,
1532,
1482,
1342,
1421,
1316,
1125,
3236,
1409,
1380,
1370,
1252,
1308,
1860,
2877,
3382,
2436,
2861,
1566,
1235,
1900,
1857,
1494,
1472,
1491,
1470,
1468,
220,
1496,
1225,
85,
1461,
136,
1008,
3467,
72,
3932,
1550,
301,
1643,
2910,
3880,
2685,
2063,
2329,
2021,
3511,
3443,
3990,
2147,
705,
3926,
2629,
35,
50,
2584,
128,
2503,
3921,
3073,
4005,
3970,
3870,
1341,
776,
3908,
65,
2508,
2442,
422,
3994,
2495,
2477,
2480,
2538,
324,
2412,
99,
104,
43,
301,
3843,
3955,
3720,
50,
3886,
302,
2908,
1581,
602,
3725,
2346,
2496,
3854,
1731,
3932,
1725,
2992,
1601,
1646,
3888,
1355,
1711,
3867,
762,
3270,
3856,
712,
3889,
665,
4098,
432,
3388,
3839,
4068,
2473,
3076,
3855,
2485,
2350,
55,
2469,
3820,
2327,
2286,
3805,
2237,
2243,
2253,
2086,
2212,
839,
2146,
2199,
3195,
2158,
2062,
2549,
127,
2155,
2016,
94,
1647,
1941,
2023,
3299,
118,
95,
1862,
86,
1827,
94,
1961,
1905,
104,
2118,
1883,
2919,
3722,
1532,
2279,
1566,
3916,
1952,
1756,
1828,
1793,
1649,
1616,
435,
1670,
96,
3778,
2658,
1836,
1745,
1640,
1748,
86,
1563,
1033,
1457,
85,
1433,
1671,
1322,
1297,
1269,
1365,
1225,
78,
3421,
3445,
4105,
3714,
562,
4169,
4161,
2930,
3775,
135,
3772,
4050,
4066,
2288,
4019,
73,
3759,
3756,
1939,
3737,
4058,
4031,
4022,
3866,
4061,
4107,
4088,
3972,
570,
4008,
3820,
4005,
4124,
3858,
3679,
4004,
3996,
564,
3466,
2895,
4110,
4040,
3924,
3949,
1060,
3760,
4028,
4008,
3822,
4132,
3849,
965,
3089,
1488,
3843,
3939,
1298,
4325,
4059,
4170,
2894,
4120,
1874,
4126,
3238,
3792,
3914,
48,
3916,
4002,
2490,
4131,
3213,
1006,
2935,
912,
3418,
4095,
4050,
4081,
910,
3919,
4046,
58,
3920,
1465,
588,
4019,
3954,
3117,
48,
3774,
3956,
4200,
51,
1208,
2194,
4148,
2133,
2963,
1874,
1200,
3692,
930,
1868,
1744,
3868,
4015,
3834,
4267,
3450,
4080,
820,
1673,
4024,
96,
2398,
3027,
2844,
3679,
3163,
216,
4043,
96,
3438,
105,
4237,
1193,
3562,
665,
3994,
1465,
919,
4084,
579,
576,
986,
3930,
3708,
3920,
1399,
261,
848,
1598,
3890,
65,
3906,
813,
3288,
3875,
1695,
3932,
144,
55,
3826,
251,
3847,
885,
3768,
3458,
3998,
262,
4140,
4091,
3267,
2955,
1835,
2680,
574,
1310,
3727,
2891,
3055,
2577,
33,
2921,
1821,
1245,
4114,
883,
875,
872,
870,
3161,
866,
3951,
97,
159,
846,
307,
1805,
91,
3214,
837,
2083,
836,
834,
826,
1054,
830,
821,
301,
814,
811,
809,
2640,
815,
55,
1695,
791,
305,
3837,
305,
788,
306,
2797,
3049,
2131,
45,
44,
87,
1703,
1259,
38,
39,
3259,
4054,
4360,
3835,
4278,
3255,
645,
3113,
626,
3698,
3099,
768,
4203,
460,
2821,
478,
2303,
3455,
4213,
2703,
58,
2886,
2570,
4275,
164,
4271,
2882,
4071,
4083,
291,
4240,
2886,
307,
2896,
3897,
1852,
2171,
302,
3144,
3003,
1525,
301,
162,
1065,
305,
3113,
203,
1055,
1121,
1084,
4211,
1095,
4233,
2935,
1311,
64,
1086,
1068,
3265,
1135,
1164,
129,
160,
1155,
2170,
1689,
4236,
1088,
2030,
56,
2383,
4246,
4231,
1117,
1092,
1131,
4118,
1071,
2790,
2722,
45,
1092,
3787,
612,
3731,
1040,
3686,
2004,
988,
1795,
4201,
177,
101,
955,
112,
179,
88,
169,
112,
1654,
167,
80,
163,
162,
156,
4388,
152,
72,
3466,
69,
4017,
4068,
4059,
75,
155,
149,
148,
142,
3664,
45,
4235,
3079,
3412,
1843,
1835,
836,
4029,
2101,
3466,
4027,
760,
3284,
2102,
2101,
301,
2874,
3271,
29,
1506,
598,
27,
30,
2850,
1139,
2845,
3470,
2827,
3309,
2107,
31,
2714,
53,
83,
87,
367,
2951,
3417,
1317,
2890,
1311,
973,
1059,
1146,
1133,
1227,
49,
1329,
1137,
1292,
1276,
1249,
1138,
1366,
1351,
1022,
4050,
1253,
1363,
245,
1119,
4265,
2855,
305,
1349,
1212,
4154,
843,
981,
4225,
4463,
129,
1141,
3969,
131,
1027,
3073,
106,
79,
3141,
1301,
3948,
1199,
3093,
4521,
1138,
1168,
3979,
74,
1145,
1313,
3144,
3489,
1262,
4360,
1326,
3989,
3846,
3827,
4591,
4335,
3703,
4491,
80,
4425,
1142,
63,
1033,
4408,
3210,
3389,
34,
32,
3039,
3910,
4193,
2415,
969,
938,
3866,
4392,
921,
863,
4433,
908,
4041,
4432,
859,
113,
4280,
843,
1415,
758,
4422,
3063,
746,
725,
4089,
689,
687,
63,
67,
720,
682,
53,
1314,
641,
140,
4163,
601,
618,
602,
2236,
3176,
2193,
512,
598,
4488,
1765,
1287,
682,
4493,
3179,
680,
4403,
3550,
1342,
1220,
463,
3003,
1529,
1398,
113,
1281,
1297,
132,
1262,
1750,
1560,
497,
1254,
91,
1858,
1246,
1206,
1021,
701,
4660,
1614,
1445,
684,
4449,
4610,
1535,
1453,
1257,
1519,
1218,
996,
2966,
2166,
4089,
1287,
4485,
1364,
4492,
1480,
1436,
1622,
4464,
2781,
4509,
4151,
1443,
59,
510,
1321,
2479,
1477,
1420,
4458,
1028,
1455,
816,
1440,
761,
754,
3830,
1402,
2941,
2532,
1482,
1475,
1211,
1422,
420,
1337,
4106,
1028,
3618,
2477,
2465,
3157,
4155,
4611,
2700,
3630,
4610,
783,
3885,
3592,
1075,
1408,
3625,
4568,
4000,
4647,
4003,
4500,
3846,
138,
4154,
4639,
3938,
3936,
4122,
4191,
207,
4623,
4001,
379,
4394,
3873,
4656,
4654,
99,
3869,
1402,
3560,
4153,
4592,
3538,
3005,
2785,
2703,
807,
3911,
4023,
1343,
3376,
828,
355,
3592,
3901,
4322,
2696,
3191,
124,
2872,
1794,
2917,
324,
4539,
628,
812,
100,
4634,
1443,
3887,
3990,
148,
586,
4044,
4554,
240,
3652,
3965,
3892,
2170,
1499,
4448,
608,
2822,
4663,
2871,
548,
1365,
2926,
1492,
1164,
2981,
77,
1647,
86,
3187,
3184,
77,
415,
2173,
614,
610,
594,
2206,
3665,
3976,
541,
3514,
522,
3957,
534,
571,
2930,
433,
348,
639,
1544,
2922,
3725,
1519,
579,
585,
501,
580,
571,
334,
839,
979,
468,
565,
1577,
359,
363,
561,
1717,
505,
3701,
2245,
608,
560,
3622,
546,
538,
1082,
3638,
3094,
586,
608,
1518,
326,
3905,
570,
331,
19,
553,
301,
1580,
560,
312,
3956,
589,
402,
320,
667,
3714,
920,
3577,
543,
4378,
4295,
265,
589,
251,
646,
1259,
214,
1400,
381,
201,
378,
1565,
366,
179,
583,
426,
25,
358,
695,
63,
149,
126,
342,
3955,
149,
126,
36,
355,
116,
121,
341,
36,
115,
1170,
329,
209,
322,
229,
115,
3332,
217,
3443,
194,
140,
41,
145,
94,
43,
38,
104,
27,
106,
45,
3734,
1616,
4592,
40,
3673,
306,
1633,
1112,
40,
1206,
652,
4781,
3221,
1624,
4650,
1558,
2325,
4625,
4457,
4764,
3503,
649,
4564,
4741,
4787,
1665,
2168,
1754,
638,
686,
4783,
4640,
1640,
310,
653,
1661,
557,
1274,
53,
1661,
3689,
682,
616,
1194,
514,
1097,
866,
294,
1215,
4758,
1639,
302,
4017,
3553,
875,
831,
4796,
421,
4817,
3696,
402,
1643,
2663,
2415,
1731,
4773,
1359,
2110,
1947,
835,
5051,
4154,
829,
1070,
639,
3816,
3787,
4656,
4686,
798,
451,
1308,
4109,
3531,
4901,
1671,
1340,
3825,
719,
3857,
4771,
1745,
295,
1192,
4035,
1011,
978,
664,
1693,
676,
3798,
488,
2024,
3823,
216,
1564,
3592,
4827,
1645,
1717,
1506,
2766,
4354,
4809,
454,
3714,
3846,
3841,
4745,
1981,
3563,
750,
2378,
4354,
3562,
3561,
55,
1673,
4108,
2083,
4053,
480,
3559,
3834,
3561,
2032,
1958,
150,
2891,
822,
1674,
4119,
3812,
1988,
2593,
4599,
286,
4700,
4816,
804,
1511,
4746,
741,
729,
120,
3507,
2400,
1530,
4788,
292,
481,
4417,
143,
113,
469,
4540,
136,
2298,
114,
465,
478,
433,
129,
214,
3395,
54,
212,
701,
151,
1623,
145,
150,
3257,
201,
2451,
196,
2432,
146,
2410,
2752,
1287,
2392,
4659,
2316,
146,
2383,
140,
76,
2416,
76,
2406,
136,
2341,
4642,
31,
2420,
4551,
4507,
33,
824,
4312,
33,
4116,
4437,
184,
368,
302,
2778,
368,
174,
4070,
148,
77,
74,
4671,
176,
171,
163,
133,
3869,
137,
2392,
131,
35,
100,
4315,
101,
98,
2224,
76,
76,
303,
558,
2691,
2997,
4147,
52,
716,
720,
4676,
3814,
73,
716,
799,
3243,
1229,
3447,
304,
1061,
3381,
3200,
692,
808,
2836,
3976,
692,
304,
795,
2486,
892,
2193,
918,
702,
4456,
3665,
3979,
1252,
690,
3978,
2484,
1057,
722,
665,
3695,
623,
642,
605,
1168,
851,
1134,
1852,
967,
1351,
284,
667,
3049,
687,
955,
967,
4017,
3665,
740,
4557,
4678,
3790,
755,
3984,
1056,
910,
750,
4527,
852,
854,
3990,
3819,
814,
939,
845,
947,
886,
3804,
1028,
863,
3841,
4730,
3808,
854,
767,
3794,
980,
3677,
606,
1980,
845,
591,
890,
756,
904,
2145,
476,
855,
974,
4020,
4576,
704,
462,
4746,
921,
451,
934,
872,
934,
303,
4903,
626,
2115,
720,
4929,
3548,
675,
3689,
712,
4579,
622,
3687,
1169,
1517,
540,
3581,
2776,
545,
924,
179,
392,
4178,
1901,
177,
877,
863,
167,
956,
867,
3689,
523,
847,
798,
90,
747,
843,
778,
123,
836,
904,
346,
655,
92,
89,
456,
868,
654,
301,
887,
345,
541,
654,
76,
478,
406,
858,
485,
363,
353,
401,
3047,
873,
307,
844,
401,
334,
364,
889,
361,
4050,
530,
3823,
524,
4704,
39,
709,
949,
572,
61,
635,
4061,
41,
81,
655,
67,
45,
2473,
596,
81,
1888,
86,
4055,
610,
81,
593,
1000,
357,
4512,
4068,
4602,
4154,
1092,
4233,
2110,
152,
4174,
143,
110,
90,
3858,
952,
83,
4909,
2850,
1312,
4888,
800,
4192,
89,
4139,
4113,
4113,
4106,
4062,
4042,
3964,
3899,
84,
3882,
3881,
3875,
76,
3861,
3822,
177,
2658,
3736,
2649,
3735,
3687,
3682,
2632,
3680,
2575,
3652,
2544,
3896,
809,
3581,
2529,
662,
3552,
674,
1970,
2522,
3095,
2963,
3718,
2458,
903,
135,
131,
2450,
977,
773,
2423,
150,
1012,
100,
279,
2422,
54,
449,
4796,
4623,
692,
2430,
4373,
4888,
478,
4772,
267,
845,
4153,
1292,
4171,
3908,
1012,
77,
991,
392,
3090,
3956,
269,
3957,
286,
1012,
583,
879,
3958,
4165,
623,
511,
4032,
2985,
715,
3760,
818,
79,
416,
414,
2979,
1008,
2961,
593,
1062,
641,
1038,
3775,
2977,
2970,
364,
161,
2892,
428,
403,
676,
851,
625,
878,
934,
77,
3965,
610,
570,
1347,
2853,
27,
870,
4177,
4188,
608,
443,
463,
453,
4151,
720,
34,
3774,
648,
28,
2985,
550,
1414,
1056,
476,
28,
315,
4069,
2680,
3827,
394,
1087,
4743,
496,
38,
957,
5123,
4662,
907,
1212,
869,
3999,
664,
4529,
978,
921,
657,
41,
5154,
4968,
397,
524,
5153,
854,
882,
243,
875,
925,
4787,
1121,
3030,
536,
3961,
4245,
3452,
5140,
745,
931,
4851,
953,
525,
3155,
304,
1114,
1539,
2757,
1103,
468,
2364,
583,
613,
2139,
556,
448,
307,
429,
758,
4785,
545,
1187,
933,
4229,
4249,
774,
3100,
716,
544,
3825,
4231,
469,
380,
554,
4259,
4244,
4203,
4894,
72,
3812,
558,
369,
4467,
475,
4086,
1001,
1438,
3308,
3687,
1443,
2471,
3689,
533,
4900,
3691,
529,
4042,
627,
3709,
456,
5093,
498,
3788,
565,
721,
977,
443,
360,
202,
2465,
4813,
4835,
443,
3881,
880,
140,
5202,
4318,
1544,
546,
3772,
172,
493,
1175,
111,
836,
542,
446,
4891,
5057,
46,
83,
296,
908,
4296,
1265,
292,
535,
1483,
446,
1028,
5195,
534,
2940,
4277,
571,
4084,
3962,
521,
819,
5192,
4284,
4257,
633,
807,
451,
795,
161,
488,
55,
440,
637,
439,
4312,
607,
4026,
4090,
569,
905,
627,
455,
357,
5086,
1558,
3855,
3544,
5093,
424,
1004,
467,
3730,
5086,
527,
414,
4438,
4289,
985,
423,
4985,
3992,
401,
3860,
1259,
397,
3767,
543,
390,
3273,
386,
378,
70,
4744,
375,
230,
226,
2150,
2518,
3782,
223,
939,
498,
1145,
378,
944,
192,
706,
468,
507,
43,
506,
458,
155,
159,
1202,
451,
583,
433,
122,
157,
603,
112,
599,
135,
521,
529,
526,
729,
682,
601,
80,
424,
741,
768,
708,
140,
671,
682,
76,
488,
484,
487,
476,
2118,
457,
619,
467,
750,
667,
74,
518,
523,
40,
306,
458,
281,
1072,
2216,
5261,
81,
3230,
557,
2534,
905,
5267,
4734,
3757,
720,
1051,
3606,
3634,
155,
739,
5104,
938,
4267,
713,
4173,
917,
697,
5188,
3280,
670,
1267,
5208,
2077,
516,
3056,
5177,
515,
3066,
1315,
1364,
3352,
1778,
645,
668,
3970,
3368,
695,
2297,
941,
1210,
2045,
679,
924,
4457,
551,
482,
3376,
399,
493,
1410,
309,
902,
611,
398,
380,
595,
508,
525,
2943,
473,
363,
364,
1333,
5021,
692,
505,
359,
416,
363,
413,
19,
519,
783,
710,
2666,
538,
694,
1321,
3389,
695,
1386,
715,
563,
749,
626,
412,
4950,
947,
4013,
519,
1585,
549,
768,
1440,
523,
528,
1123,
763,
166,
421,
768,
1329,
542,
2055,
764,
381,
1161,
3329,
147,
1327,
3325,
701,
5232,
5224,
730,
780,
380,
3887,
2979,
539,
666,
691,
817,
5091,
681,
300,
528,
970,
1359,
797,
1015,
139,
730,
587,
384,
369,
560,
1927,
295,
160,
769,
606,
1370,
2677,
5199,
285,
980,
2070,
796,
404,
126,
632,
101,
563,
660,
38,
1115,
221,
1182,
803,
3997,
134,
621,
216,
4805,
589,
863,
3348,
209,
612,
5049,
235,
3602,
1220,
145,
757,
2825,
1643,
983,
128,
1003,
561,
214,
167,
206,
840,
786,
5251,
203,
101,
202,
5182,
59,
59,
76,
86,
79,
2129,
4077,
3240,
174,
70,
97,
3238,
106,
3235,
4808,
352,
441,
429,
395,
4209,
388,
3941,
3242,
2927,
770,
3237,
324,
3276,
4601,
329,
922,
3235,
90,
3223,
442,
296,
667,
294,
3232,
288,
235,
761,
242,
5381,
3315,
241,
760,
92,
768,
777,
238,
757,
545,
301,
559,
739,
128,
80,
753,
4036,
570,
111,
544,
130,
769,
753,
786,
580,
751,
445,
110,
845,
480,
186,
385,
730,
899,
829,
111,
2929,
408,
183,
342,
4235,
211,
591,
164,
4031,
100,
542,
350,
369,
796,
355,
101,
268,
352,
363,
4961,
92,
74,
73,
3221,
254,
78,
1201,
1288,
843,
177,
163,
863,
662,
144,
861,
458,
4263,
848,
524,
5355,
2215,
651,
709,
2054,
136,
242,
883,
673,
674,
764,
702,
3408,
3808,
528,
909,
874,
642,
1483,
903,
290,
1555,
1091,
157,
682,
5254,
687,
695,
893,
263,
74,
5348,
1423,
1337,
4295,
1241,
518,
491,
1500,
489,
1346,
3154,
797,
685,
300,
5202,
3107,
1134,
559,
3354,
1508,
902,
680,
523,
1121,
1032,
175,
503,
35,
785,
405,
534,
326,
958,
848,
432,
1231,
987,
321,
325,
295,
5192,
538,
879,
470,
697,
293,
309,
879,
349,
5296,
1352,
4153,
288,
257,
226,
2173,
5220,
345,
302,
907,
250,
209,
54,
2429,
1011,
917,
529,
930,
518,
1286,
62,
1329,
2498,
805,
920,
1036,
1006,
932,
1408,
257,
4638,
439,
964,
1380,
5180,
107,
5397,
508,
100,
1292,
5081,
1679,
973,
394,
702,
356,
5080,
5398,
577,
741,
291,
4580,
744,
107,
5212,
707,
550,
556,
4813,
764,
287,
369,
556,
1158,
558,
1148,
787,
5133,
926,
552,
961,
743,
551,
288,
472,
748,
275,
314,
422,
141,
5094,
561,
200,
5145,
539,
423,
4752,
5571,
535,
5387,
554,
5022,
778,
4852,
223,
751,
359,
185,
5733,
4378,
342,
152,
64,
910,
134,
130,
340,
4343,
57,
4569,
85,
2311,
316,
2504,
5688,
320,
722,
5040,
3951,
316,
4451,
586,
475,
307,
54,
925,
581,
433,
306,
460,
301,
626,
935,
5378,
938,
288,
747,
189,
715,
427,
279,
424,
742,
4595,
350,
732,
346,
5566,
751,
199,
415,
5029,
346,
267,
273,
330,
267,
404,
329,
327,
693,
259,
426,
238,
683,
323,
327,
4186,
370,
314,
183,
173,
353,
337,
709,
312,
365,
455,
1019,
171,
5554,
347,
311,
698,
40,
1013,
5319,
5425,
390,
2962,
431,
341,
1029,
359,
396,
212,
337,
697,
332,
383,
488,
45,
220,
473,
15,
331,
310,
449,
2618,
102,
469,
612,
270,
459,
1281,
172,
1148,
583,
1105,
220,
965,
48,
421,
358,
5473,
353,
45,
697,
238,
467,
275,
5453,
486,
3633,
5496,
362,
464,
354,
403,
468,
455,
2221,
663,
511,
1110,
1610,
1673,
5281,
183,
380,
494,
1923,
4492,
709,
5209,
4484,
666,
974,
500,
4695,
1102,
1172,
659,
4295,
496,
623,
4468,
4490,
335,
449,
655,
94,
438,
390,
711,
648,
353,
866,
534,
336,
424,
472,
370,
4478,
894,
310,
2196,
432,
402,
680,
5464,
407,
398,
337,
460,
659,
2678,
381,
903,
909,
320,
458,
667,
341,
1499,
683,
567,
679,
252,
529,
1219,
430,
96,
657,
514,
442,
243,
2136,
513,
1072,
438,
951,
782,
452,
410,
528,
5117,
501,
688,
463,
1207,
516,
1757,
491,
4540,
435,
5181,
564,
1146,
498,
457,
562,
4415,
497,
992,
422,
5262,
572,
799,
302,
473,
553,
601,
462,
3068,
665,
707,
732,
502,
3063,
670,
931,
5112,
468,
522,
1672,
452,
1576,
3054,
5242,
568,
688,
3049,
3047,
567,
473,
693,
464,
685,
506,
5709,
556,
366,
523,
407,
989,
553,
570,
167,
530,
677,
395,
493,
842,
378,
498,
410,
561,
3008,
710,
3001,
425,
586,
4565,
407,
437,
424,
4770,
543,
2480,
422,
428,
140,
177,
556,
2202,
624,
1298,
2202,
155,
181,
1885,
126,
342,
504,
1583,
491,
565,
1560,
427,
155,
1547,
162,
128,
55,
566,
302,
127,
139,
156,
523,
424,
3097,
129,
540,
3109,
431,
1363,
3011,
545,
3098,
418,
2979,
3384,
475,
3054,
562,
2858,
5360,
520,
421,
2788,
120,
493,
76,
5397,
2783,
5161,
513,
2487,
126,
2858,
2908,
2789,
116,
510,
441,
2495,
449,
435,
115,
110,
321,
109,
108,
88,
104,
514,
78,
1148,
3031,
72,
508,
293,
2731,
4620,
64,
337,
505,
245,
367,
49,
366,
529,
538,
140,
137,
227,
40,
124,
443,
41,
407,
84,
454,
423,
356,
419,
537,
353,
346,
474,
652,
537,
528,
415,
375,
390,
339,
373,
389,
381,
366,
385,
42,
382,
233,
659,
366,
255,
354,
663,
391,
377,
365,
4659,
1088,
361,
540,
454,
1159,
357,
41,
452,
547,
348,
5445,
321,
577,
371,
342,
355,
561,
442,
450,
4859,
351,
39,
1190,
539,
267,
368,
406,
4434,
390,
4723,
490,
264,
352,
5106,
494,
5027,
1009,
450,
5271,
4837,
306,
216,
370,
5385,
530,
42,
3224,
4604,
392,
1869,
668,
565,
32,
169,
5215,
521,
750,
112,
516,
562,
819,
588,
5228,
559,
575,
5202,
5399,
1200,
514,
293,
5111,
695,
678,
607,
5827,
337,
5100,
546,
513,
537,
557,
491,
515,
2258,
397,
424,
501,
510,
547,
844,
526,
412,
1277,
315,
418,
726,
516,
1111,
290,
4665,
299,
281,
1731,
520,
1332,
639,
694,
415,
592,
493,
713,
683,
650,
1277,
260,
335,
487,
1910,
557,
577,
306,
716,
695,
708,
530,
673,
204,
561,
5925,
628,
463,
355,
458,
487,
203,
1270,
199,
975,
511,
1329,
1573,
465,
1909,
416,
466,
1309,
476,
620,
1906,
530,
635,
1168,
526,
648,
525,
314,
172,
164,
559,
343,
2014,
542,
1045,
1279,
1871,
1097,
461,
1334,
466,
5936,
507,
381,
701,
1138,
1299,
633,
37,
318,
921,
549,
563,
1935,
649,
409,
481,
1040,
182,
1751,
451,
668,
793,
418,
2506,
4700,
4713,
503,
440,
437,
345,
1102,
6001,
196,
449,
531,
767,
521,
396,
199,
196,
375,
195,
350,
192,
131,
159,
168,
388,
161,
130,
4724,
138,
170,
397,
151,
130,
31,
342,
119,
128,
290,
284,
143,
398,
335,
690,
487,
99,
522,
120,
491,
4707,
631,
450,
683,
470,
362,
475,
168,
417,
486,
355,
368,
182,
354,
352,
362,
351,
345,
327,
108,
342,
369,
75,
303,
319,
338,
70,
342,
330,
324,
274,
338,
79,
77,
352,
312,
5568,
60,
359,
324,
711,
53,
332,
318,
662,
76,
76,
74,
276,
4630,
64,
358,
3706,
3163,
59,
252,
42,
597,
128,
141,
127,
665,
40,
526,
39,
183,
468,
5496,
495,
5019,
494,
459,
393,
4016,
188,
421,
2407,
5454,
4868,
85,
36,
474,
409,
1639,
763,
1150,
36,
2066,
1437,
1890,
5227,
641,
597,
1345,
747,
615,
5534,
2059,
633,
927,
612,
607,
5135,
5056,
426,
4731,
2906,
376,
338,
2380,
1631,
3511,
310,
3298,
2370,
751,
2353,
2340,
608,
4993,
562,
2350,
773,
2438,
3595,
3811,
656,
785,
517,
863,
3506,
652,
2446,
3494,
1471,
1678,
801,
1447,
681,
1438,
404,
2397,
459,
1483,
1452,
689,
911,
706,
531,
556,
469,
688,
218,
568,
359,
511,
3092,
1477,
822,
420,
547,
457,
900,
780,
565,
617,
1328,
377,
951,
1509,
274,
558,
683,
529,
514,
588,
537,
548,
112,
1242,
884,
321,
466,
57,
918,
426,
504,
2437,
4537,
412,
3988,
269,
408,
2117,
436,
396,
536,
959,
522,
571,
383,
5650,
2484,
713,
4113,
330,
3352,
322,
560,
362,
4553,
620,
381,
410,
449,
395,
319,
454,
387,
1714,
1118,
342,
289,
921,
418,
373,
693,
403,
364,
1233,
200,
368,
1428,
516,
2131,
168,
183,
166,
4695,
1312,
828,
315,
310,
279,
1424,
472,
3592,
552,
700,
139,
166,
996,
2058,
296,
491,
437,
141,
322,
1417,
308,
1143,
3153,
175,
294,
173,
4721,
305,
343,
309,
1345,
1143,
278,
711,
203,
170,
295,
269,
355,
159,
1144,
6010,
142,
315,
268,
1143,
303,
321,
131,
268,
293,
314,
181,
156,
136,
301,
114,
283,
314,
132,
179,
129,
784,
336,
266,
354,
334,
395,
480,
784,
334,
293,
286,
485,
642,
102,
95,
291,
2886,
99,
308,
642,
302,
89,
641,
228,
595,
244,
83,
363,
94,
80,
93,
295,
116,
601,
114,
456,
600,
227,
491,
422,
281,
193,
83,
348,
20,
93,
485,
480,
81,
86,
423,
390,
61,
582,
62,
74,
2,
17,
