44,
43,
33,
44,
65,
47,
99,
39,
85,
93,
33,
40,
109,
57,
97,
124,
31,
130,
45,
115,
119,
114,
98,
111,
135,
113,
138,
100,
136,
127,
104,
99,
116,
141,
109,
128,
152,
147,
156,
151,
150,
137,
120,
151,
45,
78,
124,
43,
91,
153,
59,
105,
156,
93,
77,
106,
165,
128,
40,
92,
104,
71,
43,
171,
121,
193,
86,
142,
173,
35,
164,
166,
128,
83,
177,
198,
130,
167,
97,
94,
70,
43,
125,
193,
197,
110,
115,
140,
173,
163,
205,
50,
209,
185,
219,
177,
205,
216,
129,
188,
155,
205,
142,
119,
167,
212,
182,
184,
189,
174,
130,
30,
157,
149,
206,
196,
156,
128,
162,
190,
217,
210,
174,
119,
147,
158,
175,
179,
209,
134,
153,
205,
176,
116,
155,
42,
178,
174,
48,
218,
115,
217,
213,
200,
156,
196,
183,
210,
188,
199,
232,
174,
192,
172,
193,
166,
200,
231,
128,
180,
193,
246,
225,
248,
143,
157,
109,
212,
233,
265,
89,
178,
215,
243,
83,
180,
265,
250,
62,
222,
46,
145,
177,
138,
151,
112,
78,
50,
45,
139,
163,
240,
164,
46,
229,
166,
278,
247,
121,
213,
253,
177,
228,
225,
208,
43,
101,
111,
175,
194,
188,
209,
195,
117,
120,
154,
267,
188,
129,
276,
278,
99,
264,
154,
267,
263,
250,
130,
186,
156,
43,
258,
179,
163,
165,
119,
249,
194,
201,
188,
226,
200,
194,
238,
255,
161,
232,
223,
249,
198,
195,
197,
120,
221,
146,
181,
256,
215,
179,
210,
200,
287,
303,
218,
244,
178,
205,
163,
203,
238,
265,
216,
213,
206,
148,
190,
283,
210,
180,
157,
34,
300,
165,
204,
190,
124,
95,
154,
139,
284,
276,
185,
174,
226,
202,
254,
216,
232,
203,
218,
162,
206,
270,
229,
230,
125,
266,
335,
229,
210,
101,
170,
224,
149,
150,
253,
290,
193,
245,
137,
32,
262,
188,
185,
99,
275,
116,
137,
311,
97,
232,
318,
80,
99,
91,
158,
219,
82,
58,
128,
99,
134,
72,
197,
319,
97,
164,
126,
238,
104,
166,
210,
171,
279,
91,
211,
177,
242,
160,
180,
123,
81,
147,
209,
252,
208,
262,
187,
199,
209,
166,
210,
44,
83,
193,
139,
193,
185,
166,
39,
286,
160,
196,
176,
137,
138,
113,
214,
279,
130,
130,
245,
111,
310,
204,
328,
129,
193,
143,
228,
239,
333,
268,
250,
190,
324,
276,
218,
183,
199,
175,
248,
216,
275,
229,
227,
198,
206,
206,
232,
230,
41,
252,
180,
35,
368,
143,
215,
141,
242,
287,
304,
300,
294,
163,
224,
304,
229,
225,
170,
282,
314,
171,
127,
196,
281,
142,
181,
188,
239,
204,
322,
206,
237,
284,
325,
279,
177,
211,
184,
313,
220,
321,
266,
92,
373,
155,
41,
307,
314,
381,
46,
315,
316,
101,
323,
237,
171,
314,
194,
199,
262,
409,
352,
95,
192,
235,
396,
88,
231,
53,
156,
149,
164,
87,
191,
105,
143,
143,
69,
65,
251,
305,
207,
155,
216,
223,
249,
250,
115,
247,
234,
249,
212,
246,
177,
222,
212,
118,
242,
244,
176,
240,
243,
297,
229,
196,
215,
210,
214,
167,
148,
241,
207,
144,
253,
164,
306,
172,
246,
187,
199,
150,
288,
304,
170,
43,
116,
299,
316,
131,
32,
186,
166,
277,
167,
256,
269,
242,
164,
124,
208,
273,
162,
248,
226,
252,
201,
231,
218,
187,
217,
186,
244,
254,
194,
149,
315,
244,
253,
255,
177,
145,
275,
295,
226,
416,
175,
304,
149,
186,
200,
215,
230,
151,
365,
237,
275,
445,
336,
321,
440,
202,
160,
357,
288,
277,
254,
317,
216,
359,
224,
149,
259,
298,
158,
189,
186,
276,
257,
221,
373,
163,
211,
274,
245,
156,
380,
194,
178,
148,
146,
171,
177,
204,
279,
201,
233,
442,
344,
208,
254,
319,
300,
103,
182,
176,
189,
264,
226,
318,
385,
202,
244,
294,
101,
200,
211,
173,
97,
192,
95,
229,
69,
235,
54,
251,
177,
175,
35,
206,
39,
183,
156,
33,
153,
338,
146,
212,
327,
174,
236,
185,
77,
237,
31,
240,
229,
183,
196,
144,
215,
188,
216,
94,
193,
193,
163,
91,
155,
318,
187,
277,
227,
188,
284,
187,
238,
37,
165,
153,
146,
113,
255,
195,
194,
134,
219,
163,
238,
186,
43,
206,
248,
179,
280,
349,
155,
414,
412,
190,
303,
457,
210,
159,
264,
268,
209,
124,
131,
394,
270,
151,
258,
446,
145,
242,
203,
212,
194,
50,
219,
179,
110,
374,
144,
354,
252,
100,
397,
213,
332,
319,
241,
246,
255,
259,
223,
220,
373,
387,
294,
436,
249,
414,
259,
252,
451,
378,
466,
358,
141,
40,
324,
197,
243,
142,
333,
170,
225,
231,
367,
261,
159,
445,
241,
262,
352,
191,
174,
264,
264,
296,
469,
308,
188,
260,
140,
166,
175,
361,
224,
369,
136,
181,
194,
232,
221,
221,
365,
179,
151,
220,
450,
351,
263,
321,
178,
390,
227,
325,
147,
412,
206,
140,
208,
310,
185,
123,
352,
194,
258,
319,
486,
186,
291,
220,
102,
335,
317,
302,
326,
358,
33,
312,
233,
199,
75,
540,
238,
124,
84,
511,
77,
443,
81,
230,
33,
465,
222,
351,
191,
339,
262,
239,
229,
237,
166,
205,
201,
95,
105,
43,
208,
94,
244,
284,
144,
161,
190,
224,
206,
168,
194,
244,
178,
116,
402,
173,
232,
283,
157,
226,
118,
316,
108,
132,
235,
524,
149,
307,
207,
153,
117,
358,
225,
258,
191,
140,
457,
228,
162,
282,
149,
231,
273,
282,
401,
209,
178,
171,
274,
294,
214,
257,
481,
257,
308,
226,
239,
321,
229,
210,
141,
225,
243,
455,
278,
226,
188,
274,
222,
359,
217,
284,
105,
208,
366,
158,
157,
350,
178,
317,
201,
213,
268,
265,
348,
377,
372,
290,
202,
186,
384,
209,
324,
251,
422,
261,
289,
302,
353,
307,
191,
145,
563,
35,
216,
250,
274,
303,
181,
206,
226,
178,
128,
186,
216,
267,
35,
206,
318,
142,
292,
45,
248,
176,
292,
172,
171,
295,
319,
257,
437,
179,
200,
117,
198,
35,
366,
118,
159,
143,
174,
226,
582,
229,
476,
510,
273,
230,
153,
208,
422,
258,
504,
105,
411,
44,
543,
41,
355,
481,
336,
38,
77,
41,
75,
136,
584,
330,
501,
159,
264,
409,
218,
36,
88,
119,
205,
505,
215,
118,
261,
290,
127,
403,
268,
75,
327,
41,
167,
238,
207,
147,
339,
205,
252,
221,
317,
210,
192,
43,
37,
196,
218,
227,
93,
156,
66,
145,
205,
118,
215,
162,
143,
224,
415,
33,
160,
178,
317,
304,
144,
439,
125,
143,
288,
159,
246,
131,
159,
205,
220,
272,
533,
139,
119,
254,
245,
550,
262,
216,
96,
131,
142,
293,
214,
529,
246,
269,
208,
205,
168,
278,
303,
37,
212,
316,
249,
204,
150,
383,
269,
234,
172,
94,
293,
201,
329,
206,
306,
307,
466,
325,
261,
215,
294,
189,
473,
202,
182,
182,
199,
560,
457,
139,
178,
195,
182,
479,
177,
310,
248,
45,
199,
41,
186,
222,
285,
179,
153,
155,
224,
315,
455,
284,
260,
198,
308,
189,
115,
179,
354,
390,
263,
195,
39,
544,
127,
167,
550,
146,
241,
336,
167,
317,
209,
347,
273,
526,
108,
372,
32,
149,
410,
243,
392,
301,
111,
293,
125,
508,
107,
317,
477,
104,
317,
232,
126,
456,
86,
332,
112,
102,
379,
77,
358,
337,
75,
89,
173,
218,
88,
328,
149,
457,
402,
77,
441,
155,
72,
412,
538,
167,
119,
508,
225,
257,
258,
221,
41,
46,
246,
260,
199,
139,
176,
234,
209,
330,
110,
36,
192,
97,
224,
221,
255,
227,
222,
147,
209,
134,
244,
192,
240,
314,
343,
282,
174,
229,
197,
275,
74,
192,
237,
178,
121,
178,
178,
254,
186,
228,
214,
312,
163,
176,
444,
193,
182,
116,
224,
33,
138,
224,
328,
189,
308,
234,
128,
155,
42,
280,
151,
155,
225,
197,
102,
307,
349,
361,
260,
251,
179,
258,
80,
249,
247,
226,
218,
144,
189,
272,
322,
224,
255,
219,
308,
361,
164,
177,
296,
35,
218,
172,
169,
344,
294,
291,
48,
46,
185,
458,
291,
376,
440,
141,
245,
518,
119,
284,
36,
369,
326,
182,
180,
198,
204,
221,
284,
209,
157,
208,
264,
363,
156,
206,
147,
289,
202,
208,
312,
163,
285,
272,
183,
161,
112,
41,
176,
186,
272,
314,
269,
263,
267,
143,
545,
266,
189,
482,
221,
109,
265,
323,
264,
66,
329,
413,
370,
153,
356,
105,
496,
261,
421,
212,
61,
205,
498,
233,
36,
172,
158,
486,
481,
345,
47,
435,
240,
467,
146,
45,
136,
307,
43,
515,
247,
251,
39,
45,
165,
424,
78,
171,
200,
238,
417,
36,
176,
241,
289,
328,
174,
220,
194,
158,
85,
268,
217,
244,
193,
184,
180,
205,
145,
206,
169,
245,
72,
267,
201,
272,
259,
168,
205,
293,
175,
307,
251,
208,
223,
182,
164,
174,
200,
344,
182,
191,
232,
202,
135,
174,
220,
261,
169,
130,
125,
160,
163,
127,
182,
525,
138,
316,
145,
229,
220,
459,
133,
185,
195,
279,
148,
242,
254,
240,
230,
160,
466,
141,
219,
221,
201,
215,
130,
171,
284,
295,
194,
180,
207,
562,
333,
190,
216,
189,
367,
161,
228,
227,
309,
201,
528,
429,
169,
174,
140,
295,
296,
154,
34,
162,
538,
169,
267,
351,
436,
292,
376,
158,
367,
180,
283,
335,
214,
236,
226,
157,
274,
248,
176,
213,
187,
295,
197,
306,
205,
139,
294,
133,
338,
173,
392,
279,
172,
125,
198,
165,
321,
175,
286,
306,
187,
517,
38,
230,
438,
500,
189,
44,
447,
436,
44,
433,
117,
479,
135,
421,
134,
101,
396,
94,
413,
123,
80,
286,
473,
135,
62,
427,
428,
45,
61,
314,
144,
161,
125,
289,
186,
138,
112,
54,
244,
172,
114,
476,
37,
34,
305,
46,
142,
190,
196,
40,
35,
249,
238,
273,
232,
36,
220,
217,
176,
236,
152,
265,
187,
260,
209,
615,
157,
179,
323,
139,
158,
193,
264,
161,
154,
188,
505,
263,
125,
167,
446,
130,
334,
119,
295,
183,
153,
527,
112,
532,
322,
518,
279,
257,
140,
132,
341,
227,
152,
207,
190,
271,
212,
223,
188,
165,
224,
48,
317,
207,
194,
225,
280,
182,
284,
179,
194,
272,
170,
45,
186,
144,
115,
213,
299,
253,
40,
287,
215,
196,
168,
308,
323,
219,
36,
193,
206,
312,
237,
178,
294,
262,
217,
230,
223,
183,
634,
255,
137,
144,
104,
280,
254,
236,
43,
189,
157,
38,
120,
543,
135,
217,
634,
197,
194,
188,
458,
156,
292,
491,
182,
404,
171,
36,
378,
188,
158,
157,
302,
209,
83,
45,
202,
507,
116,
529,
269,
466,
482,
319,
198,
114,
139,
486,
535,
37,
516,
126,
82,
481,
345,
91,
517,
116,
499,
112,
369,
177,
197,
128,
310,
247,
126,
251,
518,
135,
138,
110,
119,
131,
443,
134,
530,
134,
199,
305,
227,
619,
194,
152,
226,
251,
199,
188,
188,
264,
139,
630,
104,
250,
224,
200,
86,
238,
198,
116,
219,
141,
229,
79,
201,
228,
208,
254,
168,
170,
132,
270,
128,
170,
124,
206,
157,
146,
293,
664,
278,
124,
186,
139,
288,
646,
322,
143,
184,
165,
264,
145,
231,
183,
203,
160,
244,
225,
161,
199,
204,
294,
250,
213,
169,
193,
222,
264,
292,
357,
168,
165,
189,
349,
305,
186,
468,
338,
273,
484,
550,
183,
43,
397,
191,
475,
221,
106,
198,
357,
232,
187,
154,
353,
302,
563,
231,
49,
313,
247,
197,
141,
619,
287,
179,
167,
253,
262,
506,
294,
251,
247,
174,
664,
111,
181,
166,
198,
249,
195,
176,
32,
178,
159,
160,
211,
192,
235,
40,
149,
163,
238,
636,
199,
114,
309,
222,
385,
365,
284,
149,
115,
101,
113,
217,
190,
560,
197,
462,
35,
508,
131,
504,
113,
146,
180,
47,
466,
413,
304,
107,
91,
90,
555,
69,
64,
211,
390,
48,
124,
58,
163,
135,
452,
537,
45,
41,
226,
44,
191,
440,
597,
323,
39,
152,
573,
177,
64,
189,
184,
207,
226,
577,
181,
70,
170,
210,
199,
168,
213,
33,
166,
243,
188,
196,
112,
607,
545,
248,
199,
188,
301,
206,
216,
142,
161,
313,
119,
258,
153,
236,
175,
119,
367,
121,
134,
199,
133,
309,
244,
120,
191,
604,
238,
183,
143,
43,
247,
192,
180,
127,
149,
125,
288,
368,
191,
361,
172,
365,
269,
219,
241,
241,
197,
734,
192,
309,
159,
732,
304,
248,
176,
276,
209,
197,
249,
197,
175,
294,
192,
228,
645,
294,
234,
369,
181,
168,
285,
247,
471,
147,
219,
34,
40,
212,
210,
143,
342,
175,
218,
294,
191,
135,
243,
339,
177,
192,
230,
570,
340,
185,
142,
317,
178,
127,
213,
174,
261,
211,
38,
156,
142,
173,
526,
501,
35,
539,
293,
159,
139,
173,
176,
192,
499,
126,
111,
484,
195,
175,
48,
484,
73,
258,
101,
418,
163,
413,
189,
365,
38,
66,
57,
61,
768,
660,
524,
42,
322,
262,
482,
670,
40,
183,
255,
172,
45,
494,
716,
32,
244,
201,
66,
184,
707,
224,
228,
198,
546,
219,
170,
191,
235,
131,
151,
233,
206,
116,
226,
238,
163,
249,
33,
83,
41,
200,
177,
299,
231,
257,
181,
231,
73,
246,
185,
251,
329,
191,
125,
181,
136,
208,
227,
357,
175,
194,
192,
192,
89,
151,
213,
175,
247,
323,
116,
219,
268,
377,
236,
184,
139,
733,
192,
286,
558,
306,
273,
163,
741,
41,
241,
552,
230,
215,
270,
300,
222,
168,
266,
459,
567,
200,
220,
270,
374,
180,
174,
276,
315,
625,
232,
181,
211,
461,
205,
262,
448,
350,
248,
246,
300,
375,
137,
284,
388,
200,
260,
220,
242,
374,
148,
153,
195,
347,
658,
153,
217,
147,
181,
475,
148,
301,
342,
134,
298,
224,
156,
182,
129,
256,
249,
253,
140,
184,
128,
40,
765,
340,
615,
221,
158,
206,
138,
208,
197,
251,
543,
166,
218,
674,
168,
238,
193,
124,
184,
643,
152,
111,
192,
553,
185,
435,
246,
198,
670,
461,
638,
224,
107,
467,
38,
45,
84,
538,
98,
238,
528,
53,
81,
460,
231,
454,
79,
49,
523,
215,
159,
346,
66,
32,
313,
42,
160,
277,
127,
114,
137,
261,
305,
241,
228,
267,
208,
181,
315,
196,
276,
182,
202,
253,
249,
270,
181,
237,
245,
32,
198,
216,
221,
174,
216,
199,
237,
114,
225,
198,
301,
250,
144,
242,
313,
169,
221,
135,
159,
173,
278,
221,
207,
210,
120,
273,
285,
113,
676,
109,
121,
386,
38,
227,
140,
201,
199,
329,
799,
37,
162,
331,
741,
138,
181,
257,
719,
129,
154,
291,
435,
243,
427,
34,
170,
261,
311,
156,
141,
216,
182,
565,
460,
550,
262,
250,
186,
267,
353,
560,
253,
148,
215,
474,
252,
212,
248,
358,
204,
259,
132,
217,
224,
330,
207,
239,
382,
309,
243,
177,
582,
585,
43,
46,
294,
383,
239,
248,
359,
232,
195,
236,
225,
481,
150,
308,
715,
223,
750,
192,
648,
193,
748,
700,
293,
177,
290,
203,
213,
158,
148,
374,
176,
368,
696,
166,
156,
177,
739,
390,
147,
381,
173,
147,
191,
354,
164,
173,
215,
39,
120,
320,
377,
36,
170,
326,
114,
31,
150,
492,
40,
476,
645,
163,
486,
491,
776,
652,
241,
375,
198,
310,
102,
579,
219,
121,
708,
134,
617,
588,
121,
593,
279,
36,
530,
212,
583,
245,
170,
75,
187,
52,
238,
50,
166,
154,
172,
310,
57,
41,
182,
44,
776,
192,
149,
225,
159,
191,
245,
257,
138,
186,
294,
45,
305,
40,
238,
340,
163,
265,
155,
234,
235,
232,
308,
175,
223,
234,
237,
169,
174,
270,
229,
197,
274,
245,
80,
158,
624,
46,
169,
228,
171,
102,
41,
156,
154,
382,
208,
249,
115,
226,
191,
147,
111,
386,
450,
213,
403,
134,
146,
204,
231,
130,
209,
247,
219,
306,
175,
549,
314,
206,
534,
160,
215,
227,
188,
237,
204,
360,
333,
558,
153,
234,
773,
206,
285,
188,
187,
329,
166,
263,
277,
206,
299,
238,
179,
260,
175,
318,
177,
287,
239,
208,
351,
176,
132,
738,
187,
337,
207,
163,
207,
142,
33,
261,
299,
743,
735,
669,
203,
560,
180,
196,
661,
40,
196,
158,
200,
242,
192,
119,
371,
383,
149,
49,
254,
206,
199,
155,
179,
36,
158,
311,
276,
552,
408,
204,
138,
253,
661,
342,
288,
32,
39,
164,
922,
478,
108,
202,
594,
486,
206,
222,
215,
43,
611,
110,
167,
35,
164,
910,
660,
107,
553,
867,
43,
204,
524,
48,
501,
139,
77,
72,
897,
31,
637,
206,
52,
656,
115,
118,
254,
169,
910,
438,
42,
258,
117,
190,
354,
193,
335,
234,
50,
301,
187,
184,
248,
255,
217,
230,
247,
93,
94,
202,
356,
230,
272,
331,
262,
204,
247,
240,
200,
241,
344,
178,
85,
168,
312,
323,
279,
272,
41,
250,
177,
222,
212,
254,
222,
104,
201,
234,
269,
228,
213,
131,
196,
246,
233,
161,
265,
166,
240,
276,
344,
113,
37,
413,
215,
245,
288,
219,
224,
174,
217,
239,
234,
243,
279,
248,
236,
625,
224,
157,
305,
203,
453,
193,
376,
259,
208,
378,
90,
351,
141,
258,
162,
224,
331,
46,
156,
173,
44,
210,
215,
209,
217,
191,
114,
194,
159,
200,
213,
191,
229,
356,
166,
224,
305,
740,
192,
241,
511,
157,
496,
199,
690,
217,
205,
673,
188,
113,
212,
228,
148,
192,
42,
711,
231,
162,
91,
663,
79,
683,
235,
215,
84,
78,
666,
88,
253,
105,
670,
372,
175,
165,
92,
193,
655,
234,
255,
93,
200,
176,
259,
199,
209,
212,
227,
39,
175,
210,
223,
138,
232,
201,
178,
175,
147,
244,
123,
110,
156,
250,
171,
172,
183,
171,
172,
121,
109,
330,
152,
122,
274,
353,
130,
143,
127,
399,
41,
121,
155,
139,
439,
182,
154,
742,
158,
453,
196,
533,
42,
196,
195,
561,
239,
231,
733,
177,
210,
426,
552,
224,
203,
215,
189,
150,
225,
185,
234,
445,
239,
194,
204,
833,
138,
389,
223,
164,
180,
204,
832,
176,
39,
147,
199,
400,
232,
162,
169,
230,
456,
362,
746,
36,
362,
175,
267,
441,
263,
261,
196,
218,
366,
122,
192,
142,
191,
171,
229,
152,
329,
215,
197,
181,
172,
306,
143,
329,
377,
351,
250,
210,
193,
171,
338,
409,
311,
161,
315,
224,
164,
706,
362,
318,
162,
214,
114,
306,
327,
472,
177,
244,
119,
562,
75,
211,
44,
205,
45,
579,
195,
576,
292,
130,
796,
276,
166,
187,
117,
674,
32,
148,
503,
583,
93,
500,
717,
1006,
373,
138,
997,
688,
730,
395,
672,
335,
66,
96,
635,
770,
38,
44,
316,
75,
765,
707,
166,
184,
37,
258,
146,
101,
118,
250,
39,
243,
164,
193,
525,
219,
261,
43,
204,
272,
246,
187,
215,
334,
84,
42,
256,
230,
224,
176,
164,
245,
289,
317,
224,
236,
202,
276,
192,
246,
149,
154,
191,
199,
132,
129,
197,
322,
549,
226,
206,
158,
161,
237,
432,
101,
209,
371,
151,
347,
198,
251,
275,
621,
431,
199,
37,
254,
419,
549,
145,
261,
234,
267,
309,
212,
222,
228,
267,
443,
139,
227,
165,
850,
536,
381,
226,
274,
321,
184,
206,
334,
397,
200,
356,
430,
263,
151,
180,
245,
206,
293,
358,
134,
390,
828,
152,
251,
255,
381,
196,
271,
351,
407,
147,
156,
295,
383,
807,
166,
164,
243,
202,
190,
145,
195,
264,
390,
188,
300,
190,
388,
398,
844,
354,
582,
745,
267,
311,
579,
392,
178,
494,
568,
164,
201,
207,
200,
781,
220,
251,
173,
79,
828,
44,
192,
773,
691,
737,
475,
100,
738,
126,
627,
76,
86,
166,
287,
503,
183,
647,
180,
239,
583,
81,
534,
733,
44,
179,
91,
738,
123,
413,
194,
131,
164,
159,
42,
256,
72,
429,
248,
117,
221,
693,
245,
208,
219,
221,
54,
224,
223,
243,
203,
288,
198,
194,
164,
94,
200,
103,
162,
177,
278,
212,
157,
120,
224,
195,
414,
284,
205,
184,
192,
320,
440,
214,
413,
189,
195,
273,
410,
287,
180,
446,
185,
163,
221,
128,
162,
202,
294,
216,
153,
196,
161,
216,
200,
369,
210,
123,
333,
260,
165,
185,
161,
374,
201,
254,
148,
267,
250,
244,
437,
423,
141,
224,
302,
657,
274,
569,
230,
100,
226,
223,
782,
802,
205,
256,
258,
222,
229,
225,
466,
422,
141,
296,
202,
178,
211,
399,
287,
267,
430,
265,
155,
207,
162,
228,
473,
202,
296,
132,
200,
423,
199,
143,
368,
249,
231,
297,
405,
471,
173,
207,
291,
167,
184,
227,
147,
202,
559,
246,
365,
214,
175,
163,
581,
576,
140,
326,
156,
170,
375,
307,
474,
750,
307,
777,
148,
713,
477,
210,
678,
501,
444,
710,
191,
301,
183,
318,
434,
497,
332,
302,
217,
771,
949,
124,
694,
808,
118,
315,
878,
811,
78,
109,
844,
160,
578,
75,
836,
139,
190,
222,
60,
307,
576,
880,
1129,
36,
761,
535,
881,
83,
380,
383,
176,
536,
517,
110,
215,
289,
173,
219,
40,
42,
216,
138,
257,
213,
73,
889,
251,
165,
216,
603,
174,
232,
173,
163,
538,
188,
401,
336,
158,
202,
58,
443,
163,
441,
438,
164,
195,
263,
214,
162,
173,
160,
131,
146,
118,
202,
467,
317,
46,
379,
222,
481,
230,
221,
189,
287,
480,
257,
240,
189,
211,
281,
249,
49,
219,
241,
267,
145,
382,
233,
214,
303,
223,
188,
210,
424,
297,
212,
219,
456,
257,
662,
244,
405,
294,
195,
212,
254,
281,
417,
209,
191,
152,
1022,
415,
159,
306,
281,
361,
163,
302,
261,
301,
214,
135,
42,
211,
471,
879,
32,
264,
271,
216,
242,
508,
236,
334,
482,
223,
181,
318,
203,
882,
102,
383,
100,
424,
364,
951,
100,
758,
98,
949,
212,
790,
77,
892,
40,
900,
50,
222,
571,
432,
492,
169,
986,
45,
391,
869,
132,
188,
114,
243,
154,
254,
438,
271,
201,
160,
263,
246,
267,
229,
256,
264,
199,
169,
496,
258,
168,
238,
142,
543,
39,
297,
262,
344,
437,
227,
209,
238,
275,
714,
157,
110,
533,
311,
546,
215,
89,
249,
240,
164,
147,
539,
513,
119,
253,
490,
121,
219,
182,
38,
277,
460,
238,
303,
205,
253,
259,
218,
160,
244,
467,
199,
303,
452,
244,
277,
257,
158,
257,
220,
242,
233,
152,
199,
462,
534,
559,
225,
206,
240,
467,
284,
198,
239,
469,
231,
278,
220,
301,
299,
222,
256,
213,
439,
297,
245,
233,
225,
108,
256,
203,
239,
463,
107,
33,
444,
249,
245,
224,
271,
195,
244,
199,
487,
224,
1037,
231,
377,
39,
235,
205,
214,
238,
704,
231,
224,
1001,
272,
478,
220,
474,
671,
250,
221,
207,
329,
1042,
97,
165,
564,
250,
482,
231,
465,
959,
205,
250,
415,
324,
83,
216,
178,
716,
173,
377,
358,
211,
316,
181,
465,
83,
278,
428,
763,
858,
206,
72,
471,
99,
446,
409,
205,
56,
874,
53,
507,
52,
570,
386,
303,
970,
436,
163,
127,
920,
33,
41,
137,
38,
479,
252,
260,
125,
437,
422,
422,
215,
235,
180,
72,
212,
1047,
542,
320,
143,
540,
113,
278,
391,
315,
484,
338,
290,
328,
47,
340,
1052,
204,
258,
356,
328,
450,
163,
467,
1081,
385,
159,
496,
210,
158,
154,
264,
490,
210,
302,
279,
235,
222,
248,
1059,
258,
245,
273,
216,
242,
248,
106,
502,
246,
770,
826,
173,
260,
1086,
435,
284,
232,
822,
520,
481,
262,
243,
274,
480,
253,
637,
202,
1183,
240,
409,
396,
262,
391,
282,
445,
260,
199,
683,
216,
250,
247,
691,
234,
672,
572,
232,
597,
221,
240,
555,
214,
479,
210,
218,
170,
216,
264,
233,
243,
332,
307,
288,
221,
449,
160,
45,
807,
314,
255,
202,
206,
808,
47,
220,
289,
173,
323,
502,
1035,
441,
198,
215,
314,
311,
489,
476,
1356,
178,
955,
391,
273,
928,
1239,
420,
85,
909,
185,
877,
726,
112,
604,
110,
1199,
332,
902,
245,
943,
175,
184,
685,
229,
684,
70,
185,
330,
1153,
166,
327,
112,
397,
265,
227,
178,
197,
241,
234,
232,
41,
211,
438,
250,
282,
227,
144,
970,
144,
40,
537,
234,
180,
362,
175,
456,
78,
267,
367,
611,
341,
339,
41,
39,
293,
197,
1165,
410,
208,
468,
306,
438,
42,
1090,
430,
42,
186,
469,
140,
199,
535,
402,
271,
296,
242,
209,
525,
281,
270,
225,
174,
504,
245,
268,
519,
265,
299,
297,
1092,
291,
269,
368,
550,
224,
257,
220,
293,
303,
455,
446,
321,
261,
1092,
199,
640,
148,
256,
291,
175,
607,
246,
260,
311,
568,
265,
226,
158,
221,
222,
260,
524,
275,
219,
404,
36,
393,
257,
224,
309,
260,
275,
360,
220,
365,
176,
297,
151,
247,
41,
295,
232,
253,
361,
998,
152,
310,
206,
483,
165,
377,
43,
283,
349,
187,
309,
251,
1017,
1055,
580,
165,
291,
462,
145,
86,
200,
255,
417,
248,
122,
94,
940,
234,
100,
872,
433,
437,
855,
240,
81,
184,
58,
166,
678,
1388,
756,
614,
439,
249,
744,
1066,
712,
248,
1151,
740,
64,
219,
53,
721,
687,
1270,
1088,
130,
1106,
206,
217,
209,
467,
465,
489,
202,
515,
300,
252,
702,
201,
392,
108,
514,
209,
89,
202,
234,
477,
393,
149,
350,
487,
221,
125,
274,
304,
195,
162,
166,
363,
452,
217,
463,
386,
366,
345,
375,
490,
331,
275,
544,
183,
124,
273,
160,
138,
264,
478,
176,
409,
45,
226,
332,
649,
316,
157,
205,
435,
310,
182,
275,
454,
286,
268,
244,
250,
406,
1104,
635,
247,
163,
625,
330,
225,
223,
258,
323,
554,
242,
221,
996,
200,
613,
203,
1306,
312,
303,
207,
361,
1093,
465,
234,
651,
284,
318,
265,
199,
644,
546,
226,
297,
459,
192,
223,
300,
580,
379,
184,
278,
236,
508,
216,
507,
214,
331,
184,
393,
200,
161,
197,
522,
282,
524,
238,
155,
185,
38,
281,
1035,
192,
216,
204,
197,
592,
161,
158,
180,
368,
281,
584,
153,
230,
239,
198,
311,
249,
354,
260,
1037,
107,
1089,
305,
238,
735,
352,
1461,
434,
189,
247,
471,
1166,
320,
1063,
252,
434,
1434,
435,
1079,
348,
953,
1098,
104,
136,
932,
65,
1080,
105,
908,
113,
46,
426,
989,
735,
82,
710,
42,
1095,
128,
523,
265,
262,
405,
725,
72,
249,
1377,
446,
176,
37,
53,
196,
186,
244,
206,
169,
243,
1165,
227,
239,
171,
151,
610,
91,
683,
257,
42,
80,
79,
220,
339,
198,
214,
361,
174,
628,
333,
221,
218,
293,
235,
194,
189,
231,
210,
206,
134,
150,
618,
154,
122,
175,
447,
41,
434,
270,
179,
331,
252,
232,
606,
204,
281,
289,
251,
158,
480,
221,
356,
235,
214,
727,
298,
148,
213,
192,
1372,
194,
246,
549,
385,
211,
605,
284,
192,
160,
268,
188,
572,
471,
267,
683,
391,
283,
250,
618,
159,
432,
186,
614,
152,
170,
235,
730,
153,
231,
283,
252,
302,
244,
156,
148,
328,
139,
179,
217,
118,
113,
273,
231,
253,
480,
308,
380,
311,
373,
659,
222,
220,
121,
344,
214,
736,
380,
210,
244,
206,
172,
375,
314,
267,
303,
1158,
367,
380,
223,
287,
313,
759,
349,
207,
135,
129,
457,
412,
310,
577,
769,
140,
43,
1216,
656,
206,
576,
1169,
688,
243,
126,
740,
1440,
453,
465,
1196,
862,
142,
119,
89,
41,
482,
836,
465,
852,
1206,
88,
90,
102,
71,
515,
1125,
395,
38,
90,
1157,
161,
237,
77,
697,
372,
743,
149,
1125,
241,
525,
177,
524,
426,
177,
210,
39,
676,
246,
655,
664,
171,
232,
181,
198,
691,
597,
111,
117,
477,
647,
482,
118,
106,
200,
66,
721,
234,
532,
387,
182,
601,
121,
165,
153,
323,
162,
355,
387,
277,
373,
197,
280,
746,
291,
284,
209,
214,
260,
314,
243,
312,
252,
280,
260,
239,
576,
275,
241,
235,
1413,
206,
245,
719,
239,
175,
564,
282,
593,
247,
253,
274,
1369,
550,
218,
609,
715,
165,
227,
317,
245,
217,
300,
251,
200,
45,
273,
277,
194,
283,
165,
178,
230,
246,
219,
713,
207,
290,
263,
233,
1158,
156,
228,
289,
709,
205,
222,
42,
499,
266,
736,
277,
654,
205,
260,
121,
271,
226,
457,
399,
291,
150,
485,
122,
649,
1474,
269,
228,
1221,
202,
86,
506,
159,
81,
404,
1184,
1170,
1219,
397,
103,
477,
516,
464,
1172,
104,
439,
390,
101,
679,
489,
848,
44,
444,
62,
434,
239,
434,
430,
427,
39,
807,
375,
420,
737,
77,
108,
125,
212,
192,
109,
612,
195,
218,
537,
341,
250,
186,
786,
269,
231,
243,
175,
253,
393,
236,
242,
250,
202,
360,
196,
294,
266,
254,
118,
593,
243,
165,
144,
179,
188,
177,
214,
98,
767,
188,
178,
206,
199,
172,
643,
220,
355,
192,
250,
144,
149,
348,
254,
249,
369,
814,
230,
306,
162,
552,
273,
318,
40,
374,
294,
329,
238,
325,
288,
241,
266,
259,
381,
218,
266,
271,
41,
285,
135,
303,
160,
135,
287,
164,
182,
266,
257,
254,
227,
240,
243,
240,
136,
235,
196,
276,
229,
202,
258,
582,
47,
229,
187,
226,
243,
173,
244,
144,
262,
186,
238,
645,
118,
252,
1466,
184,
332,
258,
329,
157,
385,
297,
304,
447,
221,
44,
90,
306,
277,
297,
683,
241,
215,
259,
503,
209,
327,
295,
1169,
298,
198,
1141,
318,
283,
39,
1239,
163,
212,
105,
242,
368,
102,
412,
103,
1262,
253,
861,
127,
87,
500,
76,
312,
795,
452,
67,
419,
98,
1256,
395,
208,
752,
164,
85,
238,
41,
261,
218,
159,
207,
262,
128,
168,
206,
219,
249,
141,
43,
818,
241,
190,
480,
148,
183,
309,
142,
383,
189,
188,
248,
248,
322,
223,
247,
185,
220,
497,
174,
457,
460,
195,
217,
186,
689,
81,
144,
234,
265,
184,
651,
205,
286,
261,
233,
193,
40,
173,
266,
156,
179,
547,
184,
434,
277,
38,
547,
173,
256,
284,
644,
246,
389,
294,
236,
309,
557,
344,
280,
266,
355,
45,
163,
483,
236,
255,
458,
285,
460,
250,
844,
44,
287,
248,
233,
282,
271,
233,
178,
493,
210,
288,
218,
267,
236,
284,
232,
296,
214,
249,
176,
848,
137,
156,
262,
200,
225,
239,
150,
251,
252,
467,
410,
511,
177,
1242,
311,
226,
1330,
215,
402,
317,
140,
133,
751,
1385,
627,
263,
125,
1278,
278,
1199,
161,
277,
276,
148,
157,
1155,
279,
98,
483,
138,
101,
145,
121,
330,
745,
326,
941,
113,
109,
219,
1569,
1139,
877,
46,
83,
87,
1127,
42,
586,
440,
793,
309,
1347,
807,
701,
801,
65,
1302,
256,
597,
871,
256,
803,
256,
40,
245,
221,
165,
755,
195,
767,
243,
256,
218,
203,
190,
113,
197,
729,
224,
766,
109,
155,
199,
98,
45,
155,
152,
897,
269,
208,
130,
156,
207,
204,
103,
342,
129,
299,
190,
276,
351,
283,
275,
159,
311,
244,
258,
316,
223,
213,
254,
273,
258,
549,
260,
349,
292,
159,
275,
321,
557,
279,
828,
157,
926,
570,
242,
817,
216,
805,
235,
158,
260,
199,
279,
252,
229,
343,
725,
234,
291,
557,
179,
251,
225,
280,
142,
263,
239,
260,
159,
41,
384,
203,
210,
249,
47,
227,
387,
308,
189,
384,
754,
181,
197,
390,
54,
470,
192,
284,
403,
210,
1157,
252,
299,
233,
187,
502,
1337,
264,
424,
229,
270,
1143,
744,
40,
87,
1371,
269,
503,
258,
254,
132,
160,
191,
1417,
511,
498,
1431,
133,
331,
94,
56,
281,
431,
633,
791,
1154,
445,
110,
1153,
77,
828,
47,
249,
757,
187,
132,
38,
785,
152,
262,
490,
200,
218,
944,
897,
241,
338,
785,
781,
211,
785,
226,
820,
852,
182,
947,
956,
378,
270,
223,
204,
310,
930,
116,
403,
90,
41,
221,
105,
915,
184,
267,
220,
832,
231,
259,
266,
126,
259,
181,
195,
229,
190,
288,
316,
276,
273,
285,
268,
285,
228,
240,
258,
268,
213,
248,
228,
324,
239,
1004,
262,
197,
202,
119,
279,
195,
287,
263,
267,
247,
207,
186,
268,
259,
842,
881,
226,
272,
232,
181,
225,
257,
49,
288,
210,
239,
215,
294,
216,
231,
244,
205,
289,
252,
42,
434,
45,
279,
214,
210,
229,
306,
502,
183,
182,
210,
199,
579,
272,
42,
417,
490,
207,
330,
52,
106,
506,
590,
1473,
44,
292,
158,
266,
1455,
386,
206,
851,
112,
51,
310,
478,
570,
191,
195,
592,
422,
153,
38,
134,
1496,
1214,
174,
1168,
205,
88,
1134,
138,
164,
54,
87,
1490,
225,
211,
54,
177,
493,
1479,
40,
817,
192,
340,
340,
886,
50,
325,
794,
240,
846,
274,
42,
231,
206,
922,
280,
891,
246,
133,
449,
799,
333,
40,
763,
210,
147,
209,
428,
446,
258,
47,
193,
783,
128,
163,
972,
165,
102,
708,
142,
257,
200,
225,
815,
105,
295,
165,
251,
152,
229,
915,
39,
888,
162,
163,
545,
123,
40,
232,
992,
91,
311,
790,
241,
146,
294,
215,
211,
898,
233,
325,
357,
230,
167,
324,
229,
149,
750,
549,
242,
241,
154,
553,
238,
254,
208,
223,
216,
237,
220,
226,
177,
346,
211,
100,
945,
245,
333,
670,
345,
244,
937,
234,
635,
168,
656,
191,
217,
197,
175,
903,
214,
895,
837,
215,
911,
571,
112,
215,
170,
1760,
836,
311,
637,
647,
230,
162,
255,
278,
252,
204,
229,
188,
229,
186,
264,
136,
208,
218,
266,
381,
247,
298,
251,
217,
244,
259,
1569,
197,
276,
225,
156,
436,
183,
281,
192,
276,
466,
219,
249,
261,
452,
470,
202,
199,
761,
1140,
196,
138,
796,
1104,
871,
1050,
247,
187,
81,
230,
317,
1836,
1323,
72,
138,
1499,
1367,
137,
1445,
116,
58,
125,
584,
316,
46,
228,
54,
1299,
187,
1052,
157,
46,
622,
215,
199,
45,
142,
211,
1040,
199,
928,
40,
218,
187,
102,
101,
42,
246,
244,
573,
759,
153,
37,
153,
935,
44,
75,
97,
178,
42,
886,
184,
41,
953,
865,
932,
182,
861,
199,
542,
181,
197,
210,
544,
181,
305,
243,
265,
183,
209,
278,
302,
182,
313,
199,
187,
293,
796,
235,
200,
304,
291,
46,
261,
235,
226,
261,
271,
265,
45,
441,
275,
43,
169,
236,
750,
273,
905,
43,
933,
252,
549,
242,
261,
241,
224,
760,
221,
208,
254,
821,
258,
241,
269,
183,
951,
257,
204,
160,
768,
238,
176,
686,
183,
739,
175,
282,
648,
46,
279,
556,
495,
454,
555,
382,
961,
211,
38,
463,
407,
264,
213,
189,
369,
1630,
195,
191,
186,
235,
227,
234,
1121,
199,
274,
194,
449,
39,
281,
1869,
261,
230,
264,
167,
41,
305,
354,
381,
163,
1170,
305,
848,
270,
268,
241,
1166,
576,
218,
126,
110,
1164,
43,
146,
73,
1088,
95,
114,
67,
81,
1143,
417,
1000,
894,
55,
1018,
893,
47,
881,
35,
865,
846,
252,
40,
842,
245,
227,
1038,
711,
232,
226,
240,
692,
195,
969,
96,
171,
206,
206,
219,
154,
56,
44,
231,
203,
995,
180,
719,
150,
296,
995,
38,
79,
236,
213,
207,
288,
153,
208,
939,
251,
282,
240,
189,
41,
246,
267,
231,
239,
251,
191,
199,
227,
253,
241,
288,
306,
184,
314,
221,
229,
202,
199,
239,
243,
279,
195,
263,
198,
220,
210,
212,
297,
218,
272,
159,
274,
189,
241,
224,
238,
213,
241,
252,
285,
824,
212,
149,
170,
241,
202,
286,
274,
167,
210,
256,
538,
186,
41,
72,
125,
296,
1445,
145,
247,
327,
160,
216,
279,
197,
332,
748,
591,
312,
322,
44,
305,
137,
43,
507,
203,
426,
331,
142,
117,
193,
463,
1117,
315,
744,
1432,
1116,
193,
100,
1586,
82,
1753,
1731,
472,
135,
1451,
1566,
316,
213,
855,
896,
755,
186,
166,
57,
417,
159,
1413,
757,
693,
685,
187,
155,
217,
245,
233,
245,
1235,
175,
39,
257,
1277,
77,
105,
254,
211,
254,
772,
311,
216,
124,
220,
72,
262,
895,
171,
268,
249,
345,
246,
279,
193,
268,
812,
340,
352,
217,
157,
219,
157,
216,
245,
827,
253,
159,
330,
274,
279,
812,
282,
382,
268,
175,
200,
819,
244,
198,
261,
337,
254,
239,
230,
207,
209,
292,
214,
126,
201,
287,
235,
380,
1173,
814,
318,
216,
258,
146,
150,
176,
399,
1402,
343,
262,
245,
313,
45,
830,
394,
230,
149,
228,
1461,
41,
212,
239,
128,
429,
172,
1419,
178,
354,
304,
115,
1275,
334,
44,
177,
386,
425,
437,
231,
154,
174,
438,
227,
346,
128,
259,
389,
1180,
280,
1237,
251,
216,
1740,
161,
103,
768,
448,
1171,
256,
214,
1467,
107,
98,
284,
1301,
1440,
42,
680,
1514,
322,
100,
77,
162,
182,
303,
679,
55,
407,
350,
872,
291,
630,
840,
48,
611,
192,
349,
195,
1533,
586,
45,
49,
216,
174,
320,
241,
278,
180,
41,
218,
206,
119,
252,
249,
363,
178,
247,
239,
112,
257,
411,
140,
116,
245,
163,
238,
418,
367,
330,
229,
197,
345,
224,
122,
152,
272,
157,
170,
363,
299,
325,
808,
166,
151,
43,
386,
186,
241,
141,
258,
229,
226,
533,
257,
222,
182,
292,
43,
40,
262,
220,
275,
377,
315,
400,
142,
256,
362,
293,
45,
336,
183,
42,
834,
399,
308,
919,
220,
227,
218,
181,
633,
263,
1229,
276,
547,
185,
215,
45,
357,
263,
989,
726,
258,
336,
279,
284,
2116,
160,
634,
655,
264,
232,
280,
213,
510,
238,
228,
258,
162,
264,
45,
252,
228,
505,
231,
280,
193,
362,
269,
190,
279,
755,
291,
259,
186,
279,
223,
503,
241,
496,
277,
156,
268,
189,
765,
233,
480,
357,
95,
408,
442,
190,
80,
204,
123,
44,
1184,
82,
394,
117,
89,
436,
155,
1171,
607,
46,
882,
153,
486,
1520,
223,
325,
130,
597,
307,
1182,
391,
378,
307,
235,
323,
340,
335,
549,
44,
580,
327,
532,
228,
186,
204,
197,
223,
263,
44,
129,
185,
224,
169,
149,
131,
1367,
95,
601,
240,
1253,
213,
127,
162,
446,
179,
172,
50,
250,
369,
247,
38,
194,
140,
194,
205,
121,
197,
315,
733,
156,
165,
713,
241,
285,
245,
158,
239,
165,
258,
140,
300,
133,
238,
110,
911,
148,
254,
223,
817,
226,
230,
209,
215,
346,
898,
216,
291,
160,
241,
325,
232,
296,
255,
749,
178,
288,
293,
910,
238,
741,
286,
105,
265,
306,
220,
172,
270,
275,
367,
308,
165,
234,
393,
40,
341,
236,
284,
220,
831,
327,
187,
336,
178,
589,
307,
261,
865,
315,
480,
582,
150,
827,
1247,
162,
331,
479,
369,
1161,
286,
220,
209,
276,
226,
429,
403,
900,
274,
410,
225,
121,
601,
378,
237,
208,
292,
372,
139,
117,
349,
77,
105,
86,
1170,
53,
76,
601,
1108,
73,
116,
955,
199,
289,
41,
590,
933,
181,
179,
1727,
75,
275,
204,
258,
42,
183,
144,
41,
774,
226,
1286,
156,
102,
39,
219,
226,
1271,
38,
422,
143,
170,
929,
208,
243,
539,
347,
217,
40,
412,
199,
658,
364,
143,
999,
1328,
41,
243,
114,
254,
110,
454,
149,
956,
156,
126,
436,
311,
289,
728,
126,
1288,
304,
362,
731,
45,
207,
256,
294,
234,
212,
233,
136,
293,
2231,
1281,
247,
1004,
270,
259,
99,
233,
1368,
310,
1013,
464,
233,
189,
281,
173,
886,
1006,
260,
385,
258,
209,
218,
748,
2208,
181,
850,
147,
302,
276,
281,
149,
132,
259,
237,
40,
325,
924,
655,
756,
294,
137,
253,
237,
275,
651,
857,
127,
108,
264,
569,
853,
241,
740,
1614,
1073,
588,
749,
1172,
1534,
321,
1215,
378,
1664,
761,
936,
316,
246,
325,
176,
329,
1184,
245,
996,
929,
935,
1875,
182,
1322,
583,
695,
82,
1085,
121,
815,
656,
43,
1051,
1679,
96,
940,
412,
204,
216,
423,
131,
149,
93,
275,
46,
47,
84,
234,
1024,
797,
1601,
931,
180,
1210,
466,
83,
48,
193,
1238,
47,
42,
645,
1094,
201,
616,
310,
343,
1054,
214,
266,
1396,
334,
155,
185,
113,
249,
174,
235,
459,
290,
309,
517,
194,
270,
256,
92,
80,
239,
84,
172,
74,
892,
166,
126,
240,
155,
45,
278,
287,
151,
164,
319,
1108,
306,
320,
131,
395,
206,
304,
42,
289,
165,
800,
315,
285,
265,
239,
208,
215,
282,
476,
297,
269,
41,
293,
302,
201,
214,
288,
929,
452,
307,
287,
429,
889,
246,
199,
284,
181,
222,
932,
446,
198,
263,
904,
199,
154,
221,
390,
282,
262,
40,
742,
295,
466,
296,
207,
392,
481,
218,
350,
833,
243,
821,
196,
223,
484,
273,
809,
297,
319,
1173,
381,
263,
502,
770,
493,
271,
945,
318,
41,
138,
125,
464,
101,
317,
811,
766,
951,
935,
157,
294,
40,
779,
102,
1798,
253,
253,
132,
252,
387,
1544,
1760,
293,
134,
40,
80,
1981,
760,
285,
598,
184,
646,
597,
195,
1083,
203,
502,
242,
281,
597,
590,
574,
2430,
78,
206,
311,
223,
250,
153,
75,
516,
214,
1075,
246,
231,
234,
510,
227,
978,
1019,
204,
295,
297,
235,
162,
220,
302,
105,
40,
113,
81,
1065,
323,
234,
277,
446,
556,
132,
236,
205,
520,
306,
324,
312,
231,
172,
282,
169,
255,
281,
258,
327,
684,
294,
352,
374,
344,
285,
327,
270,
255,
317,
323,
523,
475,
171,
289,
571,
297,
361,
261,
115,
474,
275,
284,
477,
303,
196,
291,
656,
195,
507,
268,
250,
336,
297,
275,
310,
754,
239,
2325,
324,
46,
325,
451,
234,
587,
290,
389,
234,
395,
255,
653,
184,
269,
820,
190,
181,
1523,
307,
288,
400,
153,
315,
176,
824,
282,
245,
272,
274,
718,
110,
522,
310,
812,
263,
624,
490,
271,
203,
767,
325,
760,
218,
82,
103,
735,
104,
131,
1317,
736,
1228,
1837,
286,
84,
568,
69,
44,
271,
43,
48,
249,
40,
80,
562,
226,
294,
2165,
1234,
2042,
52,
1111,
42,
542,
565,
509,
148,
228,
514,
260,
185,
260,
44,
39,
244,
213,
1299,
100,
38,
1538,
229,
167,
185,
162,
348,
1705,
1101,
1557,
91,
203,
262,
192,
528,
1074,
217,
1553,
163,
188,
1067,
175,
41,
512,
39,
212,
1903,
279,
998,
1625,
324,
125,
228,
158,
231,
183,
142,
152,
41,
185,
332,
1185,
292,
208,
1181,
338,
1079,
228,
770,
1071,
388,
1175,
248,
344,
764,
321,
886,
316,
256,
317,
309,
222,
43,
541,
293,
302,
346,
383,
170,
326,
179,
204,
382,
293,
361,
141,
210,
113,
1785,
319,
326,
1023,
527,
325,
148,
367,
1723,
361,
319,
286,
861,
275,
2397,
330,
291,
736,
328,
124,
1561,
259,
161,
243,
382,
329,
342,
366,
158,
184,
268,
201,
1013,
261,
432,
281,
42,
399,
2509,
286,
469,
290,
333,
242,
105,
250,
386,
235,
2300,
286,
206,
358,
309,
1227,
381,
254,
237,
323,
2136,
266,
315,
114,
492,
187,
459,
1525,
1252,
347,
456,
303,
410,
583,
325,
794,
291,
742,
99,
480,
233,
674,
83,
213,
92,
87,
82,
93,
508,
136,
2334,
963,
42,
569,
40,
2486,
1330,
567,
85,
338,
568,
78,
545,
46,
1958,
1821,
1885,
507,
208,
1931,
1807,
43,
1447,
198,
38,
1482,
112,
142,
300,
1786,
661,
87,
1298,
1711,
43,
42,
1181,
41,
157,
167,
179,
1592,
191,
196,
162,
201,
159,
96,
311,
200,
329,
395,
199,
186,
142,
170,
286,
219,
736,
210,
142,
179,
207,
330,
338,
153,
662,
541,
46,
353,
546,
265,
644,
311,
273,
536,
292,
337,
586,
262,
272,
652,
811,
634,
211,
144,
321,
521,
233,
325,
385,
1699,
235,
310,
338,
1192,
231,
2479,
295,
284,
306,
222,
2008,
334,
46,
649,
317,
307,
316,
1833,
260,
298,
230,
395,
246,
302,
715,
302,
308,
2485,
257,
2011,
382,
278,
242,
287,
379,
1793,
229,
300,
213,
321,
383,
1629,
332,
115,
313,
414,
320,
556,
412,
1708,
220,
260,
189,
256,
329,
1589,
218,
436,
75,
410,
1925,
1125,
85,
363,
42,
1921,
497,
405,
355,
385,
236,
675,
249,
501,
499,
348,
45,
86,
579,
129,
736,
1515,
81,
106,
1818,
79,
124,
556,
976,
696,
75,
1662,
62,
44,
991,
104,
67,
43,
92,
557,
665,
1543,
555,
291,
86,
2571,
329,
1927,
43,
285,
314,
50,
2530,
1008,
181,
470,
559,
1542,
236,
544,
1930,
41,
232,
199,
77,
518,
268,
40,
188,
238,
246,
86,
203,
1534,
1485,
483,
187,
189,
89,
260,
229,
171,
40,
221,
218,
207,
1597,
177,
1248,
255,
1577,
236,
199,
168,
1622,
209,
40,
132,
320,
1693,
636,
515,
43,
370,
464,
357,
613,
192,
252,
286,
256,
154,
130,
336,
337,
646,
536,
341,
43,
397,
228,
278,
41,
364,
332,
262,
281,
354,
284,
447,
279,
607,
366,
263,
40,
202,
258,
320,
389,
404,
218,
657,
746,
269,
383,
228,
168,
568,
323,
367,
155,
175,
276,
164,
276,
158,
368,
676,
237,
378,
209,
232,
333,
295,
677,
145,
326,
295,
333,
266,
184,
266,
678,
280,
209,
331,
575,
110,
366,
360,
354,
401,
255,
338,
258,
1935,
325,
127,
236,
360,
246,
120,
96,
125,
113,
1011,
227,
218,
232,
79,
1129,
501,
46,
494,
534,
495,
522,
970,
252,
250,
43,
168,
515,
1557,
607,
40,
38,
488,
1367,
599,
481,
1382,
1540,
582,
465,
399,
1284,
1447,
742,
226,
1484,
47,
225,
46,
445,
1273,
259,
201,
1218,
1279,
276,
444,
258,
1826,
1212,
1243,
204,
179,
1328,
81,
269,
635,
213,
1645,
1098,
222,
164,
1221,
255,
633,
268,
169,
729,
181,
208,
206,
76,
146,
200,
337,
135,
186,
252,
128,
238,
37,
181,
254,
393,
208,
352,
217,
187,
234,
403,
556,
615,
376,
222,
176,
163,
599,
283,
171,
217,
286,
381,
367,
297,
248,
651,
212,
211,
358,
192,
439,
455,
662,
276,
164,
656,
610,
267,
605,
619,
2651,
349,
739,
626,
172,
280,
293,
161,
195,
45,
296,
434,
675,
319,
112,
221,
281,
298,
292,
350,
269,
268,
284,
1392,
550,
2007,
311,
309,
373,
544,
2028,
650,
336,
448,
227,
302,
403,
146,
314,
50,
238,
447,
279,
476,
512,
334,
376,
435,
1520,
40,
120,
475,
316,
320,
72,
135,
603,
72,
2575,
593,
175,
305,
1664,
265,
407,
793,
103,
409,
305,
2013,
93,
405,
77,
89,
406,
498,
2563,
389,
56,
71,
563,
54,
2004,
782,
501,
488,
447,
248,
2000,
1201,
240,
175,
1995,
447,
2194,
531,
446,
166,
340,
599,
604,
41,
156,
291,
200,
236,
340,
459,
213,
173,
204,
181,
320,
346,
131,
695,
162,
191,
250,
229,
197,
161,
328,
272,
705,
287,
142,
372,
132,
215,
153,
114,
363,
265,
235,
198,
103,
215,
270,
1975,
365,
216,
1973,
90,
264,
312,
1429,
356,
1677,
386,
289,
45,
339,
342,
1366,
728,
41,
352,
362,
329,
1302,
397,
1388,
383,
311,
247,
382,
275,
342,
286,
666,
237,
309,
42,
186,
256,
2727,
365,
285,
352,
342,
311,
44,
315,
262,
241,
626,
228,
382,
279,
263,
610,
247,
327,
369,
335,
233,
260,
174,
271,
332,
367,
279,
123,
180,
369,
329,
937,
248,
155,
329,
309,
316,
116,
398,
500,
410,
490,
409,
361,
151,
529,
229,
913,
128,
108,
415,
900,
97,
331,
307,
502,
864,
318,
555,
856,
1373,
573,
189,
101,
231,
330,
92,
98,
48,
88,
656,
342,
518,
81,
611,
1651,
486,
593,
483,
908,
142,
2027,
288,
198,
389,
165,
414,
388,
46,
2184,
442,
1154,
237,
1931,
78,
437,
518,
252,
275,
2785,
208,
138,
1277,
201,
1972,
240,
1376,
304,
211,
747,
202,
796,
234,
238,
228,
217,
40,
361,
337,
98,
258,
113,
241,
174,
289,
1904,
90,
150,
718,
1326,
118,
714,
1912,
267,
1442,
1426,
272,
907,
2315,
1878,
451,
126,
251,
245,
219,
2322,
39,
292,
307,
199,
45,
2023,
277,
1370,
1278,
1705,
337,
298,
828,
43,
280,
373,
189,
148,
439,
343,
319,
267,
43,
655,
344,
315,
42,
533,
373,
246,
733,
41,
296,
666,
335,
238,
334,
664,
189,
533,
248,
507,
147,
366,
360,
264,
139,
507,
316,
173,
286,
1336,
2072,
383,
116,
436,
573,
140,
109,
47,
360,
498,
595,
154,
46,
487,
641,
1649,
839,
373,
150,
315,
594,
302,
2169,
110,
786,
108,
493,
343,
1992,
490,
226,
857,
98,
129,
2042,
124,
833,
500,
807,
459,
2242,
274,
393,
263,
117,
128,
2772,
110,
458,
654,
2772,
42,
598,
67,
1987,
1451,
659,
50,
1373,
457,
189,
1288,
1346,
1245,
211,
230,
1176,
418,
1287,
1195,
216,
337,
266,
1167,
278,
47,
192,
199,
252,
206,
178,
383,
230,
174,
40,
165,
230,
291,
752,
362,
275,
268,
161,
200,
207,
253,
709,
181,
317,
262,
227,
308,
358,
333,
796,
311,
224,
191,
191,
173,
281,
365,
281,
281,
334,
210,
725,
257,
123,
779,
267,
222,
325,
312,
160,
893,
360,
40,
1210,
45,
2046,
182,
1666,
893,
167,
171,
145,
315,
276,
307,
381,
147,
331,
135,
420,
187,
286,
546,
132,
196,
384,
159,
431,
198,
2085,
192,
418,
39,
304,
384,
315,
2848,
178,
565,
331,
305,
323,
151,
2117,
284,
150,
543,
42,
318,
123,
333,
232,
327,
818,
246,
371,
242,
536,
379,
315,
285,
488,
303,
298,
2284,
650,
401,
668,
2136,
208,
638,
2025,
430,
387,
45,
429,
330,
337,
133,
395,
265,
2920,
681,
123,
343,
2251,
212,
83,
106,
79,
501,
679,
233,
42,
415,
447,
46,
58,
202,
881,
87,
398,
236,
230,
446,
42,
2294,
807,
192,
535,
2175,
1563,
337,
91,
231,
187,
328,
250,
251,
258,
1466,
39,
183,
180,
208,
237,
170,
218,
277,
189,
282,
322,
1820,
226,
278,
375,
1925,
2024,
2154,
77,
168,
434,
873,
166,
2080,
240,
211,
244,
154,
277,
390,
781,
436,
196,
352,
362,
915,
1785,
147,
810,
365,
89,
186,
203,
144,
282,
2045,
192,
295,
1851,
381,
197,
632,
190,
233,
312,
812,
1967,
2134,
323,
493,
227,
1268,
1980,
546,
398,
282,
458,
299,
602,
207,
356,
40,
448,
400,
288,
817,
358,
1941,
621,
398,
559,
362,
463,
818,
458,
476,
932,
553,
906,
839,
269,
391,
320,
563,
303,
302,
342,
328,
520,
391,
274,
49,
471,
343,
175,
2210,
624,
411,
338,
496,
545,
326,
183,
375,
400,
536,
689,
153,
459,
310,
229,
1010,
2880,
210,
198,
322,
511,
140,
314,
247,
196,
210,
478,
278,
831,
586,
217,
140,
655,
311,
293,
163,
2087,
497,
488,
238,
331,
167,
310,
2073,
325,
472,
656,
195,
235,
318,
702,
639,
745,
1939,
1770,
43,
492,
107,
2907,
276,
137,
2007,
245,
421,
147,
737,
686,
519,
277,
330,
96,
242,
2239,
84,
404,
74,
50,
2413,
1269,
283,
276,
198,
42,
155,
81,
165,
41,
200,
231,
250,
247,
230,
513,
1890,
2002,
240,
210,
254,
2002,
44,
1686,
222,
232,
2368,
1966,
2088,
2152,
175,
1993,
193,
1743,
349,
1982,
907,
1968,
1904,
2211,
323,
2155,
1919,
820,
1914,
1871,
134,
1847,
639,
327,
234,
624,
1331,
190,
175,
1893,
1896,
2253,
194,
90,
558,
1666,
554,
252,
1918,
1986,
281,
506,
1848,
254,
1841,
1007,
3007,
557,
451,
116,
266,
244,
596,
1831,
166,
468,
2601,
452,
170,
290,
1172,
144,
569,
168,
145,
379,
202,
584,
449,
115,
398,
192,
41,
259,
566,
678,
748,
277,
473,
39,
275,
428,
39,
140,
415,
688,
455,
671,
681,
592,
445,
39,
243,
3009,
866,
791,
680,
685,
130,
2218,
179,
1903,
643,
151,
2422,
666,
349,
281,
41,
126,
84,
638,
1872,
273,
78,
347,
233,
235,
775,
46,
47,
42,
601,
65,
375,
325,
2362,
180,
44,
47,
42,
1148,
1850,
277,
321,
755,
74,
885,
105,
320,
1987,
552,
80,
43,
217,
193,
220,
42,
79,
228,
1862,
245,
301,
315,
177,
242,
138,
368,
314,
299,
253,
303,
216,
465,
392,
248,
200,
178,
437,
277,
215,
372,
482,
187,
364,
435,
501,
2107,
443,
767,
2342,
224,
161,
2251,
440,
419,
206,
235,
425,
2111,
1377,
2284,
201,
2279,
163,
340,
48,
2210,
403,
172,
1379,
41,
346,
300,
2299,
1922,
1969,
897,
534,
326,
568,
327,
999,
559,
166,
893,
2174,
424,
433,
525,
285,
346,
180,
217,
607,
382,
576,
2038,
372,
1894,
604,
617,
383,
1630,
110,
41,
201,
429,
479,
581,
575,
173,
1416,
1977,
423,
366,
441,
560,
316,
203,
175,
513,
640,
192,
560,
204,
526,
438,
595,
425,
918,
903,
2468,
183,
552,
162,
388,
446,
836,
654,
149,
479,
504,
146,
1690,
539,
490,
473,
517,
1418,
398,
529,
572,
2374,
125,
236,
386,
405,
551,
311,
757,
488,
38,
509,
858,
113,
219,
310,
431,
398,
411,
636,
397,
275,
220,
798,
390,
347,
769,
259,
336,
212,
212,
1116,
300,
181,
764,
292,
114,
716,
1123,
222,
82,
334,
2547,
552,
49,
651,
100,
276,
751,
305,
313,
45,
274,
2385,
337,
1585,
360,
306,
53,
1953,
105,
84,
325,
63,
3160,
2233,
749,
634,
59,
1903,
940,
728,
2084,
304,
743,
41,
793,
2010,
1628,
1943,
730,
343,
239,
2028,
1976,
199,
139,
144,
288,
532,
414,
282,
98,
898,
249,
311,
442,
266,
504,
401,
895,
886,
1979,
2329,
401,
149,
1938,
2187,
1319,
271,
257,
254,
1966,
244,
2074,
150,
831,
1196,
382,
425,
1179,
251,
308,
2078,
145,
174,
1318,
370,
428,
399,
574,
514,
181,
330,
1469,
552,
541,
1197,
1611,
172,
515,
327,
159,
554,
321,
517,
424,
1653,
237,
497,
450,
516,
1621,
527,
355,
522,
575,
39,
215,
355,
233,
1446,
470,
546,
380,
287,
49,
492,
911,
474,
310,
47,
260,
200,
187,
212,
487,
358,
488,
287,
485,
43,
330,
194,
424,
469,
502,
441,
341,
478,
345,
248,
318,
547,
499,
302,
419,
1844,
412,
516,
194,
410,
506,
204,
1512,
493,
47,
1552,
472,
497,
198,
447,
443,
215,
441,
407,
105,
136,
174,
291,
2183,
419,
277,
136,
276,
133,
773,
290,
406,
296,
711,
260,
112,
677,
266,
611,
127,
1837,
92,
103,
2299,
865,
421,
400,
95,
89,
66,
2221,
90,
42,
38,
417,
1452,
224,
165,
201,
282,
266,
360,
1075,
422,
1762,
440,
402,
109,
93,
161,
1886,
361,
1652,
306,
2226,
2133,
512,
415,
1927,
1094,
220,
324,
440,
176,
736,
1804,
246,
39,
150,
312,
163,
135,
40,
964,
195,
517,
456,
443,
1369,
83,
1002,
146,
172,
970,
223,
536,
1056,
1388,
529,
2509,
904,
381,
441,
580,
528,
245,
452,
616,
172,
719,
543,
221,
503,
577,
639,
2471,
476,
681,
829,
700,
1014,
725,
478,
645,
537,
351,
495,
298,
2506,
517,
597,
336,
1007,
472,
350,
484,
428,
1390,
1023,
1096,
410,
425,
494,
921,
315,
251,
1383,
641,
334,
292,
367,
298,
438,
222,
484,
216,
403,
1337,
331,
394,
330,
668,
346,
463,
408,
418,
316,
298,
162,
491,
501,
283,
275,
489,
939,
300,
334,
201,
456,
288,
294,
253,
412,
453,
194,
486,
443,
258,
203,
247,
1051,
283,
226,
344,
238,
199,
2152,
448,
177,
202,
288,
147,
248,
133,
437,
102,
200,
2239,
328,
642,
79,
110,
42,
113,
637,
87,
617,
102,
242,
2099,
313,
98,
570,
2065,
45,
157,
65,
663,
57,
51,
80,
47,
47,
218,
42,
190,
161,
211,
269,
442,
437,
271,
186,
238,
398,
414,
234,
244,
507,
201,
173,
139,
361,
152,
358,
2686,
377,
474,
258,
314,
174,
343,
2150,
371,
497,
275,
1780,
2886,
356,
633,
290,
298,
175,
283,
170,
2225,
964,
401,
1915,
268,
367,
1004,
1924,
43,
235,
1886,
2100,
435,
553,
2742,
1823,
966,
297,
46,
1814,
335,
414,
743,
204,
504,
261,
560,
183,
444,
433,
475,
238,
1970,
432,
564,
2956,
2081,
244,
421,
324,
538,
267,
464,
1331,
404,
452,
176,
483,
353,
264,
555,
995,
197,
337,
999,
377,
345,
427,
524,
533,
450,
263,
329,
377,
652,
1203,
42,
472,
395,
151,
195,
252,
522,
341,
482,
321,
443,
487,
212,
280,
397,
2371,
484,
645,
1916,
162,
150,
352,
427,
198,
342,
1263,
447,
48,
1017,
466,
405,
400,
437,
340,
2184,
291,
437,
457,
1288,
398,
169,
361,
463,
41,
926,
3322,
129,
151,
1171,
1094,
486,
396,
116,
422,
398,
445,
263,
422,
290,
2094,
431,
468,
385,
425,
381,
287,
2287,
349,
46,
1926,
576,
1684,
480,
351,
291,
415,
77,
576,
396,
2174,
574,
260,
493,
79,
3414,
77,
226,
251,
74,
248,
41,
225,
511,
319,
246,
398,
1368,
203,
1051,
431,
106,
271,
457,
434,
173,
2270,
388,
401,
284,
1073,
181,
291,
519,
158,
192,
242,
239,
235,
217,
111,
301,
2151,
2242,
490,
445,
318,
215,
132,
2976,
2319,
144,
283,
340,
458,
321,
302,
250,
289,
321,
549,
442,
480,
510,
187,
324,
372,
493,
451,
300,
272,
230,
250,
549,
2573,
404,
537,
218,
465,
505,
191,
202,
351,
425,
414,
101,
386,
713,
368,
2371,
259,
247,
261,
169,
427,
375,
385,
451,
2820,
439,
121,
400,
162,
301,
903,
2164,
383,
260,
268,
372,
461,
298,
474,
267,
379,
2084,
393,
980,
2010,
277,
242,
2431,
195,
93,
761,
1087,
446,
399,
37,
323,
408,
287,
2504,
362,
308,
50,
305,
541,
146,
98,
857,
925,
98,
386,
374,
312,
352,
351,
123,
3461,
512,
405,
201,
579,
187,
301,
106,
348,
93,
2186,
142,
91,
1826,
796,
1388,
342,
91,
671,
2694,
2821,
300,
879,
482,
3470,
41,
1463,
250,
448,
794,
478,
1019,
455,
1008,
42,
1095,
2221,
1018,
2167,
253,
414,
959,
603,
1987,
2071,
242,
253,
45,
1505,
413,
219,
787,
42,
216,
78,
204,
403,
391,
217,
1501,
1560,
763,
210,
199,
2276,
238,
161,
783,
964,
329,
1477,
1890,
265,
186,
315,
81,
342,
123,
1437,
203,
82,
178,
2149,
273,
286,
252,
293,
227,
305,
295,
40,
367,
210,
161,
151,
127,
2585,
86,
166,
350,
141,
425,
216,
1506,
342,
158,
325,
304,
309,
3042,
816,
355,
769,
139,
197,
3513,
407,
2513,
40,
438,
338,
111,
3502,
478,
148,
258,
173,
2135,
2490,
179,
578,
321,
621,
171,
346,
97,
461,
574,
285,
180,
319,
500,
171,
481,
354,
44,
273,
552,
639,
350,
361,
591,
532,
201,
308,
2824,
185,
453,
342,
2234,
2304,
2637,
195,
359,
184,
2141,
119,
860,
389,
107,
501,
500,
232,
255,
104,
1848,
88,
687,
230,
447,
2278,
101,
108,
2075,
283,
58,
482,
449,
51,
497,
433,
472,
454,
216,
442,
432,
416,
202,
176,
233,
294,
332,
205,
413,
401,
227,
609,
593,
349,
354,
252,
2333,
241,
349,
710,
368,
227,
460,
418,
365,
346,
805,
307,
325,
567,
588,
173,
514,
125,
201,
415,
161,
131,
259,
1571,
104,
208,
495,
206,
703,
105,
528,
419,
234,
199,
208,
486,
397,
143,
107,
209,
576,
548,
275,
412,
390,
468,
525,
397,
365,
435,
426,
326,
106,
297,
432,
535,
613,
455,
303,
237,
344,
369,
586,
209,
632,
202,
1514,
553,
538,
259,
218,
549,
44,
494,
383,
513,
422,
483,
948,
495,
363,
358,
188,
403,
211,
509,
496,
444,
235,
371,
665,
40,
136,
845,
396,
393,
2374,
734,
3565,
1050,
373,
121,
593,
541,
239,
929,
428,
3565,
108,
235,
1034,
391,
459,
171,
405,
282,
2278,
79,
102,
222,
86,
313,
241,
314,
426,
2335,
91,
88,
468,
632,
181,
53,
454,
449,
463,
250,
91,
315,
595,
273,
1120,
1123,
317,
1118,
64,
1113,
1108,
1693,
991,
977,
988,
330,
762,
162,
151,
225,
767,
759,
281,
414,
750,
306,
2618,
611,
279,
275,
287,
228,
47,
984,
205,
216,
210,
348,
574,
250,
129,
227,
167,
244,
160,
459,
485,
204,
418,
240,
2611,
1064,
321,
1000,
2556,
409,
440,
2529,
139,
527,
383,
316,
372,
695,
617,
960,
136,
149,
1502,
449,
1241,
116,
43,
179,
417,
376,
557,
402,
110,
1080,
131,
959,
101,
153,
377,
2225,
113,
351,
534,
366,
1257,
343,
511,
155,
355,
2206,
438,
337,
398,
462,
99,
521,
98,
529,
407,
491,
248,
627,
217,
339,
478,
2223,
416,
376,
348,
50,
382,
493,
156,
429,
438,
363,
251,
1023,
139,
483,
373,
349,
255,
307,
455,
181,
363,
648,
135,
1270,
393,
357,
352,
2356,
278,
413,
182,
487,
261,
1021,
290,
568,
161,
266,
378,
455,
1274,
37,
324,
360,
131,
272,
503,
356,
292,
454,
449,
320,
421,
391,
481,
46,
39,
461,
1690,
212,
372,
736,
139,
342,
778,
735,
339,
187,
39,
328,
247,
741,
347,
342,
339,
107,
464,
292,
426,
722,
122,
481,
2564,
941,
72,
121,
2025,
2609,
286,
214,
251,
3665,
122,
412,
939,
145,
2549,
510,
295,
116,
510,
44,
267,
1684,
331,
47,
502,
204,
296,
3676,
297,
198,
669,
483,
224,
244,
207,
662,
288,
235,
879,
201,
2330,
213,
2038,
205,
341,
245,
42,
238,
201,
156,
250,
691,
104,
447,
2170,
170,
424,
908,
2296,
1668,
314,
682,
268,
328,
392,
243,
210,
213,
409,
156,
367,
199,
2278,
151,
911,
180,
606,
450,
451,
301,
209,
367,
39,
469,
411,
279,
388,
491,
506,
2213,
2571,
418,
981,
327,
357,
266,
434,
277,
339,
387,
422,
443,
371,
411,
253,
489,
545,
464,
963,
398,
610,
947,
364,
415,
305,
45,
726,
213,
584,
480,
298,
169,
490,
2636,
389,
282,
577,
568,
416,
1352,
530,
526,
892,
324,
1027,
1108,
665,
400,
532,
2525,
43,
931,
689,
2259,
197,
291,
397,
306,
479,
349,
335,
496,
1521,
390,
241,
1543,
469,
607,
325,
489,
277,
279,
1678,
481,
852,
279,
43,
2596,
1115,
434,
205,
372,
466,
301,
358,
365,
135,
1032,
330,
802,
346,
137,
92,
72,
171,
280,
573,
720,
138,
690,
973,
128,
42,
669,
1380,
125,
333,
122,
238,
551,
114,
436,
1692,
545,
2416,
317,
521,
103,
420,
101,
517,
424,
306,
42,
92,
274,
329,
40,
261,
103,
255,
229,
194,
229,
2251,
220,
211,
2657,
235,
202,
215,
235,
624,
371,
345,
172,
253,
2327,
212,
594,
155,
408,
94,
2710,
3458,
434,
263,
2641,
522,
2701,
274,
352,
2300,
2832,
2648,
341,
38,
320,
1910,
1408,
1589,
151,
207,
443,
2496,
1338,
137,
1574,
250,
185,
491,
2309,
474,
570,
123,
439,
2357,
601,
190,
393,
269,
356,
109,
348,
1412,
202,
264,
348,
270,
556,
2623,
198,
41,
1419,
548,
515,
468,
279,
2348,
224,
1181,
280,
536,
531,
328,
330,
445,
889,
241,
230,
254,
409,
2080,
497,
454,
315,
2645,
552,
309,
330,
313,
517,
1104,
293,
2575,
495,
460,
389,
374,
459,
480,
1508,
378,
375,
46,
455,
400,
3817,
293,
354,
296,
487,
280,
505,
457,
492,
1742,
497,
533,
481,
44,
448,
110,
629,
312,
488,
42,
424,
688,
457,
3798,
277,
467,
392,
128,
207,
660,
104,
299,
482,
2493,
659,
96,
120,
652,
86,
51,
506,
2436,
268,
371,
504,
319,
542,
39,
276,
496,
495,
82,
74,
260,
426,
400,
219,
45,
252,
42,
234,
418,
172,
236,
192,
239,
2489,
162,
507,
475,
382,
2668,
132,
105,
384,
304,
2138,
43,
43,
3470,
2146,
38,
3103,
182,
2491,
228,
39,
2215,
492,
213,
517,
170,
2708,
424,
317,
154,
171,
324,
2732,
331,
450,
469,
422,
448,
408,
455,
431,
256,
2388,
2667,
389,
348,
494,
2189,
544,
539,
717,
251,
331,
295,
484,
326,
531,
475,
237,
381,
426,
366,
310,
307,
545,
251,
278,
2921,
455,
413,
348,
182,
321,
220,
267,
409,
469,
258,
165,
368,
427,
244,
306,
468,
205,
429,
455,
311,
232,
271,
1989,
366,
44,
405,
282,
247,
305,
539,
449,
451,
432,
1405,
567,
260,
89,
2024,
536,
494,
369,
408,
304,
129,
483,
1112,
410,
43,
267,
1786,
456,
554,
396,
260,
358,
364,
455,
45,
325,
451,
111,
290,
85,
109,
482,
129,
77,
309,
251,
283,
365,
737,
407,
619,
736,
47,
939,
691,
371,
1748,
348,
945,
326,
936,
1072,
934,
929,
323,
369,
42,
933,
928,
46,
926,
226,
924,
200,
43,
325,
233,
229,
245,
248,
329,
255,
43,
237,
505,
97,
684,
387,
801,
1230,
519,
98,
264,
180,
206,
415,
200,
45,
162,
201,
450,
84,
374,
201,
653,
2721,
399,
394,
1697,
231,
190,
366,
141,
161,
356,
269,
174,
313,
237,
319,
296,
173,
348,
239,
551,
179,
130,
46,
183,
285,
316,
442,
45,
771,
363,
616,
484,
330,
231,
1019,
349,
470,
201,
364,
357,
1288,
401,
1019,
356,
443,
214,
43,
402,
469,
1268,
570,
473,
361,
243,
849,
448,
846,
354,
460,
2455,
227,
589,
344,
3419,
351,
258,
258,
1008,
268,
274,
336,
296,
570,
468,
479,
386,
405,
307,
1290,
389,
471,
282,
268,
325,
280,
542,
477,
951,
373,
412,
652,
225,
1368,
316,
733,
189,
321,
289,
410,
274,
470,
328,
359,
290,
1743,
561,
1302,
2580,
1121,
543,
281,
302,
984,
3192,
343,
93,
389,
380,
745,
1956,
395,
249,
376,
898,
417,
581,
878,
1304,
646,
392,
3283,
221,
231,
308,
1938,
394,
614,
2961,
672,
138,
327,
410,
365,
1019,
3329,
133,
849,
315,
81,
437,
132,
411,
45,
618,
2105,
289,
113,
112,
328,
131,
321,
250,
122,
62,
108,
1055,
330,
772,
2679,
274,
35,
639,
241,
111,
229,
226,
252,
207,
219,
223,
222,
186,
2744,
2502,
1774,
162,
216,
297,
1674,
96,
230,
424,
90,
1580,
1757,
375,
94,
93,
376,
88,
655,
90,
1581,
260,
163,
359,
1495,
605,
320,
2459,
251,
294,
272,
114,
343,
249,
346,
47,
343,
330,
112,
572,
292,
192,
44,
188,
386,
622,
397,
1288,
300,
549,
270,
314,
285,
208,
318,
40,
225,
299,
566,
180,
271,
292,
293,
564,
471,
429,
451,
1203,
609,
565,
226,
271,
1384,
1192,
328,
1199,
164,
319,
319,
768,
813,
366,
870,
185,
455,
245,
1722,
1118,
175,
872,
229,
418,
387,
1219,
880,
287,
1200,
483,
328,
1296,
347,
462,
297,
229,
41,
345,
471,
1117,
865,
229,
503,
194,
330,
581,
249,
849,
302,
314,
504,
418,
315,
531,
2052,
381,
311,
460,
577,
1402,
3158,
459,
594,
558,
84,
472,
442,
583,
536,
117,
319,
264,
103,
502,
251,
318,
671,
90,
1216,
819,
1117,
2324,
639,
241,
589,
638,
86,
79,
507,
4092,
93,
2674,
1425,
1832,
2019,
378,
4088,
265,
81,
60,
294,
386,
1195,
1264,
54,
4112,
254,
79,
385,
324,
349,
48,
44,
229,
48,
434,
985,
253,
40,
1182,
182,
192,
1181,
230,
271,
262,
2276,
219,
214,
41,
226,
223,
323,
143,
242,
111,
209,
87,
214,
395,
464,
215,
1666,
394,
207,
261,
380,
176,
205,
1548,
1273,
200,
205,
279,
550,
266,
1187,
357,
311,
139,
192,
236,
569,
324,
169,
1268,
324,
259,
339,
241,
225,
311,
946,
334,
526,
357,
609,
826,
300,
38,
286,
251,
316,
776,
416,
238,
839,
316,
844,
775,
388,
470,
481,
1703,
176,
308,
388,
330,
304,
347,
620,
179,
752,
249,
296,
363,
161,
46,
2566,
494,
415,
262,
306,
652,
372,
457,
678,
255,
514,
351,
1402,
179,
320,
296,
302,
321,
641,
461,
436,
330,
601,
154,
4176,
629,
468,
3513,
508,
389,
485,
3297,
841,
1389,
354,
332,
178,
4136,
249,
2762,
465,
695,
2621,
435,
2761,
205,
2739,
336,
442,
114,
352,
308,
365,
221,
1220,
89,
93,
461,
1877,
75,
498,
315,
458,
808,
316,
42,
695,
475,
49,
246,
220,
57,
1082,
221,
232,
1059,
47,
1007,
287,
1760,
46,
272,
215,
247,
2455,
258,
277,
308,
229,
166,
195,
443,
271,
1368,
243,
353,
239,
2297,
243,
1198,
248,
348,
523,
96,
1514,
347,
266,
1561,
237,
260,
2274,
57,
1255,
726,
52,
2594,
1345,
274,
263,
334,
190,
210,
44,
434,
1238,
318,
2308,
1674,
244,
172,
480,
234,
522,
160,
323,
290,
646,
257,
315,
465,
218,
481,
309,
340,
404,
487,
308,
179,
1623,
383,
1362,
42,
1384,
478,
323,
323,
171,
817,
387,
342,
779,
527,
296,
367,
299,
478,
221,
319,
318,
351,
571,
700,
415,
367,
498,
318,
383,
309,
394,
694,
312,
324,
282,
775,
699,
445,
655,
496,
568,
444,
415,
269,
256,
396,
750,
438,
250,
408,
412,
176,
42,
274,
289,
386,
242,
317,
361,
307,
274,
351,
519,
468,
438,
180,
327,
4224,
277,
2882,
210,
2655,
194,
465,
104,
1380,
203,
2602,
1384,
312,
431,
252,
948,
261,
3398,
169,
279,
43,
432,
220,
981,
2297,
400,
307,
441,
748,
368,
948,
123,
109,
171,
392,
754,
364,
147,
96,
154,
4194,
4250,
149,
338,
2712,
335,
96,
166,
1786,
91,
321,
43,
51,
493,
754,
84,
83,
312,
500,
38,
409,
428,
239,
254,
294,
235,
425,
337,
1404,
185,
2165,
285,
235,
333,
316,
299,
1411,
166,
274,
327,
225,
98,
292,
180,
209,
191,
286,
410,
132,
240,
246,
538,
227,
45,
277,
284,
80,
3912,
1429,
2641,
192,
3761,
63,
983,
3940,
132,
3926,
322,
216,
199,
253,
278,
347,
201,
515,
372,
195,
225,
831,
178,
317,
403,
250,
338,
46,
305,
249,
389,
474,
307,
391,
926,
846,
765,
339,
261,
371,
346,
383,
491,
529,
261,
579,
342,
217,
368,
281,
266,
249,
347,
578,
272,
43,
729,
434,
840,
265,
734,
211,
2817,
2780,
286,
2453,
341,
2449,
249,
2775,
39,
2438,
316,
328,
704,
3221,
400,
320,
296,
421,
399,
375,
318,
49,
2750,
320,
650,
364,
600,
285,
301,
534,
438,
422,
174,
680,
349,
653,
383,
498,
411,
385,
323,
695,
473,
300,
289,
394,
1761,
443,
374,
437,
414,
442,
406,
313,
120,
2823,
1748,
2529,
4325,
768,
720,
323,
101,
98,
87,
332,
531,
71,
291,
335,
186,
334,
1305,
245,
43,
74,
249,
236,
276,
148,
3036,
850,
315,
313,
848,
243,
39,
233,
228,
456,
444,
856,
772,
780,
39,
133,
253,
770,
440,
799,
457,
764,
38,
316,
252,
2784,
480,
196,
189,
125,
307,
533,
466,
149,
164,
288,
90,
238,
550,
127,
725,
270,
3097,
294,
3162,
299,
220,
3092,
352,
155,
200,
415,
231,
123,
1451,
145,
190,
512,
227,
479,
416,
281,
371,
408,
407,
3341,
419,
173,
766,
324,
441,
416,
610,
206,
291,
350,
220,
449,
381,
391,
3333,
458,
570,
468,
394,
805,
385,
298,
1138,
314,
38,
352,
702,
339,
499,
410,
3274,
348,
470,
410,
429,
262,
267,
322,
3264,
286,
256,
376,
320,
349,
659,
442,
3113,
313,
358,
936,
285,
306,
312,
444,
264,
272,
672,
2869,
4389,
345,
405,
470,
289,
406,
815,
483,
298,
156,
98,
673,
191,
779,
283,
290,
380,
83,
2869,
2940,
777,
2076,
116,
394,
338,
120,
2099,
268,
385,
99,
380,
89,
122,
372,
415,
241,
1839,
3372,
412,
886,
2799,
327,
44,
505,
42,
437,
350,
336,
3771,
168,
272,
243,
266,
254,
207,
286,
258,
2929,
204,
828,
266,
838,
396,
40,
153,
228,
260,
101,
123,
397,
369,
175,
929,
162,
970,
211,
206,
4053,
917,
142,
874,
891,
399,
3170,
3740,
383,
4077,
3234,
436,
3069,
211,
298,
3180,
2874,
2044,
2688,
328,
377,
400,
205,
379,
405,
207,
147,
181,
398,
404,
541,
936,
285,
1494,
471,
395,
419,
1527,
899,
332,
191,
618,
235,
2074,
402,
651,
240,
331,
287,
641,
162,
358,
377,
403,
331,
2928,
351,
191,
315,
200,
387,
672,
343,
256,
205,
505,
296,
817,
433,
295,
3346,
393,
268,
303,
519,
317,
2828,
354,
271,
389,
329,
200,
1022,
513,
441,
342,
808,
3319,
373,
551,
3328,
362,
793,
760,
261,
551,
814,
402,
95,
381,
1894,
550,
379,
376,
697,
209,
498,
530,
399,
399,
303,
137,
529,
296,
2981,
283,
218,
3211,
87,
3363,
268,
63,
2372,
386,
809,
50,
379,
259,
1855,
531,
52,
283,
2777,
234,
620,
638,
268,
421,
911,
41,
480,
280,
833,
241,
464,
243,
380,
267,
78,
2939,
3025,
253,
209,
236,
877,
2936,
367,
713,
254,
188,
342,
3171,
381,
197,
452,
440,
180,
385,
168,
165,
3180,
224,
2932,
342,
138,
290,
1621,
3092,
261,
113,
197,
958,
349,
79,
244,
936,
2883,
1772,
253,
157,
328,
152,
3097,
2823,
639,
3112,
164,
3023,
1781,
243,
348,
216,
394,
510,
225,
651,
372,
555,
290,
2445,
390,
2447,
510,
355,
312,
471,
579,
640,
179,
236,
274,
3187,
576,
551,
301,
759,
382,
253,
3215,
292,
451,
216,
687,
234,
265,
944,
362,
41,
336,
919,
395,
373,
473,
422,
247,
373,
327,
1614,
285,
511,
42,
549,
242,
396,
1790,
251,
4518,
537,
903,
439,
257,
249,
273,
317,
354,
762,
383,
2023,
461,
1786,
3515,
297,
1027,
1856,
320,
793,
308,
1694,
650,
350,
540,
4192,
40,
306,
349,
233,
361,
856,
458,
434,
50,
234,
1040,
172,
336,
245,
505,
940,
946,
481,
309,
330,
508,
105,
479,
2925,
598,
42,
612,
99,
102,
230,
74,
91,
4580,
84,
603,
58,
581,
90,
76,
4559,
901,
61,
57,
90,
224,
299,
2968,
262,
184,
304,
1690,
1007,
255,
709,
297,
286,
230,
174,
1673,
100,
2571,
1033,
3055,
164,
336,
95,
153,
351,
633,
195,
238,
336,
303,
198,
3003,
158,
370,
2253,
1673,
1680,
3035,
2993,
351,
2350,
409,
3003,
296,
262,
3217,
1084,
43,
173,
2966,
350,
2173,
521,
565,
537,
4116,
409,
2999,
372,
284,
553,
249,
569,
474,
427,
324,
568,
406,
3496,
284,
407,
254,
376,
270,
280,
452,
391,
994,
301,
466,
366,
650,
548,
323,
348,
347,
326,
353,
167,
428,
367,
381,
243,
593,
467,
336,
438,
2239,
4093,
264,
331,
272,
568,
397,
37,
234,
321,
424,
440,
185,
568,
531,
445,
569,
419,
392,
873,
189,
652,
1722,
566,
347,
552,
1034,
4185,
3085,
416,
2849,
2842,
598,
415,
482,
678,
428,
1044,
43,
41,
666,
4624,
3129,
110,
490,
2338,
664,
3380,
210,
3047,
122,
93,
44,
334,
58,
44,
943,
40,
542,
325,
96,
320,
258,
2750,
538,
247,
190,
383,
1658,
2385,
4601,
1654,
1676,
672,
1679,
1674,
1646,
1670,
1331,
1663,
1315,
250,
227,
1347,
1661,
1680,
290,
3874,
4555,
268,
1321,
106,
1574,
1315,
1313,
94,
281,
3874,
265,
364,
2291,
2965,
2976,
2204,
93,
93,
188,
361,
1639,
309,
636,
1560,
2365,
3049,
83,
2954,
274,
82,
332,
1053,
46,
2975,
4174,
180,
187,
4306,
262,
391,
86,
269,
326,
169,
176,
624,
41,
260,
2308,
166,
4329,
39,
647,
240,
175,
1770,
386,
171,
328,
372,
2981,
614,
355,
393,
647,
318,
642,
529,
353,
631,
161,
610,
307,
347,
372,
209,
594,
477,
204,
336,
45,
309,
186,
3057,
164,
274,
503,
352,
942,
455,
331,
361,
396,
2983,
40,
1638,
3297,
439,
295,
437,
425,
4686,
3434,
418,
4726,
1097,
221,
3171,
334,
2902,
171,
594,
2553,
2452,
91,
2736,
970,
294,
2005,
692,
89,
1828,
2830,
945,
672,
88,
1913,
3163,
310,
2409,
3748,
597,
679,
1379,
591,
1940,
75,
675,
599,
45,
257,
63,
1747,
39,
671,
338,
1374,
1378,
39,
599,
526,
1387,
500,
600,
1386,
42,
79,
1370,
607,
403,
3516,
1317,
40,
682,
325,
1235,
282,
585,
415,
1308,
963,
602,
617,
487,
279,
240,
202,
487,
219,
534,
1641,
1651,
1073,
340,
632,
1714,
319,
432,
285,
359,
168,
201,
303,
1765,
166,
3173,
163,
229,
404,
389,
557,
228,
302,
185,
1071,
419,
147,
349,
577,
159,
374,
1176,
422,
342,
292,
253,
1102,
222,
395,
1015,
3397,
364,
327,
326,
982,
410,
395,
163,
990,
398,
1020,
216,
341,
983,
278,
186,
961,
341,
575,
314,
82,
204,
630,
322,
217,
622,
281,
255,
787,
38,
309,
599,
104,
125,
99,
113,
82,
348,
560,
346,
73,
3519,
255,
72,
413,
501,
3378,
249,
316,
3383,
683,
70,
95,
81,
273,
3372,
235,
420,
300,
76,
700,
343,
37,
312,
3373,
1692,
1143,
204,
244,
150,
220,
237,
293,
219,
1716,
269,
233,
280,
208,
368,
399,
271,
585,
186,
421,
204,
190,
188,
428,
3022,
347,
230,
347,
340,
346,
2531,
1228,
2063,
285,
38,
1166,
2287,
1738,
258,
980,
2354,
1777,
1738,
238,
2369,
467,
278,
3238,
452,
1133,
607,
338,
83,
559,
1185,
1768,
293,
290,
2613,
279,
411,
306,
235,
2561,
3392,
236,
378,
46,
2568,
291,
273,
145,
175,
980,
249,
179,
1087,
233,
48,
242,
227,
298,
44,
610,
1056,
1048,
1077,
241,
291,
1001,
1704,
310,
223,
635,
634,
438,
130,
107,
844,
85,
78,
4876,
44,
571,
3392,
559,
4877,
75,
36,
48,
245,
633,
493,
287,
255,
857,
228,
281,
2135,
256,
228,
653,
290,
3099,
306,
2405,
139,
40,
2205,
178,
620,
2182,
2983,
532,
39,
684,
4319,
353,
261,
1072,
150,
1155,
36,
234,
383,
3422,
834,
362,
819,
271,
186,
235,
185,
2625,
212,
295,
1625,
43,
712,
842,
1752,
296,
680,
620,
113,
1539,
465,
1414,
432,
324,
1639,
666,
1208,
258,
139,
612,
371,
108,
211,
871,
1637,
4824,
590,
2490,
251,
1420,
937,
812,
1638,
4513,
912,
1127,
185,
525,
1130,
134,
46,
1990,
508,
3140,
1041,
605,
45,
1040,
676,
146,
1107,
1119,
3165,
45,
495,
1149,
3927,
1689,
43,
598,
282,
546,
483,
43,
2960,
45,
237,
2907,
673,
960,
4978,
57,
2202,
128,
40,
81,
206,
933,
41,
266,
42,
939,
303,
80,
262,
44,
219,
211,
1056,
303,
232,
223,
2269,
225,
943,
738,
260,
501,
1076,
241,
579,
1467,
2131,
878,
390,
712,
604,
587,
193,
307,
2022,
383,
639,
2696,
727,
669,
307,
580,
646,
307,
1476,
306,
219,
2623,
174,
744,
304,
229,
655,
609,
194,
172,
772,
955,
736,
451,
561,
672,
173,
828,
2623,
2644,
842,
1100,
203,
979,
323,
723,
851,
2138,
714,
2144,
657,
301,
560,
818,
662,
289,
1453,
1012,
3452,
1064,
892,
1105,
658,
1080,
2077,
179,
543,
633,
1197,
645,
942,
1148,
631,
1380,
918,
1103,
426,
666,
489,
1100,
948,
143,
751,
937,
658,
602,
41,
873,
921,
195,
623,
802,
745,
1494,
579,
660,
571,
220,
1093,
618,
271,
271,
669,
1083,
754,
186,
1091,
940,
884,
97,
1066,
541,
1070,
321,
487,
1063,
343,
320,
1151,
997,
484,
657,
928,
444,
805,
610,
1170,
1040,
189,
1307,
556,
940,
591,
216,
55,
55,
840,
1244,
1190,
54,
2125,
238,
176,
2705,
338,
157,
171,
38,
2702,
177,
1068,
594,
759,
614,
172,
602,
1067,
2722,
270,
241,
897,
565,
2122,
295,
256,
1258,
770,
700,
731,
676,
358,
159,
2207,
751,
1030,
3479,
263,
637,
44,
48,
792,
817,
87,
2221,
153,
241,
835,
108,
581,
718,
261,
1429,
473,
604,
774,
2219,
669,
279,
1030,
1153,
387,
252,
938,
641,
585,
2800,
3570,
627,
1101,
641,
928,
1061,
204,
567,
582,
379,
43,
768,
436,
824,
502,
674,
681,
581,
751,
261,
665,
674,
167,
760,
520,
362,
539,
371,
2732,
746,
38,
473,
223,
367,
571,
36,
209,
400,
1269,
2334,
555,
472,
1043,
1306,
379,
956,
634,
598,
947,
638,
182,
946,
574,
376,
946,
1153,
133,
1392,
201,
222,
494,
95,
478,
559,
2290,
126,
98,
5134,
197,
1075,
4225,
1292,
52,
520,
95,
927,
98,
1162,
421,
86,
1235,
3478,
84,
315,
1166,
567,
80,
494,
1462,
426,
1106,
370,
42,
142,
401,
542,
88,
654,
4311,
254,
1505,
149,
957,
581,
323,
675,
320,
576,
665,
722,
102,
634,
1040,
729,
389,
638,
1009,
780,
810,
626,
939,
674,
546,
508,
1516,
529,
511,
418,
748,
843,
507,
522,
1554,
482,
712,
958,
585,
717,
663,
737,
1488,
740,
3879,
576,
1069,
603,
3471,
824,
1029,
509,
591,
633,
622,
961,
742,
203,
552,
461,
735,
646,
1295,
4547,
998,
865,
365,
637,
684,
1300,
380,
377,
592,
1469,
569,
386,
604,
560,
563,
378,
138,
107,
387,
142,
1283,
92,
4461,
114,
1300,
399,
64,
1241,
1514,
52,
76,
1513,
319,
340,
1253,
38,
328,
344,
360,
312,
376,
302,
691,
522,
79,
418,
1314,
1522,
465,
343,
264,
272,
135,
3562,
3602,
614,
625,
3214,
1304,
593,
127,
1743,
1532,
547,
2443,
1530,
91,
2912,
422,
84,
346,
314,
173,
300,
264,
149,
760,
39,
627,
461,
485,
1007,
119,
36,
1012,
693,
308,
639,
875,
3652,
584,
348,
737,
790,
1611,
611,
1074,
538,
258,
3661,
555,
591,
264,
562,
623,
3634,
452,
477,
1555,
602,
1568,
288,
559,
3121,
569,
372,
744,
359,
520,
1554,
1069,
580,
707,
474,
1527,
437,
452,
669,
414,
495,
473,
1081,
316,
521,
550,
519,
398,
495,
702,
704,
426,
568,
382,
265,
1295,
1564,
1093,
729,
1552,
636,
367,
617,
387,
85,
350,
749,
754,
71,
398,
501,
253,
197,
251,
595,
302,
1098,
136,
194,
122,
101,
190,
164,
441,
447,
232,
1845,
79,
929,
214,
70,
62,
435,
2955,
197,
1854,
160,
1848,
1590,
62,
363,
1095,
4188,
3133,
2396,
395,
462,
372,
152,
5294,
75,
842,
38,
441,
362,
600,
74,
315,
382,
739,
357,
529,
78,
1087,
1082,
302,
512,
2496,
1835,
331,
1077,
313,
437,
66,
2478,
544,
92,
390,
286,
351,
58,
1584,
1604,
329,
444,
56,
275,
260,
497,
357,
1541,
229,
311,
223,
1834,
163,
174,
3671,
353,
444,
337,
207,
786,
216,
382,
877,
207,
426,
341,
161,
564,
906,
719,
251,
607,
236,
334,
245,
1607,
1604,
3662,
477,
488,
1613,
271,
454,
473,
475,
846,
279,
454,
505,
1124,
525,
202,
409,
453,
549,
441,
553,
409,
441,
652,
338,
450,
573,
996,
957,
355,
1038,
43,
44,
303,
442,
734,
687,
215,
753,
337,
613,
498,
1049,
206,
480,
978,
540,
874,
821,
2508,
399,
892,
1068,
1030,
230,
527,
574,
538,
862,
436,
223,
141,
490,
270,
880,
112,
459,
101,
109,
1161,
88,
58,
1564,
442,
521,
1580,
419,
437,
1159,
585,
75,
475,
280,
42,
469,
293,
282,
283,
337,
284,
242,
78,
236,
97,
240,
584,
44,
357,
340,
334,
78,
1911,
248,
300,
318,
503,
500,
251,
273,
249,
293,
621,
359,
412,
512,
3704,
1231,
444,
340,
292,
451,
263,
3712,
173,
341,
458,
680,
595,
316,
550,
535,
966,
1092,
978,
297,
542,
621,
852,
251,
328,
42,
561,
535,
977,
296,
334,
230,
413,
533,
50,
362,
547,
850,
623,
303,
928,
46,
198,
970,
440,
729,
981,
988,
370,
443,
555,
46,
769,
411,
303,
773,
4818,
675,
2714,
40,
327,
192,
820,
537,
633,
330,
715,
279,
729,
3743,
503,
535,
233,
548,
304,
206,
468,
487,
449,
445,
910,
44,
1248,
498,
41,
500,
93,
885,
44,
296,
957,
425,
73,
87,
240,
57,
44,
