32,
30,
38,
40,
42,
36,
37,
34,
75,
84,
60,
37,
33,
33,
44,
90,
45,
74,
74,
82,
74,
104,
42,
41,
34,
103,
72,
81,
66,
53,
88,
123,
81,
125,
116,
109,
101,
101,
80,
136,
124,
38,
84,
132,
81,
72,
126,
143,
112,
142,
136,
111,
72,
135,
38,
123,
118,
45,
74,
44,
63,
153,
73,
117,
137,
111,
120,
75,
127,
44,
160,
141,
152,
136,
164,
169,
151,
160,
169,
159,
168,
150,
165,
154,
129,
170,
170,
142,
150,
168,
129,
132,
138,
118,
82,
158,
162,
131,
134,
153,
108,
121,
125,
133,
133,
178,
38,
136,
35,
164,
139,
108,
103,
125,
138,
192,
117,
133,
191,
77,
159,
107,
102,
91,
153,
168,
150,
177,
100,
101,
187,
93,
44,
76,
176,
144,
141,
172,
195,
145,
140,
148,
184,
101,
162,
127,
198,
159,
174,
115,
160,
158,
119,
98,
124,
139,
218,
105,
152,
210,
179,
192,
119,
161,
169,
126,
122,
126,
177,
46,
164,
131,
137,
48,
166,
102,
34,
228,
47,
172,
181,
201,
182,
178,
191,
200,
166,
179,
146,
140,
143,
118,
45,
161,
215,
218,
221,
44,
126,
158,
195,
176,
113,
162,
233,
169,
105,
96,
92,
174,
157,
232,
148,
157,
143,
197,
228,
183,
161,
147,
172,
235,
141,
38,
149,
110,
147,
208,
228,
200,
129,
214,
128,
194,
238,
218,
204,
126,
232,
128,
211,
38,
231,
192,
178,
57,
233,
263,
157,
29,
150,
43,
141,
131,
144,
169,
122,
148,
243,
156,
180,
123,
160,
121,
189,
144,
197,
200,
32,
139,
209,
95,
177,
248,
111,
31,
171,
233,
136,
272,
122,
161,
96,
121,
75,
146,
154,
246,
224,
242,
95,
213,
124,
270,
226,
139,
44,
154,
244,
140,
124,
197,
115,
240,
143,
187,
122,
150,
204,
255,
173,
261,
71,
197,
91,
232,
172,
201,
210,
83,
227,
253,
221,
259,
120,
128,
147,
207,
235,
44,
149,
156,
139,
157,
224,
223,
46,
225,
166,
227,
141,
148,
153,
225,
78,
239,
133,
227,
119,
42,
215,
186,
105,
180,
124,
139,
184,
167,
174,
167,
170,
123,
147,
136,
182,
85,
231,
164,
180,
191,
194,
273,
169,
214,
279,
181,
164,
141,
168,
246,
280,
136,
189,
165,
71,
178,
95,
146,
252,
147,
320,
78,
234,
133,
160,
272,
69,
151,
171,
239,
72,
91,
176,
287,
65,
127,
205,
205,
182,
165,
166,
285,
51,
192,
247,
253,
167,
191,
223,
119,
270,
145,
251,
224,
236,
171,
251,
251,
263,
210,
301,
89,
260,
279,
241,
219,
276,
240,
38,
211,
260,
209,
167,
229,
180,
148,
161,
217,
149,
257,
225,
328,
180,
160,
167,
156,
239,
162,
256,
221,
253,
209,
146,
252,
42,
180,
327,
239,
177,
148,
127,
84,
211,
134,
38,
146,
161,
178,
69,
183,
176,
150,
110,
296,
167,
275,
227,
217,
192,
195,
167,
348,
270,
197,
139,
176,
40,
33,
175,
238,
348,
234,
156,
189,
158,
174,
145,
161,
133,
214,
347,
275,
151,
261,
320,
140,
343,
168,
291,
296,
182,
331,
258,
168,
224,
214,
303,
252,
256,
290,
339,
41,
166,
209,
40,
316,
171,
271,
296,
139,
278,
135,
298,
287,
132,
134,
156,
145,
124,
324,
254,
334,
208,
194,
220,
247,
164,
42,
245,
202,
136,
256,
235,
285,
219,
196,
160,
185,
139,
272,
271,
328,
227,
192,
179,
40,
182,
39,
177,
171,
194,
313,
335,
170,
348,
167,
171,
203,
307,
342,
174,
194,
128,
173,
160,
236,
165,
194,
124,
174,
143,
127,
35,
118,
139,
185,
145,
301,
95,
124,
160,
35,
77,
143,
115,
96,
178,
43,
159,
74,
95,
143,
318,
34,
136,
186,
315,
90,
36,
137,
165,
180,
163,
190,
160,
157,
68,
298,
136,
152,
129,
55,
194,
180,
34,
175,
243,
333,
146,
235,
233,
197,
35,
232,
159,
389,
34,
90,
398,
256,
384,
45,
254,
306,
252,
372,
345,
293,
320,
391,
43,
304,
326,
352,
344,
142,
380,
343,
341,
322,
137,
184,
374,
172,
281,
334,
49,
202,
201,
249,
295,
238,
245,
321,
186,
216,
268,
279,
287,
261,
356,
163,
224,
244,
110,
194,
375,
310,
231,
326,
237,
224,
154,
341,
359,
291,
209,
277,
308,
197,
41,
353,
245,
238,
185,
339,
122,
219,
336,
239,
291,
181,
235,
372,
212,
209,
191,
261,
151,
374,
237,
206,
321,
347,
210,
176,
214,
291,
360,
161,
256,
188,
211,
195,
328,
200,
156,
222,
308,
151,
253,
189,
171,
228,
151,
210,
210,
315,
119,
314,
31,
322,
392,
192,
140,
287,
240,
41,
190,
313,
116,
378,
172,
340,
176,
170,
301,
246,
180,
290,
233,
186,
127,
343,
307,
165,
171,
198,
233,
143,
221,
357,
222,
204,
46,
316,
64,
329,
265,
327,
216,
60,
161,
162,
199,
155,
308,
218,
230,
183,
91,
311,
47,
195,
177,
315,
202,
188,
264,
170,
291,
243,
214,
272,
175,
264,
203,
250,
313,
193,
362,
360,
295,
196,
301,
234,
337,
177,
267,
201,
380,
212,
380,
275,
403,
172,
211,
411,
202,
323,
233,
156,
232,
143,
314,
374,
165,
72,
323,
362,
183,
307,
221,
152,
163,
396,
356,
251,
190,
161,
311,
297,
182,
177,
222,
212,
162,
42,
195,
268,
431,
262,
360,
256,
221,
223,
354,
168,
262,
199,
280,
365,
269,
279,
265,
150,
118,
129,
456,
278,
210,
324,
413,
199,
292,
237,
165,
104,
348,
259,
277,
196,
276,
191,
324,
234,
100,
199,
186,
153,
273,
95,
190,
283,
338,
213,
295,
115,
312,
248,
272,
399,
112,
153,
166,
117,
388,
100,
181,
221,
271,
399,
98,
109,
170,
160,
394,
337,
196,
249,
386,
336,
182,
207,
186,
204,
439,
87,
161,
235,
273,
345,
276,
105,
185,
160,
205,
261,
198,
184,
266,
220,
113,
85,
111,
414,
254,
451,
91,
375,
107,
452,
77,
405,
43,
76,
317,
373,
50,
49,
362,
323,
96,
48,
370,
386,
297,
360,
35,
425,
338,
302,
226,
238,
133,
43,
277,
150,
169,
32,
413,
42,
149,
299,
346,
313,
222,
266,
148,
142,
422,
216,
254,
180,
121,
181,
216,
416,
156,
136,
290,
396,
372,
122,
376,
42,
289,
438,
397,
276,
207,
396,
266,
394,
216,
44,
253,
36,
207,
43,
248,
368,
375,
196,
512,
139,
290,
383,
373,
194,
280,
404,
111,
153,
240,
116,
314,
232,
329,
259,
234,
467,
225,
221,
210,
111,
252,
195,
36,
253,
369,
113,
225,
158,
43,
433,
157,
69,
221,
41,
452,
389,
53,
375,
225,
436,
268,
257,
186,
90,
354,
154,
314,
201,
178,
301,
217,
277,
339,
142,
242,
136,
81,
274,
267,
281,
254,
66,
246,
300,
220,
179,
148,
272,
331,
316,
241,
189,
292,
199,
251,
209,
346,
160,
298,
223,
190,
80,
204,
291,
317,
367,
291,
287,
179,
344,
378,
292,
244,
318,
221,
43,
350,
267,
403,
304,
324,
320,
245,
315,
82,
244,
233,
382,
39,
241,
215,
195,
273,
353,
232,
312,
295,
361,
190,
188,
309,
149,
125,
262,
200,
370,
207,
112,
190,
183,
205,
535,
199,
357,
174,
177,
133,
284,
293,
110,
224,
413,
160,
295,
208,
181,
367,
278,
160,
207,
209,
244,
212,
390,
174,
289,
101,
338,
201,
247,
174,
299,
106,
226,
155,
342,
184,
168,
96,
300,
256,
200,
52,
282,
242,
277,
192,
204,
166,
251,
236,
254,
402,
192,
48,
215,
178,
139,
159,
259,
231,
271,
146,
101,
329,
285,
222,
245,
37,
406,
187,
287,
263,
209,
198,
222,
147,
193,
137,
266,
232,
261,
215,
231,
368,
209,
578,
113,
344,
205,
329,
220,
171,
184,
194,
256,
157,
185,
358,
202,
169,
357,
133,
337,
47,
141,
331,
140,
194,
161,
336,
224,
125,
348,
169,
282,
140,
394,
154,
136,
36,
294,
160,
147,
323,
137,
430,
245,
44,
357,
443,
195,
348,
143,
148,
340,
154,
254,
440,
301,
310,
246,
261,
136,
138,
306,
225,
539,
534,
265,
34,
170,
43,
428,
406,
149,
252,
256,
418,
423,
419,
259,
72,
218,
294,
142,
190,
452,
231,
263,
325,
401,
278,
513,
36,
391,
254,
285,
83,
311,
394,
244,
223,
305,
323,
377,
39,
219,
455,
199,
240,
412,
562,
287,
510,
226,
442,
276,
150,
219,
404,
182,
314,
467,
181,
192,
555,
337,
336,
41,
330,
457,
43,
305,
173,
42,
195,
391,
577,
494,
457,
484,
433,
181,
329,
268,
163,
480,
341,
417,
408,
242,
211,
289,
287,
352,
416,
477,
175,
174,
149,
227,
319,
255,
202,
259,
311,
264,
178,
269,
185,
190,
307,
333,
218,
320,
298,
273,
364,
136,
196,
231,
304,
302,
413,
216,
298,
258,
347,
238,
182,
274,
111,
195,
301,
234,
116,
175,
103,
128,
161,
92,
316,
251,
155,
261,
275,
143,
90,
266,
292,
102,
264,
129,
210,
148,
217,
215,
125,
182,
147,
216,
182,
499,
263,
164,
279,
115,
43,
491,
220,
123,
41,
68,
159,
460,
439,
241,
197,
493,
135,
185,
243,
489,
344,
77,
367,
257,
341,
183,
126,
223,
105,
352,
91,
179,
433,
87,
631,
73,
313,
167,
175,
79,
56,
265,
311,
69,
392,
471,
316,
361,
338,
80,
282,
310,
318,
46,
299,
231,
140,
196,
345,
270,
113,
281,
457,
304,
34,
43,
255,
114,
269,
120,
125,
233,
552,
253,
480,
306,
37,
399,
60,
299,
37,
58,
391,
88,
291,
237,
258,
350,
76,
340,
357,
377,
81,
475,
299,
43,
216,
469,
84,
216,
421,
219,
137,
245,
260,
493,
46,
207,
242,
385,
186,
434,
367,
204,
251,
331,
318,
338,
168,
272,
498,
200,
378,
496,
555,
218,
561,
303,
240,
157,
355,
280,
450,
368,
462,
313,
182,
43,
241,
241,
317,
50,
195,
278,
457,
339,
266,
258,
550,
207,
202,
171,
185,
257,
316,
253,
396,
291,
208,
39,
273,
359,
213,
232,
451,
356,
265,
262,
562,
255,
560,
241,
403,
178,
275,
232,
369,
218,
43,
206,
419,
177,
293,
277,
446,
266,
201,
315,
436,
173,
287,
420,
218,
277,
200,
325,
208,
437,
394,
447,
179,
329,
299,
126,
190,
246,
279,
297,
151,
312,
260,
509,
132,
231,
438,
394,
346,
491,
174,
307,
245,
311,
276,
363,
151,
358,
269,
386,
217,
201,
507,
266,
196,
164,
205,
311,
389,
217,
359,
173,
277,
372,
205,
239,
236,
213,
199,
225,
274,
234,
161,
271,
250,
160,
273,
216,
162,
300,
472,
172,
288,
261,
377,
107,
58,
275,
149,
149,
182,
409,
306,
347,
96,
81,
378,
305,
42,
371,
280,
241,
177,
262,
205,
324,
196,
117,
375,
451,
303,
246,
177,
186,
146,
272,
142,
242,
401,
336,
168,
195,
151,
241,
210,
151,
93,
317,
166,
287,
370,
307,
95,
265,
427,
187,
164,
393,
133,
328,
206,
260,
215,
384,
165,
201,
482,
176,
130,
406,
217,
107,
218,
200,
48,
129,
224,
319,
508,
138,
92,
379,
429,
434,
230,
37,
216,
317,
233,
174,
38,
227,
108,
297,
379,
225,
239,
257,
98,
151,
195,
336,
194,
286,
486,
33,
344,
258,
199,
43,
215,
174,
35,
342,
319,
115,
306,
168,
224,
254,
111,
231,
543,
369,
310,
194,
308,
307,
168,
302,
598,
286,
292,
319,
41,
190,
376,
297,
159,
361,
517,
196,
200,
208,
643,
89,
245,
335,
506,
345,
96,
152,
126,
332,
230,
221,
294,
201,
335,
354,
305,
331,
300,
285,
155,
219,
153,
122,
329,
211,
248,
205,
106,
143,
123,
206,
337,
165,
207,
324,
161,
93,
46,
318,
518,
219,
211,
47,
330,
304,
29,
44,
248,
281,
46,
161,
246,
43,
197,
54,
188,
143,
241,
216,
266,
163,
183,
336,
156,
485,
250,
209,
195,
333,
229,
234,
189,
240,
219,
375,
45,
215,
698,
182,
234,
676,
526,
481,
675,
214,
672,
86,
611,
282,
391,
578,
670,
147,
82,
536,
367,
136,
253,
183,
551,
140,
173,
46,
197,
131,
721,
454,
564,
124,
124,
106,
160,
119,
511,
617,
111,
584,
278,
449,
508,
542,
218,
591,
678,
621,
231,
250,
386,
156,
376,
389,
587,
196,
700,
52,
573,
477,
63,
453,
571,
164,
189,
422,
426,
233,
663,
46,
425,
377,
63,
80,
669,
214,
412,
323,
92,
261,
231,
446,
620,
313,
318,
47,
298,
388,
292,
210,
102,
330,
397,
565,
317,
531,
269,
325,
243,
299,
44,
704,
330,
714,
564,
211,
364,
223,
200,
191,
238,
436,
312,
237,
171,
269,
240,
433,
407,
311,
297,
463,
237,
287,
208,
351,
573,
374,
180,
218,
599,
506,
730,
350,
278,
244,
378,
201,
246,
191,
475,
459,
318,
275,
176,
312,
227,
43,
200,
202,
151,
231,
328,
570,
441,
215,
197,
233,
184,
535,
124,
477,
176,
256,
565,
397,
35,
120,
248,
577,
74,
606,
236,
539,
132,
457,
189,
272,
92,
34,
195,
419,
177,
250,
422,
507,
265,
186,
74,
290,
529,
73,
384,
181,
304,
401,
533,
209,
368,
374,
186,
56,
279,
322,
485,
388,
181,
281,
555,
351,
117,
292,
33,
483,
175,
57,
275,
499,
178,
104,
373,
477,
326,
148,
189,
293,
248,
395,
476,
330,
427,
325,
34,
47,
557,
200,
46,
183,
168,
223,
443,
196,
188,
338,
191,
323,
198,
146,
467,
183,
235,
449,
302,
187,
494,
36,
40,
278,
409,
460,
499,
268,
200,
584,
299,
33,
188,
538,
251,
264,
32,
432,
230,
143,
189,
463,
109,
165,
341,
269,
465,
45,
463,
79,
447,
43,
498,
371,
42,
42,
481,
262,
433,
39,
115,
393,
445,
419,
119,
406,
33,
107,
421,
479,
403,
437,
508,
469,
266,
290,
403,
238,
32,
366,
346,
300,
405,
69,
510,
259,
338,
824,
228,
204,
372,
329,
195,
792,
227,
221,
265,
351,
750,
308,
240,
214,
192,
622,
410,
143,
208,
191,
394,
235,
248,
704,
518,
402,
80,
305,
247,
233,
271,
348,
363,
515,
336,
600,
261,
529,
231,
314,
359,
343,
301,
377,
298,
613,
266,
513,
262,
694,
284,
304,
642,
43,
327,
259,
298,
690,
594,
259,
277,
698,
121,
587,
620,
212,
115,
279,
607,
510,
94,
392,
351,
239,
256,
89,
637,
44,
78,
487,
659,
278,
305,
211,
72,
644,
753,
269,
66,
667,
486,
245,
158,
50,
275,
33,
609,
367,
83,
596,
767,
586,
157,
221,
244,
243,
45,
212,
296,
589,
268,
534,
225,
261,
255,
254,
222,
238,
418,
766,
558,
131,
317,
40,
587,
466,
43,
237,
758,
611,
593,
42,
540,
604,
471,
544,
186,
874,
177,
479,
525,
330,
440,
499,
323,
42,
89,
514,
463,
410,
540,
268,
388,
35,
229,
769,
387,
305,
794,
336,
326,
331,
39,
212,
425,
341,
381,
330,
301,
633,
165,
44,
425,
72,
404,
584,
141,
773,
268,
312,
323,
337,
452,
474,
118,
547,
39,
94,
299,
34,
67,
211,
525,
240,
581,
313,
270,
572,
283,
284,
353,
532,
805,
232,
257,
310,
797,
358,
252,
415,
400,
151,
55,
192,
407,
383,
596,
571,
424,
223,
479,
781,
292,
275,
287,
193,
568,
557,
273,
311,
661,
271,
324,
337,
97,
464,
87,
321,
826,
547,
85,
375,
328,
446,
361,
300,
320,
55,
283,
316,
63,
306,
478,
544,
52,
60,
260,
405,
324,
177,
43,
314,
135,
201,
483,
270,
151,
524,
222,
301,
187,
169,
170,
91,
128,
296,
365,
241,
475,
41,
174,
473,
108,
129,
105,
266,
594,
512,
191,
223,
36,
297,
409,
580,
685,
230,
310,
551,
314,
130,
490,
520,
595,
176,
275,
459,
438,
269,
133,
346,
128,
323,
118,
485,
274,
204,
273,
124,
176,
344,
125,
237,
291,
460,
196,
164,
193,
403,
269,
580,
98,
178,
349,
126,
214,
554,
293,
546,
434,
466,
311,
301,
250,
307,
225,
273,
350,
367,
399,
298,
226,
406,
242,
424,
130,
504,
234,
584,
361,
459,
80,
102,
348,
446,
117,
165,
491,
495,
277,
440,
417,
470,
415,
272,
273,
419,
339,
213,
312,
535,
153,
288,
265,
464,
299,
51,
542,
127,
295,
506,
46,
379,
457,
545,
111,
251,
286,
220,
390,
228,
443,
379,
492,
209,
445,
403,
485,
290,
362,
501,
171,
205,
310,
371,
631,
364,
344,
225,
308,
613,
410,
452,
72,
464,
661,
298,
354,
602,
665,
282,
211,
419,
269,
349,
266,
386,
606,
297,
45,
190,
504,
253,
594,
175,
374,
403,
394,
290,
44,
253,
433,
545,
597,
730,
387,
268,
345,
43,
72,
568,
559,
518,
297,
525,
71,
317,
538,
348,
287,
672,
110,
380,
590,
336,
425,
71,
357,
81,
604,
324,
383,
309,
343,
60,
82,
605,
110,
616,
562,
295,
289,
607,
576,
43,
765,
319,
620,
309,
281,
296,
607,
362,
549,
326,
272,
53,
515,
422,
150,
243,
514,
35,
44,
465,
83,
465,
36,
120,
615,
285,
464,
281,
463,
269,
118,
644,
263,
246,
389,
241,
101,
606,
595,
577,
44,
705,
512,
429,
595,
444,
370,
443,
72,
178,
269,
562,
97,
183,
541,
395,
245,
476,
114,
538,
228,
363,
358,
205,
514,
338,
588,
435,
560,
198,
55,
372,
525,
570,
197,
102,
450,
50,
208,
351,
316,
101,
397,
42,
297,
176,
230,
94,
310,
197,
244,
393,
155,
418,
345,
191,
282,
422,
415,
266,
237,
279,
248,
421,
269,
262,
194,
189,
246,
635,
33,
416,
619,
555,
252,
31,
384,
284,
623,
542,
262,
342,
268,
603,
269,
530,
346,
358,
289,
522,
394,
365,
547,
489,
104,
427,
298,
292,
528,
268,
185,
637,
482,
272,
101,
251,
264,
80,
100,
193,
453,
96,
482,
573,
435,
83,
414,
73,
438,
595,
329,
254,
341,
345,
421,
496,
439,
560,
528,
107,
157,
113,
201,
324,
431,
91,
506,
47,
540,
182,
430,
176,
556,
573,
531,
556,
529,
370,
358,
428,
374,
498,
473,
406,
127,
556,
259,
346,
516,
330,
186,
424,
150,
327,
457,
261,
391,
177,
437,
329,
170,
397,
414,
444,
403,
436,
532,
627,
220,
449,
318,
382,
117,
386,
576,
92,
431,
459,
453,
530,
515,
505,
238,
355,
377,
146,
465,
407,
179,
399,
333,
173,
328,
365,
387,
417,
531,
329,
50,
231,
391,
280,
601,
389,
474,
318,
407,
309,
211,
110,
642,
501,
315,
445,
626,
376,
462,
312,
337,
324,
86,
271,
340,
442,
90,
323,
238,
591,
306,
99,
326,
102,
269,
383,
380,
374,
408,
367,
210,
361,
735,
281,
258,
413,
267,
328,
383,
379,
577,
561,
286,
251,
376,
765,
371,
320,
635,
423,
589,
485,
538,
421,
388,
32,
364,
582,
542,
503,
492,
479,
516,
323,
459,
564,
431,
281,
288,
308,
479,
548,
400,
766,
547,
357,
569,
350,
563,
375,
405,
716,
346,
332,
147,
590,
419,
759,
288,
506,
369,
282,
349,
320,
383,
737,
400,
140,
375,
134,
529,
531,
532,
389,
128,
507,
301,
271,
381,
376,
247,
299,
500,
420,
339,
134,
274,
313,
389,
194,
168,
248,
391,
456,
303,
478,
120,
535,
394,
277,
293,
164,
259,
362,
485,
299,
989,
514,
95,
308,
380,
403,
256,
476,
725,
330,
234,
518,
349,
281,
262,
324,
572,
256,
266,
438,
797,
752,
428,
244,
741,
272,
301,
795,
269,
754,
719,
239,
1018,
576,
214,
187,
728,
624,
498,
696,
604,
336,
916,
663,
84,
331,
281,
355,
81,
755,
321,
422,
557,
243,
190,
729,
261,
438,
773,
232,
216,
758,
220,
260,
308,
71,
593,
710,
62,
224,
598,
447,
118,
397,
95,
761,
135,
50,
753,
565,
672,
93,
50,
726,
88,
1031,
105,
499,
42,
695,
374,
902,
133,
346,
288,
655,
665,
620,
901,
607,
309,
615,
489,
294,
1018,
303,
371,
546,
264,
539,
194,
379,
195,
283,
651,
160,
280,
531,
281,
1125,
797,
30,
448,
272,
181,
211,
528,
515,
1081,
151,
226,
514,
387,
307,
792,
770,
141,
267,
699,
205,
162,
340,
345,
1104,
676,
153,
645,
256,
1085,
134,
349,
188,
201,
159,
1074,
309,
149,
373,
304,
140,
123,
1066,
307,
604,
302,
313,
220,
1090,
264,
641,
288,
219,
252,
544,
334,
607,
286,
470,
259,
488,
193,
234,
240,
428,
598,
430,
302,
633,
255,
243,
533,
253,
241,
442,
428,
407,
237,
235,
521,
240,
458,
557,
460,
526,
561,
164,
186,
609,
378,
307,
508,
152,
412,
135,
624,
404,
551,
219,
266,
498,
595,
184,
376,
512,
228,
192,
506,
157,
312,
481,
285,
586,
1100,
385,
501,
263,
203,
254,
495,
427,
420,
561,
473,
416,
371,
433,
195,
244,
603,
214,
242,
443,
352,
177,
276,
305,
533,
187,
399,
221,
171,
322,
234,
441,
199,
153,
621,
287,
168,
341,
164,
678,
364,
493,
158,
514,
123,
322,
143,
548,
213,
254,
231,
164,
281,
151,
270,
473,
39,
439,
157,
407,
438,
272,
460,
78,
468,
417,
36,
267,
472,
144,
410,
490,
349,
247,
428,
365,
395,
464,
444,
242,
461,
356,
562,
71,
224,
831,
139,
449,
561,
435,
216,
431,
539,
472,
214,
444,
262,
226,
393,
419,
221,
251,
404,
597,
180,
462,
147,
775,
496,
323,
239,
235,
744,
536,
546,
346,
868,
258,
264,
384,
471,
841,
372,
212,
277,
391,
472,
416,
231,
122,
431,
240,
696,
224,
218,
401,
313,
728,
395,
514,
391,
377,
107,
400,
219,
301,
492,
308,
591,
435,
456,
412,
506,
348,
794,
390,
79,
273,
348,
620,
341,
385,
364,
437,
607,
378,
430,
390,
657,
223,
482,
380,
272,
608,
337,
518,
233,
450,
494,
603,
260,
212,
693,
420,
574,
251,
233,
391,
473,
568,
208,
907,
640,
390,
273,
368,
745,
850,
216,
331,
918,
323,
768,
762,
262,
369,
384,
293,
315,
368,
364,
376,
294,
514,
238,
787,
326,
389,
652,
820,
373,
846,
846,
584,
401,
820,
339,
512,
76,
1224,
612,
536,
749,
580,
85,
785,
1188,
606,
631,
562,
535,
1137,
611,
584,
859,
977,
617,
355,
562,
852,
697,
845,
512,
823,
523,
610,
379,
506,
577,
379,
979,
540,
537,
557,
607,
271,
361,
818,
842,
377,
323,
506,
317,
856,
549,
282,
1293,
330,
844,
948,
578,
293,
840,
261,
257,
562,
514,
678,
682,
1166,
1178,
812,
345,
527,
789,
1274,
536,
249,
515,
552,
290,
1303,
322,
785,
522,
274,
542,
686,
275,
404,
682,
1125,
682,
187,
268,
320,
400,
695,
220,
556,
689,
435,
583,
712,
505,
1149,
263,
156,
668,
267,
673,
655,
565,
268,
651,
220,
181,
309,
636,
714,
1236,
547,
825,
690,
218,
314,
666,
411,
541,
637,
697,
1212,
515,
282,
401,
185,
706,
720,
298,
1101,
145,
631,
951,
790,
969,
567,
901,
626,
530,
512,
305,
571,
375,
197,
641,
718,
683,
664,
488,
356,
558,
1283,
162,
379,
947,
519,
649,
956,
773,
722,
601,
133,
915,
660,
888,
125,
329,
538,
644,
263,
880,
1068,
911,
334,
135,
565,
404,
403,
281,
179,
392,
868,
584,
419,
306,
335,
400,
148,
76,
933,
117,
663,
175,
841,
541,
278,
282,
545,
262,
605,
852,
500,
277,
631,
479,
375,
560,
602,
192,
74,
239,
147,
584,
549,
601,
914,
600,
597,
578,
85,
544,
506,
591,
85,
493,
551,
181,
235,
273,
499,
155,
521,
429,
465,
606,
366,
449,
152,
150,
529,
122,
440,
597,
80,
323,
263,
241,
446,
586,
347,
569,
118,
788,
579,
717,
496,
362,
72,
542,
428,
526,
97,
109,
318,
319,
593,
105,
658,
686,
381,
276,
399,
540,
576,
710,
392,
227,
551,
246,
456,
421,
317,
288,
285,
449,
393,
580,
383,
247,
256,
891,
364,
233,
232,
862,
237,
297,
286,
340,
770,
219,
623,
327,
296,
305,
281,
293,
387,
304,
234,
186,
487,
629,
484,
636,
243,
484,
593,
318,
217,
229,
311,
913,
293,
415,
937,
278,
352,
228,
372,
222,
473,
208,
268,
559,
281,
173,
422,
149,
274,
701,
243,
620,
663,
613,
301,
291,
656,
600,
477,
114,
965,
492,
266,
934,
491,
511,
685,
232,
362,
789,
646,
523,
602,
686,
598,
428,
707,
543,
595,
748,
76,
564,
570,
558,
612,
459,
194,
239,
608,
521,
69,
325,
352,
698,
696,
643,
286,
281,
579,
1148,
624,
531,
1310,
673,
856,
676,
461,
589,
1054,
293,
686,
352,
340,
796,
278,
359,
295,
916,
305,
568,
522,
717,
540,
1147,
511,
202,
648,
1282,
613,
721,
591,
687,
582,
524,
307,
832,
576,
636,
478,
721,
571,
1084,
399,
1345,
583,
1076,
461,
382,
1114,
837,
1264,
1135,
1252,
378,
446,
1017,
1010,
522,
753,
513,
1038,
1233,
681,
457,
1226,
291,
528,
503,
527,
998,
1043,
261,
285,
830,
468,
1373,
714,
987,
441,
1001,
589,
385,
332,
377,
883,
230,
600,
370,
611,
328,
425,
931,
360,
753,
238,
402,
1436,
422,
360,
296,
701,
947,
202,
242,
524,
207,
591,
223,
360,
1448,
1033,
349,
336,
1316,
938,
1039,
368,
364,
1421,
1120,
1070,
279,
921,
270,
672,
1405,
697,
701,
1089,
1392,
625,
408,
698,
709,
634,
698,
717,
547,
577,
132,
979,
515,
484,
180,
676,
1298,
1021,
524,
1286,
546,
576,
251,
566,
1236,
532,
500,
636,
364,
1183,
601,
781,
1348,
498,
1120,
480,
567,
612,
286,
1077,
1020,
149,
199,
568,
636,
308,
1037,
83,
471,
115,
296,
1144,
575,
87,
570,
289,
1055,
310,
143,
560,
265,
289,
81,
301,
136,
275,
559,
206,
293,
383,
353,
1126,
554,
412,
497,
274,
531,
1013,
247,
516,
840,
386,
1007,
409,
240,
736,
516,
254,
250,
307,
237,
235,
230,
221,
465,
703,
703,
490,
83,
437,
641,
620,
397,
475,
306,
566,
243,
379,
512,
839,
638,
240,
505,
576,
285,
498,
333,
403,
218,
306,
554,
551,
859,
234,
676,
82,
324,
695,
398,
595,
501,
319,
694,
302,
301,
687,
363,
477,
463,
260,
488,
492,
225,
646,
609,
765,
143,
248,
501,
62,
228,
131,
313,
725,
558,
266,
709,
119,
220,
644,
408,
705,
674,
896,
693,
668,
837,
330,
437,
1028,
1071,
685,
446,
430,
328,
641,
324,
394,
317,
451,
952,
640,
306,
430,
998,
423,
985,
289,
993,
396,
1010,
374,
367,
317,
462,
649,
281,
407,
382,
689,
803,
301,
444,
712,
218,
582,
784,
352,
375,
688,
311,
873,
646,
279,
894,
695,
436,
796,
253,
552,
375,
875,
317,
608,
345,
283,
267,
592,
935,
915,
695,
618,
753,
300,
1230,
1323,
754,
378,
1204,
1229,
1211,
349,
596,
1258,
595,
315,
707,
155,
212,
825,
1283,
668,
202,
373,
1226,
898,
668,
642,
677,
696,
610,
1284,
707,
343,
1283,
603,
1257,
769,
1230,
580,
379,
618,
1192,
1248,
568,
336,
263,
341,
546,
321,
234,
486,
319,
569,
321,
676,
468,
955,
317,
482,
777,
840,
313,
665,
643,
663,
530,
286,
640,
655,
496,
523,
262,
681,
256,
1046,
650,
547,
291,
685,
263,
826,
773,
215,
256,
759,
277,
178,
493,
251,
878,
1161,
1465,
230,
373,
1377,
756,
1070,
490,
967,
475,
218,
590,
516,
1267,
279,
329,
192,
460,
766,
487,
872,
165,
929,
580,
574,
1075,
125,
541,
812,
724,
997,
532,
1347,
655,
435,
1220,
704,
492,
1161,
677,
1246,
1263,
462,
624,
582,
218,
1216,
936,
452,
400,
813,
562,
1227,
213,
403,
580,
895,
565,
1037,
366,
1003,
671,
458,
1294,
542,
387,
365,
423,
194,
1068,
659,
679,
385,
687,
450,
1209,
1111,
384,
1149,
1220,
188,
381,
1077,
1283,
417,
649,
655,
317,
358,
1105,
275,
530,
364,
1311,
663,
331,
329,
211,
794,
323,
350,
489,
309,
216,
1220,
319,
472,
741,
164,
283,
659,
432,
330,
692,
209,
1216,
220,
219,
1253,
764,
631,
1146,
226,
104,
205,
165,
712,
118,
1211,
672,
181,
1120,
152,
802,
708,
1218,
196,
184,
195,
960,
179,
122,
1198,
840,
767,
159,
185,
584,
1208,
103,
666,
122,
943,
103,
42,
87,
183,
1034,
381,
748,
679,
732,
626,
1062,
763,
708,
1000,
700,
497,
296,
411,
1215,
867,
472,
407,
629,
872,
685,
377,
245,
704,
220,
204,
440,
722,
612,
189,
365,
617,
620,
571,
411,
322,
195,
678,
517,
381,
191,
544,
187,
845,
879,
793,
839,
292,
737,
797,
586,
438,
518,
514,
382,
44,
920,
369,
488,
756,
288,
476,
362,
275,
525,
519,
598,
596,
277,
314,
189,
196,
608,
798,
215,
776,
179,
545,
580,
383,
683,
520,
582,
216,
306,
382,
564,
491,
814,
599,
559,
708,
738,
353,
764,
472,
271,
416,
405,
426,
422,
662,
421,
892,
509,
239,
274,
314,
316,
435,
390,
866,
276,
1091,
403,
406,
1103,
1022,
562,
682,
1075,
843,
642,
421,
412,
911,
236,
187,
609,
716,
421,
419,
434,
343,
937,
108,
387,
740,
524,
386,
360,
746,
398,
411,
365,
181,
588,
690,
509,
436,
740,
824,
95,
672,
857,
640,
564,
667,
693,
123,
906,
453,
673,
708,
389,
744,
203,
392,
598,
836,
376,
133,
380,
812,
645,
691,
418,
488,
866,
872,
394,
716,
487,
744,
735,
547,
1132,
590,
610,
735,
1388,
796,
547,
786,
448,
283,
779,
607,
427,
718,
274,
89,
707,
282,
917,
632,
275,
660,
807,
990,
268,
742,
811,
445,
964,
621,
714,
1336,
1465,
1444,
1401,
769,
1140,
1119,
732,
1162,
1156,
1022,
784,
496,
609,
1266,
750,
611,
563,
507,
559,
733,
1116,
551,
1197,
1119,
1177,
1303,
855,
740,
1325,
992,
1389,
947,
547,
677,
1254,
535,
1152,
688,
650,
1100,
663,
510,
1193,
1272,
963,
378,
507,
857,
1255,
1285,
1105,
308,
1154,
507,
1103,
286,
1033,
691,
329,
506,
1131,
976,
328,
596,
1269,
586,
1251,
967,
417,
810,
312,
295,
968,
993,
600,
584,
1164,
308,
1134,
540,
742,
1049,
307,
553,
989,
178,
587,
563,
838,
627,
540,
633,
708,
547,
538,
570,
626,
421,
283,
612,
1116,
576,
768,
1261,
565,
149,
558,
603,
750,
711,
455,
305,
541,
654,
763,
138,
1134,
588,
640,
283,
737,
787,
753,
577,
542,
804,
139,
516,
443,
614,
103,
736,
641,
539,
608,
115,
142,
814,
114,
545,
753,
130,
738,
585,
624,
1327,
393,
662,
977,
405,
981,
1334,
386,
1338,
1505,
951,
331,
112,
757,
644,
1084,
627,
1014,
97,
556,
194,
491,
599,
635,
171,
653,
501,
93,
813,
321,
840,
152,
456,
299,
1172,
309,
495,
441,
625,
1075,
641,
128,
593,
211,
155,
546,
1371,
1248,
770,
72,
618,
577,
440,
139,
888,
642,
614,
676,
550,
545,
204,
448,
396,
169,
1004,
400,
842,
361,
337,
670,
1357,
542,
302,
338,
849,
743,
44,
481,
474,
672,
581,
664,
811,
321,
633,
549,
593,
617,
836,
44,
533,
800,
43,
640,
833,
837,
611,
533,
448,
617,
620,
611,
532,
423,
39,
1017,
498,
576,
1370,
604,
488,
610,
1052,
717,
421,
491,
292,
488,
476,
1025,
736,
408,
271,
403,
1025,
389,
575,
837,
252,
393,
416,
243,
852,
386,
405,
291,
287,
508,
458,
1078,
893,
645,
910,
545,
886,
551,
991,
906,
78,
538,
647,
690,
487,
1058,
282,
687,
543,
227,
681,
617,
364,
1056,
218,
1070,
693,
1030,
216,
1248,
650,
804,
182,
731,
365,
547,
450,
1060,
227,
884,
204,
626,
743,
137,
940,
191,
90,
1536,
199,
195,
190,
161,
595,
1557,
117,
1506,
457,
1498,
519,
706,
421,
524,
507,
496,
1500,
868,
1484,
88,
1465,
584,
463,
523,
440,
417,
649,
209,
805,
411,
291,
251,
289,
517,
915,
560,
551,
79,
529,
425,
360,
545,
701,
552,
420,
416,
877,
658,
621,
633,
543,
945,
902,
1473,
669,
714,
95,
420,
407,
692,
191,
716,
896,
876,
1556,
779,
727,
660,
286,
678,
1214,
284,
727,
1252,
627,
704,
339,
896,
835,
750,
441,
339,
711,
1395,
432,
266,
920,
1192,
844,
1541,
416,
1531,
167,
137,
340,
1174,
321,
1248,
1199,
129,
313,
124,
488,
109,
309,
196,
294,
124,
307,
1570,
106,
367,
183,
1210,
752,
75,
173,
140,
1408,
137,
1009,
1040,
1397,
760,
405,
1373,
122,
399,
308,
1041,
407,
287,
644,
1162,
642,
265,
612,
1155,
1431,
272,
81,
722,
1001,
1079,
1158,
786,
687,
80,
324,
678,
886,
472,
1328,
313,
567,
665,
655,
703,
1163,
1146,
606,
1064,
942,
1131,
1626,
402,
1664,
489,
134,
1027,
488,
1116,
491,
777,
156,
1078,
77,
810,
143,
1473,
1272,
808,
1072,
661,
1002,
128,
1185,
1274,
1030,
897,
1033,
985,
123,
1002,
297,
1019,
1359,
296,
480,
427,
1105,
510,
1375,
1605,
1275,
126,
1267,
1307,
767,
402,
1401,
510,
125,
428,
759,
1566,
387,
686,
588,
986,
788,
469,
1033,
108,
383,
1008,
1310,
423,
1043,
1029,
1186,
427,
1306,
1400,
1266,
719,
915,
702,
1304,
1372,
353,
366,
493,
1386,
698,
1302,
301,
386,
100,
764,
525,
675,
1288,
508,
1014,
427,
648,
1287,
1223,
778,
459,
1025,
589,
458,
652,
354,
1021,
1316,
809,
966,
307,
1061,
722,
481,
996,
182,
469,
458,
1183,
593,
1094,
975,
144,
1199,
477,
203,
1052,
830,
467,
989,
184,
127,
1048,
855,
659,
1591,
164,
622,
384,
114,
402,
129,
365,
1497,
674,
76,
1093,
537,
340,
85,
771,
1492,
834,
352,
397,
1127,
1593,
1234,
502,
846,
132,
1571,
1569,
1106,
456,
1050,
378,
692,
800,
514,
914,
1583,
87,
1379,
755,
365,
860,
1307,
1028,
418,
76,
1307,
1509,
415,
374,
744,
1081,
1465,
1663,
820,
465,
381,
879,
394,
889,
825,
1305,
687,
691,
90,
761,
744,
699,
202,
770,
789,
313,
443,
668,
716,
893,
645,
1092,
206,
786,
784,
1021,
1040,
707,
841,
886,
889,
237,
555,
542,
882,
813,
196,
71,
86,
64,
844,
1053,
187,
1110,
844,
187,
1062,
1118,
1192,
534,
1094,
1242,
163,
1089,
683,
162,
168,
724,
1092,
140,
1393,
1106,
779,
542,
535,
1098,
1083,
118,
1060,
883,
448,
159,
747,
583,
742,
682,
704,
1203,
793,
370,
602,
99,
710,
699,
77,
91,
570,
584,
537,
465,
649,
269,
475,
591,
565,
876,
709,
487,
546,
862,
517,
494,
1100,
485,
525,
565,
496,
618,
867,
449,
602,
539,
690,
801,
1316,
799,
418,
560,
475,
1542,
358,
396,
798,
381,
929,
544,
386,
500,
439,
385,
813,
693,
491,
414,
524,
449,
317,
552,
390,
815,
316,
470,
247,
281,
485,
74,
374,
480,
446,
418,
263,
454,
336,
270,
505,
244,
327,
560,
1074,
341,
333,
337,
380,
442,
206,
1418,
674,
329,
519,
326,
1022,
321,
328,
182,
373,
378,
321,
180,
849,
388,
990,
929,
884,
321,
1025,
174,
272,
316,
287,
170,
1024,
168,
321,
908,
310,
858,
865,
308,
1455,
622,
1271,
316,
305,
170,
1011,
1137,
804,
168,
350,
1271,
1317,
161,
406,
159,
381,
787,
153,
825,
1451,
790,
749,
157,
717,
796,
1619,
614,
364,
1160,
579,
529,
459,
1524,
1049,
162,
602,
381,
503,
154,
1153,
817,
284,
568,
153,
1061,
1449,
1172,
776,
133,
752,
578,
1585,
1092,
117,
341,
684,
697,
563,
785,
530,
443,
682,
451,
452,
1513,
911,
697,
452,
727,
507,
652,
1155,
1211,
440,
1107,
876,
342,
1469,
1144,
816,
680,
500,
118,
812,
399,
1225,
538,
1094,
1331,
936,
965,
912,
1226,
620,
1234,
1660,
689,
663,
885,
1645,
763,
515,
295,
763,
807,
824,
515,
633,
1164,
635,
512,
510,
519,
764,
664,
632,
390,
1519,
395,
1016,
598,
710,
731,
306,
901,
1514,
624,
694,
604,
932,
765,
538,
501,
893,
789,
1550,
529,
517,
374,
603,
1116,
814,
586,
370,
539,
1540,
665,
791,
889,
1214,
468,
37,
513,
1686,
1595,
1615,
374,
1522,
880,
1531,
507,
1511,
760,
590,
515,
783,
368,
563,
1116,
1271,
560,
1183,
364,
441,
723,
1599,
1760,
478,
587,
722,
371,
792,
810,
43,
1552,
734,
409,
388,
1151,
1051,
1149,
694,
311,
589,
364,
1329,
1084,
1094,
1562,
124,
1051,
1127,
709,
351,
1290,
723,
412,
1235,
407,
547,
358,
717,
393,
621,
351,
925,
1280,
404,
529,
405,
1524,
457,
1395,
645,
450,
1600,
1533,
234,
511,
676,
1064,
576,
726,
717,
567,
588,
449,
405,
836,
370,
164,
587,
1598,
409,
1071,
416,
720,
571,
1591,
962,
606,
774,
981,
759,
227,
563,
858,
821,
533,
951,
612,
1131,
894,
796,
881,
444,
227,
1082,
539,
919,
491,
1580,
183,
896,
503,
1070,
1099,
746,
541,
1632,
164,
705,
371,
155,
701,
1016,
450,
447,
454,
994,
531,
720,
384,
205,
561,
453,
197,
184,
703,
619,
559,
874,
495,
1576,
454,
160,
616,
615,
983,
388,
144,
226,
594,
190,
202,
680,
1856,
755,
599,
185,
462,
454,
1564,
153,
1571,
1007,
195,
1338,
159,
485,
1567,
442,
479,
946,
679,
858,
893,
433,
155,
651,
391,
1000,
455,
155,
975,
621,
139,
966,
133,
632,
1297,
503,
776,
313,
1677,
453,
288,
891,
694,
476,
452,
134,
276,
681,
400,
208,
503,
272,
908,
913,
189,
123,
1172,
429,
496,
301,
456,
876,
296,
137,
311,
911,
1014,
117,
105,
289,
121,
1793,
285,
990,
280,
111,
359,
295,
550,
105,
1278,
489,
458,
432,
818,
166,
1314,
306,
103,
188,
1003,
315,
253,
398,
302,
587,
380,
128,
174,
425,
169,
372,
1583,
169,
1209,
385,
824,
145,
165,
354,
1566,
1806,
541,
530,
256,
138,
529,
153,
193,
78,
144,
314,
1371,
931,
187,
941,
328,
891,
845,
1157,
539,
312,
887,
135,
1360,
932,
804,
523,
851,
131,
1910,
143,
777,
488,
805,
1324,
871,
341,
774,
114,
677,
505,
1599,
110,
826,
812,
1549,
674,
110,
771,
1844,
610,
603,
887,
659,
105,
1384,
444,
1856,
949,
816,
693,
526,
1350,
467,
1549,
686,
445,
104,
1466,
594,
686,
65,
909,
1717,
1660,
1840,
839,
846,
1448,
354,
835,
1523,
810,
776,
1428,
249,
782,
1160,
905,
1591,
635,
85,
45,
1360,
835,
866,
781,
525,
865,
929,
41,
1209,
41,
377,
207,
679,
968,
333,
1193,
1381,
496,
665,
1696,
1644,
342,
514,
574,
1301,
1643,
1720,
1003,
36,
755,
176,
1001,
936,
378,
1711,
926,
766,
971,
1611,
1324,
958,
940,
1544,
1715,
377,
1527,
950,
810,
976,
854,
1247,
434,
1455,
372,
1609,
551,
1518,
1727,
299,
475,
720,
1385,
637,
1415,
1481,
710,
403,
297,
1347,
41,
393,
623,
394,
290,
709,
1232,
668,
38,
499,
690,
362,
767,
382,
565,
1234,
1388,
948,
752,
1432,
787,
1737,
670,
326,
829,
1327,
1970,
838,
240,
1209,
1699,
193,
829,
736,
416,
45,
295,
297,
1458,
816,
203,
742,
1431,
1570,
782,
1201,
1231,
427,
738,
838,
607,
647,
1259,
1116,
387,
1218,
1334,
429,
651,
1564,
441,
645,
1133,
535,
1722,
1691,
1689,
449,
812,
413,
613,
1792,
39,
207,
916,
897,
622,
484,
1011,
693,
457,
1031,
632,
1632,
423,
1044,
1010,
1014,
1033,
1000,
917,
995,
1737,
1131,
1566,
604,
977,
736,
901,
1231,
1139,
1684,
1108,
1679,
990,
865,
1563,
735,
917,
996,
998,
1261,
731,
1029,
734,
1652,
1015,
1121,
1096,
237,
1731,
1118,
691,
196,
1059,
791,
733,
784,
1066,
718,
256,
1878,
182,
352,
723,
1349,
1386,
197,
200,
205,
306,
1407,
1470,
1260,
357,
581,
241,
381,
1433,
1357,
934,
316,
1349,
663,
234,
924,
1570,
649,
667,
1223,
1291,
1456,
259,
1396,
448,
1663,
406,
690,
1067,
575,
953,
344,
561,
157,
1554,
1285,
1289,
250,
688,
682,
569,
780,
438,
544,
101,
536,
798,
1179,
397,
527,
173,
170,
938,
1122,
171,
460,
455,
171,
169,
1067,
226,
419,
140,
471,
493,
581,
135,
1147,
742,
758,
110,
595,
547,
1056,
751,
1632,
82,
87,
749,
554,
548,
826,
536,
84,
508,
1346,
541,
550,
1527,
254,
323,
76,
746,
1065,
1349,
754,
1065,
1035,
776,
321,
1082,
218,
1005,
318,
1476,
198,
777,
1492,
76,
141,
299,
809,
195,
291,
280,
804,
311,
264,
1438,
279,
300,
729,
375,
1322,
444,
1130,
257,
1956,
1515,
394,
619,
1436,
1805,
334,
1543,
436,
318,
519,
1015,
984,
406,
1444,
981,
73,
1105,
1151,
1420,
1936,
1564,
1333,
536,
1430,
862,
427,
948,
1127,
305,
947,
334,
734,
1402,
1542,
298,
741,
1670,
641,
1696,
1129,
1496,
1349,
295,
1597,
271,
945,
1348,
1812,
858,
985,
549,
295,
1053,
665,
927,
1778,
1450,
295,
1147,
730,
442,
977,
1414,
559,
170,
193,
645,
272,
1511,
1562,
775,
976,
169,
307,
283,
1579,
1306,
637,
1409,
279,
658,
296,
336,
806,
171,
606,
2125,
450,
211,
1421,
274,
182,
211,
558,
1529,
1613,
567,
1581,
292,
741,
151,
685,
570,
2038,
565,
1481,
1336,
588,
2016,
143,
827,
1068,
779,
1221,
150,
283,
640,
873,
148,
741,
242,
556,
309,
388,
345,
145,
784,
125,
202,
469,
780,
1540,
271,
563,
1755,
117,
1142,
112,
582,
556,
454,
983,
481,
1430,
440,
798,
805,
1424,
721,
721,
783,
102,
339,
1305,
546,
109,
470,
361,
599,
486,
1186,
624,
1385,
346,
549,
330,
538,
459,
342,
136,
530,
446,
927,
519,
538,
1024,
135,
155,
1432,
833,
920,
1836,
927,
93,
718,
345,
729,
99,
683,
1634,
315,
270,
662,
378,
638,
332,
715,
160,
795,
142,
357,
368,
361,
1330,
1160,
641,
687,
261,
926,
375,
930,
710,
228,
658,
463,
260,
617,
401,
199,
169,
627,
837,
1214,
599,
615,
625,
577,
1208,
1632,
621,
695,
1227,
1384,
591,
798,
1368,
122,
124,
1252,
576,
1363,
569,
692,
1368,
490,
1333,
382,
1338,
653,
1736,
620,
614,
1287,
1271,
445,
1055,
867,
1361,
443,
441,
1190,
602,
78,
649,
439,
1237,
1283,
583,
437,
1118,
560,
487,
566,
1144,
434,
848,
429,
1045,
567,
1012,
518,
908,
1117,
464,
1012,
988,
492,
1349,
1007,
486,
416,
987,
1338,
977,
507,
416,
926,
1437,
290,
875,
619,
1597,
1769,
493,
1553,
1504,
819,
1737,
841,
1442,
1475,
104,
235,
672,
1298,
926,
1749,
1326,
1575,
520,
1459,
145,
836,
1596,
1558,
241,
451,
1523,
641,
668,
388,
104,
667,
515,
512,
554,
947,
562,
95,
765,
336,
511,
756,
559,
527,
1429,
539,
491,
510,
507,
504,
1601,
1514,
601,
502,
533,
500,
1632,
460,
433,
527,
194,
468,
500,
1012,
284,
1639,
461,
82,
455,
1656,
525,
425,
78,
359,
962,
604,
1167,
322,
286,
378,
531,
285,
1105,
557,
446,
1102,
491,
284,
1737,
361,
419,
440,
717,
1715,
283,
1079,
724,
1647,
966,
617,
717,
1078,
1889,
281,
513,
456,
318,
731,
2107,
512,
2168,
481,
506,
1645,
417,
255,
553,
284,
81,
180,
1403,
413,
489,
280,
1413,
1758,
77,
1089,
724,
254,
280,
345,
247,
477,
2106,
339,
279,
347,
276,
277,
79,
418,
488,
1078,
219,
332,
1773,
854,
962,
111,
533,
2081,
446,
275,
81,
1676,
106,
1400,
923,
989,
605,
449,
274,
198,
513,
276,
1350,
258,
510,
508,
273,
337,
507,
265,
1639,
711,
503,
805,
247,
134,
129,
1960,
278,
1318,
306,
146,
1162,
221,
285,
954,
144,
227,
1358,
402,
845,
662,
709,
179,
567,
624,
562,
178,
413,
162,
533,
1148,
266,
514,
385,
259,
1162,
162,
257,
146,
473,
382,
599,
630,
791,
145,
498,
435,
346,
249,
448,
424,
146,
675,
1227,
2146,
141,
1592,
446,
137,
471,
1551,
562,
423,
1453,
416,
134,
126,
412,
291,
1347,
131,
137,
507,
1444,
1446,
116,
126,
415,
403,
1283,
396,
428,
1434,
1280,
882,
103,
40,
656,
540,
316,
118,
2195,
631,
101,
2349,
996,
755,
759,
716,
771,
1208,
39,
100,
1353,
662,
436,
721,
950,
894,
1177,
2198,
756,
485,
317,
742,
2184,
1197,
482,
313,
1919,
1219,
1613,
1296,
1187,
460,
590,
559,
2085,
773,
412,
378,
43,
670,
627,
2073,
797,
411,
363,
689,
612,
410,
668,
638,
272,
434,
409,
604,
547,
306,
665,
816,
258,
408,
590,
244,
402,
395,
210,
584,
546,
1683,
382,
727,
541,
1663,
254,
381,
620,
529,
243,
274,
814,
2097,
1227,
381,
463,
1664,
1553,
810,
536,
250,
990,
639,
542,
561,
1213,
599,
620,
330,
1554,
571,
920,
846,
1622,
606,
792,
660,
530,
522,
367,
600,
381,
579,
576,
352,
1086,
452,
580,
1648,
621,
1090,
516,
379,
576,
523,
355,
2125,
385,
379,
365,
490,
2105,
354,
378,
718,
500,
601,
1672,
341,
898,
2067,
1584,
982,
1621,
1846,
498,
944,
669,
897,
412,
514,
396,
659,
1571,
561,
593,
1123,
674,
1506,
503,
498,
1632,
225,
534,
1701,
469,
1558,
852,
1532,
139,
553,
548,
897,
458,
1451,
138,
887,
512,
116,
390,
789,
164,
1525,
898,
170,
143,
464,
93,
1557,
462,
692,
1492,
418,
1515,
453,
408,
192,
439,
392,
421,
348,
375,
154,
399,
238,
2285,
586,
172,
1690,
630,
393,
387,
154,
607,
380,
410,
449,
506,
418,
2293,
409,
353,
640,
154,
412,
659,
352,
149,
344,
147,
341,
132,
507,
496,
562,
139,
1537,
578,
411,
90,
340,
531,
570,
1721,
89,
569,
903,
585,
1550,
426,
1714,
590,
406,
75,
1108,
555,
413,
568,
427,
581,
1093,
564,
360,
552,
925,
1468,
545,
921,
563,
1094,
1725,
589,
372,
401,
1718,
296,
404,
1016,
386,
400,
1741,
1530,
606,
392,
1064,
937,
709,
941,
578,
339,
324,
373,
948,
346,
600,
363,
589,
333,
413,
452,
579,
562,
458,
333,
470,
560,
323,
344,
330,
683,
1614,
379,
141,
939,
332,
375,
422,
280,
805,
333,
119,
326,
665,
657,
327,
242,
731,
643,
93,
1646,
569,
259,
2263,
692,
1519,
528,
150,
940,
514,
896,
720,
149,
507,
541,
175,
521,
1343,
730,
1111,
158,
1173,
177,
506,
503,
537,
741,
930,
169,
1383,
155,
465,
581,
154,
589,
160,
572,
703,
106,
142,
1464,
704,
608,
1446,
558,
481,
482,
566,
495,
376,
740,
576,
449,
471,
102,
487,
902,
907,
901,
91,
485,
900,
525,
936,
587,
530,
718,
480,
391,
975,
703,
111,
109,
90,
1033,
733,
462,
717,
1015,
1325,
528,
714,
460,
294,
41,
1381,
2054,
928,
1385,
707,
725,
582,
767,
1714,
1621,
1238,
733,
574,
629,
514,
758,
592,
1312,
828,
145,
174,
665,
801,
1238,
1534,
365,
634,
925,
577,
1228,
117,
673,
1445,
575,
341,
173,
496,
380,
1838,
1751,
1023,
1209,
570,
403,
36,
648,
1383,
1484,
401,
320,
539,
564,
1011,
462,
409,
1078,
397,
395,
393,
649,
405,
382,
1283,
559,
1742,
1269,
789,
658,
404,
329,
529,
678,
1632,
403,
1243,
553,
609,
672,
374,
676,
380,
1242,
188,
407,
659,
994,
1470,
402,
656,
1844,
304,
672,
382,
765,
373,
805,
41,
399,
397,
1838,
606,
422,
701,
353,
627,
495,
480,
629,
673,
491,
488,
1456,
476,
671,
1833,
479,
780,
468,
526,
143,
393,
738,
50,
624,
50,
987,
458,
995,
853,
694,
376,
506,
2151,
1195,
1004,
827,
1391,
2315,
295,
1296,
846,
214,
1049,
1165,
683,
462,
775,
1050,
653,
547,
520,
889,
223,
638,
200,
1843,
1860,
1683,
1293,
107,
595,
532,
1092,
442,
445,
1852,
1902,
1812,
161,
81,
436,
148,
107,
1355,
844,
107,
426,
409,
1236,
446,
99,
820,
636,
548,
453,
351,
78,
331,
346,
185,
888,
359,
183,
870,
875,
485,
498,
907,
1567,
395,
336,
481,
316,
346,
2655,
2484,
751,
664,
684,
478,
447,
331,
896,
479,
1784,
223,
81,
680,
906,
213,
1569,
2014,
891,
2047,
673,
490,
108,
134,
528,
1294,
574,
1538,
632,
540,
1503,
672,
1113,
823,
541,
668,
551,
620,
627,
592,
667,
931,
635,
940,
1518,
268,
549,
1724,
167,
1247,
543,
248,
1517,
1790,
262,
531,
408,
114,
748,
1619,
178,
2168,
166,
1179,
1699,
1800,
687,
157,
165,
263,
1896,
152,
438,
608,
510,
546,
543,
1726,
696,
137,
603,
632,
648,
602,
122,
1756,
1661,
597,
733,
751,
2019,
1335,
345,
593,
328,
234,
642,
529,
1162,
2171,
146,
326,
126,
2571,
790,
958,
1606,
654,
431,
935,
638,
513,
414,
1466,
562,
1876,
958,
524,
1415,
389,
1778,
302,
131,
350,
515,
333,
960,
924,
110,
684,
293,
478,
117,
357,
349,
752,
959,
2612,
951,
511,
110,
796,
113,
551,
590,
297,
1924,
286,
1561,
373,
103,
425,
102,
1767,
1195,
2601,
847,
747,
627,
1777,
1709,
790,
416,
645,
604,
757,
415,
748,
573,
2043,
1037,
1542,
191,
1780,
532,
977,
367,
742,
1700,
779,
394,
529,
45,
1553,
1496,
355,
576,
1764,
775,
165,
382,
408,
997,
433,
570,
395,
236,
1185,
390,
1710,
424,
367,
1234,
1853,
496,
588,
1923,
1689,
701,
551,
377,
374,
47,
583,
629,
644,
1664,
514,
1205,
374,
667,
500,
1757,
471,
820,
1682,
716,
820,
259,
884,
393,
618,
1557,
374,
603,
1714,
656,
465,
654,
553,
515,
812,
473,
301,
443,
600,
416,
375,
1009,
633,
460,
1302,
589,
174,
801,
135,
848,
806,
780,
644,
700,
147,
124,
481,
351,
631,
383,
650,
569,
400,
620,
611,
653,
603,
2131,
637,
571,
681,
940,
579,
900,
182,
2080,
146,
1207,
565,
443,
1002,
68,
525,
486,
381,
482,
605,
171,
514,
602,
517,
392,
140,
993,
910,
964,
110,
1530,
2417,
931,
91,
153,
469,
953,
781,
921,
77,
690,
424,
415,
689,
1532,
597,
483,
687,
2906,
620,
410,
477,
638,
445,
786,
1515,
1857,
407,
1052,
285,
1559,
929,
1504,
2281,
1025,
291,
2685,
2051,
2136,
77,
1870,
447,
2091,
443,
1862,
1842,
1487,
1575,
1939,
2005,
1706,
539,
1720,
1794,
2073,
1989,
1955,
1674,
1872,
1918,
1735,
1716,
1094,
1754,
1079,
1693,
1673,
114,
295,
145,
1886,
1134,
1834,
104,
787,
1629,
1639,
305,
1571,
1755,
676,
467,
495,
689,
512,
589,
538,
490,
1097,
1059,
1458,
623,
507,
919,
491,
512,
569,
875,
449,
1147,
484,
607,
1535,
488,
720,
1110,
415,
452,
476,
1326,
708,
1333,
1267,
1286,
497,
433,
1518,
501,
539,
1542,
528,
1234,
896,
1571,
1813,
1390,
740,
1503,
2292,
542,
501,
408,
391,
393,
589,
366,
411,
1624,
516,
656,
1632,
385,
1033,
356,
1816,
525,
348,
353,
347,
1400,
179,
1701,
407,
308,
1615,
568,
558,
1910,
474,
174,
548,
495,
1689,
523,
577,
427,
555,
1683,
490,
1466,
674,
1178,
871,
2125,
595,
1388,
543,
503,
571,
785,
643,
1674,
424,
574,
1672,
1416,
436,
651,
459,
1174,
1065,
1413,
622,
220,
628,
417,
1737,
521,
633,
593,
406,
1812,
2119,
203,
1591,
1178,
1679,
207,
190,
532,
514,
512,
808,
188,
552,
312,
525,
922,
179,
585,
177,
545,
976,
190,
522,
663,
493,
773,
963,
1474,
695,
601,
583,
820,
1062,
760,
1611,
175,
591,
583,
627,
835,
85,
1208,
1473,
452,
1862,
804,
100,
1204,
929,
565,
1466,
627,
575,
546,
1590,
1490,
602,
534,
91,
568,
559,
564,
1585,
1088,
675,
830,
93,
515,
944,
543,
527,
431,
2069,
473,
1452,
1443,
2706,
553,
281,
251,
816,
1611,
84,
862,
1790,
720,
1919,
72,
336,
1249,
969,
1239,
196,
1258,
206,
1474,
1830,
193,
178,
1232,
1461,
1474,
911,
163,
907,
902,
142,
906,
901,
2147,
1367,
899,
897,
894,
892,
1357,
120,
890,
885,
888,
90,
1550,
884,
1326,
879,
883,
1478,
875,
878,
613,
76,
2248,
853,
857,
846,
619,
243,
1504,
567,
1640,
911,
539,
1513,
896,
1651,
1216,
2108,
1622,
599,
1109,
2224,
617,
1009,
247,
632,
996,
77,
2900,
793,
629,
792,
78,
410,
1064,
792,
1160,
77,
788,
358,
607,
1783,
421,
1130,
978,
427,
600,
2595,
474,
293,
681,
578,
491,
3187,
361,
1984,
571,
1772,
457,
678,
465,
465,
576,
1680,
561,
500,
147,
474,
133,
557,
571,
461,
130,
1849,
630,
774,
1235,
634,
495,
734,
550,
152,
562,
310,
549,
1011,
517,
540,
538,
353,
1607,
491,
1603,
641,
487,
896,
467,
477,
652,
505,
316,
954,
537,
606,
346,
915,
502,
599,
330,
383,
342,
498,
958,
585,
494,
709,
602,
483,
708,
598,
657,
1249,
349,
1330,
401,
966,
347,
537,
961,
345,
778,
344,
775,
337,
276,
939,
2217,
763,
299,
290,
395,
2657,
1053,
1354,
1862,
730,
46,
726,
2083,
275,
549,
1173,
718,
270,
1305,
763,
391,
2413,
283,
269,
701,
931,
45,
2486,
265,
593,
1357,
1064,
260,
657,
759,
1082,
753,
1272,
574,
753,
98,
507,
742,
183,
684,
629,
749,
1863,
175,
1897,
263,
720,
951,
748,
983,
587,
43,
1136,
1358,
357,
562,
500,
685,
598,
410,
697,
159,
1912,
385,
172,
521,
164,
158,
1408,
564,
1653,
1336,
563,
1108,
657,
1664,
1090,
1137,
151,
145,
371,
2250,
988,
702,
42,
1330,
631,
143,
984,
1382,
1066,
650,
1313,
996,
452,
985,
580,
1656,
1010,
1649,
2747,
1115,
1917,
630,
45,
989,
1188,
603,
150,
408,
1954,
1910,
393,
1027,
147,
1661,
999,
1769,
1186,
613,
394,
1115,
1016,
471,
48,
1158,
454,
142,
777,
1529,
1127,
1095,
1203,
684,
1834,
1055,
74,
73,
389,
688,
563,
636,
754,
185,
493,
196,
768,
169,
147,
687,
778,
711,
129,
2799,
1631,
143,
136,
2241,
1720,
126,
130,
324,
125,
317,
876,
117,
1023,
121,
99,
1709,
1155,
700,
1699,
1011,
698,
793,
77,
1112,
1064,
77,
1061,
966,
1087,
1051,
1547,
1055,
1001,
76,
967,
943,
914,
977,
90,
1106,
901,
3044,
2540,
1010,
1222,
734,
2959,
2956,
1268,
331,
1252,
527,
1116,
1268,
3095,
1125,
1735,
826,
3121,
1262,
714,
642,
672,
792,
1013,
561,
2375,
719,
627,
1012,
678,
908,
495,
504,
697,
566,
1736,
503,
1160,
707,
798,
2142,
662,
1009,
530,
477,
904,
655,
524,
522,
515,
898,
1234,
913,
678,
709,
890,
463,
502,
500,
782,
1123,
670,
516,
498,
708,
667,
889,
1013,
1011,
898,
479,
519,
1007,
889,
961,
493,
473,
1111,
883,
649,
811,
1008,
517,
707,
1495,
1006,
602,
2103,
501,
2239,
496,
505,
2309,
676,
718,
804,
591,
676,
635,
734,
2106,
3034,
488,
655,
466,
1749,
568,
734,
545,
747,
516,
2088,
1012,
899,
191,
489,
415,
730,
1750,
2151,
534,
747,
447,
807,
980,
491,
799,
536,
484,
1002,
535,
378,
794,
2111,
756,
185,
877,
373,
771,
541,
783,
1835,
856,
594,
492,
181,
184,
783,
814,
158,
951,
537,
734,
718,
556,
3453,
864,
876,
1149,
157,
2080,
828,
2004,
2334,
810,
2094,
751,
1195,
760,
874,
2099,
944,
956,
822,
650,
2045,
878,
950,
1841,
1916,
1809,
848,
598,
814,
796,
860,
1156,
747,
609,
182,
746,
815,
1022,
2214,
502,
951,
583,
1803,
764,
402,
130,
2243,
851,
2193,
594,
820,
856,
792,
94,
784,
778,
590,
737,
656,
392,
620,
941,
766,
156,
2020,
587,
980,
816,
623,
661,
833,
593,
751,
558,
158,
390,
152,
684,
1544,
624,
163,
753,
676,
393,
148,
1389,
141,
147,
146,
575,
1217,
119,
88,
822,
86,
836,
188,
135,
539,
831,
824,
119,
727,
847,
2064,
132,
843,
751,
765,
656,
1124,
1123,
1116,
1115,
1741,
80,
3297,
1834,
445,
767,
1355,
1117,
1376,
1104,
1103,
2012,
1348,
1102,
1289,
1102,
1243,
836,
80,
975,
1430,
867,
971,
773,
967,
1238,
240,
877,
1361,
483,
2336,
1247,
1933,
450,
2558,
1232,
1152,
3179,
1407,
868,
1873,
1673,
2329,
917,
823,
188,
1466,
1906,
821,
2260,
348,
820,
866,
850,
812,
2111,
1425,
1157,
253,
980,
2384,
1441,
3551,
1156,
713,
2134,
1442,
1674,
826,
1201,
727,
1147,
1677,
686,
1133,
81,
87,
849,
684,
458,
1745,
834,
1902,
2193,
1817,
480,
1265,
1694,
1282,
2376,
479,
1110,
853,
1294,
421,
2270,
1447,
1167,
79,
1962,
1786,
2420,
1083,
2979,
1103,
75,
1192,
186,
1267,
73,
1291,
1779,
2717,
1241,
160,
187,
337,
1118,
680,
2412,
474,
450,
330,
2451,
681,
2285,
1080,
1703,
336,
328,
1307,
2348,
882,
329,
293,
324,
2569,
1040,
322,
2190,
1845,
963,
1447,
895,
689,
318,
702,
841,
688,
265,
850,
1365,
2162,
329,
227,
3242,
678,
297,
973,
316,
677,
115,
676,
663,
279,
675,
928,
259,
272,
920,
1350,
243,
975,
972,
230,
1136,
2226,
906,
958,
1021,
1116,
214,
3631,
963,
865,
1129,
707,
286,
260,
855,
944,
2217,
1940,
1333,
219,
705,
211,
1393,
1085,
938,
1127,
3017,
1123,
707,
1774,
687,
744,
205,
3017,
1500,
199,
1201,
1268,
781,
1727,
1498,
1828,
1081,
1492,
1129,
709,
1127,
156,
1124,
3338,
705,
1418,
955,
3271,
926,
1431,
954,
545,
609,
1362,
1307,
953,
967,
1469,
1559,
1360,
534,
1343,
1544,
743,
1405,
1584,
2078,
1468,
1175,
1758,
51,
2073,
1085,
436,
966,
1770,
1680,
739,
808,
1026,
1299,
1508,
1755,
1276,
1160,
1764,
1218,
1697,
1542,
1244,
1320,
1671,
933,
1371,
1372,
1301,
668,
1420,
1145,
1406,
1088,
87,
668,
1901,
1861,
1684,
755,
152,
1267,
1176,
1188,
2268,
1428,
662,
1986,
1926,
654,
637,
2062,
119,
2533,
795,
2031,
837,
1793,
492,
202,
184,
958,
1559,
951,
344,
166,
614,
784,
606,
812,
626,
627,
602,
501,
2008,
490,
589,
793,
425,
592,
562,
750,
828,
757,
625,
1903,
816,
612,
750,
616,
615,
1141,
603,
612,
781,
583,
634,
588,
577,
602,
1018,
1212,
663,
1086,
547,
690,
440,
630,
483,
202,
503,
602,
770,
382,
636,
900,
491,
572,
740,
551,
363,
693,
393,
1209,
469,
793,
473,
3697,
497,
580,
645,
1210,
553,
596,
2454,
394,
417,
494,
628,
1911,
823,
504,
1263,
602,
425,
625,
647,
1821,
424,
1114,
621,
615,
637,
486,
166,
367,
1122,
2193,
425,
951,
1067,
580,
509,
2111,
76,
1165,
441,
2096,
1163,
2157,
2829,
496,
794,
364,
512,
2947,
555,
1646,
1064,
636,
2571,
375,
627,
463,
2041,
2828,
3150,
821,
1788,
2100,
796,
2104,
1764,
2475,
2472,
2804,
985,
395,
254,
1002,
1492,
1059,
1486,
504,
496,
1501,
240,
1072,
274,
1263,
1789,
496,
150,
899,
418,
1117,
240,
1012,
236,
666,
2079,
1495,
1030,
562,
1558,
1817,
3742,
2102,
815,
122,
1534,
1149,
802,
1502,
2071,
2281,
1118,
1793,
1138,
127,
236,
231,
1857,
181,
876,
1707,
1899,
258,
2652,
89,
2242,
2376,
2254,
2440,
1801,
2542,
1864,
2345,
1522,
2548,
173,
1203,
2628,
1508,
427,
3436,
1475,
1205,
2607,
1485,
1491,
1497,
82,
1491,
1205,
2391,
1516,
3423,
1488,
1602,
1177,
1783,
3422,
1103,
2525,
1098,
2308,
2015,
846,
2061,
676,
1169,
433,
2368,
1161,
1057,
1294,
1535,
1515,
755,
2559,
1509,
1565,
1400,
1227,
1291,
1447,
1343,
1527,
1457,
658,
873,
1153,
1317,
2138,
2410,
1134,
1326,
2503,
1108,
1583,
815,
1151,
1100,
1338,
1904,
989,
615,
1244,
2035,
2299,
2495,
518,
2119,
1548,
1107,
480,
302,
561,
724,
3778,
2846,
2733,
752,
467,
2130,
1319,
311,
962,
990,
391,
2810,
316,
2511,
768,
917,
3777,
707,
799,
901,
300,
486,
2473,
787,
793,
514,
1160,
1380,
990,
542,
790,
1912,
3548,
521,
700,
1559,
742,
343,
1245,
1952,
775,
904,
3796,
2477,
967,
884,
1493,
996,
664,
1367,
587,
564,
1234,
763,
1211,
953,
2599,
1539,
1102,
655,
1575,
304,
1409,
569,
373,
551,
1346,
2416,
549,
300,
368,
1979,
1592,
1328,
1394,
1155,
715,
913,
754,
563,
780,
543,
701,
1370,
2405,
784,
3543,
1374,
770,
763,
551,
716,
367,
943,
542,
972,
292,
1478,
976,
534,
2045,
839,
360,
895,
372,
538,
571,
1366,
782,
518,
1498,
533,
368,
1383,
574,
1184,
990,
1384,
553,
690,
1237,
570,
1355,
367,
982,
1174,
369,
1023,
1289,
1335,
952,
1634,
1293,
566,
547,
2727,
1288,
541,
370,
1932,
1351,
1327,
796,
1163,
2608,
2709,
1944,
1406,
1281,
1829,
961,
1205,
1352,
874,
949,
2318,
573,
1280,
509,
1609,
2465,
1871,
820,
2554,
1337,
2416,
634,
1436,
2009,
583,
1280,
2519,
1151,
2550,
2004,
1940,
1074,
980,
1770,
305,
1410,
652,
1895,
1628,
540,
1692,
571,
558,
1337,
1448,
302,
569,
613,
1726,
95,
216,
1419,
1737,
517,
599,
1190,
2454,
543,
1888,
637,
214,
2454,
1634,
85,
1643,
72,
622,
70,
1003,
447,
1615,
2278,
2112,
546,
2740,
140,
1634,
1632,
2999,
809,
1628,
2628,
2737,
142,
1229,
524,
1190,
1204,
542,
250,
98,
3556,
189,
2466,
913,
941,
218,
558,
3374,
443,
265,
2490,
1679,
1420,
900,
2587,
2580,
1665,
1322,
911,
1321,
2551,
1218,
2467,
679,
1668,
3299,
222,
269,
1322,
2448,
2166,
660,
104,
3576,
2887,
976,
1023,
2364,
1202,
968,
963,
1015,
1074,
324,
971,
977,
1290,
1666,
1015,
1893,
880,
1097,
1011,
1280,
3551,
264,
188,
338,
1304,
898,
194,
1621,
1972,
1891,
280,
1037,
1896,
119,
1118,
211,
1475,
1236,
182,
115,
197,
1107,
1008,
93,
2576,
3881,
2360,
1109,
2522,
2427,
1629,
2735,
103,
3872,
1659,
1491,
2517,
3590,
603,
1007,
1693,
1356,
2202,
1484,
140,
2221,
977,
2264,
1341,
125,
146,
2047,
136,
1919,
1511,
2244,
106,
1336,
1232,
94,
1671,
2666,
1921,
1227,
1491,
112,
1080,
1223,
1684,
2259,
2047,
1681,
1696,
2009,
1681,
2196,
2637,
640,
1334,
2689,
1930,
2174,
1107,
1297,
73,
541,
2750,
1690,
84,
284,
1469,
1251,
1118,
1488,
2382,
376,
2053,
2570,
1525,
503,
1124,
2013,
796,
1252,
1357,
1118,
1505,
1124,
503,
444,
498,
2375,
1124,
1399,
497,
1275,
405,
72,
385,
492,
489,
442,
445,
382,
813,
924,
942,
399,
382,
1580,
377,
2483,
1960,
2801,
1953,
711,
2483,
176,
2025,
1467,
1834,
2372,
1499,
1576,
178,
1949,
2517,
945,
1971,
686,
2547,
811,
2446,
1330,
787,
720,
2440,
810,
1728,
2454,
1371,
2417,
175,
443,
166,
1590,
824,
430,
1104,
167,
1463,
1431,
163,
706,
923,
760,
894,
210,
1422,
951,
162,
1172,
758,
1094,
757,
952,
1247,
1951,
2414,
1299,
961,
625,
432,
1270,
2640,
2464,
1243,
771,
525,
149,
139,
1228,
1219,
631,
724,
1065,
710,
736,
1052,
1269,
599,
424,
474,
1343,
898,
1052,
472,
1796,
698,
679,
1334,
1019,
2236,
957,
1599,
694,
1603,
2598,
40,
921,
731,
1390,
633,
1480,
950,
691,
805,
1171,
1175,
1330,
720,
827,
1842,
631,
761,
634,
714,
572,
2575,
967,
2284,
493,
608,
965,
906,
1979,
2417,
1250,
976,
841,
2408,
2383,
2233,
3999,
1273,
793,
1807,
1200,
2407,
3963,
1195,
754,
1621,
2377,
1199,
39,
1332,
1620,
1594,
677,
1148,
748,
990,
792,
1355,
1341,
737,
682,
585,
1018,
1578,
1615,
214,
724,
747,
737,
1023,
990,
1836,
1289,
988,
643,
908,
577,
788,
627,
1588,
204,
354,
986,
690,
1611,
573,
117,
818,
850,
710,
562,
814,
2259,
736,
552,
351,
547,
644,
1406,
543,
1309,
741,
267,
623,
540,
866,
592,
83,
534,
1199,
627,
1194,
746,
705,
712,
579,
1263,
1199,
931,
623,
622,
635,
1357,
206,
604,
801,
180,
1198,
761,
569,
2191,
752,
730,
429,
515,
1198,
1199,
382,
543,
511,
276,
3445,
149,
999,
758,
1188,
171,
510,
700,
1621,
115,
505,
1797,
2257,
406,
766,
350,
441,
1802,
2202,
270,
586,
1606,
2385,
1252,
1608,
1206,
104,
648,
1606,
2771,
429,
174,
505,
1206,
688,
452,
2205,
687,
260,
80,
859,
686,
1208,
763,
768,
1608,
78,
626,
1205,
2706,
1209,
759,
2451,
2440,
624,
1202,
2440,
624,
1203,
689,
1202,
2424,
1641,
240,
2414,
694,
1214,
1392,
484,
2606,
471,
733,
1887,
2254,
1621,
260,
1093,
4018,
1081,
1176,
265,
1630,
692,
375,
643,
1509,
3991,
621,
1678,
1669,
3564,
364,
686,
422,
1415,
2452,
405,
270,
1469,
395,
3558,
793,
2686,
527,
628,
414,
686,
621,
3976,
972,
460,
781,
95,
683,
3955,
620,
3243,
1423,
517,
3967,
715,
827,
1859,
608,
1862,
504,
842,
954,
108,
1281,
3965,
3537,
1287,
3047,
492,
1278,
130,
2303,
1273,
145,
108,
658,
3342,
842,
1271,
845,
79,
1266,
1085,
78,
93,
90,
3343,
115,
1230,
73,
1265,
86,
3986,
1258,
811,
81,
828,
3054,
3339,
66,
348,
1053,
230,
460,
59,
1298,
1269,
297,
694,
1258,
1267,
2557,
1197,
298,
1097,
59,
58,
1151,
1273,
1269,
527,
691,
2720,
1084,
2607,
3613,
547,
45,
3601,
3191,
836,
546,
827,
625,
527,
45,
676,
701,
525,
525,
716,
188,
1048,
1713,
722,
186,
848,
2393,
1282,
2444,
2509,
2827,
1142,
168,
770,
1276,
2677,
1282,
3050,
1027,
3698,
3777,
148,
1283,
2896,
1126,
3402,
2395,
1898,
1051,
2440,
330,
1123,
1053,
145,
2410,
2431,
586,
1108,
1105,
165,
171,
830,
1113,
1095,
345,
1095,
792,
947,
148,
953,
1094,
1049,
939,
143,
138,
323,
1001,
630,
976,
142,
855,
820,
761,
1304,
741,
784,
3770,
1075,
132,
874,
918,
1082,
1310,
652,
1969,
740,
1138,
346,
866,
630,
932,
907,
305,
871,
937,
883,
3721,
2504,
963,
1310,
357,
952,
949,
817,
3837,
774,
1588,
111,
1016,
1406,
964,
1091,
755,
785,
1104,
2543,
1351,
2483,
832,
761,
1048,
3079,
2448,
712,
890,
1161,
836,
3933,
1317,
1172,
831,
2456,
933,
3584,
2644,
1004,
1307,
3102,
819,
1370,
833,
2938,
2452,
745,
965,
751,
3539,
844,
831,
526,
4129,
685,
154,
664,
1033,
3419,
1006,
2193,
334,
1120,
2510,
816,
351,
827,
2043,
2819,
1200,
947,
823,
960,
819,
2671,
1203,
2045,
556,
167,
725,
980,
652,
815,
1102,
948,
757,
942,
776,
1053,
1383,
977,
827,
739,
1394,
1205,
826,
3998,
687,
693,
974,
1138,
857,
1209,
885,
774,
1667,
1076,
707,
954,
781,
750,
752,
1354,
842,
1004,
918,
1327,
826,
356,
1361,
310,
1024,
177,
822,
930,
368,
1288,
818,
927,
308,
1216,
744,
818,
2878,
136,
590,
304,
1110,
175,
4070,
807,
2064,
196,
738,
129,
172,
1217,
104,
301,
170,
312,
119,
1148,
124,
255,
366,
809,
1173,
169,
491,
254,
3699,
182,
811,
118,
222,
158,
226,
210,
1352,
1374,
198,
620,
997,
149,
1070,
666,
1175,
394,
955,
801,
668,
490,
252,
149,
862,
636,
1224,
148,
419,
666,
445,
486,
148,
295,
816,
490,
711,
1235,
968,
3208,
250,
148,
652,
145,
146,
144,
3288,
709,
309,
598,
214,
136,
3190,
971,
591,
814,
835,
145,
186,
442,
490,
473,
753,
129,
486,
139,
645,
167,
601,
945,
148,
578,
72,
491,
671,
1248,
572,
567,
488,
113,
486,
73,
295,
403,
3794,
427,
73,
2729,
1373,
399,
489,
423,
416,
160,
418,
11,
346,
178,
491,
185,
147,
676,
1850,
486,
4149,
236,
122,
606,
842,
835,
475,
74,
4142,
1829,
1842,
530,
1793,
1827,
812,
3760,
835,
442,
1822,
833,
207,
834,
2197,
1776,
810,
668,
512,
76,
2128,
670,
169,
827,
911,
1632,
772,
1794,
861,
992,
779,
1777,
856,
3316,
676,
210,
1344,
758,
4120,
828,
134,
443,
3268,
1340,
819,
2143,
991,
843,
824,
1369,
1344,
127,
776,
801,
864,
2551,
2546,
1479,
802,
2523,
730,
3694,
1354,
2522,
649,
519,
498,
159,
735,
500,
653,
1320,
152,
133,
842,
505,
540,
2807,
2133,
535,
93,
392,
1249,
183,
630,
2512,
718,
533,
495,
528,
546,
133,
649,
126,
2140,
2547,
521,
954,
501,
716,
864,
719,
524,
2145,
2529,
290,
499,
712,
476,
698,
469,
480,
2157,
766,
481,
509,
368,
1233,
287,
475,
539,
3488,
1295,
759,
734,
121,
500,
464,
466,
745,
348,
552,
492,
253,
1313,
377,
209,
475,
123,
834,
444,
1312,
391,
468,
791,
107,
2561,
918,
2572,
1304,
2556,
106,
512,
3055,
512,
3448,
782,
543,
531,
766,
2435,
480,
3144,
2881,
103,
795,
1282,
101,
3444,
573,
1230,
834,
442,
94,
889,
3100,
730,
499,
3339,
771,
2180,
1758,
2924,
853,
2508,
3929,
2847,
2948,
3688,
3012,
2992,
84,
299,
2926,
76,
2581,
3431,
1324,
3423,
2528,
2457,
269,
1523,
2619,
657,
831,
800,
510,
929,
3456,
1180,
1068,
1097,
965,
3203,
1124,
1139,
2656,
3032,
537,
738,
1077,
1350,
1340,
2657,
2872,
959,
986,
324,
1361,
3076,
439,
896,
747,
1145,
1365,
1349,
588,
1306,
906,
426,
610,
1125,
720,
983,
759,
1199,
901,
865,
924,
1136,
570,
1496,
1159,
878,
1159,
892,
459,
3434,
717,
690,
1266,
274,
929,
864,
724,
1354,
628,
453,
1119,
1054,
1020,
715,
1075,
2649,
578,
708,
775,
732,
1013,
583,
556,
1307,
896,
362,
869,
692,
707,
717,
602,
1197,
860,
621,
1316,
1306,
1554,
765,
1034,
1024,
1356,
461,
764,
1307,
599,
1328,
830,
1018,
3645,
1516,
1020,
3437,
867,
3322,
849,
3169,
1000,
750,
866,
2648,
960,
954,
2194,
699,
4211,
907,
418,
572,
1350,
759,
3618,
769,
1271,
3323,
979,
939,
936,
566,
334,
170,
3312,
651,
1296,
2242,
892,
1005,
560,
770,
935,
899,
536,
762,
717,
601,
997,
572,
757,
2672,
1007,
2648,
810,
125,
856,
552,
1263,
947,
1005,
749,
2666,
746,
4213,
134,
766,
1246,
165,
773,
901,
2673,
2658,
681,
924,
757,
899,
680,
135,
626,
587,
164,
802,
818,
1395,
634,
1185,
955,
796,
630,
802,
679,
1018,
136,
265,
3478,
189,
2189,
2648,
423,
163,
937,
418,
600,
1479,
2646,
614,
263,
189,
682,
147,
3108,
3169,
588,
2661,
198,
1713,
913,
1236,
403,
682,
369,
797,
2275,
793,
180,
191,
678,
2292,
2268,
388,
674,
1172,
501,
175,
498,
661,
183,
495,
751,
2137,
561,
150,
1240,
938,
955,
3189,
627,
444,
2146,
2265,
749,
4204,
480,
2270,
950,
2115,
445,
417,
2124,
4231,
4056,
412,
470,
638,
523,
1433,
576,
197,
488,
3137,
3427,
586,
2123,
605,
459,
585,
672,
478,
658,
2680,
598,
432,
3011,
459,
633,
645,
397,
585,
513,
683,
429,
209,
501,
2101,
601,
2125,
599,
573,
2294,
550,
263,
2290,
4056,
229,
563,
2098,
2977,
216,
469,
2969,
205,
674,
741,
465,
546,
647,
850,
301,
369,
216,
2088,
396,
280,
253,
886,
665,
841,
653,
127,
142,
337,
665,
341,
122,
115,
430,
2114,
483,
3116,
317,
431,
1523,
2108,
1526,
2162,
851,
3049,
475,
1521,
1608,
103,
328,
3758,
2143,
119,
2105,
844,
492,
356,
1522,
1376,
103,
1517,
205,
501,
1520,
1512,
50,
75,
476,
1516,
2732,
1510,
2727,
644,
1508,
2145,
1501,
340,
837,
1507,
900,
196,
1208,
521,
200,
572,
837,
399,
119,
2168,
797,
371,
139,
563,
498,
370,
142,
2393,
565,
199,
138,
626,
184,
197,
512,
85,
831,
120,
485,
108,
625,
823,
379,
93,
482,
187,
820,
367,
829,
659,
405,
162,
409,
601,
439,
365,
517,
155,
3180,
588,
140,
1943,
101,
652,
86,
158,
685,
48,
200,
932,
50,
967,
544,
98,
964,
651,
92,
381,
401,
78,
2785,
1072,
227,
1070,
3444,
494,
81,
406,
73,
215,
909,
478,
3452,
202,
468,
894,
1071,
1530,
1124,
480,
438,
1048,
1453,
1287,
1088,
476,
2598,
1082,
470,
926,
1327,
1481,
2582,
594,
1082,
1080,
1036,
1373,
2438,
411,
410,
944,
935,
1535,
2459,
400,
1081,
2290,
926,
902,
2384,
1322,
2103,
605,
2374,
1249,
392,
934,
880,
1534,
739,
1360,
2383,
979,
907,
896,
1545,
594,
2272,
959,
1342,
1018,
931,
398,
1929,
1039,
1006,
904,
2197,
3418,
1049,
730,
1104,
2675,
2416,
529,
1291,
22,
2834,
663,
2811,
543,
2618,
1458,
2237,
4358,
2280,
2824,
630,
725,
570,
643,
2811,
3538,
2233,
1677,
2277,
1341,
2212,
1548,
1457,
2276,
2254,
368,
2288,
501,
3539,
2810,
473,
622,
2247,
3535,
2225,
1319,
399,
2195,
1578,
4075,
421,
750,
738,
4056,
484,
3298,
3265,
831,
2238,
4051,
903,
1459,
1393,
378,
2211,
2284,
1249,
630,
877,
933,
988,
797,
2281,
3185,
748,
586,
590,
1546,
726,
760,
585,
750,
3460,
752,
750,
2278,
623,
744,
632,
584,
641,
744,
755,
474,
361,
659,
631,
725,
369,
854,
580,
598,
652,
578,
3137,
631,
836,
1768,
735,
534,
574,
475,
748,
744,
2438,
569,
892,
1777,
914,
905,
242,
985,
303,
634,
1348,
449,
568,
353,
599,
1570,
750,
633,
934,
607,
2310,
945,
850,
1718,
89,
349,
585,
923,
430,
746,
793,
409,
4256,
750,
764,
388,
753,
640,
260,
753,
597,
1051,
2885,
383,
375,
744,
972,
567,
176,
2288,
585,
247,
640,
985,
560,
3940,
1497,
780,
642,
1518,
559,
2239,
2876,
435,
4297,
320,
2429,
380,
2291,
2232,
4092,
375,
434,
319,
1527,
572,
707,
2436,
132,
471,
2313,
580,
475,
2234,
469,
573,
586,
260,
348,
1531,
490,
2855,
252,
213,
221,
459,
500,
1499,
202,
167,
341,
1497,
750,
2502,
146,
208,
592,
224,
206,
459,
2326,
396,
253,
1028,
2493,
1532,
1554,
231,
504,
790,
183,
2489,
777,
748,
199,
789,
2180,
1533,
181,
281,
278,
508,
2487,
409,
271,
172,
178,
2306,
309,
264,
295,
4161,
1542,
1536,
4158,
526,
1529,
4066,
1006,
4083,
486,
1516,
4017,
346,
4069,
506,
3606,
3599,
3596,
517,
693,
498,
708,
3595,
128,
171,
365,
82,
878,
262,
362,
94,
360,
338,
515,
239,
543,
262,
537,
522,
505,
3602,
527,
546,
534,
380,
522,
367,
352,
541,
280,
3250,
345,
183,
838,
342,
337,
341,
528,
333,
337,
181,
2216,
2371,
2230,
88,
110,
151,
143,
174,
82,
187,
86,
121,
172,
3223,
182,
121,
2141,
3254,
339,
365,
176,
165,
2373,
357,
2381,
159,
2373,
2372,
507,
394,
1794,
178,
592,
2186,
485,
994,
153,
159,
3239,
469,
590,
179,
69,
1017,
810,
2414,
301,
803,
608,
151,
132,
2377,
232,
364,
2360,
128,
2340,
1791,
621,
360,
1093,
124,
812,
167,
1640,
111,
1630,
584,
2353,
108,
369,
1620,
2352,
3422,
366,
230,
580,
3046,
169,
3077,
1636,
162,
3384,
3395,
852,
109,
2635,
368,
2190,
158,
423,
1182,
235,
157,
617,
3598,
437,
447,
734,
1797,
1061,
639,
601,
238,
580,
437,
674,
645,
576,
701,
710,
1516,
539,
318,
559,
1719,
1693,
3411,
546,
42,
549,
1691,
1121,
1754,
532,
982,
1182,
1634,
714,
2380,
1196,
42,
1672,
979,
2379,
1695,
604,
1210,
743,
2096,
759,
678,
652,
616,
545,
765,
1560,
1793,
716,
980,
1752,
687,
633,
1555,
1565,
550,
545,
1669,
440,
1576,
98,
1555,
1751,
1681,
805,
1547,
1706,
1704,
438,
230,
497,
1748,
1359,
1676,
973,
431,
705,
610,
496,
1747,
1652,
371,
705,
1791,
535,
716,
3325,
224,
1768,
1597,
661,
640,
489,
656,
594,
647,
2468,
1848,
611,
620,
838,
232,
221,
754,
2119,
1739,
225,
2426,
632,
643,
2441,
3449,
1672,
1905,
484,
3524,
1671,
2419,
3467,
1393,
3440,
2432,
781,
3426,
787,
1526,
1099,
3852,
1720,
811,
1756,
624,
1539,
1549,
2438,
3848,
572,
600,
815,
1672,
1210,
603,
1450,
2652,
601,
2416,
1553,
1063,
599,
1686,
2498,
1138,
883,
456,
2320,
2413,
484,
3844,
462,
740,
600,
423,
893,
762,
879,
681,
430,
3521,
689,
659,
1089,
407,
681,
877,
623,
1214,
447,
1087,
672,
3453,
2436,
621,
285,
472,
628,
1070,
277,
462,
642,
2435,
3090,
1362,
267,
627,
888,
551,
359,
621,
1067,
851,
1746,
627,
468,
1162,
908,
629,
669,
751,
315,
3377,
591,
639,
278,
1257,
1120,
900,
253,
3472,
1228,
280,
624,
238,
798,
3473,
638,
2643,
1069,
716,
570,
861,
3567,
3096,
276,
2622,
1188,
1214,
1121,
349,
843,
894,
1196,
141,
629,
651,
445,
1187,
98,
514,
546,
645,
687,
430,
1736,
117,
139,
213,
522,
479,
471,
244,
409,
518,
438,
464,
583,
587,
433,
425,
431,
869,
348,
579,
430,
302,
422,
909,
3373,
417,
415,
273,
218,
443,
671,
523,
581,
766,
2467,
706,
3582,
644,
1886,
148,
723,
654,
666,
404,
951,
597,
376,
509,
368,
329,
3642,
287,
1602,
326,
3122,
412,
406,
481,
3225,
295,
2121,
522,
3167,
559,
530,
1620,
1768,
950,
779,
899,
2684,
725,
492,
538,
562,
213,
667,
367,
759,
237,
486,
961,
235,
530,
562,
359,
538,
561,
2166,
550,
457,
529,
367,
373,
385,
1630,
162,
749,
357,
501,
352,
374,
362,
357,
348,
450,
358,
353,
344,
342,
138,
362,
509,
369,
349,
1464,
385,
341,
338,
1769,
590,
336,
2576,
43,
334,
3524,
796,
332,
327,
493,
3481,
331,
2570,
640,
180,
184,
487,
327,
3516,
161,
376,
164,
142,
2357,
2550,
233,
135,
115,
182,
2533,
330,
364,
73,
234,
2327,
450,
163,
325,
121,
2473,
127,
203,
393,
1642,
196,
1019,
389,
333,
115,
374,
2322,
1281,
161,
2417,
1968,
561,
2540,
809,
155,
213,
2450,
3354,
367,
88,
1288,
364,
78,
154,
341,
2356,
3488,
338,
172,
3477,
2011,
215,
1243,
109,
219,
151,
173,
1971,
1240,
213,
3361,
72,
172,
1040,
212,
209,
150,
109,
1224,
219,
148,
1238,
105,
818,
1243,
148,
3562,
205,
3457,
1043,
213,
3588,
858,
3449,
1224,
143,
1228,
170,
584,
3217,
164,
1197,
138,
818,
605,
1048,
154,
905,
793,
605,
615,
418,
34,
604,
1238,
1731,
905,
1563,
1254,
604,
3211,
940,
1878,
612,
929,
3537,
1395,
2020,
808,
1863,
843,
476,
1076,
779,
667,
2650,
784,
2040,
602,
3206,
458,
535,
419,
355,
1028,
160,
1291,
507,
2041,
597,
419,
2035,
554,
156,
551,
3067,
682,
808,
564,
154,
932,
2671,
724,
144,
615,
410,
130,
536,
614,
718,
612,
602,
874,
652,
956,
131,
637,
2209,
582,
124,
639,
606,
514,
561,
526,
532,
937,
605,
598,
1917,
116,
119,
1093,
3728,
780,
966,
114,
1942,
443,
476,
421,
3574,
319,
737,
640,
3738,
438,
658,
848,
662,
119,
1768,
497,
471,
3241,
808,
54,
2260,
972,
867,
2278,
418,
797,
661,
597,
643,
783,
319,
593,
462,
427,
611,
3739,
899,
619,
2268,
789,
793,
501,
2656,
1255,
847,
483,
818,
992,
986,
658,
602,
2266,
1371,
647,
2006,
512,
2055,
499,
656,
3715,
1341,
668,
437,
325,
639,
899,
510,
504,
632,
480,
1000,
1259,
852,
2260,
2062,
503,
522,
558,
841,
2548,
2235,
653,
984,
1220,
975,
1001,
1210,
573,
925,
808,
1086,
1227,
359,
396,
907,
836,
694,
1616,
165,
409,
664,
1789,
1285,
774,
930,
421,
224,
696,
1809,
446,
2263,
339,
1527,
1490,
135,
1495,
147,
1257,
1350,
142,
393,
3659,
2242,
964,
134,
1469,
860,
99,
91,
431,
387,
266,
1175,
1449,
3410,
347,
2101,
246,
268,
2108,
325,
3446,
324,
203,
350,
850,
190,
3677,
1143,
858,
316,
182,
3264,
165,
2153,
2111,
324,
3254,
165,
134,
967,
303,
147,
139,
692,
439,
136,
409,
712,
684,
632,
2166,
3277,
624,
706,
704,
97,
384,
2161,
1161,
2314,
693,
2156,
677,
163,
622,
615,
3273,
636,
914,
666,
871,
95,
431,
2609,
2148,
87,
609,
698,
667,
482,
429,
2156,
634,
2126,
629,
584,
697,
661,
2143,
894,
428,
2575,
1221,
653,
2135,
697,
639,
832,
2129,
633,
964,
567,
345,
306,
74,
349,
210,
777,
1516,
344,
615,
3366,
742,
434,
414,
553,
730,
2164,
1384,
631,
3366,
427,
631,
411,
340,
2135,
2728,
524,
627,
842,
2131,
692,
658,
385,
348,
3410,
602,
2127,
774,
424,
425,
621,
2730,
347,
498,
956,
438,
340,
971,
2206,
642,
376,
326,
168,
751,
2195,
349,
2976,
338,
439,
494,
484,
692,
357,
974,
80,
899,
555,
956,
363,
2822,
373,
335,
349,
551,
103,
1018,
515,
358,
131,
2722,
331,
573,
735,
352,
974,
565,
326,
119,
1453,
956,
2136,
348,
322,
424,
85,
974,
2127,
772,
344,
799,
2820,
318,
464,
339,
834,
738,
804,
604,
413,
784,
3616,
697,
335,
541,
2258,
569,
973,
330,
17,
72,
592,
316,
703,
2051,
558,
326,
311,
799,
2046,
827,
626,
321,
837,
474,
561,
783,
317,
2169,
553,
1200,
312,
868,
396,
1456,
696,
18,
863,
810,
411,
431,
858,
702,
2822,
1466,
1039,
2776,
857,
1472,
81,
312,
193,
833,
2781,
188,
184,
558,
1306,
835,
1428,
83,
833,
179,
608,
1002,
832,
606,
1220,
1491,
833,
177,
601,
154,
439,
383,
831,
582,
339,
170,
446,
620,
1324,
828,
2949,
597,
1261,
2349,
1098,
1102,
338,
235,
601,
1059,
865,
1094,
1090,
930,
167,
1166,
598,
957,
1089,
1142,
788,
1249,
1094,
1286,
1633,
765,
934,
315,
1009,
160,
968,
508,
588,
1072,
1522,
975,
1006,
1098,
998,
674,
432,
1635,
765,
1089,
814,
954,
3561,
1625,
159,
810,
1412,
304,
790,
1089,
3423,
1029,
1041,
616,
1501,
1006,
991,
819,
316,
1086,
1004,
515,
1634,
2402,
953,
514,
785,
1622,
1144,
1200,
202,
649,
1034,
1213,
966,
752,
758,
1088,
168,
516,
2274,
1334,
798,
1295,
829,
1590,
962,
958,
1241,
791,
3451,
1077,
959,
2430,
382,
2424,
959,
779,
1576,
183,
1077,
1092,
1633,
1521,
794,
1098,
3597,
666,
813,
664,
1093,
1108,
738,
1570,
627,
656,
571,
1080,
660,
721,
1051,
416,
529,
653,
703,
363,
186,
1101,
1350,
765,
322,
1218,
340,
320,
1342,
1071,
666,
1096,
250,
1067,
1100,
863,
1329,
1324,
2426,
1409,
313,
541,
1084,
1304,
539,
1386,
874,
317,
1313,
502,
906,
1271,
537,
401,
1366,
458,
234,
795,
456,
899,
572,
612,
1239,
388,
825,
975,
408,
449,
1301,
581,
135,
1551,
534,
1383,
309,
311,
953,
617,
319,
1108,
305,
303,
303,
637,
246,
637,
884,
1384,
626,
1663,
490,
590,
1121,
612,
1025,
1023,
1274,
475,
1447,
269,
1648,
114,
1247,
240,
561,
118,
596,
1368,
134,
223,
560,
1950,
434,
702,
240,
160,
575,
102,
422,
259,
2443,
695,
147,
150,
452,
819,
717,
1624,
1979,
780,
666,
1992,
697,
593,
227,
585,
606,
458,
150,
87,
1978,
1072,
505,
444,
139,
893,
776,
87,
596,
935,
2022,
455,
493,
1984,
929,
692,
685,
994,
1281,
704,
1855,
1036,
318,
565,
300,
1232,
1296,
1383,
76,
958,
268,
1587,
706,
689,
1276,
266,
500,
2027,
925,
1358,
585,
422,
3808,
2006,
1189,
980,
560,
3991,
588,
592,
624,
573,
1175,
543,
1183,
509,
343,
593,
460,
80,
586,
1198,
536,
311,
340,
1138,
596,
290,
1167,
1344,
736,
334,
328,
353,
549,
552,
1178,
364,
370,
1606,
489,
324,
577,
532,
376,
298,
1141,
355,
1179,
474,
481,
358,
365,
797,
556,
295,
1260,
301,
974,
354,
1265,
292,
347,
381,
456,
340,
352,
285,
446,
356,
348,
1160,
336,
484,
1260,
969,
341,
277,
348,
336,
308,
1256,
273,
127,
260,
1664,
326,
307,
407,
993,
256,
414,
1253,
1246,
1782,
275,
1245,
295,
976,
1400,
77,
424,
295,
967,
1400,
79,
864,
73,
1397,
1393,
1759,
1244,
375,
1250,
1242,
1807,
372,
1214,
1209,
163,
1197,
343,
338,
1694,
986,
338,
158,
1195,
841,
816,
840,
1019,
1708,
164,
144,
1463,
1010,
1407,
142,
1125,
616,
838,
803,
578,
1501,
637,
436,
1473,
557,
755,
509,
435,
1514,
1358,
1019,
545,
498,
1127,
824,
648,
544,
710,
1125,
872,
589,
1432,
654,
542,
945,
1409,
815,
537,
3906,
819,
756,
923,
2029,
520,
502,
722,
360,
722,
1121,
822,
583,
2103,
759,
844,
969,
1120,
549,
529,
2099,
846,
533,
440,
938,
3996,
354,
335,
627,
1119,
331,
836,
553,
570,
342,
1119,
631,
549,
337,
815,
578,
4067,
937,
749,
356,
366,
1118,
644,
678,
371,
336,
747,
503,
655,
803,
1117,
654,
494,
609,
1068,
1057,
678,
835,
834,
607,
793,
828,
623,
1137,
681,
617,
688,
1117,
496,
665,
855,
1127,
1057,
2573,
671,
628,
708,
707,
863,
729,
604,
683,
580,
844,
1509,
857,
668,
838,
656,
1488,
845,
708,
845,
179,
707,
1440,
1500,
1510,
475,
178,
1420,
4047,
652,
1306,
2614,
977,
1085,
1834,
1460,
755,
624,
1468,
2594,
1134,
1857,
649,
1493,
698,
841,
1210,
1093,
613,
580,
839,
1867,
1362,
171,
668,
1390,
538,
830,
2424,
1500,
1791,
63,
687,
928,
1106,
764,
1514,
901,
1457,
1151,
1370,
709,
992,
1360,
177,
1369,
402,
1224,
1340,
176,
1774,
1383,
1406,
1139,
690,
1432,
591,
790,
1373,
1781,
710,
103,
749,
657,
1366,
77,
694,
718,
1816,
1558,
78,
713,
1549,
1634,
1360,
1807,
1356,
1803,
189,
1352,
1312,
417,
672,
187,
1181,
1348,
687,
1350,
1313,
1226,
1324,
102,
176,
1154,
1148,
157,
792,
1166,
736,
1376,
1155,
1144,
1139,
655,
1528,
753,
1543,
2426,
641,
4064,
728,
390,
381,
4052,
388,
608,
2695,
338,
728,
337,
365,
621,
1154,
659,
373,
1138,
399,
1137,
315,
346,
304,
665,
341,
370,
1164,
1123,
77,
342,
1128,
1124,
75,
378,
324,
297,
335,
1158,
659,
331,
1167,
296,
1154,
417,
295,
655,
308,
306,
133,
672,
101,
298,
136,
112,
297,
94,
1142,
295,
285,
70,
1018,
290,
984,
1010,
1082,
291,
584,
984,
729,
986,
1014,
1002,
224,
1006,
1014,
1011,
1658,
950,
335,
142,
928,
75,
384,
629,
999,
914,
909,
197,
345,
1035,
1514,
40,
782,
909,
1006,
1083,
19,
929,
4185,
1004,
870,
898,
1671,
1014,
721,
3312,
817,
548,
1017,
732,
976,
1176,
807,
611,
792,
1165,
775,
1098,
790,
738,
1279,
1515,
1637,
1880,
1027,
563,
734,
789,
1265,
723,
845,
806,
787,
1269,
553,
766,
1455,
547,
1302,
1453,
966,
731,
596,
730,
883,
987,
575,
920,
842,
1751,
554,
749,
894,
1004,
737,
1097,
1850,
1835,
677,
690,
2621,
1008,
1048,
999,
752,
680,
924,
846,
833,
999,
1022,
814,
863,
1176,
871,
880,
676,
679,
1025,
942,
859,
735,
1579,
2613,
1331,
1372,
935,
693,
732,
742,
1436,
746,
770,
1912,
1317,
611,
776,
687,
1330,
440,
584,
366,
683,
862,
1318,
432,
339,
1266,
1999,
946,
663,
746,
742,
595,
1112,
1377,
578,
435,
778,
1281,
628,
739,
456,
866,
667,
1426,
738,
1426,
446,
441,
661,
879,
1403,
812,
866,
779,
429,
1026,
694,
435,
1436,
682,
717,
853,
824,
1290,
1354,
1399,
898,
1279,
978,
1406,
1372,
876,
1450,
1047,
1252,
1376,
1345,
1348,
2096,
1277,
1512,
2070,
1153,
1442,
977,
605,
1133,
1224,
1326,
1272,
886,
2091,
1400,
1695,
1177,
832,
1489,
708,
1240,
1066,
1042,
1231,
1188,
151,
675,
826,
1342,
1384,
1345,
1213,
1460,
109,
740,
158,
114,
618,
1345,
774,
149,
627,
1315,
132,
136,
1258,
1340,
1368,
792,
1014,
1301,
1290,
1344,
967,
1108,
598,
956,
549,
950,
1449,
1798,
1836,
699,
989,
983,
692,
603,
981,
2020,
479,
1790,
755,
982,
516,
963,
1122,
644,
515,
998,
480,
677,
76,
516,
700,
967,
1462,
457,
987,
699,
498,
1461,
492,
951,
660,
988,
1460,
485,
518,
516,
497,
644,
1871,
708,
73,
650,
515,
709,
640,
514,
545,
946,
498,
494,
649,
973,
759,
510,
156,
144,
127,
685,
661,
974,
679,
970,
510,
93,
960,
98,
682,
742,
944,
505,
951,
813,
60,
501,
1473,
1780,
969,
1466,
975,
738,
1460,
1400,
81,
759,
1456,
502,
776,
855,
1455,
763,
1396,
452,
1455,
735,
1386,
385,
1452,
518,
514,
1310,
955,
1214,
471,
759,
1386,
1320,
1204,
759,
2031,
74,
963,
2701,
2721,
2046,
860,
2708,
92,
452,
2727,
1999,
451,
747,
1897,
716,
726,
989,
1255,
712,
2461,
746,
711,
2138,
444,
728,
436,
610,
709,
409,
711,
2754,
994,
2737,
57,
713,
401,
832,
2159,
1471,
59,
694,
1311,
1268,
1051,
1084,
2107,
693,
934,
1128,
949,
403,
390,
654,
1776,
1082,
491,
590,
984,
1294,
73,
1001,
848,
896,
1273,
1430,
1406,
850,
1767,
757,
839,
1502,
440,
1835,
842,
1033,
1003,
1093,
960,
1024,
1425,
1369,
4271,
139,
171,
1173,
1395,
1037,
1515,
1421,
1151,
577,
1179,
872,
686,
971,
748,
1045,
1162,
870,
1414,
207,
844,
876,
562,
880,
978,
42,
1190,
924,
158,
595,
2247,
987,
518,
1449,
787,
203,
879,
850,
523,
794,
534,
842,
926,
143,
777,
906,
874,
1393,
1185,
961,
4252,
1392,
39,
682,
694,
1445,
950,
1437,
1416,
619,
4263,
868,
693,
942,
912,
705,
517,
1197,
682,
849,
885,
1179,
1440,
906,
1341,
716,
664,
1243,
691,
1335,
673,
1343,
1206,
678,
918,
504,
1380,
1053,
1206,
1032,
1026,
688,
1978,
109,
146,
506,
1376,
614,
1746,
606,
1964,
1489,
468,
78,
97,
561,
1393,
490,
75,
623,
468,
442,
1070,
611,
1107,
4347,
438,
179,
532,
634,
361,
483,
620,
1065,
624,
491,
270,
503,
501,
1511,
149,
262,
555,
489,
564,
176,
345,
487,
1525,
226,
1493,
509,
110,
483,
473,
106,
202,
581,
1520,
1371,
286,
556,
320,
447,
618,
1517,
78,
575,
326,
493,
855,
1504,
188,
1366,
265,
254,
735,
679,
535,
81,
225,
952,
1367,
534,
537,
523,
80,
1502,
532,
286,
648,
272,
264,
652,
647,
961,
975,
263,
229,
531,
970,
1190,
2039,
1163,
354,
527,
1019,
2055,
595,
1026,
1085,
4318,
2016,
2035,
501,
898,
2191,
871,
973,
1867,
676,
957,
804,
2207,
973,
875,
960,
2079,
1915,
826,
2184,
663,
2245,
171,
74,
972,
2022,
1847,
811,
2009,
971,
933,
1885,
1365,
962,
1355,
948,
947,
831,
164,
600,
167,
159,
700,
166,
953,
2020,
2285,
1233,
151,
1127,
1016,
140,
608,
427,
116,
94,
434,
1021,
1613,
1412,
4436,
1401,
869,
659,
2279,
1388,
2075,
1905,
2065,
2298,
426,
1022,
4385,
749,
137,
2291,
1990,
1449,
1444,
1032,
122,
