32,
33,
33,
45,
33,
42,
34,
42,
41,
39,
72,
39,
93,
70,
81,
92,
84,
69,
98,
47,
73,
94,
38,
64,
61,
97,
61,
114,
119,
58,
45,
50,
126,
114,
55,
47,
117,
104,
50,
123,
111,
131,
123,
104,
111,
140,
52,
138,
137,
138,
135,
54,
137,
127,
53,
53,
51,
50,
138,
37,
37,
101,
33,
151,
109,
157,
88,
114,
116,
117,
99,
77,
34,
100,
32,
109,
44,
32,
130,
98,
79,
70,
129,
65,
89,
85,
44,
177,
159,
154,
93,
149,
90,
38,
131,
84,
176,
112,
168,
175,
122,
43,
182,
168,
185,
167,
194,
152,
181,
160,
130,
158,
172,
179,
108,
176,
80,
171,
162,
181,
110,
52,
167,
156,
179,
111,
117,
106,
110,
164,
82,
84,
91,
117,
108,
45,
38,
168,
39,
129,
193,
39,
157,
204,
140,
164,
118,
198,
191,
169,
162,
154,
133,
151,
184,
122,
212,
211,
207,
32,
148,
137,
215,
93,
198,
202,
181,
130,
150,
206,
187,
166,
206,
169,
41,
130,
216,
213,
187,
199,
177,
177,
208,
163,
47,
192,
154,
131,
169,
161,
196,
156,
215,
36,
197,
112,
191,
152,
130,
189,
201,
172,
128,
156,
166,
204,
221,
168,
227,
188,
169,
147,
237,
227,
234,
214,
194,
181,
171,
232,
138,
190,
236,
157,
167,
131,
181,
97,
135,
202,
212,
149,
186,
243,
152,
224,
88,
102,
244,
99,
248,
148,
48,
193,
141,
244,
76,
128,
122,
39,
107,
77,
222,
241,
178,
119,
100,
221,
209,
103,
71,
131,
160,
198,
42,
74,
210,
240,
44,
207,
158,
255,
218,
211,
185,
241,
240,
148,
105,
267,
194,
163,
149,
181,
182,
203,
158,
67,
122,
241,
194,
168,
188,
159,
126,
201,
155,
104,
164,
242,
189,
152,
255,
143,
196,
156,
297,
218,
166,
139,
258,
196,
176,
130,
206,
287,
128,
179,
186,
247,
176,
166,
242,
49,
207,
131,
187,
207,
179,
145,
49,
248,
143,
45,
241,
131,
175,
288,
44,
170,
158,
198,
237,
137,
272,
183,
183,
189,
272,
255,
91,
157,
243,
43,
163,
115,
309,
204,
256,
169,
169,
167,
192,
231,
159,
231,
211,
199,
138,
176,
239,
37,
316,
263,
214,
199,
219,
161,
290,
182,
223,
298,
270,
267,
202,
257,
188,
209,
285,
35,
235,
290,
294,
150,
239,
252,
156,
131,
308,
234,
192,
299,
287,
153,
260,
190,
300,
154,
135,
209,
147,
299,
184,
228,
263,
131,
197,
200,
344,
112,
125,
264,
134,
268,
122,
174,
268,
121,
206,
170,
314,
224,
88,
112,
209,
244,
93,
82,
85,
84,
196,
201,
305,
77,
153,
83,
90,
199,
92,
182,
90,
255,
181,
130,
179,
180,
291,
73,
85,
167,
223,
185,
70,
221,
139,
141,
143,
201,
177,
219,
193,
130,
199,
57,
115,
212,
204,
131,
240,
237,
172,
174,
369,
199,
156,
197,
218,
236,
367,
234,
66,
105,
226,
66,
264,
229,
202,
63,
240,
135,
173,
128,
198,
196,
185,
189,
370,
179,
184,
159,
56,
117,
173,
170,
204,
130,
174,
41,
158,
55,
149,
188,
213,
206,
174,
183,
217,
230,
145,
158,
177,
244,
45,
78,
144,
215,
305,
40,
264,
351,
167,
39,
234,
285,
179,
354,
211,
388,
160,
36,
123,
198,
173,
131,
292,
119,
31,
106,
253,
283,
198,
375,
307,
261,
189,
184,
234,
164,
289,
293,
247,
262,
275,
256,
163,
241,
209,
128,
240,
340,
237,
137,
312,
263,
34,
259,
130,
319,
312,
280,
167,
147,
189,
253,
250,
371,
287,
304,
246,
259,
211,
205,
299,
276,
191,
199,
292,
207,
217,
269,
204,
209,
291,
371,
35,
161,
195,
227,
194,
172,
43,
115,
286,
157,
184,
36,
108,
370,
36,
40,
253,
114,
191,
338,
349,
305,
96,
89,
105,
390,
75,
91,
199,
359,
49,
284,
243,
343,
82,
286,
171,
384,
251,
78,
75,
185,
234,
313,
188,
185,
182,
86,
277,
239,
147,
168,
180,
165,
209,
119,
200,
142,
60,
236,
176,
113,
226,
248,
151,
166,
232,
131,
229,
405,
406,
221,
225,
41,
55,
106,
111,
153,
208,
246,
131,
197,
221,
357,
123,
183,
231,
195,
279,
234,
293,
49,
252,
114,
188,
180,
186,
182,
152,
299,
163,
207,
261,
187,
190,
202,
180,
45,
182,
131,
148,
293,
204,
196,
172,
265,
182,
152,
176,
186,
215,
186,
39,
172,
37,
145,
203,
283,
249,
112,
219,
222,
202,
195,
171,
252,
190,
207,
397,
35,
162,
297,
170,
238,
144,
168,
197,
180,
141,
403,
227,
184,
353,
436,
205,
171,
41,
123,
338,
170,
167,
262,
403,
273,
316,
342,
248,
280,
318,
54,
264,
131,
224,
456,
308,
140,
181,
363,
169,
452,
166,
310,
37,
319,
283,
208,
217,
332,
427,
245,
444,
222,
176,
354,
165,
293,
467,
319,
317,
164,
365,
39,
216,
436,
251,
179,
260,
296,
264,
318,
445,
297,
157,
282,
310,
223,
406,
312,
40,
147,
280,
317,
204,
435,
293,
271,
35,
137,
291,
349,
330,
150,
377,
204,
227,
466,
327,
299,
241,
85,
456,
436,
171,
405,
99,
430,
82,
92,
254,
39,
82,
301,
71,
52,
51,
216,
46,
452,
291,
182,
198,
330,
196,
48,
232,
207,
71,
104,
341,
49,
170,
50,
196,
168,
204,
171,
181,
139,
174,
251,
198,
156,
65,
80,
160,
247,
238,
238,
115,
65,
201,
250,
218,
104,
228,
64,
267,
216,
245,
112,
385,
327,
266,
236,
207,
177,
202,
342,
213,
147,
329,
206,
154,
44,
198,
295,
239,
130,
145,
193,
37,
274,
120,
187,
189,
56,
190,
219,
110,
256,
215,
202,
167,
263,
56,
195,
444,
153,
55,
179,
201,
250,
162,
53,
220,
151,
146,
156,
54,
153,
180,
240,
187,
193,
454,
166,
167,
42,
215,
162,
239,
447,
235,
203,
161,
194,
314,
141,
40,
279,
221,
116,
175,
194,
311,
332,
119,
424,
344,
110,
226,
195,
173,
254,
37,
199,
167,
421,
271,
42,
164,
194,
297,
466,
325,
332,
145,
186,
359,
413,
352,
199,
270,
180,
195,
149,
341,
393,
319,
141,
373,
194,
487,
140,
42,
147,
407,
423,
371,
185,
230,
405,
425,
43,
427,
402,
144,
370,
364,
266,
282,
129,
243,
462,
196,
313,
155,
37,
271,
424,
242,
322,
321,
229,
397,
259,
353,
320,
374,
109,
269,
444,
212,
274,
360,
134,
413,
279,
460,
251,
284,
333,
288,
443,
208,
346,
495,
171,
200,
359,
361,
431,
435,
375,
43,
103,
252,
414,
330,
301,
112,
221,
508,
89,
361,
353,
314,
258,
310,
207,
464,
370,
345,
503,
35,
87,
276,
480,
458,
93,
176,
372,
466,
230,
165,
72,
168,
184,
482,
461,
179,
162,
187,
234,
230,
170,
143,
174,
382,
386,
195,
127,
40,
161,
165,
231,
251,
339,
160,
149,
176,
213,
212,
72,
269,
146,
218,
254,
323,
212,
453,
42,
352,
252,
41,
245,
211,
162,
254,
287,
221,
396,
265,
180,
253,
40,
334,
240,
188,
122,
242,
197,
250,
195,
150,
65,
201,
130,
277,
159,
161,
173,
128,
204,
119,
114,
184,
163,
123,
208,
59,
184,
501,
117,
352,
180,
248,
122,
366,
366,
256,
356,
129,
275,
329,
212,
197,
136,
436,
259,
214,
220,
169,
200,
319,
340,
187,
488,
193,
475,
150,
207,
215,
40,
361,
138,
213,
38,
153,
190,
485,
241,
59,
475,
243,
306,
146,
263,
260,
437,
215,
350,
140,
163,
296,
331,
259,
255,
193,
56,
200,
137,
430,
196,
207,
176,
328,
219,
162,
269,
127,
336,
158,
138,
128,
187,
466,
443,
154,
307,
151,
348,
362,
313,
39,
289,
176,
277,
385,
355,
328,
348,
330,
385,
303,
396,
383,
417,
143,
279,
547,
223,
241,
504,
188,
173,
140,
246,
360,
192,
463,
136,
343,
419,
334,
456,
513,
373,
398,
344,
175,
254,
481,
469,
168,
118,
511,
482,
261,
94,
255,
235,
257,
508,
101,
138,
479,
49,
90,
504,
108,
472,
271,
508,
219,
101,
463,
313,
137,
376,
183,
109,
50,
469,
257,
143,
48,
39,
475,
461,
224,
261,
206,
388,
206,
100,
275,
169,
244,
396,
252,
105,
270,
189,
342,
238,
190,
160,
202,
230,
217,
261,
189,
178,
201,
166,
181,
100,
158,
173,
240,
170,
147,
459,
182,
248,
99,
290,
151,
180,
474,
177,
202,
44,
345,
249,
442,
419,
89,
164,
160,
171,
477,
189,
151,
160,
237,
157,
231,
171,
146,
155,
434,
159,
329,
211,
157,
213,
268,
520,
153,
144,
136,
83,
202,
247,
362,
82,
249,
400,
102,
424,
110,
274,
208,
286,
411,
325,
194,
141,
533,
480,
204,
378,
84,
362,
330,
174,
246,
359,
273,
172,
122,
190,
223,
153,
182,
185,
335,
135,
272,
86,
172,
276,
189,
165,
157,
305,
96,
446,
107,
362,
294,
435,
302,
251,
142,
327,
189,
414,
531,
77,
476,
196,
455,
363,
245,
337,
178,
177,
200,
238,
407,
169,
75,
281,
127,
261,
284,
273,
169,
307,
362,
202,
466,
319,
256,
270,
243,
197,
154,
404,
251,
378,
289,
536,
112,
350,
148,
297,
419,
336,
125,
456,
109,
309,
104,
148,
249,
150,
394,
411,
375,
193,
169,
329,
273,
196,
521,
291,
367,
287,
470,
288,
303,
468,
427,
345,
425,
171,
474,
417,
322,
461,
137,
180,
406,
439,
122,
312,
96,
447,
524,
63,
39,
358,
344,
500,
469,
80,
280,
271,
340,
277,
201,
223,
273,
541,
280,
127,
397,
527,
272,
257,
265,
221,
228,
289,
256,
116,
191,
537,
242,
238,
230,
220,
345,
330,
362,
225,
114,
275,
226,
210,
143,
202,
192,
109,
472,
269,
194,
176,
205,
224,
174,
208,
222,
204,
187,
192,
217,
454,
85,
178,
236,
120,
198,
105,
221,
193,
190,
212,
101,
184,
154,
405,
190,
106,
187,
175,
463,
243,
137,
178,
425,
507,
273,
198,
129,
103,
441,
265,
359,
179,
431,
331,
371,
523,
450,
215,
213,
134,
272,
256,
133,
246,
270,
536,
179,
180,
519,
309,
95,
168,
135,
492,
174,
457,
270,
142,
211,
147,
39,
377,
478,
231,
238,
266,
135,
124,
214,
479,
205,
189,
438,
228,
150,
499,
110,
192,
193,
148,
207,
154,
108,
43,
177,
434,
454,
159,
433,
170,
180,
349,
112,
169,
205,
122,
310,
441,
114,
141,
244,
103,
469,
258,
324,
287,
172,
286,
168,
401,
225,
136,
139,
42,
315,
284,
216,
101,
273,
333,
332,
298,
334,
365,
299,
312,
128,
251,
249,
505,
324,
44,
435,
545,
284,
196,
174,
307,
181,
44,
525,
306,
247,
412,
451,
468,
527,
151,
533,
438,
228,
152,
422,
399,
491,
263,
37,
403,
167,
457,
295,
341,
456,
436,
125,
379,
440,
130,
370,
536,
178,
489,
109,
404,
61,
112,
163,
396,
565,
107,
502,
46,
315,
297,
163,
83,
306,
190,
88,
84,
584,
271,
39,
285,
516,
182,
286,
303,
585,
281,
277,
351,
287,
284,
267,
180,
263,
222,
233,
455,
348,
42,
292,
277,
40,
235,
268,
306,
261,
288,
230,
259,
508,
210,
257,
175,
39,
227,
241,
220,
246,
208,
227,
218,
197,
253,
258,
507,
238,
78,
174,
206,
146,
135,
497,
201,
400,
139,
253,
232,
237,
219,
230,
386,
215,
397,
145,
38,
340,
348,
482,
476,
83,
228,
173,
505,
329,
123,
450,
330,
274,
320,
349,
277,
111,
282,
318,
325,
203,
103,
530,
164,
344,
177,
469,
221,
107,
252,
277,
157,
171,
136,
293,
327,
172,
129,
447,
110,
214,
218,
308,
183,
128,
328,
195,
148,
241,
130,
210,
379,
120,
158,
384,
241,
202,
149,
96,
127,
191,
529,
201,
182,
94,
442,
598,
130,
229,
344,
197,
109,
136,
327,
140,
108,
222,
162,
345,
144,
189,
174,
180,
309,
333,
331,
151,
423,
463,
219,
280,
188,
289,
265,
182,
181,
317,
323,
322,
142,
329,
445,
135,
450,
532,
41,
224,
556,
380,
267,
291,
506,
429,
434,
515,
308,
148,
322,
212,
383,
451,
570,
421,
277,
251,
428,
542,
128,
139,
127,
116,
45,
213,
543,
43,
245,
465,
551,
183,
69,
278,
130,
113,
46,
219,
455,
44,
539,
42,
37,
464,
451,
258,
256,
50,
551,
451,
280,
338,
48,
516,
657,
52,
131,
47,
332,
489,
325,
516,
85,
133,
314,
319,
295,
347,
313,
178,
526,
44,
310,
155,
94,
282,
324,
294,
274,
185,
228,
270,
282,
268,
170,
226,
248,
268,
236,
340,
256,
254,
38,
152,
145,
190,
282,
220,
293,
220,
240,
241,
154,
171,
195,
529,
236,
249,
449,
152,
524,
238,
340,
169,
247,
223,
234,
294,
229,
390,
162,
151,
152,
541,
111,
434,
527,
149,
234,
319,
241,
150,
144,
342,
542,
623,
273,
561,
42,
619,
188,
175,
140,
308,
149,
244,
89,
276,
482,
170,
85,
260,
46,
195,
215,
104,
259,
40,
353,
174,
149,
171,
152,
117,
294,
168,
124,
475,
131,
462,
244,
291,
282,
180,
170,
584,
327,
275,
253,
294,
41,
234,
489,
123,
281,
149,
140,
204,
305,
327,
218,
257,
458,
589,
655,
319,
139,
243,
238,
143,
123,
488,
125,
385,
138,
291,
605,
141,
205,
255,
279,
286,
477,
147,
124,
572,
303,
355,
314,
496,
467,
42,
393,
338,
209,
171,
470,
429,
301,
193,
452,
486,
40,
221,
319,
151,
473,
217,
193,
634,
41,
253,
280,
473,
267,
627,
142,
138,
210,
135,
512,
164,
602,
96,
158,
128,
40,
559,
49,
303,
314,
169,
64,
494,
35,
120,
443,
428,
45,
205,
104,
490,
36,
284,
152,
192,
720,
429,
350,
588,
119,
301,
95,
281,
43,
41,
515,
310,
260,
494,
333,
442,
277,
316,
317,
283,
341,
327,
276,
276,
293,
263,
308,
311,
362,
379,
298,
278,
249,
296,
307,
288,
275,
278,
352,
277,
291,
284,
574,
273,
264,
263,
214,
253,
306,
344,
224,
164,
38,
386,
164,
468,
323,
286,
281,
508,
210,
86,
699,
592,
130,
317,
400,
163,
242,
85,
263,
300,
250,
146,
236,
161,
388,
134,
318,
392,
181,
432,
203,
44,
424,
164,
153,
498,
419,
256,
143,
382,
111,
390,
142,
300,
130,
296,
159,
182,
352,
376,
211,
396,
210,
262,
128,
333,
490,
383,
181,
141,
193,
118,
199,
43,
186,
466,
373,
379,
283,
204,
169,
146,
156,
410,
323,
618,
471,
204,
509,
289,
166,
318,
276,
198,
185,
303,
123,
527,
185,
182,
182,
140,
541,
356,
714,
49,
183,
272,
351,
533,
193,
239,
122,
279,
412,
404,
224,
258,
717,
430,
618,
483,
362,
329,
411,
41,
470,
653,
479,
423,
311,
271,
478,
145,
44,
485,
273,
634,
89,
51,
47,
663,
475,
313,
167,
145,
585,
39,
236,
78,
94,
501,
320,
551,
655,
339,
280,
334,
339,
596,
611,
264,
622,
85,
284,
420,
266,
592,
555,
81,
76,
569,
526,
131,
79,
564,
418,
343,
817,
231,
306,
326,
342,
332,
270,
212,
331,
296,
211,
134,
326,
259,
282,
295,
611,
334,
255,
317,
319,
306,
315,
421,
236,
283,
195,
318,
220,
767,
494,
300,
680,
240,
336,
304,
257,
312,
282,
202,
233,
161,
467,
781,
284,
253,
337,
257,
312,
420,
302,
304,
340,
316,
520,
388,
150,
233,
301,
143,
297,
267,
99,
394,
595,
217,
378,
110,
373,
174,
231,
528,
305,
161,
313,
218,
505,
130,
500,
212,
204,
211,
312,
152,
361,
218,
230,
43,
284,
496,
218,
145,
120,
378,
217,
264,
207,
131,
189,
155,
240,
205,
568,
200,
144,
284,
44,
158,
204,
498,
41,
334,
189,
344,
601,
40,
329,
214,
194,
193,
528,
166,
348,
159,
457,
225,
182,
288,
341,
283,
138,
165,
42,
699,
227,
128,
142,
186,
150,
282,
316,
307,
177,
325,
128,
39,
166,
479,
149,
134,
242,
387,
218,
478,
386,
334,
151,
133,
394,
185,
282,
523,
309,
506,
626,
539,
37,
494,
511,
392,
557,
127,
186,
184,
112,
136,
201,
816,
43,
167,
177,
162,
42,
612,
167,
545,
439,
283,
488,
110,
295,
96,
326,
104,
39,
593,
400,
45,
113,
382,
599,
126,
625,
373,
589,
155,
152,
211,
605,
565,
562,
605,
413,
136,
159,
45,
477,
157,
558,
372,
369,
270,
209,
484,
607,
319,
51,
314,
303,
46,
333,
649,
336,
276,
230,
114,
140,
289,
904,
228,
135,
287,
379,
296,
502,
111,
316,
286,
362,
412,
228,
385,
274,
217,
335,
202,
268,
248,
266,
218,
330,
249,
225,
368,
643,
320,
237,
263,
326,
324,
282,
326,
375,
198,
316,
423,
261,
336,
143,
290,
214,
305,
560,
260,
441,
387,
157,
148,
335,
277,
340,
451,
638,
142,
327,
317,
113,
381,
194,
325,
149,
320,
263,
112,
297,
369,
606,
143,
210,
185,
89,
167,
615,
176,
203,
318,
235,
251,
227,
44,
351,
493,
186,
225,
501,
165,
170,
340,
306,
187,
121,
396,
616,
258,
205,
167,
459,
237,
330,
236,
205,
126,
483,
166,
154,
241,
595,
324,
192,
201,
219,
322,
264,
304,
194,
468,
147,
46,
397,
272,
298,
137,
235,
229,
141,
193,
172,
363,
605,
124,
547,
194,
214,
522,
228,
149,
371,
123,
197,
295,
483,
130,
360,
624,
280,
561,
200,
188,
212,
860,
877,
174,
355,
538,
163,
193,
206,
590,
332,
42,
43,
562,
843,
135,
198,
831,
214,
584,
547,
483,
148,
436,
366,
859,
575,
578,
532,
264,
147,
45,
523,
527,
41,
131,
271,
560,
342,
43,
509,
323,
364,
626,
120,
345,
74,
940,
48,
247,
496,
433,
44,
662,
538,
452,
593,
73,
376,
76,
353,
665,
562,
312,
410,
612,
77,
486,
39,
444,
293,
147,
621,
424,
89,
628,
146,
39,
82,
510,
237,
283,
307,
506,
266,
297,
271,
439,
234,
233,
229,
429,
489,
224,
281,
400,
229,
209,
392,
339,
625,
207,
226,
244,
50,
200,
187,
339,
228,
244,
483,
143,
383,
255,
151,
230,
203,
482,
225,
342,
207,
332,
267,
202,
336,
333,
612,
194,
338,
337,
422,
400,
181,
389,
45,
342,
185,
626,
234,
243,
334,
412,
346,
338,
533,
307,
144,
330,
161,
318,
376,
99,
139,
294,
38,
600,
291,
262,
188,
151,
553,
462,
127,
287,
411,
383,
358,
194,
237,
148,
217,
227,
347,
260,
115,
177,
224,
409,
266,
175,
409,
170,
258,
98,
110,
393,
400,
197,
216,
190,
541,
626,
180,
375,
292,
368,
188,
261,
182,
308,
136,
592,
305,
361,
344,
571,
186,
205,
350,
226,
195,
192,
238,
142,
162,
190,
108,
189,
391,
328,
605,
298,
355,
132,
164,
125,
283,
201,
174,
264,
173,
189,
124,
193,
324,
152,
210,
321,
598,
248,
210,
209,
202,
115,
417,
131,
252,
323,
222,
156,
260,
193,
130,
236,
297,
221,
191,
349,
216,
194,
258,
250,
222,
194,
226,
614,
43,
601,
436,
227,
910,
39,
85,
896,
188,
348,
114,
881,
596,
176,
587,
898,
78,
566,
169,
572,
924,
570,
942,
551,
632,
555,
621,
210,
662,
582,
46,
482,
37,
704,
325,
159,
72,
197,
47,
417,
46,
343,
82,
482,
174,
44,
446,
463,
40,
343,
76,
581,
171,
684,
1051,
703,
509,
487,
258,
475,
271,
608,
231,
412,
470,
600,
167,
238,
536,
462,
245,
260,
177,
73,
189,
557,
402,
338,
269,
231,
294,
43,
299,
398,
414,
219,
541,
41,
330,
387,
382,
206,
410,
233,
291,
414,
409,
295,
240,
558,
288,
200,
407,
40,
239,
321,
405,
650,
345,
544,
401,
182,
312,
407,
214,
372,
371,
39,
177,
230,
249,
268,
342,
584,
232,
366,
162,
124,
361,
196,
112,
319,
110,
344,
208,
189,
568,
358,
645,
210,
356,
170,
197,
385,
292,
449,
302,
43,
290,
435,
332,
266,
289,
131,
470,
295,
415,
293,
555,
123,
345,
366,
209,
342,
292,
161,
246,
142,
346,
366,
76,
535,
196,
223,
92,
254,
112,
401,
142,
165,
342,
550,
122,
287,
484,
164,
334,
102,
195,
145,
265,
290,
165,
282,
539,
109,
196,
660,
167,
197,
241,
166,
302,
129,
618,
114,
926,
197,
274,
308,
690,
325,
1053,
39,
225,
170,
273,
184,
151,
182,
630,
376,
210,
202,
278,
464,
387,
89,
181,
347,
206,
149,
202,
166,
134,
180,
162,
689,
649,
139,
618,
563,
154,
248,
495,
602,
217,
362,
174,
162,
97,
240,
466,
593,
242,
136,
599,
957,
269,
293,
314,
107,
120,
40,
179,
122,
265,
289,
92,
129,
90,
43,
173,
468,
39,
540,
579,
149,
662,
87,
79,
668,
49,
653,
195,
192,
295,
634,
149,
647,
335,
203,
75,
655,
664,
75,
146,
322,
503,
69,
516,
462,
501,
380,
226,
484,
386,
147,
195,
193,
248,
345,
189,
196,
455,
264,
161,
41,
166,
430,
238,
1140,
249,
236,
245,
425,
440,
428,
392,
354,
400,
326,
37,
322,
262,
418,
350,
408,
235,
39,
405,
390,
240,
413,
336,
250,
601,
341,
336,
402,
418,
235,
427,
450,
308,
286,
340,
413,
321,
425,
210,
429,
279,
323,
121,
436,
409,
193,
177,
133,
350,
506,
258,
259,
241,
589,
261,
178,
150,
218,
306,
82,
618,
411,
179,
234,
418,
565,
206,
274,
231,
208,
207,
263,
353,
477,
460,
337,
170,
175,
603,
336,
176,
238,
576,
350,
334,
430,
465,
163,
232,
168,
326,
146,
218,
289,
184,
425,
334,
556,
197,
420,
698,
188,
181,
154,
285,
405,
352,
554,
170,
133,
115,
276,
360,
400,
539,
368,
273,
701,
365,
82,
135,
179,
532,
183,
435,
273,
316,
120,
292,
326,
265,
241,
201,
126,
226,
280,
199,
335,
146,
226,
219,
45,
415,
622,
211,
258,
331,
269,
38,
248,
349,
652,
336,
558,
341,
699,
630,
275,
185,
229,
127,
280,
248,
462,
399,
230,
303,
636,
159,
43,
235,
41,
580,
311,
273,
226,
421,
51,
302,
361,
231,
630,
162,
326,
287,
633,
179,
320,
177,
130,
222,
215,
656,
303,
230,
195,
141,
574,
218,
504,
373,
648,
157,
104,
90,
145,
73,
649,
70,
41,
124,
590,
121,
497,
557,
675,
418,
43,
38,
541,
373,
240,
605,
202,
75,
534,
732,
653,
79,
244,
221,
408,
217,
217,
249,
677,
654,
398,
339,
481,
335,
338,
409,
1191,
619,
232,
246,
226,
334,
194,
634,
201,
244,
149,
414,
175,
279,
198,
420,
230,
413,
186,
160,
634,
183,
1028,
88,
181,
161,
585,
343,
172,
102,
154,
470,
418,
261,
257,
169,
170,
273,
272,
248,
167,
268,
131,
250,
231,
282,
167,
134,
182,
334,
309,
333,
180,
242,
161,
344,
119,
182,
188,
412,
287,
124,
38,
357,
171,
698,
182,
157,
517,
302,
197,
1095,
199,
308,
168,
365,
185,
166,
381,
264,
182,
580,
459,
157,
287,
130,
172,
175,
223,
145,
37,
135,
294,
262,
193,
273,
320,
148,
203,
184,
178,
228,
299,
190,
170,
168,
209,
199,
610,
614,
185,
147,
315,
147,
191,
292,
249,
647,
399,
131,
301,
152,
208,
653,
219,
351,
662,
216,
315,
582,
186,
254,
1062,
563,
381,
216,
172,
322,
550,
45,
229,
312,
627,
425,
169,
702,
206,
160,
637,
182,
46,
199,
325,
203,
222,
303,
718,
196,
337,
655,
179,
423,
349,
173,
48,
140,
194,
656,
119,
179,
375,
108,
381,
349,
133,
204,
730,
101,
154,
206,
69,
156,
289,
198,
207,
75,
216,
149,
399,
289,
201,
43,
136,
603,
291,
439,
735,
44,
138,
43,
114,
738,
551,
282,
219,
558,
104,
43,
217,
41,
98,
245,
222,
242,
228,
109,
738,
186,
335,
245,
233,
47,
603,
202,
367,
259,
322,
199,
687,
403,
117,
327,
333,
480,
323,
123,
422,
408,
138,
215,
226,
272,
557,
694,
413,
419,
234,
329,
162,
754,
175,
433,
704,
381,
227,
431,
161,
172,
225,
130,
437,
425,
39,
89,
498,
176,
219,
193,
161,
235,
709,
214,
283,
712,
346,
67,
335,
199,
291,
422,
429,
178,
144,
353,
388,
418,
407,
36,
152,
348,
462,
203,
187,
459,
148,
163,
247,
346,
191,
162,
308,
390,
128,
188,
270,
188,
206,
348,
308,
161,
168,
165,
313,
215,
240,
277,
327,
349,
186,
219,
506,
162,
219,
362,
211,
342,
486,
621,
374,
249,
170,
148,
173,
334,
347,
218,
195,
42,
169,
285,
234,
306,
41,
144,
301,
380,
228,
170,
161,
170,
37,
145,
235,
522,
297,
340,
428,
145,
373,
170,
124,
198,
498,
375,
160,
138,
163,
554,
191,
188,
278,
533,
306,
1135,
152,
566,
137,
173,
152,
179,
172,
237,
200,
201,
529,
340,
366,
1141,
260,
148,
183,
335,
212,
201,
43,
365,
339,
244,
586,
199,
1187,
149,
225,
292,
193,
716,
411,
161,
42,
207,
247,
223,
381,
204,
143,
729,
474,
371,
198,
161,
372,
48,
146,
182,
179,
471,
217,
550,
740,
394,
458,
480,
561,
452,
637,
155,
329,
327,
192,
561,
371,
104,
738,
560,
407,
166,
179,
101,
211,
605,
502,
154,
82,
47,
210,
151,
78,
45,
133,
81,
490,
725,
320,
319,
212,
134,
183,
457,
616,
459,
584,
760,
126,
452,
519,
166,
305,
275,
264,
306,
503,
127,
210,
275,
255,
596,
137,
328,
270,
102,
560,
332,
311,
589,
158,
318,
305,
231,
154,
427,
250,
94,
301,
418,
312,
450,
325,
404,
151,
153,
212,
179,
254,
186,
96,
163,
191,
257,
418,
421,
331,
343,
157,
284,
253,
87,
152,
177,
339,
151,
295,
39,
420,
338,
350,
91,
430,
532,
227,
275,
143,
238,
183,
409,
346,
276,
226,
288,
182,
250,
1196,
139,
248,
190,
224,
183,
172,
212,
276,
200,
546,
250,
238,
427,
196,
789,
188,
287,
163,
404,
404,
501,
153,
120,
276,
199,
593,
138,
423,
238,
321,
148,
200,
196,
359,
565,
182,
239,
209,
605,
39,
148,
189,
334,
307,
262,
192,
258,
177,
795,
792,
334,
235,
150,
280,
283,
222,
185,
207,
121,
277,
555,
354,
525,
166,
134,
241,
249,
214,
304,
217,
760,
142,
520,
686,
192,
161,
312,
166,
180,
180,
340,
148,
391,
437,
465,
347,
133,
740,
132,
161,
485,
324,
488,
190,
125,
226,
184,
743,
247,
222,
145,
650,
757,
1260,
487,
43,
824,
187,
474,
726,
457,
153,
718,
726,
135,
413,
275,
356,
178,
270,
389,
65,
478,
177,
99,
275,
175,
742,
260,
44,
75,
149,
478,
279,
756,
123,
48,
584,
156,
42,
40,
125,
631,
369,
49,
622,
132,
742,
1471,
622,
206,
343,
332,
309,
133,
296,
176,
124,
180,
303,
262,
207,
268,
312,
96,
296,
281,
245,
313,
209,
184,
414,
411,
204,
287,
399,
254,
263,
203,
238,
284,
209,
174,
284,
510,
198,
412,
218,
287,
169,
178,
341,
410,
396,
339,
481,
197,
158,
292,
167,
157,
429,
170,
103,
151,
155,
348,
156,
323,
131,
94,
256,
227,
342,
195,
170,
477,
424,
337,
221,
165,
232,
41,
145,
221,
145,
180,
242,
105,
41,
344,
388,
161,
155,
135,
206,
292,
338,
433,
142,
494,
212,
40,
246,
161,
264,
187,
242,
415,
207,
395,
395,
132,
162,
240,
205,
303,
371,
242,
186,
173,
335,
178,
315,
186,
183,
188,
154,
257,
177,
199,
184,
362,
45,
200,
466,
220,
143,
139,
176,
295,
174,
540,
38,
132,
351,
148,
274,
162,
324,
129,
248,
198,
235,
113,
501,
139,
167,
379,
131,
294,
737,
39,
798,
778,
737,
42,
302,
751,
179,
506,
738,
38,
1269,
811,
303,
187,
187,
735,
137,
733,
735,
133,
462,
165,
107,
228,
100,
747,
502,
84,
405,
126,
146,
312,
42,
748,
42,
170,
43,
400,
755,
324,
81,
481,
323,
461,
158,
207,
36,
772,
204,
214,
83,
777,
162,
654,
44,
170,
45,
39,
261,
636,
293,
170,
80,
213,
314,
150,
236,
202,
305,
148,
312,
832,
322,
166,
310,
409,
778,
308,
305,
214,
407,
316,
436,
339,
213,
178,
304,
309,
329,
250,
152,
457,
308,
330,
209,
143,
169,
336,
147,
242,
1537,
213,
200,
409,
322,
250,
148,
122,
178,
403,
517,
232,
231,
374,
363,
166,
131,
121,
214,
221,
155,
362,
120,
207,
219,
333,
165,
345,
333,
159,
243,
235,
792,
87,
103,
312,
336,
193,
329,
85,
118,
165,
133,
277,
127,
334,
302,
233,
380,
235,
344,
320,
223,
191,
524,
303,
163,
167,
314,
176,
117,
259,
161,
231,
295,
282,
166,
196,
211,
240,
230,
204,
39,
206,
164,
205,
173,
139,
517,
154,
350,
221,
247,
152,
261,
187,
136,
789,
217,
138,
288,
517,
110,
265,
130,
549,
505,
175,
281,
391,
163,
190,
548,
191,
727,
296,
258,
337,
142,
204,
720,
103,
200,
183,
170,
135,
726,
141,
254,
711,
130,
145,
121,
45,
466,
745,
44,
103,
45,
51,
107,
308,
731,
824,
375,
555,
805,
775,
811,
141,
106,
101,
104,
325,
665,
104,
369,
416,
93,
489,
325,
503,
96,
113,
195,
243,
298,
520,
91,
87,
579,
391,
354,
248,
74,
55,
574,
209,
44,
210,
222,
661,
184,
162,
142,
577,
705,
154,
1612,
263,
683,
304,
686,
437,
304,
441,
179,
277,
768,
272,
681,
152,
193,
309,
197,
401,
300,
218,
166,
250,
34,
450,
322,
239,
369,
279,
220,
319,
295,
421,
422,
408,
177,
395,
584,
245,
319,
770,
404,
179,
216,
247,
216,
164,
237,
151,
339,
331,
403,
183,
233,
185,
140,
121,
697,
345,
511,
1373,
257,
193,
165,
173,
148,
338,
143,
418,
335,
334,
341,
1627,
139,
413,
179,
548,
257,
331,
279,
277,
102,
492,
163,
117,
195,
345,
76,
342,
40,
81,
110,
206,
432,
271,
106,
120,
160,
155,
113,
153,
259,
312,
464,
692,
149,
192,
275,
160,
346,
130,
329,
46,
312,
141,
499,
114,
349,
277,
271,
133,
136,
240,
161,
171,
287,
201,
116,
160,
147,
158,
189,
147,
348,
180,
155,
199,
148,
161,
314,
50,
163,
1478,
139,
200,
161,
167,
198,
183,
144,
178,
179,
704,
165,
132,
189,
261,
169,
180,
636,
134,
131,
140,
793,
155,
111,
722,
150,
210,
642,
95,
848,
565,
786,
428,
543,
42,
106,
846,
635,
527,
160,
183,
70,
522,
39,
1670,
578,
119,
636,
273,
158,
474,
111,
576,
354,
399,
282,
412,
564,
174,
555,
90,
294,
113,
146,
493,
293,
42,
386,
189,
358,
58,
70,
164,
89,
138,
759,
137,
45,
575,
122,
745,
44,
347,
325,
737,
284,
576,
271,
36,
883,
476,
267,
312,
306,
438,
481,
195,
132,
288,
248,
307,
326,
411,
41,
224,
240,
240,
458,
247,
175,
399,
261,
331,
160,
89,
205,
310,
317,
410,
340,
197,
90,
468,
260,
383,
408,
323,
621,
165,
456,
257,
327,
337,
418,
322,
250,
158,
325,
114,
148,
346,
242,
247,
236,
379,
342,
138,
157,
465,
321,
257,
78,
408,
316,
181,
251,
145,
337,
390,
334,
122,
298,
110,
149,
509,
146,
465,
100,
235,
83,
159,
116,
257,
362,
38,
499,
120,
373,
379,
387,
215,
336,
400,
142,
133,
612,
386,
316,
392,
212,
280,
120,
428,
234,
312,
360,
165,
176,
148,
303,
321,
41,
571,
485,
288,
242,
115,
599,
283,
433,
167,
179,
609,
168,
151,
213,
114,
409,
192,
415,
604,
629,
213,
224,
254,
117,
43,
456,
429,
428,
630,
129,
164,
161,
128,
159,
509,
220,
150,
160,
107,
164,
229,
555,
124,
195,
87,
544,
152,
155,
220,
39,
554,
545,
1268,
23,
540,
72,
39,
199,
1230,
870,
571,
469,
81,
41,
405,
1421,
546,
933,
79,
1066,
590,
543,
910,
485,
420,
439,
903,
541,
591,
1251,
43,
493,
936,
399,
308,
586,
96,
494,
161,
454,
146,
501,
384,
456,
338,
350,
88,
88,
44,
141,
238,
313,
806,
274,
240,
43,
215,
565,
61,
822,
303,
246,
519,
42,
300,
202,
220,
453,
810,
273,
330,
390,
348,
198,
406,
269,
333,
568,
238,
335,
194,
245,
229,
200,
433,
46,
234,
237,
332,
244,
413,
193,
199,
76,
160,
206,
319,
191,
325,
252,
538,
406,
409,
40,
249,
272,
414,
227,
257,
220,
179,
457,
239,
347,
249,
91,
545,
340,
136,
404,
319,
409,
206,
339,
167,
389,
316,
332,
178,
157,
202,
163,
307,
214,
405,
462,
347,
174,
362,
93,
1549,
41,
290,
186,
214,
190,
157,
540,
426,
181,
169,
200,
205,
172,
202,
189,
306,
141,
460,
214,
150,
237,
385,
132,
413,
164,
124,
130,
102,
360,
114,
394,
251,
167,
426,
128,
130,
191,
376,
102,
548,
362,
174,
186,
373,
424,
147,
238,
430,
1645,
123,
122,
259,
426,
616,
400,
537,
168,
403,
348,
143,
326,
266,
198,
399,
118,
197,
533,
369,
611,
160,
509,
164,
154,
136,
350,
231,
110,
570,
203,
201,
201,
321,
147,
158,
168,
262,
314,
539,
214,
230,
129,
612,
166,
316,
119,
219,
210,
188,
298,
167,
609,
935,
340,
534,
1141,
961,
41,
134,
90,
185,
493,
530,
41,
408,
104,
85,
903,
157,
39,
212,
94,
147,
436,
486,
530,
43,
243,
74,
311,
44,
526,
329,
40,
627,
197,
429,
297,
505,
486,
450,
219,
625,
40,
313,
497,
382,
557,
863,
492,
347,
533,
551,
63,
466,
45,
43,
170,
174,
179,
201,
1006,
291,
193,
583,
867,
209,
167,
331,
219,
196,
249,
591,
229,
175,
187,
578,
177,
212,
412,
390,
223,
335,
184,
383,
575,
448,
202,
189,
325,
376,
311,
202,
419,
142,
233,
990,
254,
347,
173,
322,
212,
415,
170,
369,
326,
220,
199,
210,
160,
393,
314,
312,
414,
606,
409,
223,
466,
412,
438,
178,
283,
408,
214,
676,
447,
438,
293,
158,
241,
144,
616,
174,
145,
599,
312,
382,
264,
102,
175,
384,
222,
165,
408,
217,
598,
142,
190,
311,
113,
373,
215,
235,
204,
173,
239,
371,
228,
399,
490,
406,
219,
596,
142,
398,
212,
235,
180,
166,
252,
125,
407,
162,
199,
164,
387,
178,
433,
188,
404,
119,
132,
144,
198,
505,
425,
354,
509,
242,
116,
230,
420,
304,
379,
132,
509,
158,
409,
218,
215,
202,
376,
572,
155,
133,
277,
426,
165,
192,
150,
441,
164,
149,
388,
210,
397,
180,
170,
982,
172,
391,
126,
332,
288,
546,
145,
412,
997,
235,
306,
179,
143,
456,
166,
361,
925,
186,
270,
362,
343,
292,
296,
407,
1898,
1001,
42,
269,
191,
298,
158,
196,
179,
159,
37,
340,
472,
571,
434,
129,
933,
506,
536,
121,
97,
432,
88,
302,
37,
82,
1005,
36,
86,
98,
348,
513,
77,
502,
240,
330,
279,
495,
87,
269,
79,
82,
907,
288,
41,
906,
187,
42,
383,
573,
198,
192,
174,
236,
241,
167,
163,
239,
205,
224,
339,
603,
236,
399,
319,
192,
424,
234,
235,
317,
256,
326,
237,
164,
624,
324,
145,
251,
314,
242,
195,
37,
1917,
231,
255,
525,
429,
333,
437,
158,
221,
204,
481,
435,
170,
422,
430,
435,
524,
47,
349,
235,
163,
199,
303,
254,
158,
427,
416,
132,
83,
167,
173,
675,
224,
441,
172,
432,
1600,
351,
232,
133,
192,
314,
425,
119,
385,
349,
478,
193,
147,
185,
517,
214,
388,
525,
208,
347,
157,
571,
161,
438,
225,
268,
622,
265,
378,
235,
267,
552,
615,
519,
171,
210,
405,
175,
272,
458,
623,
217,
635,
136,
655,
201,
424,
213,
185,
470,
206,
175,
330,
406,
258,
436,
195,
190,
129,
372,
380,
207,
325,
519,
1038,
161,
603,
475,
371,
154,
978,
190,
647,
364,
349,
1017,
336,
415,
413,
630,
332,
160,
162,
234,
1022,
473,
377,
42,
481,
158,
434,
189,
452,
200,
629,
1031,
1997,
476,
42,
454,
438,
497,
327,
175,
518,
158,
649,
314,
44,
327,
217,
613,
459,
405,
179,
401,
142,
446,
371,
189,
266,
263,
572,
651,
236,
147,
135,
569,
142,
488,
295,
284,
672,
133,
248,
217,
139,
544,
115,
98,
52,
488,
986,
929,
918,
268,
49,
203,
574,
135,
210,
239,
43,
217,
40,
110,
224,
202,
39,
233,
198,
177,
77,
211,
226,
189,
704,
165,
443,
203,
430,
186,
227,
641,
144,
392,
499,
1445,
502,
222,
178,
335,
374,
182,
252,
197,
420,
496,
325,
422,
177,
499,
242,
486,
249,
337,
403,
528,
178,
419,
502,
378,
242,
654,
188,
495,
709,
391,
401,
484,
229,
439,
38,
422,
404,
231,
494,
190,
172,
468,
1327,
296,
169,
218,
186,
194,
199,
450,
2052,
234,
196,
232,
381,
411,
406,
182,
298,
247,
158,
324,
112,
260,
694,
230,
1384,
178,
229,
190,
145,
503,
172,
634,
242,
47,
366,
391,
164,
401,
189,
163,
310,
129,
193,
319,
686,
289,
405,
423,
147,
294,
350,
301,
243,
663,
394,
210,
253,
1093,
258,
451,
219,
533,
1313,
141,
463,
454,
199,
170,
310,
436,
1061,
145,
219,
141,
312,
384,
214,
309,
137,
194,
243,
383,
307,
400,
389,
180,
269,
339,
146,
309,
770,
376,
385,
381,
174,
210,
1100,
39,
543,
227,
347,
587,
2023,
1059,
262,
477,
387,
533,
383,
2039,
360,
716,
182,
439,
340,
41,
421,
1333,
650,
45,
238,
41,
156,
2080,
293,
506,
394,
383,
364,
1459,
1460,
375,
412,
241,
144,
328,
416,
1096,
39,
301,
507,
726,
50,
477,
188,
480,
738,
272,
678,
302,
175,
149,
153,
144,
124,
236,
424,
992,
38,
142,
992,
423,
248,
143,
737,
127,
990,
226,
974,
395,
208,
219,
557,
179,
233,
152,
116,
577,
227,
226,
405,
462,
178,
497,
326,
185,
181,
231,
323,
334,
331,
200,
364,
127,
685,
339,
338,
472,
322,
394,
210,
46,
316,
276,
217,
578,
508,
334,
278,
377,
354,
164,
235,
499,
502,
267,
515,
521,
276,
404,
345,
424,
499,
245,
390,
426,
495,
399,
234,
267,
517,
263,
389,
238,
330,
168,
270,
437,
502,
241,
207,
323,
496,
293,
330,
518,
377,
153,
2105,
240,
43,
402,
159,
194,
241,
235,
289,
221,
434,
184,
496,
231,
334,
172,
217,
390,
261,
363,
325,
342,
321,
272,
357,
523,
210,
286,
395,
1307,
141,
201,
355,
272,
281,
568,
371,
521,
349,
214,
147,
264,
339,
359,
245,
268,
322,
165,
319,
132,
209,
198,
291,
177,
1175,
336,
187,
508,
172,
239,
485,
295,
331,
1349,
214,
213,
177,
157,
483,
254,
217,
1396,
212,
178,
199,
171,
340,
126,
258,
278,
278,
183,
154,
144,
205,
209,
1403,
716,
344,
287,
145,
276,
232,
1146,
347,
191,
342,
447,
44,
229,
263,
1161,
199,
404,
648,
348,
311,
251,
1173,
244,
527,
291,
249,
187,
209,
379,
207,
283,
338,
317,
192,
311,
487,
221,
314,
151,
726,
242,
324,
489,
290,
2124,
296,
315,
101,
482,
269,
745,
168,
148,
210,
477,
269,
186,
166,
665,
59,
670,
157,
276,
749,
48,
2154,
42,
142,
1009,
1035,
747,
1005,
350,
350,
1222,
1004,
231,
143,
990,
199,
193,
364,
142,
40,
328,
262,
136,
686,
1311,
488,
291,
289,
445,
276,
447,
145,
277,
315,
398,
517,
331,
324,
241,
40,
267,
512,
239,
302,
156,
297,
421,
398,
390,
492,
476,
510,
286,
186,
318,
526,
240,
288,
506,
521,
439,
220,
172,
261,
251,
294,
260,
513,
176,
206,
520,
194,
228,
238,
181,
162,
342,
304,
214,
239,
250,
78,
43,
288,
179,
361,
321,
186,
362,
174,
372,
150,
199,
41,
176,
151,
163,
171,
407,
247,
180,
400,
125,
242,
177,
41,
48,
223,
222,
345,
2175,
231,
40,
162,
217,
260,
221,
1394,
40,
128,
383,
389,
144,
387,
407,
1401,
233,
212,
352,
499,
242,
42,
432,
206,
198,
255,
240,
1140,
538,
378,
192,
42,
346,
1096,
311,
263,
186,
41,
237,
219,
1179,
297,
501,
295,
287,
324,
1213,
250,
372,
295,
292,
487,
1181,
178,
216,
454,
410,
150,
154,
162,
158,
527,
555,
192,
45,
234,
735,
182,
495,
122,
44,
182,
480,
736,
298,
190,
642,
83,
737,
155,
303,
521,
524,
74,
36,
2147,
534,
467,
187,
172,
287,
741,
449,
186,
40,
266,
500,
1039,
665,
102,
476,
211,
1037,
189,
211,
201,
39,
478,
363,
465,
205,
313,
188,
371,
222,
335,
473,
348,
313,
316,
192,
516,
502,
399,
318,
391,
319,
179,
2250,
244,
312,
485,
162,
41,
1362,
333,
242,
314,
250,
504,
181,
151,
180,
224,
471,
193,
336,
656,
172,
326,
520,
349,
314,
310,
515,
180,
295,
359,
303,
193,
332,
284,
171,
190,
453,
334,
507,
165,
349,
501,
42,
266,
316,
397,
332,
152,
523,
229,
328,
427,
190,
347,
518,
313,
348,
355,
284,
180,
420,
412,
287,
245,
250,
266,
187,
164,
148,
194,
248,
221,
283,
654,
156,
326,
186,
686,
282,
267,
180,
235,
147,
132,
195,
489,
156,
141,
167,
200,
128,
318,
176,
541,
260,
258,
205,
189,
42,
317,
101,
90,
507,
306,
249,
145,
257,
148,
182,
137,
693,
143,
237,
250,
179,
305,
169,
322,
179,
287,
189,
336,
363,
299,
249,
164,
693,
494,
372,
176,
226,
115,
244,
178,
43,
272,
151,
139,
155,
481,
276,
210,
44,
632,
177,
143,
214,
368,
210,
254,
1312,
147,
381,
383,
176,
316,
244,
1231,
235,
369,
307,
360,
199,
319,
706,
242,
506,
38,
650,
173,
1250,
162,
1254,
41,
359,
143,
127,
469,
149,
175,
415,
162,
131,
487,
309,
205,
287,
661,
140,
490,
283,
197,
656,
379,
336,
316,
281,
472,
662,
1284,
204,
321,
491,
466,
42,
85,
116,
503,
652,
253,
345,
317,
72,
678,
175,
588,
275,
66,
1050,
481,
281,
271,
1029,
334,
163,
451,
268,
597,
148,
497,
1259,
2252,
366,
220,
38,
2114,
477,
1018,
266,
35,
130,
315,
223,
309,
329,
47,
287,
985,
389,
372,
222,
248,
396,
381,
420,
178,
159,
424,
401,
324,
328,
420,
417,
412,
211,
183,
321,
522,
579,
514,
317,
257,
199,
387,
202,
521,
236,
414,
158,
221,
512,
369,
160,
195,
347,
521,
135,
366,
517,
223,
303,
256,
513,
393,
277,
224,
262,
171,
1274,
282,
184,
364,
231,
257,
172,
194,
222,
166,
308,
202,
52,
145,
502,
41,
160,
157,
447,
173,
194,
570,
111,
169,
40,
159,
141,
270,
150,
543,
206,
128,
331,
149,
173,
333,
149,
118,
225,
705,
158,
42,
142,
43,
704,
117,
236,
395,
351,
143,
297,
136,
700,
261,
171,
135,
293,
137,
495,
45,
286,
178,
92,
136,
172,
134,
489,
223,
462,
638,
82,
477,
174,
246,
200,
261,
242,
2071,
484,
315,
150,
174,
122,
209,
429,
181,
439,
496,
2289,
1308,
491,
507,
214,
141,
137,
204,
193,
143,
168,
248,
368,
496,
158,
325,
232,
185,
255,
264,
224,
488,
487,
1324,
1321,
214,
242,
498,
133,
168,
295,
485,
278,
213,
640,
139,
284,
314,
303,
719,
251,
221,
248,
175,
630,
104,
111,
314,
44,
39,
228,
192,
143,
493,
132,
644,
38,
392,
1347,
451,
90,
498,
369,
286,
352,
41,
479,
101,
43,
270,
413,
337,
473,
39,
201,
200,
532,
261,
115,
1041,
1037,
516,
1032,
556,
2026,
156,
254,
355,
436,
182,
454,
151,
552,
59,
254,
422,
986,
444,
426,
415,
429,
394,
539,
241,
40,
416,
587,
135,
421,
421,
247,
425,
506,
414,
419,
372,
385,
141,
151,
689,
271,
41,
346,
76,
125,
585,
109,
41,
683,
72,
124,
299,
43,
249,
260,
464,
104,
135,
593,
216,
512,
463,
527,
176,
601,
418,
167,
523,
526,
247,
521,
114,
166,
45,
227,
438,
241,
121,
147,
135,
207,
270,
614,
241,
141,
482,
139,
262,
142,
186,
168,
168,
680,
95,
258,
624,
175,
124,
202,
437,
131,
181,
431,
180,
112,
208,
467,
222,
243,
96,
625,
122,
298,
270,
237,
444,
233,
288,
144,
98,
222,
623,
270,
621,
117,
169,
253,
124,
160,
189,
2112,
158,
246,
363,
222,
231,
40,
170,
95,
191,
642,
230,
411,
200,
222,
180,
253,
186,
204,
223,
169,
157,
471,
203,
175,
196,
202,
427,
274,
144,
1363,
213,
1239,
217,
171,
134,
184,
481,
201,
153,
246,
1395,
45,
181,
218,
147,
190,
630,
167,
41,
245,
127,
263,
482,
232,
222,
148,
130,
181,
260,
194,
147,
1233,
43,
264,
189,
200,
283,
632,
171,
206,
44,
154,
208,
315,
42,
571,
212,
422,
144,
395,
419,
119,
286,
91,
527,
522,
49,
397,
1071,
1204,
455,
384,
635,
122,
1327,
370,
45,
48,
266,
419,
46,
260,
38,
201,
350,
176,
659,
206,
323,
157,
1034,
1897,
288,
669,
173,
1713,
1041,
1030,
177,
455,
206,
474,
1022,
238,
47,
466,
162,
472,
476,
218,
439,
496,
307,
464,
472,
501,
47,
495,
398,
147,
423,
126,
230,
426,
237,
589,
485,
255,
592,
587,
419,
116,
234,
177,
216,
206,
142,
415,
145,
141,
233,
420,
125,
218,
305,
495,
230,
520,
416,
195,
157,
464,
500,
288,
426,
188,
40,
112,
103,
517,
588,
531,
174,
170,
130,
489,
225,
517,
523,
181,
461,
1467,
226,
171,
171,
135,
235,
261,
242,
598,
144,
151,
507,
216,
1198,
40,
198,
176,
165,
202,
135,
233,
440,
368,
439,
259,
134,
161,
166,
177,
216,
112,
167,
100,
165,
183,
544,
238,
287,
319,
191,
46,
178,
223,
183,
218,
485,
94,
547,
188,
210,
178,
613,
169,
238,
41,
440,
1121,
1347,
220,
2028,
262,
188,
1225,
228,
526,
192,
307,
305,
498,
173,
2072,
183,
157,
537,
1368,
186,
44,
167,
200,
223,
513,
280,
244,
210,
1378,
208,
163,
44,
183,
168,
189,
123,
1386,
250,
156,
158,
271,
214,
140,
227,
203,
161,
440,
222,
173,
142,
641,
545,
650,
206,
343,
217,
1646,
93,
175,
369,
407,
644,
385,
584,
340,
670,
82,
441,
1032,
62,
251,
214,
232,
50,
1034,
240,
107,
1032,
232,
42,
192,
202,
512,
485,
42,
358,
496,
1006,
158,
1036,
300,
221,
474,
225,
954,
321,
173,
310,
323,
193,
494,
473,
454,
48,
222,
205,
254,
177,
363,
590,
358,
341,
490,
171,
184,
429,
206,
496,
36,
424,
435,
130,
146,
328,
525,
180,
257,
141,
522,
145,
135,
108,
337,
519,
211,
1950,
101,
518,
235,
282,
130,
267,
512,
156,
174,
341,
494,
214,
519,
134,
42,
128,
112,
244,
232,
131,
418,
179,
238,
46,
139,
203,
119,
264,
121,
192,
132,
253,
177,
224,
164,
161,
433,
134,
212,
111,
198,
144,
114,
109,
223,
234,
264,
193,
42,
164,
202,
41,
227,
1167,
168,
170,
1393,
156,
302,
187,
1366,
1042,
179,
193,
206,
170,
175,
265,
1435,
220,
147,
181,
166,
199,
254,
1246,
147,
171,
178,
135,
189,
261,
1404,
155,
225,
1148,
205,
302,
648,
174,
188,
123,
284,
279,
206,
47,
184,
181,
175,
164,
650,
481,
220,
40,
45,
623,
212,
142,
130,
174,
1354,
178,
620,
462,
196,
378,
620,
168,
311,
146,
140,
128,
46,
193,
313,
155,
331,
412,
268,
118,
415,
235,
168,
609,
47,
662,
287,
46,
155,
576,
44,
658,
48,
160,
336,
111,
79,
226,
69,
1027,
592,
1974,
65,
159,
239,
319,
108,
275,
212,
278,
364,
246,
1005,
72,
104,
552,
676,
226,
160,
51,
952,
949,
273,
670,
94,
214,
163,
39,
945,
221,
520,
84,
551,
591,
41,
310,
203,
1187,
206,
446,
390,
396,
220,
40,
558,
231,
263,
1492,
576,
550,
584,
495,
509,
275,
168,
267,
513,
486,
197,
621,
621,
325,
600,
176,
254,
434,
510,
426,
44,
159,
559,
328,
431,
323,
1233,
435,
446,
158,
349,
174,
442,
341,
431,
456,
599,
428,
577,
196,
249,
353,
277,
211,
172,
41,
248,
160,
237,
119,
1198,
311,
182,
582,
428,
197,
158,
595,
285,
146,
242,
252,
123,
298,
131,
136,
263,
95,
262,
558,
184,
184,
344,
155,
537,
105,
537,
255,
137,
541,
380,
156,
123,
194,
180,
111,
273,
331,
210,
291,
121,
698,
244,
155,
40,
196,
695,
139,
44,
360,
92,
311,
634,
225,
241,
154,
297,
191,
318,
203,
306,
204,
183,
254,
235,
573,
1889,
127,
173,
47,
636,
265,
180,
270,
228,
1438,
178,
1423,
148,
185,
281,
223,
269,
180,
175,
162,
160,
219,
281,
156,
1440,
210,
182,
270,
314,
174,
164,
1359,
132,
183,
1398,
226,
131,
127,
676,
39,
261,
226,
211,
363,
198,
39,
247,
143,
1240,
242,
1369,
342,
292,
338,
215,
201,
314,
663,
331,
197,
263,
793,
393,
335,
99,
116,
154,
553,
924,
381,
109,
326,
541,
82,
1017,
1426,
239,
512,
42,
388,
93,
196,
78,
699,
47,
1205,
441,
62,
70,
134,
1011,
590,
47,
266,
43,
944,
990,
605,
46,
135,
943,
1489,
615,
41,
131,
940,
342,
932,
41,
278,
237,
540,
328,
863,
274,
232,
42,
139,
284,
626,
175,
258,
212,
78,
1221,
362,
407,
497,
351,
210,
249,
433,
138,
210,
1043,
416,
588,
614,
429,
651,
336,
330,
131,
576,
309,
246,
150,
555,
425,
184,
669,
209,
264,
255,
1014,
328,
430,
311,
503,
652,
164,
228,
424,
319,
260,
413,
165,
428,
575,
346,
65,
336,
162,
130,
424,
225,
148,
177,
210,
352,
265,
494,
315,
148,
245,
263,
206,
41,
695,
239,
262,
180,
202,
185,
176,
284,
175,
167,
680,
136,
158,
162,
255,
145,
145,
38,
131,
204,
786,
129,
176,
227,
218,
204,
39,
199,
136,
189,
201,
708,
146,
855,
695,
356,
174,
154,
183,
212,
161,
311,
40,
134,
265,
300,
146,
639,
254,
282,
149,
637,
42,
149,
133,
308,
206,
654,
257,
1432,
163,
118,
631,
275,
307,
129,
233,
135,
139,
234,
668,
1166,
187,
191,
336,
732,
684,
198,
259,
952,
180,
246,
310,
141,
155,
192,
867,
713,
598,
325,
190,
659,
1360,
279,
140,
144,
1273,
1043,
267,
139,
250,
908,
113,
250,
1169,
820,
162,
44,
727,
625,
48,
1049,
650,
1348,
189,
295,
214,
605,
182,
736,
241,
160,
1275,
182,
224,
656,
240,
172,
737,
203,
628,
245,
206,
1147,
159,
357,
215,
1369,
210,
149,
115,
238,
144,
228,
174,
166,
667,
793,
168,
49,
246,
345,
196,
399,
188,
210,
111,
264,
44,
72,
294,
247,
813,
170,
67,
941,
288,
796,
940,
682,
42,
47,
41,
593,
664,
314,
483,
168,
320,
317,
214,
156,
43,
163,
936,
867,
328,
310,
316,
866,
223,
335,
247,
303,
297,
333,
95,
289,
250,
86,
244,
422,
154,
224,
297,
915,
202,
421,
827,
427,
958,
180,
699,
420,
158,
429,
184,
39,
418,
655,
163,
681,
409,
147,
417,
335,
225,
119,
347,
350,
203,
342,
42,
40,
164,
201,
149,
125,
280,
190,
148,
36,
737,
241,
119,
179,
316,
236,
288,
124,
354,
337,
162,
148,
221,
164,
151,
194,
198,
179,
832,
720,
125,
130,
260,
266,
152,
176,
155,
713,
180,
146,
396,
147,
162,
632,
127,
256,
701,
151,
135,
223,
146,
157,
234,
786,
249,
211,
39,
273,
306,
205,
165,
202,
703,
856,
190,
624,
637,
104,
305,
303,
645,
170,
226,
226,
156,
218,
157,
216,
193,
106,
187,
259,
193,
104,
179,
180,
156,
156,
286,
321,
156,
154,
906,
1267,
138,
357,
194,
651,
44,
310,
651,
209,
347,
310,
155,
640,
336,
146,
188,
298,
307,
314,
145,
179,
1347,
214,
179,
172,
198,
1280,
344,
733,
178,
743,
187,
644,
291,
463,
41,
302,
182,
279,
1520,
41,
290,
178,
228,
695,
219,
234,
40,
831,
207,
297,
750,
185,
370,
646,
663,
581,
191,
132,
104,
48,
93,
641,
274,
292,
260,
181,
43,
41,
583,
158,
715,
275,
935,
583,
231,
1386,
925,
48,
45,
39,
422,
38,
43,
285,
218,
660,
861,
343,
350,
141,
860,
918,
323,
419,
222,
361,
214,
316,
306,
97,
349,
41,
247,
179,
303,
420,
211,
239,
415,
161,
680,
235,
662,
412,
408,
233,
415,
43,
170,
122,
247,
404,
398,
187,
406,
149,
203,
148,
414,
196,
193,
118,
213,
130,
186,
175,
136,
232,
382,
188,
126,
706,
219,
182,
135,
132,
173,
345,
287,
233,
139,
171,
372,
258,
195,
271,
132,
146,
165,
201,
96,
784,
703,
217,
249,
189,
279,
740,
166,
138,
847,
132,
128,
113,
95,
801,
155,
610,
618,
179,
269,
160,
118,
267,
199,
127,
194,
132,
228,
210,
543,
41,
215,
98,
208,
203,
1268,
43,
167,
93,
177,
225,
158,
1266,
146,
149,
279,
214,
157,
203,
309,
132,
1248,
309,
38,
139,
135,
44,
365,
340,
94,
269,
192,
192,
177,
279,
173,
868,
244,
545,
121,
302,
325,
44,
299,
373,
365,
40,
191,
730,
265,
636,
170,
270,
263,
807,
182,
324,
464,
212,
130,
310,
217,
926,
1358,
791,
229,
547,
142,
300,
304,
554,
656,
148,
270,
37,
195,
230,
144,
572,
285,
161,
249,
658,
99,
342,
125,
121,
153,
95,
375,
204,
110,
1294,
41,
330,
933,
269,
756,
581,
43,
134,
38,
927,
269,
583,
578,
253,
681,
639,
758,
352,
232,
129,
236,
866,
222,
397,
244,
261,
257,
736,
230,
130,
214,
210,
778,
228,
41,
266,
426,
211,
514,
430,
420,
199,
221,
137,
299,
210,
221,
777,
232,
578,
186,
151,
127,
209,
146,
273,
270,
759,
172,
179,
130,
768,
61,
694,
125,
344,
41,
436,
348,
339,
124,
432,
156,
240,
344,
186,
339,
205,
432,
88,
168,
156,
164,
117,
180,
241,
339,
184,
143,
187,
345,
137,
203,
194,
143,
92,
230,
353,
185,
124,
268,
181,
155,
206,
197,
134,
164,
62,
161,
301,
273,
154,
151,
185,
115,
46,
137,
245,
87,
235,
321,
545,
126,
123,
458,
232,
311,
38,
380,
206,
225,
87,
402,
191,
212,
267,
178,
136,
223,
212,
202,
204,
867,
139,
868,
174,
830,
177,
866,
1266,
179,
341,
160,
272,
530,
1258,
137,
142,
224,
184,
136,
341,
863,
1248,
1267,
241,
121,
540,
216,
166,
43,
190,
888,
273,
531,
257,
246,
309,
45,
152,
531,
402,
167,
277,
44,
170,
133,
527,
258,
825,
198,
151,
247,
363,
268,
272,
249,
326,
740,
271,
234,
207,
273,
368,
185,
179,
929,
142,
286,
234,
48,
220,
405,
353,
189,
188,
383,
826,
284,
110,
236,
152,
273,
286,
101,
274,
549,
87,
48,
55,
897,
45,
500,
199,
495,
941,
491,
364,
52,
323,
43,
473,
392,
324,
322,
41,
931,
255,
806,
711,
377,
348,
167,
402,
450,
307,
235,
175,
224,
132,
866,
164,
214,
495,
43,
400,
131,
431,
232,
319,
140,
154,
331,
157,
201,
114,
486,
102,
322,
823,
234,
212,
407,
79,
327,
337,
147,
163,
128,
95,
47,
328,
403,
415,
117,
241,
824,
345,
505,
127,
344,
113,
183,
203,
194,
453,
168,
323,
335,
328,
319,
125,
115,
328,
177,
323,
319,
503,
173,
106,
144,
520,
319,
151,
245,
99,
252,
146,
155,
173,
266,
38,
236,
126,
136,
163,
144,
122,
139,
119,
253,
210,
281,
38,
278,
137,
523,
152,
450,
168,
232,
140,
148,
507,
45,
265,
185,
202,
170,
168,
129,
235,
521,
117,
252,
519,
293,
253,
342,
459,
198,
182,
250,
102,
855,
255,
368,
237,
364,
102,
191,
200,
163,
390,
370,
171,
219,
143,
245,
148,
131,
243,
178,
105,
270,
866,
318,
45,
781,
265,
1253,
105,
193,
463,
362,
325,
191,
214,
177,
1279,
314,
241,
349,
220,
1271,
319,
41,
175,
241,
189,
216,
312,
858,
567,
227,
856,
320,
563,
177,
274,
1009,
154,
905,
192,
201,
212,
555,
231,
197,
189,
103,
353,
317,
565,
800,
832,
196,
290,
317,
161,
54,
900,
285,
138,
479,
569,
938,
45,
104,
1300,
298,
62,
370,
378,
502,
394,
309,
937,
327,
155,
502,
378,
313,
37,
927,
300,
55,
389,
309,
302,
504,
860,
750,
38,
321,
335,
518,
282,
242,
224,
329,
140,
157,
328,
413,
139,
247,
235,
218,
220,
216,
211,
138,
365,
337,
890,
253,
322,
790,
42,
264,
233,
209,
317,
315,
41,
95,
41,
171,
138,
310,
240,
102,
156,
490,
162,
308,
165,
140,
303,
157,
306,
510,
297,
508,
160,
902,
302,
83,
255,
255,
136,
258,
432,
145,
142,
40,
220,
137,
214,
310,
255,
208,
205,
212,
405,
164,
138,
195,
221,
108,
330,
313,
125,
510,
157,
234,
202,
136,
181,
118,
236,
510,
109,
138,
199,
290,
151,
180,
192,
310,
432,
171,
275,
120,
235,
109,
118,
131,
126,
65,
454,
119,
161,
249,
145,
173,
284,
430,
220,
45,
178,
40,
451,
184,
860,
39,
164,
292,
849,
861,
238,
200,
225,
536,
427,
383,
298,
184,
211,
173,
176,
186,
142,
212,
294,
198,
216,
161,
301,
222,
135,
215,
204,
193,
139,
189,
230,
182,
144,
232,
1252,
202,
229,
158,
134,
211,
173,
178,
209,
1267,
46,
233,
949,
195,
230,
1278,
189,
204,
1275,
46,
547,
232,
151,
222,
435,
225,
178,
187,
42,
205,
182,
536,
259,
227,
176,
431,
203,
37,
534,
166,
173,
174,
393,
343,
240,
38,
166,
477,
168,
929,
163,
375,
206,
216,
546,
165,
393,
40,
49,
38,
201,
306,
366,
307,
91,
464,
38,
396,
183,
359,
314,
269,
295,
899,
936,
370,
290,
96,
40,
297,
313,
304,
281,
392,
312,
465,
139,
310,
305,
299,
939,
123,
927,
291,
372,
472,
147,
284,
296,
852,
731,
280,
466,
273,
142,
576,
391,
330,
219,
193,
155,
96,
45,
235,
391,
146,
158,
154,
223,
157,
429,
46,
402,
424,
188,
224,
249,
212,
218,
392,
428,
226,
928,
197,
154,
113,
288,
212,
222,
452,
174,
152,
228,
139,
944,
247,
139,
209,
235,
127,
278,
43,
218,
191,
186,
223,
394,
41,
282,
167,
476,
211,
165,
157,
176,
196,
274,
127,
150,
101,
135,
173,
206,
251,
171,
138,
232,
230,
186,
153,
259,
245,
201,
138,
144,
199,
177,
320,
182,
215,
173,
355,
143,
43,
132,
172,
204,
40,
187,
223,
410,
121,
117,
192,
256,
172,
203,
200,
237,
451,
1010,
735,
180,
219,
948,
455,
177,
197,
192,
408,
168,
441,
228,
197,
436,
207,
191,
163,
183,
174,
230,
215,
178,
45,
988,
185,
787,
292,
164,
174,
145,
826,
152,
382,
243,
52,
422,
206,
146,
176,
1269,
148,
225,
373,
1256,
205,
205,
160,
158,
236,
432,
216,
44,
55,
875,
169,
374,
165,
191,
274,
430,
164,
54,
52,
172,
883,
1016,
207,
276,
153,
888,
148,
1195,
186,
1284,
50,
280,
168,
958,
149,
928,
191,
47,
154,
394,
197,
195,
42,
169,
400,
420,
256,
911,
174,
271,
42,
330,
101,
930,
150,
398,
968,
285,
131,
803,
101,
902,
134,
732,
399,
304,
284,
114,
434,
145,
370,
434,
938,
143,
933,
257,
323,
369,
387,
333,
923,
373,
318,
136,
44,
369,
907,
318,
402,
363,
327,
127,
864,
370,
116,
326,
294,
334,
779,
863,
46,
370,
286,
403,
359,
622,
203,
306,
530,
170,
186,
239,
151,
74,
50,
47,
213,
274,
1050,
79,
173,
146,
454,
252,
129,
250,
435,
437,
212,
160,
925,
271,
42,
154,
1007,
754,
161,
214,
224,
338,
401,
1023,
346,
140,
115,
1043,
214,
107,
120,
168,
920,
391,
124,
255,
166,
181,
150,
213,
196,
255,
192,
156,
312,
108,
200,
131,
176,
200,
173,
178,
44,
122,
144,
155,
189,
187,
208,
229,
118,
238,
171,
289,
179,
305,
287,
180,
177,
174,
380,
176,
216,
1061,
369,
185,
199,
494,
153,
312,
337,
242,
159,
164,
42,
184,
149,
460,
160,
166,
138,
948,
46,
44,
160,
424,
442,
156,
139,
148,
225,
412,
789,
265,
166,
291,
147,
299,
242,
43,
130,
198,
157,
42,
187,
151,
421,
436,
201,
155,
272,
180,
254,
167,
1252,
788,
216,
1182,
41,
415,
155,
429,
158,
883,
214,
155,
1268,
181,
316,
198,
41,
43,
199,
243,
315,
804,
164,
147,
145,
147,
880,
176,
195,
182,
161,
443,
847,
42,
40,
89,
189,
148,
440,
239,
205,
234,
186,
189,
196,
389,
387,
381,
136,
76,
173,
464,
386,
936,
135,
932,
378,
41,
173,
367,
382,
135,
376,
323,
344,
321,
355,
313,
301,
376,
866,
146,
925,
399,
321,
864,
319,
1034,
1308,
863,
332,
309,
801,
156,
323,
379,
350,
1041,
857,
305,
862,
351,
191,
304,
195,
227,
710,
300,
1051,
157,
308,
167,
136,
286,
315,
1003,
178,
177,
47,
1062,
42,
925,
330,
225,
42,
107,
848,
98,
167,
1103,
106,
847,
173,
288,
335,
1121,
493,
201,
182,
187,
1147,
159,
167,
151,
124,
43,
213,
148,
152,
163,
341,
50,
244,
196,
268,
188,
174,
150,
228,
229,
205,
302,
116,
145,
159,
163,
136,
301,
165,
309,
165,
43,
170,
143,
41,
1091,
237,
107,
177,
141,
40,
201,
144,
206,
163,
443,
115,
120,
173,
165,
362,
116,
443,
209,
161,
166,
145,
137,
165,
166,
863,
49,
52,
192,
129,
206,
224,
510,
511,
454,
180,
443,
130,
230,
198,
880,
998,
139,
166,
146,
865,
178,
210,
197,
441,
140,
147,
205,
203,
309,
233,
791,
156,
135,
162,
368,
278,
203,
178,
189,
133,
185,
735,
294,
870,
1270,
169,
298,
229,
522,
237,
185,
202,
1190,
273,
205,
181,
145,
50,
797,
40,
700,
794,
139,
199,
43,
1127,
615,
1284,
869,
179,
161,
127,
874,
795,
149,
43,
296,
796,
125,
201,
610,
210,
119,
466,
379,
164,
190,
463,
1151,
150,
189,
123,
252,
401,
124,
391,
383,
193,
196,
359,
921,
182,
379,
855,
106,
400,
385,
394,
377,
854,
154,
906,
53,
376,
37,
395,
369,
398,
47,
381,
384,
858,
855,
186,
1103,
1145,
839,
819,
151,
210,
614,
356,
334,
381,
172,
332,
587,
327,
382,
77,
379,
376,
330,
369,
339,
165,
337,
149,
164,
41,
326,
321,
219,
186,
228,
367,
316,
299,
86,
148,
211,
326,
556,
319,
100,
252,
255,
147,
343,
828,
192,
143,
1175,
149,
147,
635,
40,
125,
143,
44,
274,
161,
174,
362,
132,
141,
162,
129,
144,
179,
175,
273,
154,
154,
256,
139,
496,
37,
144,
120,
165,
139,
70,
348,
40,
504,
180,
138,
189,
110,
245,
196,
144,
166,
192,
148,
107,
196,
215,
165,
221,
141,
124,
97,
266,
221,
150,
184,
333,
272,
194,
43,
237,
272,
1253,
178,
208,
812,
204,
185,
860,
1332,
243,
189,
193,
200,
144,
228,
359,
869,
196,
42,
169,
399,
176,
148,
1246,
156,
192,
1185,
193,
1228,
164,
152,
169,
775,
1173,
199,
179,
635,
177,
286,
169,
1176,
162,
360,
365,
602,
523,
513,
46,
332,
161,
193,
173,
145,
234,
282,
192,
46,
1190,
153,
290,
734,
211,
1188,
155,
191,
152,
42,
184,
525,
430,
184,
343,
370,
183,
141,
44,
481,
601,
788,
40,
1158,
652,
284,
419,
316,
200,
418,
147,
747,
342,
358,
191,
301,
625,
180,
925,
902,
140,
295,
118,
254,
1297,
146,
500,
166,
397,
41,
858,
69,
189,
857,
408,
495,
134,
56,
379,
382,
852,
396,
400,
41,
395,
388,
326,
136,
47,
170,
785,
331,
868,
879,
322,
220,
326,
883,
329,
314,
321,
842,
244,
319,
1189,
325,
371,
169,
314,
313,
237,
270,
244,
251,
135,
330,
216,
321,
140,
208,
286,
232,
39,
383,
230,
225,
178,
186,
205,
302,
245,
124,
184,
165,
129,
325,
201,
210,
261,
96,
130,
189,
360,
186,
404,
180,
132,
143,
315,
501,
128,
1186,
255,
36,
177,
165,
263,
192,
265,
145,
123,
131,
155,
111,
143,
195,
312,
118,
157,
89,
144,
135,
120,
120,
322,
126,
239,
140,
181,
193,
152,
181,
754,
282,
172,
141,
145,
1181,
106,
208,
43,
94,
159,
316,
98,
141,
242,
666,
89,
189,
107,
38,
87,
203,
125,
1252,
222,
212,
1173,
170,
204,
280,
183,
1241,
193,
858,
495,
184,
177,
168,
187,
1297,
1172,
266,
88,
391,
217,
203,
164,
168,
149,
180,
286,
217,
673,
145,
1170,
352,
192,
230,
337,
195,
320,
184,
302,
236,
83,
376,
1161,
135,
45,
41,
226,
169,
527,
83,
611,
201,
204,
217,
183,
282,
185,
44,
527,
135,
368,
468,
504,
162,
201,
44,
167,
190,
429,
170,
156,
425,
162,
168,
458,
392,
178,
203,
467,
155,
340,
179,
353,
1277,
439,
43,
1103,
216,
566,
930,
155,
42,
1115,
163,
210,
401,
486,
1273,
162,
362,
927,
87,
40,
380,
373,
297,
112,
186,
119,
308,
546,
38,
856,
307,
156,
308,
854,
417,
306,
63,
552,
853,
52,
331,
305,
300,
315,
384,
296,
305,
365,
1230,
1265,
231,
286,
151,
842,
96,
238,
1270,
303,
373,
1284,
1281,
237,
295,
354,
45,
192,
229,
461,
235,
246,
148,
233,
90,
233,
231,
201,
228,
243,
222,
114,
194,
221,
167,
143,
224,
242,
38,
182,
311,
280,
187,
478,
219,
211,
229,
218,
115,
464,
160,
222,
210,
208,
399,
144,
215,
218,
242,
948,
157,
79,
146,
132,
207,
152,
214,
39,
153,
159,
78,
170,
220,
165,
198,
153,
214,
163,
198,
506,
137,
523,
135,
142,
158,
239,
246,
76,
142,
266,
179,
187,
73,
116,
227,
160,
42,
233,
40,
50,
318,
124,
171,
153,
148,
183,
172,
41,
371,
181,
101,
1346,
247,
331,
138,
181,
168,
69,
539,
503,
1169,
584,
510,
207,
594,
423,
504,
665,
72,
546,
70,
202,
212,
364,
199,
140,
1155,
193,
202,
597,
66,
193,
200,
1374,
618,
1088,
174,
156,
223,
168,
671,
40,
267,
140,
154,
259,
427,
226,
154,
519,
126,
187,
433,
206,
206,
153,
205,
185,
148,
190,
138,
41,
172,
64,
142,
203,
204,
239,
154,
369,
280,
1320,
206,
42,
150,
240,
64,
229,
532,
345,
328,
236,
43,
222,
1108,
272,
215,
144,
381,
42,
123,
200,
559,
212,
210,
576,
210,
323,
191,
212,
924,
142,
605,
357,
453,
94,
120,
224,
215,
132,
573,
582,
95,
215,
38,
369,
75,
231,
208,
226,
211,
413,
38,
215,
45,
225,
48,
182,
217,
859,
375,
209,
76,
213,
204,
858,
201,
279,
200,
856,
209,
410,
195,
205,
1300,
854,
139,
170,
386,
200,
351,
152,
217,
1004,
203,
842,
196,
559,
427,
108,
927,
38,
198,
148,
1321,
892,
707,
199,
151,
143,
351,
90,
134,
236,
581,
227,
234,
109,
226,
87,
149,
224,
575,
140,
216,
305,
213,
144,
214,
141,
246,
211,
79,
471,
67,
159,
46,
212,
167,
206,
226,
138,
476,
141,
268,
200,
188,
137,
212,
42,
357,
148,
208,
155,
523,
164,
41,
199,
131,
65,
157,
144,
1322,
162,
163,
172,
178,
159,
229,
160,
186,
527,
199,
494,
130,
201,
192,
185,
160,
142,
240,
134,
165,
39,
102,
118,
613,
497,
207,
158,
462,
184,
152,
37,
383,
493,
425,
53,
1167,
494,
425,
257,
465,
210,
419,
204,
200,
435,
185,
236,
504,
222,
47,
171,
197,
170,
1160,
269,
176,
208,
504,
496,
213,
188,
177,
147,
1424,
206,
221,
237,
157,
188,
158,
39,
52,
46,
198,
268,
560,
1375,
312,
266,
1177,
164,
232,
386,
212,
180,
54,
394,
289,
161,
162,
44,
385,
254,
299,
180,
340,
375,
229,
211,
637,
521,
417,
230,
232,
244,
139,
200,
1346,
551,
281,
347,
530,
219,
251,
350,
436,
45,
545,
392,
412,
292,
184,
41,
389,
350,
296,
451,
203,
230,
233,
1386,
209,
292,
41,
371,
376,
203,
194,
131,
1465,
191,
581,
439,
229,
195,
577,
423,
855,
189,
125,
438,
40,
453,
195,
201,
183,
855,
177,
394,
853,
40,
193,
846,
191,
185,
393,
1437,
387,
175,
185,
221,
640,
233,
775,
47,
80,
1366,
208,
138,
833,
151,
191,
41,
520,
134,
81,
183,
170,
138,
205,
219,
160,
41,
185,
130,
1281,
39,
201,
134,
165,
181,
125,
152,
211,
129,
74,
426,
121,
151,
148,
125,
161,
176,
193,
226,
248,
230,
182,
74,
121,
278,
168,
127,
263,
168,
39,
157,
75,
157,
1455,
189,
72,
170,
142,
145,
701,
162,
71,
118,
150,
1480,
71,
110,
141,
138,
198,
172,
127,
220,
204,
511,
177,
491,
161,
220,
145,
166,
134,
167,
199,
43,
150,
219,
174,
148,
181,
173,
65,
42,
143,
255,
191,
62,
61,
518,
495,
144,
421,
46,
418,
503,
416,
1173,
507,
1445,
222,
449,
443,
229,
490,
289,
528,
202,
518,
207,
345,
506,
1089,
44,
217,
207,
296,
1174,
168,
316,
277,
45,
201,
248,
297,
437,
171,
218,
56,
202,
290,
165,
44,
158,
427,
1165,
207,
285,
351,
161,
130,
286,
215,
421,
228,
267,
390,
424,
1092,
254,
641,
58,
529,
38,
282,
284,
57,
423,
538,
1490,
379,
330,
336,
341,
40,
205,
377,
258,
345,
229,
59,
342,
317,
252,
186,
199,
533,
95,
154,
1206,
125,
453,
445,
304,
356,
175,
1206,
192,
512,
316,
444,
229,
45,
178,
75,
1116,
512,
41,
450,
208,
849,
47,
436,
187,
205,
71,
185,
370,
411,
180,
454,
181,
517,
44,
659,
168,
838,
178,
173,
207,
776,
183,
271,
168,
202,
392,
1493,
38,
212,
399,
461,
179,
207,
192,
383,
737,
175,
420,
1227,
78,
701,
169,
151,
39,
125,
193,
1523,
143,
161,
199,
391,
271,
149,
405,
1033,
395,
183,
66,
138,
61,
199,
244,
137,
161,
172,
259,
289,
1518,
1451,
129,
135,
222,
182,
146,
134,
272,
168,
130,
240,
44,
230,
178,
164,
157,
231,
217,
255,
64,
190,
217,
164,
131,
41,
129,
189,
508,
146,
1471,
379,
39,
123,
60,
245,
148,
123,
202,
59,
197,
145,
219,
209,
1471,
229,
163,
496,
169,
446,
195,
42,
149,
210,
173,
207,
136,
198,
203,
61,
133,
166,
134,
235,
221,
248,
454,
165,
138,
37,
515,
54,
453,
221,
44,
215,
344,
1499,
512,
467,
335,
232,
343,
432,
267,
430,
199,
456,
462,
178,
396,
219,
384,
213,
235,
207,
514,
184,
195,
352,
423,
366,
142,
318,
217,
164,
509,
517,
1161,
519,
166,
259,
49,
365,
161,
1519,
164,
1095,
616,
308,
505,
483,
253,
49,
158,
167,
455,
1086,
336,
195,
188,
48,
153,
176,
152,
517,
345,
144,
46,
320,
455,
50,
164,
376,
618,
466,
272,
337,
455,
1100,
44,
304,
117,
42,
385,
296,
427,
196,
324,
453,
304,
452,
301,
385,
203,
168,
287,
489,
450,
44,
480,
356,
78,
361,
451,
161,
41,
480,
444,
462,
320,
935,
461,
451,
404,
856,
447,
186,
258,
192,
854,
418,
199,
158,
481,
239,
852,
422,
186,
420,
406,
256,
1595,
182,
160,
192,
186,
251,
392,
249,
227,
80,
179,
241,
183,
302,
244,
174,
79,
275,
203,
224,
179,
332,
1299,
98,
151,
208,
235,
137,
161,
212,
239,
1200,
141,
1526,
397,
103,
133,
1292,
73,
229,
1534,
224,
685,
329,
757,
808,
171,
214,
209,
170,
135,
132,
130,
213,
202,
70,
143,
230,
160,
217,
45,
322,
436,
454,
228,
1539,
165,
44,
187,
160,
294,
204,
213,
172,
42,
68,
206,
153,
228,
170,
197,
309,
177,
156,
255,
42,
66,
241,
158,
164,
207,
209,
187,
65,
180,
182,
213,
158,
187,
161,
252,
168,
404,
146,
202,
192,
173,
129,
156,
63,
156,
228,
323,
528,
169,
451,
112,
394,
107,
350,
294,
169,
376,
512,
139,
182,
504,
554,
320,
308,
501,
271,
165,
509,
337,
432,
217,
334,
295,
216,
328,
522,
267,
165,
321,
156,
212,
194,
379,
1156,
171,
256,
193,
187,
545,
299,
191,
509,
202,
336,
183,
200,
240,
1091,
308,
145,
193,
179,
149,
44,
1088,
522,
508,
430,
307,
282,
235,
328,
170,
285,
281,
330,
178,
167,
514,
322,
509,
120,
165,
477,
1077,
44,
140,
363,
38,
43,
323,
288,
183,
336,
394,
1093,
411,
42,
295,
391,
159,
904,
278,
397,
303,
302,
383,
228,
37,
320,
414,
105,
240,
232,
390,
398,
291,
314,
282,
107,
401,
493,
170,
75,
226,
476,
542,
248,
411,
42,
280,
164,
209,
188,
164,
385,
191,
39,
280,
37,
250,
536,
180,
178,
442,
446,
186,
861,
171,
440,
191,
859,
178,
170,
857,
182,
136,
165,
194,
430,
177,
201,
137,
559,
205,
131,
474,
427,
686,
165,
446,
1656,
103,
173,
432,
847,
859,
139,
189,
45,
644,
302,
473,
306,
175,
211,
197,
154,
566,
1324,
254,
116,
128,
195,
198,
168,
202,
128,
161,
255,
360,
191,
39,
134,
167,
129,
151,
422,
278,
153,
187,
96,
203,
468,
98,
41,
147,
264,
97,
186,
217,
99,
252,
195,
434,
253,
205,
245,
41,
81,
40,
459,
113,
267,
182,
191,
105,
47,
215,
189,
323,
255,
170,
146,
87,
198,
138,
341,
197,
178,
40,
1624,
360,
157,
412,
38,
291,
396,
476,
219,
108,
785,
260,
193,
167,
186,
344,
398,
425,
190,
160,
207,
381,
438,
592,
173,
279,
220,
194,
200,
151,
179,
1687,
435,
401,
347,
140,
338,
579,
1081,
48,
1665,
256,
275,
309,
145,
45,
144,
291,
136,
421,
145,
362,
1091,
203,
200,
420,
189,
154,
260,
383,
294,
175,
1097,
414,
322,
335,
162,
45,
291,
451,
300,
308,
284,
338,
398,
436,
134,
377,
153,
277,
349,
482,
313,
261,
417,
475,
194,
322,
474,
446,
319,
271,
197,
341,
435,
203,
320,
227,
316,
418,
343,
611,
330,
519,
116,
223,
105,
137,
46,
426,
307,
343,
214,
215,
196,
46,
101,
542,
327,
45,
191,
209,
42,
502,
198,
208,
205,
351,
861,
197,
439,
204,
359,
860,
202,
197,
140,
858,
845,
141,
314,
46,
630,
501,
177,
123,
499,
209,
1756,
192,
126,
1459,
198,
198,
208,
196,
515,
335,
1654,
188,
219,
207,
512,
44,
254,
224,
193,
37,
181,
193,
124,
577,
185,
321,
188,
201,
207,
327,
174,
164,
190,
370,
319,
310,
185,
313,
228,
162,
242,
108,
116,
105,
320,
162,
98,
48,
655,
184,
307,
286,
155,
196,
183,
186,
142,
135,
198,
115,
43,
180,
311,
150,
172,
184,
173,
134,
178,
171,
194,
39,
154,
410,
105,
341,
218,
271,
93,
142,
91,
229,
231,
417,
292,
88,
383,
295,
319,
322,
207,
506,
177,
353,
94,
317,
296,
286,
152,
174,
139,
245,
518,
331,
131,
560,
47,
207,
294,
180,
292,
608,
195,
185,
152,
46,
498,
469,
387,
87,
142,
161,
357,
298,
46,
326,
356,
147,
308,
403,
318,
199,
1093,
88,
143,
347,
1085,
50,
486,
142,
145,
482,
1166,
339,
406,
1074,
279,
152,
345,
50,
142,
165,
467,
294,
478,
281,
910,
339,
41,
252,
567,
446,
426,
262,
468,
337,
294,
1844,
506,
176,
340,
222,
540,
44,
102,
571,
253,
365,
282,
303,
224,
37,
311,
578,
257,
129,
195,
153,
523,
299,
229,
361,
106,
499,
279,
1124,
263,
179,
578,
233,
548,
42,
162,
927,
40,
869,
544,
1359,
398,
493,
231,
867,
1729,
1733,
807,
128,
1528,
179,
500,
1560,
225,
484,
234,
224,
229,
238,
1826,
553,
534,
186,
221,
208,
233,
233,
219,
225,
177,
129,
482,
291,
231,
214,
200,
320,
208,
354,
248,
224,
230,
125,
213,
155,
210,
204,
220,
323,
208,
279,
43,
200,
41,
206,
200,
548,
197,
245,
215,
205,
166,
230,
216,
214,
159,
740,
40,
225,
151,
366,
215,
212,
120,
240,
142,
224,
344,
160,
132,
368,
43,
214,
117,
202,
42,
167,
119,
236,
195,
44,
454,
159,
214,
404,
156,
318,
174,
233,
126,
255,
357,
682,
547,
454,
404,
104,
304,
1848,
174,
257,
403,
492,
142,
295,
1745,
498,
153,
84,
140,
138,
246,
358,
278,
108,
559,
128,
135,
298,
161,
484,
144,
291,
86,
202,
183,
115,
432,
148,
757,
270,
491,
85,
258,
41,
486,
200,
162,
278,
322,
285,
135,
203,
211,
202,
376,
209,
128,
316,
484,
246,
135,
1087,
285,
401,
182,
200,
473,
152,
282,
276,
142,
1098,
196,
405,
390,
291,
248,
570,
384,
291,
143,
174,
44,
350,
359,
318,
610,
433,
572,
416,
328,
239,
534,
261,
412,
184,
392,
398,
318,
397,
527,
318,
227,
109,
230,
300,
347,
577,
324,
166,
255,
200,
206,
257,
676,
316,
510,
87,
226,
379,
1119,
322,
483,
404,
55,
158,
464,
608,
191,
502,
452,
48,
135,
950,
46,
949,
609,
562,
43,
238,
500,
942,
42,
280,
822,
614,
255,
799,
233,
127,
316,
951,
598,
583,
946,
350,
244,
279,
216,
233,
428,
204,
251,
211,
248,
793,
243,
410,
41,
415,
238,
211,
36,
305,
454,
249,
233,
571,
244,
405,
199,
238,
549,
155,
131,
213,
125,
234,
118,
577,
412,
258,
160,
165,
180,
234,
291,
127,
183,
606,
232,
178,
162,
520,
367,
179,
273,
441,
1831,
158,
308,
99,
460,
1854,
421,
197,
170,
49,
138,
328,
252,
1869,
422,
231,
418,
451,
218,
151,
537,
143,
155,
360,
341,
169,
89,
143,
39,
339,
140,
258,
199,
528,
450,
254,
305,
613,
165,
195,
90,
515,
328,
342,
142,
302,
613,
274,
1810,
407,
1855,
218,
1898,
599,
265,
90,
846,
1848,
374,
509,
146,
412,
159,
400,
157,
144,
193,
334,
135,
153,
208,
549,
151,
1093,
158,
138,
45,
436,
192,
1162,
582,
491,
1093,
356,
1179,
178,
435,
137,
257,
44,
478,
473,
42,
318,
266,
478,
565,
242,
40,
394,
211,
182,
290,
215,
558,
38,
162,
212,
195,
508,
388,
169,
321,
272,
247,
410,
305,
226,
158,
254,
616,
419,
376,
355,
426,
202,
322,
351,
318,
394,
252,
350,
156,
505,
41,
509,
39,
86,
349,
333,
146,
47,
505,
50,
111,
563,
163,
235,
43,
1013,
313,
437,
643,
41,
150,
957,
616,
955,
147,
155,
953,
267,
613,
236,
415,
904,
635,
1133,
182,
925,
585,
138,
248,
840,
243,
411,
216,
619,
214,
597,
138,
322,
213,
430,
225,
405,
569,
41,
164,
211,
169,
205,
203,
135,
177,
514,
307,
310,
46,
297,
313,
514,
134,
506,
307,
182,
257,
222,
306,
55,
180,
144,
298,
132,
199,
307,
569,
493,
184,
255,
366,
274,
179,
617,
224,
245,
466,
172,
162,
210,
228,
465,
483,
120,
158,
158,
127,
191,
465,
132,
509,
149,
336,
321,
1971,
171,
857,
137,
539,
290,
531,
43,
321,
190,
98,
388,
297,
198,
183,
213,
550,
265,
41,
190,
176,
307,
1983,
868,
117,
209,
158,
181,
190,
280,
411,
882,
237,
219,
176,
605,
266,
352,
194,
254,
209,
205,
160,
345,
206,
261,
596,
250,
1855,
171,
591,
146,
1846,
472,
168,
46,
226,
188,
418,
156,
530,
403,
264,
139,
212,
215,
589,
467,
393,
331,
524,
210,
255,
166,
228,
1929,
1164,
1181,
157,
43,
50,
187,
522,
397,
1103,
387,
50,
305,
481,
167,
146,
275,
355,
1181,
344,
207,
232,
144,
237,
444,
618,
519,
49,
315,
213,
155,
212,
198,
441,
303,
197,
43,
1947,
902,
441,
306,
41,
607,
436,
216,
268,
330,
475,
345,
202,
40,
616,
1904,
398,
433,
322,
283,
596,
467,
477,
158,
133,
162,
95,
263,
206,
178,
363,
220,
609,
301,
238,
574,
346,
352,
221,
331,
383,
48,
439,
304,
468,
576,
44,
676,
673,
539,
230,
925,
278,
673,
669,
481,
150,
46,
272,
1281,
244,
217,
200,
270,
223,
44,
211,
542,
265,
594,
259,
152,
562,
333,
337,
126,
177,
148,
153,
342,
336,
85,
334,
192,
44,
332,
143,
122,
570,
208,
314,
330,
324,
232,
227,
133,
147,
329,
323,
113,
449,
443,
144,
133,
278,
540,
201,
246,
261,
160,
145,
278,
425,
937,
42,
144,
452,
186,
1913,
45,
146,
269,
263,
159,
90,
243,
128,
44,
263,
538,
191,
192,
172,
609,
556,
271,
292,
196,
202,
277,
440,
120,
600,
181,
160,
256,
145,
159,
237,
540,
174,
244,
443,
147,
183,
480,
607,
442,
433,
315,
199,
185,
228,
581,
184,
567,
234,
198,
415,
233,
572,
259,
175,
226,
500,
393,
2120,
337,
389,
157,
143,
202,
197,
225,
564,
141,
386,
220,
138,
45,
142,
202,
197,
625,
147,
175,
192,
219,
157,
526,
177,
370,
228,
213,
292,
1981,
41,
352,
183,
191,
973,
2014,
1965,
340,
114,
146,
962,
155,
1181,
218,
253,
160,
393,
277,
419,
240,
518,
605,
333,
279,
1100,
335,
570,
322,
242,
429,
272,
191,
564,
341,
275,
188,
568,
305,
524,
211,
183,
562,
444,
2088,
145,
189,
300,
108,
479,
142,
556,
198,
317,
549,
561,
546,
168,
55,
541,
403,
91,
99,
1216,
739,
559,
535,
56,
581,
1010,
57,
694,
46,
195,
44,
578,
686,
281,
289,
291,
680,
495,
525,
239,
43,
279,
288,
234,
230,
492,
158,
239,
393,
164,
496,
39,
518,
282,
400,
156,
468,
389,
148,
398,
1959,
194,
287,
466,
384,
137,
156,
394,
48,
170,
221,
167,
382,
394,
195,
1991,
2090,
237,
81,
176,
317,
390,
294,
2094,
375,
1013,
452,
139,
379,
336,
332,
526,
303,
43,
1983,
38,
2002,
210,
340,
347,
148,
240,
182,
321,
75,
197,
397,
1977,
219,
198,
135,
271,
214,
185,
156,
268,
1982,
291,
253,
203,
157,
286,
129,
207,
261,
509,
173,
125,
393,
267,
350,
251,
123,
299,
44,
317,
171,
104,
130,
258,
458,
535,
248,
401,
158,
479,
180,
159,
352,
300,
112,
43,
376,
176,
221,
263,
226,
123,
222,
256,
158,
42,
120,
536,
246,
295,
264,
248,
541,
112,
48,
237,
217,
583,
213,
180,
532,
178,
376,
405,
537,
578,
308,
282,
526,
483,
562,
177,
538,
206,
201,
274,
188,
286,
147,
227,
213,
467,
364,
197,
197,
175,
166,
519,
249,
133,
130,
201,
213,
250,
127,
173,
180,
519,
325,
549,
135,
440,
265,
376,
202,
44,
244,
265,
149,
349,
235,
474,
260,
43,
270,
353,
546,
143,
462,
268,
41,
1257,
189,
258,
546,
215,
303,
2121,
201,
418,
199,
227,
228,
269,
1283,
197,
975,
41,
439,
345,
280,
41,
2087,
258,
229,
141,
987,
181,
387,
274,
264,
141,
192,
198,
248,
261,
480,
40,
2014,
1063,
175,
481,
454,
1115,
554,
982,
75,
2086,
306,
554,
464,
356,
433,
451,
448,
160,
555,
273,
286,
730,
492,
73,
552,
730,
510,
1091,
295,
1044,
284,
730,
694,
293,
306,
283,
1044,
211,
1041,
315,
1013,
255,
234,
306,
205,
210,
464,
395,
413,
1013,
1104,
232,
407,
302,
252,
1099,
184,
412,
44,
208,
268,
421,
403,
171,
407,
263,
136,
365,
168,
140,
402,
616,
397,
246,
215,
252,
167,
221,
1984,
191,
199,
110,
433,
219,
402,
170,
394,
167,
104,
204,
388,
170,
398,
543,
319,
107,
941,
154,
347,
138,
394,
263,
568,
224,
194,
138,
170,
351,
343,
254,
102,
260,
186,
167,
347,
240,
45,
236,
150,
310,
219,
262,
41,
99,
165,
227,
648,
550,
262,
202,
204,
148,
151,
172,
582,
251,
166,
175,
139,
199,
257,
2148,
146,
196,
1992,
40,
529,
125,
251,
212,
232,
187,
121,
382,
42,
2142,
87,
279,
125,
131,
247,
210,
132,
41,
234,
523,
544,
39,
164,
321,
128,
179,
138,
152,
273,
170,
524,
2051,
220,
210,
114,
2137,
40,
214,
151,
197,
199,
265,
182,
246,
515,
128,
203,
650,
184,
218,
161,
545,
186,
165,
223,
203,
219,
2062,
207,
160,
410,
215,
226,
242,
529,
164,
123,
202,
267,
218,
122,
516,
172,
292,
159,
281,
514,
175,
157,
1252,
179,
171,
317,
292,
309,
39,
241,
127,
120,
190,
184,
1254,
525,
215,
263,
1272,
128,
471,
214,
1280,
562,
179,
1278,
243,
283,
204,
226,
1288,
553,
141,
473,
39,
212,
184,
171,
467,
178,
404,
197,
209,
1296,
438,
313,
539,
110,
39,
151,
96,
405,
330,
404,
177,
472,
188,
324,
140,
41,
371,
563,
55,
41,
341,
229,
530,
519,
153,
394,
502,
249,
577,
1119,
775,
217,
765,
2183,
40,
103,
566,
158,
322,
205,
2156,
1083,
320,
767,
498,
180,
282,
138,
765,
304,
316,
282,
224,
2151,
2072,
1049,
526,
41,
411,
752,
2138,
39,
145,
160,
206,
176,
44,
711,
2234,
153,
418,
229,
226,
189,
276,
224,
42,
242,
157,
210,
164,
2044,
146,
197,
2097,
412,
415,
173,
490,
172,
197,
161,
410,
408,
152,
269,
2043,
125,
406,
190,
162,
136,
222,
120,
108,
2086,
103,
101,
405,
217,
138,
260,
169,
119,
136,
2043,
149,
121,
218,
225,
245,
493,
102,
185,
506,
122,
47,
107,
490,
197,
226,
163,
431,
165,
251,
105,
181,
300,
168,
180,
144,
226,
302,
333,
136,
178,
144,
256,
143,
217,
166,
181,
137,
136,
132,
103,
118,
41,
116,
186,
252,
159,
193,
111,
139,
723,
173,
698,
190,
137,
44,
174,
226,
1216,
275,
155,
511,
553,
152,
153,
124,
1346,
159,
203,
146,
1343,
166,
166,
187,
122,
186,
494,
162,
388,
118,
152,
185,
1262,
529,
121,
240,
123,
299,
1276,
515,
129,
146,
176,
327,
152,
271,
1274,
190,
361,
40,
527,
193,
194,
126,
283,
510,
160,
182,
2081,
137,
199,
178,
278,
39,
1288,
2171,
175,
124,
167,
211,
1276,
111,
2197,
148,
1279,
149,
1273,
181,
191,
187,
2138,
311,
147,
1109,
1110,
738,
213,
376,
177,
221,
107,
174,
1268,
2161,
2158,
155,
164,
87,
209,
38,
481,
44,
2222,
599,
177,
479,
543,
333,
107,
46,
333,
814,
818,
492,
39,
105,
714,
548,
1103,
783,
622,
153,
225,
142,
1045,
2200,
38,
782,
647,
388,
295,
43,
177,
2135,
805,
240,
1228,
306,
379,
301,
385,
44,
315,
321,
238,
283,
338,
270,
427,
178,
2197,
483,
169,
145,
644,
147,
180,
170,
108,
162,
521,
174,
169,
516,
157,
256,
169,
91,
168,
180,
485,
2078,
481,
120,
143,
125,
154,
431,
522,
437,
134,
426,
72,
274,
163,
140,
234,
135,
2086,
109,
148,
432,
127,
155,
293,
165,
280,
505,
157,
234,
206,
141,
174,
122,
167,
166,
163,
163,
41,
138,
161,
153,
188,
163,
135,
315,
296,
235,
177,
96,
172,
149,
124,
107,
138,
307,
291,
52,
262,
349,
157,
107,
50,
193,
233,
346,
183,
42,
194,
39,
137,
167,
140,
173,
112,
1131,
116,
123,
200,
197,
46,
206,
737,
175,
1329,
162,
174,
200,
381,
763,
534,
165,
1134,
169,
1129,
172,
182,
2187,
155,
144,
156,
156,
1134,
316,
191,
129,
138,
1270,
189,
121,
316,
165,
136,
2141,
131,
321,
151,
357,
122,
1148,
1059,
531,
311,
173,
318,
341,
450,
208,
182,
299,
370,
1187,
164,
260,
259,
522,
141,
399,
135,
42,
126,
531,
146,
306,
163,
166,
40,
160,
152,
131,
362,
546,
2184,
782,
608,
286,
189,
42,
207,
292,
154,
151,
533,
355,
1339,
281,
122,
179,
620,
43,
209,
1308,
735,
2246,
120,
43,
863,
164,
186,
845,
43,
1129,
48,
301,
811,
823,
1128,
50,
40,
166,
202,
263,
1111,
2178,
811,
289,
242,
144,
150,
166,
775,
351,
226,
2198,
89,
401,
242,
399,
300,
189,
424,
183,
188,
241,
505,
327,
243,
82,
422,
114,
317,
172,
268,
279,
344,
166,
572,
221,
253,
117,
1986,
1291,
502,
506,
639,
264,
509,
425,
2162,
1860,
182,
502,
1111,
1380,
43,
176,
2184,
2215,
156,
225,
151,
161,
423,
198,
40,
627,
172,
673,
49,
146,
418,
196,
184,
2116,
139,
172,
154,
502,
130,
200,
2253,
187,
202,
176,
367,
195,
312,
140,
265,
199,
140,
361,
44,
140,
132,
182,
170,
510,
161,
176,
140,
190,
131,
186,
735,
153,
132,
188,
189,
159,
186,
211,
113,
2262,
142,
177,
451,
169,
271,
1252,
140,
136,
530,
2201,
1249,
821,
130,
337,
141,
1308,
166,
1311,
207,
312,
832,
2212,
173,
259,
524,
1211,
213,
199,
1334,
178,
184,
148,
172,
1269,
536,
221,
836,
180,
207,
157,
172,
189,
197,
154,
164,
200,
197,
160,
158,
186,
1359,
192,
204,
151,
180,
326,
1355,
149,
166,
541,
182,
329,
1140,
2262,
160,
397,
323,
44,
121,
544,
181,
209,
188,
307,
181,
143,
175,
179,
1101,
171,
1156,
366,
1251,
43,
1192,
1160,
188,
193,
1152,
463,
374,
82,
554,
210,
179,
307,
252,
256,
65,
788,
140,
840,
217,
174,
1355,
1127,
81,
1124,
175,
1260,
1121,
63,
637,
56,
114,
767,
1110,
786,
42,
2262,
796,
39,
830,
46,
162,
748,
1042,
151,
171,
188,
215,
1042,
167,
764,
2260,
224,
279,
568,
168,
203,
362,
2237,
740,
758,
228,
406,
279,
186,
159,
292,
149,
410,
597,
413,
228,
39,
519,
125,
661,
423,
282,
343,
240,
185,
324,
176,
244,
227,
519,
45,
328,
604,
129,
507,
86,
109,
170,
798,
836,
235,
101,
216,
518,
297,
231,
113,
505,
187,
517,
166,
574,
229,
140,
265,
433,
42,
165,
2245,
40,
2172,
214,
154,
250,
423,
889,
39,
131,
2243,
183,
203,
771,
165,
171,
167,
368,
164,
140,
201,
2103,
185,
445,
131,
146,
315,
171,
172,
592,
193,
162,
338,
162,
157,
252,
200,
514,
137,
181,
154,
125,
914,
165,
46,
169,
210,
161,
177,
208,
2243,
162,
1389,
199,
176,
39,
257,
202,
210,
213,
166,
458,
868,
455,
199,
159,
774,
176,
389,
153,
173,
230,
186,
1349,
402,
1341,
220,
142,
195,
186,
186,
137,
240,
182,
1333,
185,
176,
187,
219,
159,
413,
172,
162,
389,
139,
184,
148,
149,
178,
1354,
153,
157,
1275,
184,
181,
153,
141,
361,
327,
130,
209,
218,
170,
2344,
243,
147,
163,
199,
620,
172,
160,
180,
211,
362,
185,
244,
205,
559,
180,
203,
165,
202,
440,
358,
146,
295,
166,
1328,
154,
1149,
197,
178,
184,
1160,
196,
168,
143,
687,
342,
1111,
123,
108,
1102,
80,
1034,
67,
183,
1340,
66,
1265,
1034,
116,
811,
1340,
815,
62,
374,
84,
49,
1033,
228,
1030,
38,
346,
810,
179,
798,
211,
214,
797,
161,
373,
168,
137,
213,
230,
187,
197,
212,
79,
223,
1025,
270,
39,
251,
159,
268,
194,
185,
209,
189,
974,
1085,
158,
285,
199,
236,
1076,
1369,
265,
991,
376,
1263,
169,
511,
186,
175,
346,
189,
153,
911,
1178,
1252,
1987,
411,
152,
409,
426,
123,
208,
436,
346,
376,
584,
47,
399,
427,
178,
336,
321,
1975,
153,
527,
334,
145,
592,
286,
173,
346,
140,
436,
522,
508,
116,
155,
136,
592,
157,
113,
139,
196,
174,
44,
179,
155,
179,
153,
588,
150,
168,
208,
248,
137,
163,
39,
147,
133,
166,
217,
258,
139,
143,
183,
38,
138,
106,
42,
155,
180,
218,
234,
225,
358,
123,
129,
207,
176,
2209,
155,
98,
2066,
145,
38,
107,
198,
265,
142,
273,
222,
216,
601,
1217,
948,
206,
216,
986,
202,
1344,
217,
190,
193,
95,
1411,
182,
176,
1352,
267,
600,
281,
222,
191,
153,
174,
230,
194,
1355,
165,
1360,
219,
154,
183,
96,
157,
2233,
192,
1272,
156,
188,
221,
152,
95,
303,
192,
45,
44,
173,
194,
177,
202,
354,
176,
1344,
319,
388,
176,
424,
283,
181,
172,
350,
159,
170,
274,
409,
2398,
224,
222,
150,
185,
362,
146,
196,
154,
2203,
272,
943,
147,
214,
297,
148,
183,
210,
156,
191,
181,
133,
385,
122,
236,
155,
639,
46,
634,
191,
2086,
120,
553,
557,
182,
80,
1294,
301,
1030,
166,
370,
458,
285,
1029,
314,
822,
39,
870,
792,
258,
1017,
848,
2150,
973,
951,
792,
179,
582,
41,
572,
1248,
187,
2095,
333,
162,
574,
322,
316,
131,
143,
935,
309,
308,
580,
1173,
377,
540,
792,
139,
132,
300,
256,
302,
250,
130,
1993,
35,
595,
46,
240,
433,
199,
183,
232,
510,
519,
385,
192,
2003,
91,
168,
240,
518,
154,
413,
272,
516,
132,
221,
188,
162,
249,
125,
155,
128,
1810,
438,
116,
178,
241,
507,
123,
335,
433,
179,
503,
529,
349,
174,
428,
1141,
154,
438,
83,
121,
178,
166,
433,
276,
1002,
210,
210,
341,
1885,
245,
42,
162,
588,
82,
209,
161,
129,
141,
81,
196,
178,
345,
176,
80,
289,
283,
269,
145,
112,
216,
143,
851,
222,
271,
283,
49,
47,
264,
276,
217,
230,
200,
308,
263,
299,
197,
169,
204,
221,
260,
212,
184,
1346,
216,
1400,
192,
461,
74,
274,
159,
241,
2152,
171,
222,
306,
127,
253,
202,
268,
167,
182,
1355,
1337,
153,
294,
147,
383,
76,
160,
993,
156,
140,
1083,
177,
148,
314,
156,
547,
1228,
145,
223,
51,
1272,
381,
154,
226,
231,
406,
250,
193,
542,
151,
217,
237,
319,
2112,
317,
145,
219,
342,
542,
352,
46,
204,
397,
267,
238,
263,
963,
357,
874,
227,
206,
280,
267,
260,
397,
276,
204,
216,
499,
235,
1330,
977,
229,
199,
185,
1113,
264,
1238,
38,
378,
301,
186,
311,
262,
68,
204,
200,
1113,
49,
407,
487,
415,
45,
946,
302,
408,
945,
482,
855,
153,
848,
316,
416,
942,
1683,
42,
832,
1170,
820,
410,
511,
351,
241,
933,
305,
224,
302,
168,
411,
115,
235,
1038,
214,
823,
295,
225,
405,
209,
411,
253,
230,
211,
275,
409,
215,
209,
340,
160,
159,
404,
117,
210,
205,
339,
249,
336,
140,
154,
517,
174,
153,
163,
296,
114,
335,
332,
176,
104,
150,
147,
234,
171,
222,
331,
119,
320,
98,
254,
511,
101,
168,
167,
44,
329,
245,
110,
184,
108,
325,
157,
338,
280,
329,
323,
2087,
317,
162,
512,
1807,
127,
187,
263,
171,
167,
161,
159,
142,
531,
154,
82,
172,
146,
207,
1819,
358,
184,
119,
157,
42,
231,
515,
243,
140,
174,
210,
195,
218,
2043,
136,
135,
170,
127,
82,
238,
134,
2082,
1893,
78,
171,
43,
177,
1902,
164,
175,
248,
241,
289,
157,
257,
162,
219,
321,
515,
280,
37,
222,
283,
249,
136,
327,
1300,
245,
445,
987,
528,
189,
1211,
300,
76,
229,
1346,
227,
219,
272,
2040,
310,
191,
1268,
256,
241,
290,
230,
211,
312,
288,
863,
216,
182,
251,
195,
1351,
186,
321,
443,
380,
175,
1270,
177,
180,
364,
210,
201,
310,
184,
210,
277,
445,
1344,
155,
208,
252,
304,
248,
187,
453,
45,
247,
277,
37,
385,
180,
167,
151,
873,
440,
962,
276,
916,
217,
452,
257,
261,
307,
829,
320,
280,
147,
271,
262,
305,
204,
214,
1090,
54,
195,
274,
183,
497,
106,
172,
96,
222,
196,
254,
217,
63,
321,
227,
53,
173,
225,
318,
323,
57,
153,
174,
235,
52,
286,
141,
51,
249,
305,
948,
224,
946,
50,
185,
222,
902,
258,
48,
218,
410,
901,
1079,
898,
232,
1100,
937,
224,
297,
253,
218,
216,
866,
213,
118,
207,
1332,
42,
226,
223,
167,
181,
172,
156,
46,
117,
53,
222,
343,
310,
327,
167,
891,
350,
197,
143,
773,
918,
201,
271,
113,
247,
185,
132,
101,
299,
148,
219,
151,
277,
108,
253,
200,
1814,
417,
438,
160,
449,
214,
147,
362,
425,
47,
156,
176,
348,
224,
222,
371,
177,
2146,
178,
190,
1090,
100,
179,
137,
186,
2166,
107,
84,
160,
221,
422,
114,
190,
241,
453,
143,
174,
125,
272,
1818,
234,
86,
40,
276,
353,
176,
2196,
119,
162,
944,
257,
342,
40,
264,
261,
170,
179,
296,
349,
87,
288,
273,
42,
369,
297,
174,
176,
39,
211,
277,
955,
387,
79,
44,
857,
896,
326,
42,
325,
321,
863,
172,
302,
185,
80,
290,
483,
416,
351,
1350,
685,
454,
324,
81,
290,
466,
45,
48,
1338,
145,
40,
1940,
310,
1264,
303,
336,
1360,
157,
466,
230,
1001,
730,
1936,
685,
1179,
268,
158,
263,
1930,
401,
293,
357,
323,
382,
349,
305,
459,
232,
297,
254,
236,
294,
291,
190,
452,
709,
227,
384,
568,
245,
251,
322,
710,
463,
191,
258,
165,
294,
317,
306,
705,
271,
171,
151,
464,
401,
244,
156,
400,
253,
298,
103,
71,
267,
265,
1026,
45,
286,
225,
295,
943,
137,
939,
286,
207,
965,
958,
157,
930,
341,
415,
237,
862,
642,
1161,
287,
948,
342,
1145,
225,
286,
282,
1078,
235,
223,
230,
119,
287,
225,
942,
212,
223,
220,
865,
204,
262,
231,
861,
196,
191,
219,
188,
172,
216,
267,
258,
117,
648,
38,
195,
206,
115,
155,
212,
215,
300,
257,
210,
217,
297,
274,
212,
207,
275,
203,
146,
40,
257,
210,
212,
232,
115,
276,
209,
228,
182,
194,
113,
258,
109,
179,
127,
114,
152,
264,
252,
113,
53,
235,
38,
172,
207,
105,
211,
219,
302,
220,
219,
194,
420,
203,
206,
201,
315,
414,
82,
218,
309,
163,
276,
176,
44,
255,
368,
167,
183,
211,
345,
310,
191,
185,
203,
137,
106,
146,
85,
117,
303,
156,
284,
44,
345,
107,
253,
434,
1914,
670,
213,
126,
139,
313,
163,
241,
84,
431,
98,
370,
276,
294,
453,
307,
227,
208,
346,
265,
129,
277,
331,
138,
327,
121,
45,
344,
278,
342,
203,
215,
263,
1336,
288,
265,
194,
432,
281,
316,
308,
1841,
269,
287,
226,
459,
249,
726,
185,
259,
225,
139,
601,
268,
377,
333,
316,
211,
313,
321,
337,
258,
230,
167,
676,
225,
193,
310,
391,
182,
192,
272,
696,
468,
204,
199,
227,
186,
341,
295,
341,
312,
703,
2012,
175,
219,
259,
215,
226,
181,
173,
364,
304,
1283,
168,
440,
166,
389,
328,
160,
170,
233,
458,
44,
277,
206,
203,
326,
188,
275,
292,
462,
43,
208,
301,
289,
332,
459,
264,
389,
275,
382,
226,
270,
176,
1379,
46,
185,
461,
151,
201,
265,
254,
107,
478,
276,
196,
480,
230,
317,
227,
712,
193,
365,
483,
247,
233,
227,
940,
169,
44,
350,
1020,
432,
44,
59,
933,
1019,
225,
235,
861,
463,
265,
229,
299,
860,
1009,
245,
1989,
1094,
1018,
493,
45,
231,
237,
232,
232,
514,
128,
213,
194,
386,
230,
228,
236,
232,
172,
241,
200,
232,
224,
505,
217,
161,
293,
215,
168,
228,
2281,
220,
198,
150,
223,
131,
233,
118,
162,
490,
179,
219,
266,
43,
239,
99,
1886,
216,
226,
214,
211,
124,
186,
106,
2014,
166,
273,
105,
42,
37,
137,
296,
1800,
210,
150,
118,
287,
233,
269,
188,
207,
110,
405,
102,
488,
2066,
39,
312,
246,
192,
412,
115,
308,
156,
510,
125,
314,
272,
531,
403,
116,
433,
159,
156,
151,
114,
755,
397,
291,
205,
434,
250,
169,
124,
2360,
267,
134,
439,
237,
759,
183,
432,
430,
235,
151,
122,
181,
177,
1830,
167,
333,
55,
193,
419,
117,
158,
147,
92,
110,
310,
210,
409,
488,
151,
346,
218,
333,
167,
286,
136,
281,
156,
449,
265,
46,
397,
202,
213,
255,
93,
209,
274,
225,
153,
326,
311,
690,
274,
115,
341,
310,
94,
320,
304,
440,
209,
1349,
491,
354,
557,
684,
395,
1268,
184,
154,
408,
390,
237,
384,
95,
194,
447,
199,
1252,
415,
170,
325,
190,
162,
224,
149,
289,
140,
1344,
142,
156,
210,
1267,
315,
97,
378,
326,
156,
223,
207,
266,
1192,
376,
173,
232,
283,
264,
210,
43,
2035,
98,
336,
305,
1284,
240,
211,
280,
301,
226,
326,
254,
2385,
333,
189,
286,
393,
465,
2144,
301,
311,
340,
192,
332,
2025,
370,
302,
389,
414,
106,
187,
432,
81,
386,
701,
228,
214,
395,
49,
189,
152,
274,
80,
50,
275,
1392,
223,
57,
44,
49,
1068,
406,
173,
178,
943,
938,
49,
412,
203,
274,
389,
1065,
1069,
2087,
737,
1209,
185,
1065,
864,
42,
1870,
422,
861,
238,
272,
244,
226,
570,
230,
2079,
124,
214,
243,
277,
213,
234,
196,
194,
338,
223,
310,
339,
479,
281,
178,
140,
294,
229,
290,
107,
125,
213,
199,
205,
242,
38,
229,
205,
272,
476,
240,
197,
122,
397,
177,
165,
37,
1808,
47,
229,
224,
130,
237,
431,
160,
391,
183,
230,
129,
123,
222,
225,
269,
211,
122,
76,
162,
104,
232,
166,
221,
408,
219,
122,
135,
212,
253,
47,
168,
128,
81,
206,
224,
200,
178,
470,
177,
375,
117,
422,
121,
227,
237,
187,
132,
153,
364,
185,
274,
183,
142,
182,
336,
124,
80,
340,
245,
79,
186,
341,
265,
456,
44,
287,
158,
166,
117,
368,
378,
250,
187,
209,
254,
323,
197,
423,
276,
169,
2094,
185,
316,
199,
79,
448,
449,
137,
187,
176,
217,
1248,
701,
327,
170,
290,
464,
186,
147,
80,
46,
331,
163,
79,
688,
278,
1264,
109,
248,
451,
179,
219,
146,
137,
271,
174,
1273,
296,
161,
79,
128,
44,
184,
220,
439,
293,
322,
296,
986,
161,
454,
455,
264,
429,
368,
310,
182,
46,
429,
389,
284,
317,
331,
257,
396,
191,
306,
299,
234,
398,
294,
397,
186,
442,
373,
404,
299,
207,
311,
176,
252,
395,
184,
175,
320,
412,
323,
271,
59,
243,
1957,
64,
241,
439,
391,
161,
404,
55,
180,
119,
386,
54,
448,
123,
44,
409,
1148,
400,
52,
1129,
158,
2151,
65,
1891,
1128,
932,
897,
46,
864,
1115,
258,
863,
209,
1267,
1306,
114,
860,
285,
220,
291,
122,
44,
283,
167,
274,
213,
290,
2177,
43,
240,
274,
1293,
282,
220,
225,
260,
293,
414,
248,
311,
215,
305,
114,
204,
2166,
279,
480,
302,
173,
41,
202,
244,
151,
203,
256,
114,
189,
318,
236,
104,
108,
100,
257,
419,
205,
172,
188,
407,
251,
2192,
116,
249,
1818,
257,
420,
246,
247,
83,
43,
161,
245,
207,
204,
251,
144,
79,
254,
2471,
293,
202,
202,
225,
179,
340,
143,
116,
194,
408,
136,
37,
159,
206,
397,
327,
184,
79,
352,
333,
386,
450,
307,
429,
194,
501,
185,
138,
190,
79,
183,
175,
364,
200,
363,
779,
333,
271,
165,
392,
423,
298,
382,
417,
377,
198,
211,
451,
507,
199,
184,
412,
46,
294,
373,
169,
329,
302,
420,
178,
210,
248,
243,
176,
338,
312,
192,
147,
426,
169,
186,
143,
156,
349,
357,
43,
161,
174,
1253,
227,
150,
1269,
332,
458,
336,
214,
238,
2013,
131,
139,
285,
303,
128,
1276,
273,
445,
202,
1001,
466,
264,
177,
41,
266,
446,
139,
442,
337,
246,
303,
130,
432,
371,
350,
364,
236,
139,
146,
313,
124,
388,
358,
156,
423,
1952,
336,
328,
197,
1964,
276,
96,
431,
404,
199,
1288,
324,
407,
269,
96,
67,
402,
44,
395,
295,
53,
381,
210,
43,
447,
901,
926,
198,
397,
349,
860,
203,
198,
899,
222,
1174,
212,
1171,
43,
860,
281,
295,
138,
2239,
203,
1154,
314,
309,
143,
1159,
1254,
147,
295,
48,
2238,
1238,
2161,
43,
382,
345,
228,
41,
325,
212,
355,
247,
255,
166,
378,
492,
1800,
264,
322,
1876,
112,
79,
316,
231,
243,
155,
336,
392,
126,
229,
241,
206,
111,
360,
321,
1896,
122,
216,
204,
192,
199,
160,
315,
375,
225,
324,
286,
301,
203,
186,
111,
319,
310,
89,
176,
273,
193,
39,
306,
315,
310,
369,
303,
413,
102,
198,
120,
82,
157,
100,
346,
168,
85,
145,
159,
204,
232,
437,
241,
183,
131,
227,
126,
128,
121,
273,
136,
136,
194,
241,
167,
309,
127,
408,
179,
154,
448,
117,
43,
418,
358,
174,
113,
286,
272,
125,
194,
42,
148,
418,
86,
45,
136,
447,
347,
107,
169,
342,
271,
269,
149,
336,
43,
158,
45,
282,
158,
276,
373,
418,
249,
288,
86,
483,
436,
197,
190,
374,
957,
417,
164,
332,
304,
184,
233,
233,
415,
159,
143,
336,
144,
374,
115,
167,
46,
135,
373,
192,
115,
190,
311,
151,
368,
135,
206,
282,
439,
179,
865,
312,
792,
347,
366,
2023,
284,
298,
1259,
710,
410,
279,
366,
414,
1274,
1192,
226,
233,
256,
354,
360,
350,
268,
918,
265,
314,
2026,
399,
1285,
537,
121,
261,
203,
898,
386,
240,
883,
52,
274,
260,
308,
216,
314,
280,
230,
422,
486,
254,
111,
899,
324,
388,
203,
201,
53,
191,
73,
148,
257,
859,
193,
186,
207,
772,
1230,
57,
860,
131,
1220,
243,
1218,
254,
858,
237,
40,
857,
913,
402,
187,
263,
1633,
2060,
1214,
297,
238,
236,
47,
230,
180,
222,
334,
213,
162,
197,
2155,
383,
474,
221,
45,
212,
159,
197,
336,
203,
237,
155,
326,
272,
115,
232,
370,
335,
398,
432,
153,
196,
353,
933,
321,
283,
334,
46,
846,
149,
388,
158,
842,
1905,
317,
132,
352,
332,
87,
111,
144,
1321,
327,
238,
418,
106,
102,
289,
429,
412,
155,
317,
188,
324,
185,
315,
158,
417,
149,
120,
313,
301,
111,
174,
210,
1985,
185,
397,
939,
188,
128,
121,
312,
275,
178,
154,
149,
151,
100,
38,
1912,
169,
331,
325,
146,
119,
124,
361,
297,
39,
342,
145,
116,
270,
38,
320,
227,
854,
260,
107,
230,
104,
359,
271,
403,
293,
237,
258,
207,
279,
438,
232,
359,
249,
854,
443,
175,
143,
298,
199,
180,
150,
953,
373,
153,
325,
131,
281,
180,
192,
390,
254,
125,
498,
256,
183,
428,
869,
156,
298,
219,
282,
194,
194,
329,
181,
190,
92,
327,
384,
260,
179,
133,
290,
140,
174,
339,
274,
294,
118,
132,
129,
328,
179,
303,
444,
288,
223,
47,
185,
290,
303,
127,
796,
451,
278,
238,
121,
324,
989,
260,
785,
264,
1273,
290,
121,
441,
298,
197,
793,
256,
157,
231,
384,
116,
2129,
395,
303,
277,
2110,
142,
364,
209,
256,
189,
802,
396,
1266,
354,
290,
240,
234,
809,
349,
209,
189,
361,
403,
168,
421,
367,
160,
172,
333,
144,
107,
240,
366,
432,
170,
88,
54,
252,
42,
224,
43,
74,
159,
42,
1294,
926,
147,
415,
274,
870,
1885,
146,
1286,
377,
372,
868,
43,
2063,
1282,
207,
377,
371,
281,
287,
366,
1271,
2075,
1803,
250,
39,
335,
273,
366,
42,
191,
372,
291,
300,
324,
294,
182,
225,
216,
234,
253,
481,
349,
131,
324,
161,
97,
840,
114,
272,
311,
328,
176,
172,
289,
123,
267,
163,
1980,
95,
335,
342,
339,
93,
323,
249,
113,
1811,
231,
365,
329,
398,
1975,
315,
287,
244,
323,
337,
280,
278,
153,
312,
95,
392,
123,
143,
107,
501,
139,
269,
113,
153,
182,
105,
41,
268,
170,
121,
314,
312,
243,
45,
270,
49,
123,
127,
231,
131,
122,
174,
251,
454,
230,
140,
804,
155,
186,
266,
41,
164,
122,
111,
422,
269,
416,
299,
265,
202,
97,
155,
40,
258,
238,
225,
210,
255,
247,
245,
249,
385,
543,
767,
951,
908,
874,
288,
239,
196,
493,
247,
184,
868,
255,
1788,
276,
519,
168,
229,
174,
148,
140,
246,
161,
301,
375,
231,
172,
270,
125,
348,
132,
205,
330,
175,
141,
166,
308,
422,
433,
196,
43,
115,
303,
785,
251,
120,
341,
1190,
2117,
308,
205,
462,
127,
197,
276,
161,
1265,
483,
2104,
196,
190,
167,
426,
362,
218,
173,
43,
743,
360,
437,
39,
210,
424,
301,
43,
294,
475,
931,
254,
193,
399,
169,
491,
232,
281,
244,
260,
1014,
44,
42,
379,
452,
70,
259,
1205,
232,
231,
238,
433,
213,
479,
65,
190,
286,
175,
729,
285,
46,
420,
199,
809,
43,
91,
1393,
1347,
948,
1329,
915,
87,
1398,
487,
1480,
36,
1823,
1965,
869,
321,
300,
454,
1336,
1330,
392,
336,
489,
36,
344,
309,
243,
336,
250,
295,
1337,
297,
212,
240,
284,
133,
235,
402,
131,
211,
154,
218,
922,
315,
536,
256,
404,
174,
208,
826,
220,
242,
455,
180,
242,
399,
345,
394,
256,
179,
479,
157,
398,
188,
210,
225,
173,
214,
211,
177,
215,
204,
155,
387,
175,
118,
167,
232,
205,
151,
386,
1985,
392,
195,
382,
790,
41,
196,
257,
195,
157,
102,
398,
152,
225,
239,
239,
238,
148,
193,
206,
162,
121,
245,
74,
373,
165,
199,
106,
131,
544,
838,
143,
209,
44,
227,
2008,
122,
272,
169,
351,
93,
313,
119,
217,
202,
420,
135,
152,
204,
151,
179,
217,
259,
352,
47,
198,
60,
305,
240,
294,
153,
158,
39,
121,
237,
457,
767,
151,
266,
325,
188,
47,
277,
948,
533,
153,
122,
215,
239,
219,
556,
142,
149,
2104,
589,
205,
191,
513,
252,
207,
211,
180,
429,
149,
178,
173,
184,
126,
265,
252,
243,
178,
183,
194,
351,
183,
157,
189,
242,
258,
552,
251,
156,
182,
128,
40,
207,
876,
508,
211,
185,
185,
46,
42,
164,
171,
797,
188,
768,
199,
202,
210,
185,
204,
198,
155,
541,
1951,
211,
454,
41,
204,
128,
381,
205,
371,
225,
178,
395,
244,
187,
268,
198,
206,
246,
188,
1892,
229,
179,
36,
206,
92,
404,
179,
123,
813,
143,
544,
46,
1375,
804,
82,
941,
1356,
1671,
1374,
1915,
47,
1874,
383,
271,
1286,
1735,
170,
869,
422,
161,
338,
1513,
556,
191,
382,
385,
380,
44,
236,
379,
278,
353,
101,
339,
137,
248,
145,
826,
247,
123,
160,
826,
234,
434,
377,
175,
104,
424,
142,
265,
428,
263,
135,
207,
261,
413,
258,
434,
347,
248,
2078,
427,
190,
149,
215,
257,
425,
255,
413,
423,
1922,
200,
38,
239,
135,
164,
205,
127,
832,
89,
207,
159,
202,
176,
2090,
128,
148,
171,
199,
40,
187,
39,
173,
366,
137,
114,
146,
161,
175,
168,
145,
435,
150,
143,
115,
191,
232,
135,
222,
169,
411,
175,
199,
157,
147,
161,
152,
168,
507,
129,
119,
41,
180,
197,
264,
415,
1035,
244,
160,
116,
946,
501,
181,
193,
616,
246,
856,
263,
955,
144,
189,
183,
496,
856,
190,
998,
151,
194,
247,
163,
146,
207,
136,
189,
180,
44,
129,
202,
1352,
210,
515,
44,
191,
1340,
395,
508,
158,
1275,
414,
160,
189,
45,
418,
180,
486,
413,
1276,
149,
194,
424,
172,
188,
271,
43,
45,
157,
179,
502,
1274,
177,
143,
188,
243,
234,
176,
136,
188,
133,
161,
194,
772,
228,
133,
862,
130,
186,
434,
699,
179,
780,
254,
192,
189,
127,
374,
283,
44,
169,
788,
185,
414,
2023,
168,
249,
979,
386,
106,
169,
201,
183,
43,
84,
286,
167,
163,
124,
40,
404,
944,
162,
943,
939,
119,
39,
1299,
1295,
930,
379,
1295,
865,
261,
132,
1715,
149,
300,
280,
863,
1294,
409,
1989,
1309,
420,
463,
319,
154,
156,
407,
1995,
397,
401,
410,
319,
2078,
496,
97,
248,
212,
494,
243,
155,
493,
502,
229,
320,
2060,
337,
492,
176,
1846,
218,
302,
2074,
490,
223,
212,
478,
317,
489,
173,
95,
148,
319,
177,
2074,
472,
205,
274,
150,
204,
2005,
154,
284,
202,
178,
169,
2001,
202,
111,
194,
159,
173,
267,
163,
228,
202,
144,
142,
124,
196,
170,
153,
147,
156,
257,
270,
154,
167,
268,
214,
227,
189,
125,
134,
230,
43,
196,
217,
264,
187,
266,
355,
134,
155,
216,
210,
203,
118,
161,
209,
199,
264,
497,
589,
38,
177,
115,
426,
545,
240,
938,
207,
195,
211,
188,
529,
539,
194,
149,
138,
167,
138,
161,
142,
941,
172,
204,
478,
1349,
201,
44,
130,
168,
185,
474,
180,
141,
179,
1176,
1278,
241,
107,
2192,
160,
154,
639,
138,
248,
472,
154,
179,
416,
189,
458,
601,
468,
46,
152,
236,
196,
192,
608,
524,
311,
178,
523,
211,
176,
919,
130,
611,
694,
218,
191,
380,
118,
187,
564,
138,
1107,
290,
431,
620,
214,
1287,
43,
349,
561,
2045,
130,
205,
197,
196,
264,
1295,
177,
108,
1107,
128,
265,
117,
935,
105,
168,
1294,
62,
540,
54,
1368,
232,
538,
58,
935,
128,
53,
401,
1366,
924,
114,
860,
1201,
194,
1372,
40,
859,
857,
506,
204,
1369,
185,
479,
856,
145,
474,
320,
1939,
216,
1370,
411,
420,
146,
1924,
1369,
566,
40,
192,
214,
280,
115,
563,
276,
261,
525,
516,
178,
201,
194,
521,
176,
207,
524,
152,
164,
649,
515,
243,
170,
191,
513,
2077,
304,
404,
150,
239,
511,
39,
300,
202,
276,
139,
325,
164,
222,
146,
156,
250,
187,
134,
202,
142,
513,
186,
232,
220,
184,
159,
341,
199,
178,
182,
392,
46,
209,
235,
205,
195,
125,
149,
191,
177,
178,
178,
151,
165,
133,
239,
553,
201,
158,
377,
198,
118,
167,
175,
177,
180,
201,
468,
41,
176,
2097,
171,
156,
223,
177,
161,
174,
183,
164,
607,
151,
297,
595,
209,
178,
1149,
137,
176,
593,
511,
676,
203,
350,
190,
602,
206,
297,
343,
1334,
133,
482,
286,
456,
599,
1266,
529,
136,
269,
320,
204,
42,
139,
898,
222,
196,
179,
257,
171,
42,
279,
1274,
186,
167,
203,
599,
191,
157,
680,
200,
184,
539,
677,
239,
157,
219,
611,
157,
590,
496,
171,
214,
560,
455,
160,
140,
135,
481,
525,
239,
225,
1436,
454,
46,
625,
292,
128,
783,
735,
184,
152,
522,
202,
525,
43,
171,
279,
609,
174,
482,
569,
196,
653,
186,
175,
164,
477,
173,
290,
288,
126,
298,
153,
398,
168,
192,
