32,
33,
32,
45,
33,
42,
32,
42,
42,
39,
37,
39,
34,
34,
32,
96,
80,
86,
93,
86,
71,
33,
99,
46,
99,
92,
86,
97,
38,
50,
112,
93,
112,
104,
110,
91,
91,
46,
49,
47,
81,
95,
108,
105,
103,
48,
83,
65,
106,
117,
136,
134,
138,
117,
122,
130,
120,
130,
104,
56,
97,
92,
134,
129,
55,
133,
132,
123,
90,
95,
131,
128,
115,
100,
55,
131,
109,
103,
54,
120,
53,
117,
108,
109,
52,
111,
50,
147,
104,
136,
100,
141,
112,
40,
107,
106,
132,
124,
44,
108,
116,
159,
43,
143,
142,
143,
119,
129,
138,
41,
135,
130,
138,
126,
132,
132,
158,
147,
43,
136,
123,
115,
39,
95,
38,
129,
131,
166,
86,
39,
147,
114,
126,
127,
126,
175,
134,
143,
114,
35,
164,
119,
122,
162,
175,
161,
116,
174,
137,
127,
38,
145,
193,
97,
94,
129,
174,
191,
141,
119,
122,
127,
55,
161,
108,
105,
112,
106,
126,
131,
47,
101,
125,
104,
99,
147,
166,
108,
111,
141,
154,
113,
145,
105,
38,
147,
133,
136,
88,
161,
130,
152,
105,
81,
154,
113,
108,
138,
168,
145,
134,
102,
106,
153,
112,
145,
174,
96,
110,
129,
172,
101,
131,
129,
123,
127,
41,
148,
217,
117,
46,
147,
113,
207,
216,
131,
172,
145,
226,
221,
72,
228,
206,
244,
224,
119,
138,
192,
102,
232,
140,
239,
83,
131,
123,
76,
246,
125,
179,
162,
106,
244,
155,
241,
173,
248,
174,
222,
78,
95,
162,
143,
164,
129,
133,
189,
205,
192,
214,
129,
67,
174,
114,
94,
102,
140,
215,
144,
232,
185,
221,
206,
204,
66,
111,
168,
227,
102,
130,
251,
137,
90,
154,
116,
175,
199,
258,
97,
100,
49,
57,
152,
165,
174,
244,
111,
108,
146,
85,
38,
50,
264,
138,
103,
189,
223,
205,
43,
215,
157,
148,
210,
32,
190,
203,
200,
162,
216,
193,
153,
191,
166,
157,
175,
154,
158,
167,
122,
36,
141,
98,
153,
265,
32,
121,
274,
168,
193,
163,
232,
140,
233,
199,
157,
144,
225,
184,
146,
244,
163,
117,
161,
214,
270,
36,
127,
281,
159,
152,
182,
104,
123,
178,
192,
232,
145,
150,
181,
157,
155,
164,
145,
171,
220,
151,
156,
202,
145,
189,
294,
164,
156,
133,
37,
128,
138,
193,
255,
212,
126,
158,
217,
186,
275,
161,
290,
120,
146,
183,
163,
34,
156,
124,
88,
101,
76,
218,
204,
149,
277,
86,
298,
153,
145,
114,
199,
74,
54,
158,
246,
168,
174,
307,
177,
161,
53,
226,
292,
159,
35,
152,
172,
136,
293,
84,
268,
148,
155,
196,
283,
135,
156,
159,
261,
237,
264,
135,
127,
138,
141,
297,
132,
153,
146,
192,
125,
342,
138,
285,
126,
98,
98,
125,
144,
303,
287,
270,
129,
87,
117,
81,
298,
78,
292,
249,
283,
228,
172,
220,
280,
274,
233,
92,
85,
305,
264,
143,
263,
287,
308,
251,
110,
162,
274,
168,
247,
213,
84,
243,
143,
282,
297,
95,
169,
310,
234,
294,
326,
178,
267,
82,
266,
248,
325,
174,
278,
167,
250,
104,
140,
179,
141,
209,
297,
126,
163,
207,
182,
338,
250,
113,
240,
150,
106,
177,
335,
256,
153,
342,
145,
136,
175,
144,
158,
43,
72,
81,
166,
154,
164,
102,
211,
315,
244,
94,
154,
130,
226,
127,
84,
211,
176,
147,
234,
239,
227,
214,
120,
237,
229,
219,
221,
224,
108,
189,
112,
184,
119,
203,
84,
186,
89,
61,
182,
160,
214,
192,
85,
361,
95,
154,
41,
157,
176,
270,
250,
91,
158,
111,
203,
144,
166,
79,
132,
193,
172,
151,
271,
117,
79,
182,
229,
177,
213,
236,
180,
279,
210,
69,
299,
65,
156,
178,
126,
195,
177,
162,
137,
120,
321,
167,
65,
229,
44,
61,
245,
159,
194,
234,
57,
226,
113,
53,
161,
39,
180,
39,
211,
249,
47,
253,
203,
192,
171,
249,
189,
42,
144,
236,
38,
148,
268,
128,
209,
302,
330,
243,
319,
49,
33,
146,
181,
241,
129,
116,
290,
185,
392,
304,
359,
176,
284,
289,
196,
262,
139,
107,
261,
100,
185,
35,
237,
110,
271,
147,
376,
280,
281,
273,
246,
392,
253,
261,
245,
297,
296,
89,
233,
395,
245,
103,
276,
41,
312,
129,
364,
36,
100,
102,
213,
273,
215,
187,
324,
208,
352,
254,
89,
293,
99,
274,
236,
224,
94,
258,
88,
78,
135,
120,
336,
177,
204,
36,
389,
246,
140,
201,
289,
36,
186,
282,
248,
173,
192,
305,
184,
415,
54,
213,
239,
73,
350,
208,
313,
218,
208,
169,
186,
381,
308,
198,
230,
344,
163,
194,
317,
175,
313,
227,
195,
162,
306,
260,
369,
226,
205,
150,
303,
356,
263,
182,
186,
351,
275,
195,
146,
138,
41,
249,
176,
185,
321,
356,
243,
219,
119,
53,
275,
188,
131,
184,
252,
127,
153,
154,
336,
266,
106,
116,
236,
318,
92,
306,
269,
151,
179,
401,
151,
170,
153,
175,
275,
176,
211,
183,
149,
172,
103,
232,
182,
125,
269,
221,
146,
359,
311,
114,
260,
189,
181,
211,
186,
346,
319,
105,
247,
384,
352,
361,
169,
227,
234,
184,
343,
232,
287,
278,
232,
232,
353,
192,
183,
144,
268,
242,
328,
303,
225,
186,
203,
238,
248,
395,
171,
401,
187,
259,
181,
299,
152,
224,
154,
332,
377,
230,
292,
304,
395,
270,
393,
197,
187,
115,
311,
378,
186,
203,
259,
212,
290,
258,
217,
410,
364,
206,
399,
216,
250,
209,
223,
179,
366,
40,
281,
374,
73,
271,
149,
384,
202,
49,
169,
55,
382,
163,
252,
185,
251,
190,
134,
183,
101,
184,
52,
97,
176,
224,
108,
183,
53,
246,
127,
66,
213,
100,
217,
156,
170,
182,
146,
136,
150,
105,
116,
163,
148,
81,
143,
111,
173,
163,
150,
232,
150,
251,
119,
274,
166,
148,
273,
383,
260,
242,
88,
199,
226,
247,
205,
219,
187,
119,
335,
239,
218,
177,
216,
48,
163,
195,
40,
198,
369,
193,
295,
320,
56,
217,
248,
333,
215,
388,
177,
179,
208,
249,
167,
366,
317,
38,
240,
258,
236,
256,
40,
306,
79,
42,
282,
175,
155,
203,
421,
192,
199,
185,
302,
174,
426,
322,
379,
252,
153,
274,
182,
276,
222,
184,
189,
264,
110,
253,
399,
147,
296,
251,
198,
193,
323,
146,
264,
425,
417,
246,
173,
257,
146,
304,
435,
256,
160,
271,
140,
263,
179,
152,
256,
293,
43,
142,
238,
253,
262,
121,
225,
150,
166,
297,
314,
168,
242,
137,
465,
246,
139,
98,
137,
157,
191,
228,
86,
452,
416,
136,
82,
160,
224,
126,
421,
144,
107,
410,
194,
210,
125,
181,
278,
436,
204,
455,
301,
126,
125,
101,
299,
119,
217,
199,
287,
170,
97,
124,
123,
95,
281,
110,
166,
442,
234,
253,
428,
41,
162,
287,
108,
187,
230,
415,
340,
413,
481,
351,
241,
198,
334,
107,
42,
363,
41,
194,
56,
277,
360,
414,
244,
339,
472,
285,
308,
40,
94,
164,
274,
141,
205,
290,
318,
206,
412,
313,
245,
340,
294,
195,
412,
426,
289,
45,
183,
86,
410,
379,
437,
316,
299,
176,
316,
358,
145,
325,
181,
259,
272,
342,
296,
152,
323,
330,
424,
339,
174,
218,
404,
99,
275,
292,
239,
281,
40,
170,
38,
112,
292,
432,
165,
443,
195,
131,
321,
246,
297,
101,
411,
474,
274,
178,
203,
284,
181,
439,
144,
474,
312,
175,
282,
371,
140,
447,
250,
457,
258,
231,
196,
223,
385,
285,
259,
408,
178,
39,
314,
140,
271,
310,
99,
102,
224,
292,
502,
277,
89,
330,
288,
141,
265,
267,
249,
71,
138,
299,
284,
310,
297,
277,
233,
156,
188,
492,
305,
276,
263,
234,
139,
284,
232,
447,
308,
131,
291,
303,
236,
237,
248,
216,
347,
400,
252,
425,
237,
248,
248,
242,
306,
318,
232,
283,
384,
261,
228,
323,
225,
44,
249,
210,
246,
185,
298,
295,
254,
321,
214,
213,
233,
280,
282,
297,
306,
164,
255,
312,
264,
182,
302,
305,
253,
307,
264,
260,
181,
231,
253,
254,
251,
283,
244,
164,
286,
245,
187,
241,
230,
239,
266,
295,
229,
273,
274,
247,
268,
263,
178,
218,
326,
189,
296,
305,
218,
245,
39,
113,
228,
301,
256,
225,
270,
233,
276,
335,
283,
283,
292,
313,
297,
276,
254,
217,
262,
303,
90,
135,
127,
238,
279,
273,
290,
255,
252,
294,
283,
322,
281,
215,
500,
242,
213,
302,
319,
279,
238,
258,
182,
154,
202,
270,
257,
179,
210,
175,
43,
510,
224,
196,
268,
266,
257,
302,
201,
199,
151,
463,
216,
234,
181,
497,
176,
247,
140,
209,
256,
206,
171,
244,
244,
198,
182,
209,
217,
203,
202,
161,
189,
218,
139,
176,
188,
195,
201,
172,
146,
219,
271,
219,
140,
262,
210,
135,
79,
148,
473,
271,
102,
532,
430,
412,
143,
580,
593,
323,
252,
340,
272,
555,
157,
303,
523,
294,
454,
523,
164,
319,
263,
282,
157,
432,
247,
262,
325,
75,
167,
234,
187,
331,
472,
258,
127,
350,
147,
263,
283,
192,
143,
469,
314,
48,
140,
528,
134,
200,
277,
201,
488,
126,
185,
516,
179,
154,
345,
76,
115,
224,
515,
253,
490,
126,
159,
71,
122,
135,
503,
436,
157,
100,
185,
270,
184,
74,
169,
239,
284,
498,
143,
280,
157,
113,
278,
302,
491,
298,
129,
196,
88,
43,
275,
501,
100,
424,
303,
158,
181,
165,
239,
282,
158,
489,
544,
370,
282,
314,
219,
551,
446,
226,
149,
446,
474,
271,
159,
291,
144,
561,
249,
369,
534,
49,
156,
261,
556,
241,
156,
156,
184,
216,
105,
156,
482,
278,
246,
146,
135,
339,
122,
191,
111,
236,
154,
153,
232,
272,
144,
281,
268,
111,
365,
318,
264,
40,
138,
137,
332,
275,
527,
161,
43,
229,
189,
137,
340,
298,
137,
40,
225,
330,
228,
159,
123,
235,
152,
283,
186,
151,
346,
121,
208,
311,
227,
339,
283,
301,
414,
152,
223,
149,
230,
232,
277,
173,
390,
174,
45,
255,
328,
192,
320,
223,
331,
263,
43,
327,
388,
204,
253,
333,
381,
156,
304,
230,
365,
127,
234,
397,
162,
284,
251,
40,
216,
328,
402,
292,
177,
369,
378,
341,
406,
221,
399,
317,
268,
376,
321,
246,
314,
307,
340,
390,
227,
266,
41,
328,
234,
252,
177,
306,
193,
314,
230,
221,
397,
200,
287,
202,
263,
373,
197,
41,
341,
228,
353,
215,
263,
222,
153,
257,
199,
416,
296,
234,
59,
134,
567,
230,
328,
211,
224,
265,
180,
303,
438,
267,
219,
180,
361,
204,
389,
392,
45,
231,
191,
260,
329,
311,
210,
327,
289,
248,
193,
263,
387,
276,
206,
329,
39,
243,
240,
285,
267,
565,
260,
407,
242,
377,
287,
175,
273,
258,
254,
266,
306,
342,
256,
277,
176,
331,
345,
172,
316,
355,
171,
247,
206,
333,
351,
194,
271,
43,
385,
385,
360,
245,
312,
41,
415,
218,
415,
334,
232,
267,
39,
241,
171,
265,
352,
293,
346,
294,
282,
140,
297,
299,
137,
576,
338,
431,
290,
169,
279,
607,
246,
305,
297,
149,
413,
251,
244,
199,
113,
494,
242,
39,
221,
274,
315,
281,
630,
381,
239,
178,
100,
256,
557,
283,
243,
170,
281,
545,
94,
251,
222,
603,
374,
297,
296,
279,
356,
274,
302,
130,
282,
546,
241,
355,
609,
246,
356,
286,
94,
580,
291,
269,
537,
277,
245,
540,
298,
297,
302,
277,
218,
180,
224,
202,
372,
533,
199,
585,
91,
365,
540,
351,
218,
191,
231,
87,
287,
294,
198,
40,
255,
380,
219,
179,
581,
290,
271,
552,
226,
173,
204,
271,
546,
207,
162,
340,
245,
574,
150,
149,
155,
200,
495,
156,
261,
331,
198,
135,
349,
113,
614,
150,
148,
118,
111,
630,
626,
45,
133,
264,
199,
118,
44,
214,
613,
583,
113,
147,
316,
78,
224,
530,
47,
45,
113,
206,
38,
49,
141,
634,
233,
333,
47,
217,
343,
592,
51,
82,
83,
648,
593,
47,
261,
53,
267,
181,
323,
346,
78,
465,
234,
405,
205,
258,
354,
569,
162,
153,
133,
294,
255,
81,
93,
463,
185,
229,
156,
83,
437,
263,
38,
110,
166,
75,
187,
471,
324,
246,
140,
361,
167,
172,
121,
309,
248,
336,
110,
318,
42,
293,
155,
298,
154,
91,
351,
278,
87,
316,
337,
290,
312,
169,
294,
228,
46,
168,
434,
217,
321,
305,
280,
40,
284,
189,
168,
201,
105,
250,
462,
212,
312,
165,
237,
392,
178,
179,
631,
244,
168,
252,
468,
467,
267,
40,
233,
223,
456,
95,
213,
336,
513,
222,
346,
186,
217,
281,
166,
358,
250,
175,
172,
204,
220,
165,
273,
308,
320,
214,
626,
292,
264,
188,
188,
316,
167,
162,
458,
193,
273,
38,
503,
473,
168,
162,
375,
309,
304,
444,
498,
442,
472,
578,
413,
321,
372,
225,
158,
206,
441,
343,
405,
414,
397,
323,
142,
327,
440,
462,
244,
222,
332,
287,
40,
262,
95,
211,
86,
173,
232,
151,
307,
342,
40,
457,
297,
230,
52,
449,
277,
321,
247,
147,
476,
433,
306,
223,
185,
433,
309,
132,
339,
372,
100,
489,
230,
41,
225,
394,
216,
301,
173,
49,
449,
147,
211,
310,
354,
353,
357,
213,
187,
204,
301,
140,
44,
226,
138,
146,
162,
350,
416,
402,
231,
331,
406,
323,
225,
280,
178,
139,
301,
390,
373,
136,
183,
222,
43,
167,
37,
426,
198,
384,
372,
391,
189,
468,
365,
390,
44,
141,
42,
145,
307,
347,
516,
170,
281,
224,
432,
182,
358,
164,
342,
46,
327,
106,
356,
194,
106,
325,
182,
222,
95,
413,
371,
305,
308,
388,
79,
380,
313,
400,
241,
314,
261,
308,
328,
255,
362,
284,
165,
348,
40,
128,
349,
270,
260,
326,
385,
89,
244,
387,
331,
333,
252,
469,
363,
337,
347,
376,
45,
304,
201,
378,
207,
278,
305,
272,
197,
288,
324,
233,
273,
278,
240,
43,
231,
361,
378,
297,
411,
101,
376,
323,
284,
404,
189,
235,
143,
321,
286,
458,
232,
409,
493,
182,
168,
426,
129,
392,
172,
50,
501,
373,
756,
292,
394,
392,
477,
547,
213,
193,
127,
141,
265,
102,
334,
384,
742,
710,
91,
232,
430,
41,
349,
711,
134,
370,
729,
266,
437,
466,
386,
696,
307,
108,
150,
334,
158,
280,
289,
230,
371,
46,
196,
51,
313,
48,
38,
423,
424,
227,
464,
204,
257,
167,
478,
273,
189,
104,
835,
688,
387,
754,
348,
125,
108,
772,
99,
349,
287,
749,
98,
96,
323,
741,
169,
651,
248,
305,
97,
278,
703,
741,
742,
93,
702,
351,
397,
280,
681,
436,
91,
254,
89,
283,
297,
759,
417,
259,
701,
322,
280,
326,
311,
289,
771,
318,
280,
269,
322,
266,
450,
702,
263,
254,
72,
221,
421,
764,
320,
750,
246,
416,
211,
362,
310,
357,
229,
737,
255,
785,
455,
43,
353,
384,
327,
408,
276,
723,
321,
348,
777,
367,
374,
308,
717,
305,
453,
303,
359,
204,
300,
432,
373,
341,
368,
44,
701,
299,
296,
316,
717,
292,
246,
304,
42,
40,
321,
250,
257,
316,
77,
292,
699,
230,
223,
770,
311,
297,
322,
304,
316,
229,
304,
255,
320,
290,
294,
198,
43,
328,
243,
692,
78,
75,
367,
194,
328,
250,
238,
311,
212,
252,
212,
264,
265,
233,
281,
41,
231,
291,
360,
215,
72,
239,
222,
321,
238,
198,
269,
170,
243,
234,
111,
38,
192,
208,
200,
124,
356,
209,
441,
243,
253,
195,
118,
350,
417,
169,
193,
324,
405,
43,
107,
181,
189,
162,
178,
183,
41,
188,
147,
173,
168,
408,
158,
304,
170,
148,
386,
173,
404,
154,
173,
170,
159,
195,
138,
168,
99,
169,
147,
303,
136,
166,
259,
198,
250,
165,
192,
40,
178,
202,
193,
181,
47,
148,
89,
568,
191,
455,
143,
72,
427,
461,
404,
222,
181,
410,
536,
388,
363,
90,
443,
204,
155,
135,
537,
493,
47,
396,
154,
175,
137,
42,
385,
595,
304,
155,
361,
571,
333,
284,
168,
121,
361,
170,
188,
224,
150,
111,
120,
310,
222,
280,
362,
98,
561,
101,
214,
397,
580,
97,
477,
462,
501,
366,
145,
569,
392,
359,
196,
589,
141,
299,
189,
220,
634,
253,
446,
366,
464,
292,
181,
306,
236,
433,
42,
181,
408,
40,
89,
171,
101,
215,
389,
97,
292,
512,
395,
443,
111,
395,
494,
404,
363,
380,
322,
240,
47,
480,
154,
393,
429,
330,
354,
228,
370,
442,
432,
526,
379,
475,
550,
89,
248,
395,
387,
546,
327,
459,
394,
124,
40,
185,
590,
300,
43,
227,
523,
442,
158,
355,
340,
457,
268,
327,
279,
413,
650,
403,
526,
535,
374,
396,
353,
327,
384,
220,
453,
45,
241,
354,
427,
328,
305,
260,
512,
134,
244,
378,
387,
43,
44,
327,
596,
336,
369,
359,
441,
333,
321,
64,
312,
195,
624,
368,
275,
47,
325,
384,
130,
420,
128,
363,
299,
442,
44,
237,
379,
347,
442,
371,
284,
236,
308,
355,
328,
73,
335,
305,
323,
238,
176,
222,
544,
279,
419,
344,
900,
525,
311,
429,
246,
529,
38,
293,
327,
515,
292,
444,
208,
178,
680,
311,
811,
317,
253,
341,
173,
481,
235,
228,
225,
362,
255,
240,
826,
246,
236,
222,
192,
342,
203,
50,
129,
574,
208,
257,
156,
198,
209,
53,
215,
105,
202,
205,
825,
341,
406,
46,
328,
424,
426,
314,
99,
404,
813,
37,
306,
159,
398,
228,
104,
420,
871,
749,
396,
431,
917,
112,
227,
177,
396,
384,
394,
369,
84,
921,
176,
180,
136,
775,
575,
191,
737,
485,
767,
343,
902,
426,
391,
363,
799,
432,
829,
216,
131,
208,
405,
126,
855,
497,
185,
462,
790,
510,
175,
478,
116,
427,
738,
411,
358,
681,
103,
478,
85,
52,
199,
222,
211,
582,
479,
41,
224,
369,
363,
142,
179,
367,
360,
908,
363,
207,
40,
356,
356,
353,
906,
359,
481,
363,
558,
351,
249,
349,
438,
362,
348,
564,
390,
351,
454,
340,
401,
347,
566,
458,
870,
345,
80,
460,
464,
876,
406,
507,
303,
909,
457,
184,
182,
479,
256,
404,
402,
916,
311,
585,
164,
46,
920,
205,
446,
880,
401,
183,
459,
539,
281,
216,
181,
382,
250,
184,
47,
249,
143,
338,
39,
868,
535,
46,
379,
143,
75,
541,
287,
94,
45,
929,
40,
268,
392,
272,
322,
324,
307,
138,
129,
837,
225,
128,
844,
169,
127,
91,
167,
223,
348,
338,
306,
232,
826,
472,
257,
245,
168,
348,
816,
94,
410,
122,
238,
42,
202,
328,
166,
167,
195,
41,
384,
185,
242,
207,
176,
185,
41,
210,
39,
232,
508,
165,
137,
178,
162,
82,
119,
665,
159,
104,
162,
43,
144,
130,
155,
155,
503,
114,
449,
369,
673,
155,
86,
592,
132,
171,
82,
81,
396,
396,
406,
523,
381,
708,
802,
40,
291,
385,
418,
380,
451,
296,
764,
767,
165,
436,
450,
464,
270,
163,
23,
372,
457,
431,
23,
386,
416,
462,
398,
712,
24,
500,
413,
354,
370,
392,
284,
361,
118,
413,
697,
40,
371,
682,
399,
681,
400,
683,
681,
488,
738,
43,
330,
375,
59,
42,
437,
407,
377,
40,
470,
373,
203,
288,
680,
267,
522,
393,
372,
357,
251,
234,
403,
443,
516,
312,
678,
268,
451,
451,
463,
448,
438,
387,
404,
385,
352,
533,
309,
439,
426,
436,
396,
585,
393,
152,
433,
376,
326,
679,
408,
572,
358,
398,
494,
396,
489,
483,
349,
322,
350,
161,
255,
270,
370,
488,
461,
367,
373,
421,
372,
338,
325,
359,
124,
335,
446,
443,
357,
259,
288,
480,
438,
358,
380,
442,
332,
341,
457,
345,
607,
327,
637,
437,
397,
423,
411,
406,
423,
331,
507,
422,
295,
41,
454,
642,
416,
382,
618,
672,
354,
388,
316,
332,
321,
429,
417,
378,
340,
36,
326,
421,
376,
333,
373,
40,
365,
412,
476,
308,
263,
441,
493,
338,
177,
253,
208,
349,
297,
236,
179,
337,
435,
299,
359,
186,
198,
176,
422,
205,
337,
367,
408,
324,
365,
526,
440,
206,
337,
221,
176,
337,
222,
185,
258,
414,
304,
408,
203,
181,
223,
619,
227,
209,
178,
580,
462,
182,
166,
108,
493,
491,
207,
922,
166,
368,
219,
225,
465,
397,
171,
141,
183,
335,
203,
436,
141,
193,
447,
145,
897,
227,
217,
143,
224,
123,
204,
195,
215,
126,
163,
681,
861,
44,
239,
162,
362,
276,
671,
217,
390,
207,
372,
205,
194,
202,
166,
42,
679,
151,
159,
150,
191,
311,
365,
41,
1004,
376,
157,
44,
141,
52,
145,
402,
133,
124,
307,
364,
80,
95,
348,
1025,
511,
869,
305,
261,
138,
314,
523,
282,
173,
262,
216,
469,
508,
512,
504,
136,
206,
622,
339,
205,
128,
147,
141,
74,
347,
504,
285,
160,
938,
1112,
309,
290,
564,
92,
505,
502,
106,
963,
494,
42,
684,
500,
270,
73,
498,
298,
154,
530,
336,
125,
1000,
538,
227,
508,
306,
149,
104,
1005,
398,
185,
509,
653,
77,
548,
1000,
159,
84,
485,
198,
1010,
260,
998,
1003,
395,
512,
611,
67,
336,
998,
60,
747,
1001,
105,
167,
158,
314,
541,
332,
95,
710,
51,
814,
366,
311,
522,
1027,
137,
313,
479,
312,
38,
549,
145,
160,
186,
372,
349,
502,
958,
524,
908,
520,
203,
38,
298,
431,
202,
483,
517,
438,
428,
492,
1012,
995,
80,
250,
433,
396,
242,
1023,
530,
319,
240,
230,
325,
495,
206,
231,
206,
283,
279,
339,
45,
217,
303,
267,
184,
285,
422,
55,
52,
264,
209,
1008,
255,
430,
226,
48,
207,
229,
429,
223,
198,
417,
199,
321,
607,
425,
530,
468,
49,
189,
425,
197,
168,
433,
521,
421,
616,
167,
336,
196,
412,
406,
398,
402,
396,
423,
458,
479,
176,
419,
527,
276,
392,
169,
196,
42,
420,
458,
162,
385,
533,
1052,
471,
492,
825,
202,
421,
369,
192,
753,
392,
444,
191,
447,
517,
459,
431,
45,
413,
118,
360,
482,
44,
454,
506,
475,
421,
432,
474,
391,
43,
398,
112,
41,
490,
448,
369,
445,
46,
422,
359,
358,
207,
433,
347,
407,
479,
80,
336,
108,
347,
58,
810,
387,
447,
430,
260,
281,
460,
439,
430,
606,
208,
423,
408,
444,
502,
253,
38,
838,
415,
648,
992,
472,
441,
419,
215,
487,
688,
408,
394,
412,
183,
180,
155,
410,
761,
547,
542,
759,
36,
485,
458,
321,
260,
668,
793,
375,
531,
348,
385,
445,
679,
388,
514,
403,
863,
377,
494,
883,
451,
694,
807,
398,
376,
198,
587,
551,
771,
492,
724,
41,
209,
271,
463,
450,
230,
271,
421,
276,
37,
787,
368,
320,
197,
380,
211,
363,
44,
394,
421,
189,
950,
189,
416,
161,
189,
280,
431,
368,
385,
294,
736,
146,
384,
258,
164,
316,
361,
568,
123,
119,
490,
309,
178,
454,
310,
270,
156,
156,
355,
260,
448,
301,
57,
759,
44,
183,
203,
166,
313,
390,
454,
162,
206,
41,
58,
432,
307,
147,
479,
106,
351,
386,
110,
118,
47,
257,
280,
249,
198,
331,
102,
361,
224,
208,
246,
341,
289,
172,
207,
281,
245,
249,
183,
300,
250,
172,
267,
176,
203,
166,
104,
182,
177,
156,
194,
300,
152,
154,
258,
101,
148,
158,
274,
237,
165,
416,
78,
48,
240,
134,
236,
132,
376,
46,
134,
154,
203,
150,
214,
128,
135,
116,
105,
448,
147,
241,
457,
226,
126,
252,
191,
100,
104,
90,
168,
137,
223,
231,
173,
758,
540,
234,
188,
80,
538,
351,
271,
378,
340,
357,
349,
40,
540,
365,
357,
324,
319,
254,
312,
482,
1166,
1161,
326,
54,
1161,
76,
294,
360,
1197,
1043,
425,
231,
267,
686,
166,
344,
39,
428,
1206,
363,
484,
84,
128,
355,
329,
126,
714,
96,
121,
529,
393,
769,
536,
362,
550,
565,
461,
607,
406,
510,
805,
402,
284,
628,
591,
359,
368,
43,
1052,
1298,
349,
369,
1011,
65,
294,
572,
1238,
284,
963,
1304,
41,
948,
304,
567,
200,
234,
43,
73,
788,
68,
951,
198,
1184,
201,
40,
1144,
164,
1154,
39,
49,
118,
1161,
1148,
501,
204,
1139,
616,
1190,
475,
203,
492,
159,
154,
1157,
202,
1191,
169,
279,
593,
408,
1211,
474,
199,
146,
487,
1207,
1174,
579,
468,
134,
240,
585,
600,
580,
613,
290,
245,
201,
1186,
454,
568,
732,
441,
279,
627,
496,
491,
289,
741,
553,
627,
230,
273,
555,
229,
428,
532,
201,
200,
445,
581,
461,
160,
1080,
533,
605,
551,
570,
44,
208,
458,
657,
146,
170,
409,
219,
518,
712,
429,
542,
232,
1183,
464,
457,
472,
255,
527,
225,
1104,
232,
528,
258,
48,
512,
228,
536,
373,
47,
474,
394,
414,
227,
383,
447,
234,
443,
502,
214,
344,
395,
37,
193,
272,
47,
386,
424,
351,
431,
185,
366,
522,
180,
400,
623,
546,
518,
429,
558,
269,
719,
411,
92,
518,
501,
455,
39,
415,
386,
488,
624,
41,
437,
342,
572,
646,
232,
465,
79,
38,
548,
546,
574,
438,
932,
560,
322,
270,
428,
541,
454,
577,
511,
674,
513,
413,
453,
174,
533,
419,
493,
187,
139,
603,
224,
440,
445,
492,
464,
506,
537,
908,
334,
464,
450,
597,
401,
120,
879,
917,
347,
439,
342,
429,
469,
526,
584,
529,
379,
151,
506,
391,
41,
284,
183,
478,
430,
127,
393,
358,
43,
375,
467,
449,
153,
96,
411,
134,
371,
368,
120,
918,
317,
296,
47,
488,
396,
37,
284,
269,
357,
380,
398,
297,
45,
879,
39,
205,
113,
769,
621,
269,
106,
170,
112,
684,
759,
136,
144,
453,
216,
340,
157,
188,
336,
686,
164,
675,
177,
147,
108,
904,
130,
172,
111,
136,
801,
110,
147,
352,
140,
178,
123,
710,
165,
645,
67,
642,
727,
1056,
731,
923,
707,
43,
119,
116,
538,
730,
38,
775,
544,
295,
107,
1200,
250,
314,
325,
278,
1031,
296,
267,
255,
322,
76,
988,
266,
265,
172,
228,
261,
280,
74,
206,
221,
278,
391,
1000,
264,
191,
443,
176,
549,
37,
211,
243,
220,
200,
546,
166,
184,
545,
781,
397,
544,
552,
172,
526,
552,
575,
44,
51,
78,
76,
400,
46,
1344,
235,
39,
77,
353,
140,
628,
137,
1377,
1386,
109,
39,
354,
1227,
1244,
34,
282,
1180,
432,
327,
473,
558,
75,
468,
185,
507,
530,
39,
1010,
192,
391,
375,
429,
191,
514,
487,
394,
280,
471,
372,
46,
204,
115,
168,
500,
372,
1230,
901,
190,
525,
329,
446,
152,
118,
363,
417,
118,
371,
372,
105,
552,
512,
381,
156,
943,
141,
153,
723,
121,
413,
401,
176,
53,
383,
183,
220,
167,
1395,
635,
103,
332,
386,
513,
381,
803,
1290,
228,
154,
607,
493,
624,
972,
181,
383,
514,
428,
341,
491,
969,
488,
382,
542,
610,
254,
516,
538,
1292,
772,
638,
383,
41,
701,
366,
438,
301,
485,
416,
662,
181,
472,
1278,
453,
446,
702,
160,
385,
96,
367,
426,
335,
395,
348,
350,
1259,
336,
434,
155,
271,
342,
157,
583,
657,
362,
353,
613,
400,
1126,
783,
390,
423,
42,
245,
496,
459,
729,
1207,
414,
490,
352,
367,
245,
513,
459,
106,
276,
1324,
306,
1303,
409,
387,
460,
324,
1426,
41,
311,
1255,
237,
575,
287,
437,
213,
634,
337,
1198,
220,
1340,
481,
594,
166,
420,
326,
155,
474,
370,
347,
326,
358,
676,
363,
510,
290,
310,
365,
309,
903,
589,
244,
264,
305,
309,
442,
241,
437,
130,
277,
319,
438,
604,
245,
175,
879,
261,
325,
136,
291,
280,
599,
113,
348,
40,
292,
476,
501,
414,
243,
99,
266,
225,
266,
283,
301,
339,
299,
536,
185,
213,
206,
317,
591,
393,
595,
414,
217,
591,
316,
494,
206,
336,
343,
317,
411,
399,
211,
202,
229,
301,
262,
202,
52,
296,
695,
167,
221,
337,
224,
334,
193,
158,
173,
99,
200,
888,
378,
174,
353,
236,
347,
345,
723,
357,
309,
536,
279,
439,
656,
462,
303,
332,
927,
975,
338,
376,
351,
219,
210,
427,
294,
214,
850,
670,
323,
951,
732,
286,
52,
212,
192,
174,
352,
902,
1169,
171,
940,
696,
484,
1059,
143,
682,
1036,
325,
186,
238,
456,
661,
136,
229,
116,
1120,
199,
612,
97,
81,
219,
355,
306,
79,
653,
375,
1302,
272,
293,
589,
463,
389,
65,
320,
208,
356,
82,
277,
544,
567,
177,
1098,
270,
1103,
260,
986,
574,
352,
178,
548,
989,
568,
890,
989,
159,
389,
150,
178,
312,
595,
88,
1000,
925,
401,
132,
983,
975,
916,
131,
970,
983,
103,
869,
112,
993,
963,
180,
992,
959,
642,
978,
95,
45,
917,
973,
219,
965,
83,
624,
414,
81,
779,
103,
122,
81,
964,
510,
47,
503,
174,
509,
196,
74,
41,
244,
65,
148,
666,
508,
102,
148,
55,
162,
210,
124,
135,
394,
311,
210,
437,
1083,
41,
375,
373,
1533,
93,
479,
79,
689,
371,
383,
255,
377,
373,
84,
606,
706,
464,
361,
477,
1550,
855,
358,
1412,
1448,
134,
438,
1391,
355,
459,
223,
232,
84,
357,
132,
404,
694,
256,
721,
542,
41,
396,
1461,
190,
365,
261,
675,
575,
684,
1467,
255,
226,
253,
469,
179,
41,
382,
1415,
272,
1179,
269,
222,
176,
1459,
168,
175,
877,
519,
157,
1437,
333,
1450,
42,
187,
510,
148,
186,
664,
1267,
407,
43,
1406,
300,
505,
431,
567,
441,
1058,
46,
290,
508,
41,
415,
403,
74,
544,
710,
575,
1467,
586,
408,
235,
40,
434,
539,
1468,
466,
689,
430,
443,
710,
504,
783,
399,
714,
750,
224,
658,
381,
408,
423,
712,
515,
704,
148,
532,
530,
342,
45,
1463,
754,
406,
383,
44,
529,
624,
424,
361,
941,
429,
495,
458,
272,
937,
954,
471,
362,
1065,
400,
380,
345,
552,
459,
198,
923,
642,
1232,
435,
415,
934,
682,
310,
1014,
321,
939,
722,
1314,
401,
879,
1022,
890,
760,
1608,
831,
572,
646,
1008,
592,
1315,
435,
82,
533,
430,
435,
478,
1506,
301,
750,
1510,
446,
338,
337,
421,
218,
389,
320,
349,
416,
279,
380,
292,
1541,
270,
294,
215,
1341,
313,
303,
287,
281,
754,
344,
402,
763,
168,
266,
220,
1542,
701,
916,
320,
301,
1538,
282,
679,
200,
668,
259,
225,
289,
246,
423,
770,
243,
342,
221,
416,
324,
234,
227,
499,
556,
476,
604,
415,
197,
183,
349,
329,
140,
148,
318,
244,
625,
405,
155,
171,
770,
218,
800,
328,
173,
459,
882,
218,
601,
874,
321,
892,
316,
881,
149,
743,
871,
138,
721,
162,
124,
322,
259,
689,
135,
779,
693,
309,
312,
716,
316,
1177,
1011,
420,
130,
311,
120,
1018,
1118,
795,
97,
1056,
213,
182,
344,
994,
733,
717,
196,
699,
305,
712,
599,
177,
268,
728,
726,
603,
891,
392,
186,
72,
877,
1198,
133,
352,
340,
162,
326,
43,
887,
1120,
456,
601,
135,
726,
744,
708,
38,
310,
706,
127,
1394,
1021,
987,
801,
37,
681,
105,
702,
730,
346,
96,
916,
1470,
697,
638,
104,
91,
94,
695,
84,
935,
77,
543,
572,
872,
645,
526,
280,
473,
892,
227,
73,
1311,
709,
495,
486,
43,
479,
534,
456,
296,
501,
659,
89,
425,
420,
512,
429,
406,
435,
231,
382,
1467,
1206,
332,
371,
222,
395,
544,
351,
223,
77,
36,
458,
322,
448,
974,
962,
845,
686,
1116,
75,
526,
202,
366,
1470,
397,
402,
626,
228,
199,
242,
381,
78,
445,
386,
152,
489,
362,
293,
300,
413,
192,
485,
512,
80,
258,
295,
552,
895,
240,
320,
1185,
116,
499,
127,
146,
319,
105,
98,
313,
1216,
359,
1126,
408,
304,
162,
378,
191,
61,
113,
190,
237,
763,
1300,
832,
823,
198,
1143,
746,
772,
42,
1194,
235,
263,
262,
1005,
172,
207,
230,
172,
300,
1159,
74,
247,
155,
196,
253,
209,
188,
149,
195,
411,
191,
165,
513,
372,
258,
152,
141,
1191,
394,
253,
147,
198,
449,
297,
116,
318,
327,
127,
112,
200,
292,
277,
284,
245,
188,
198,
215,
127,
1214,
162,
168,
275,
167,
141,
150,
303,
137,
461,
284,
695,
1573,
211,
504,
1636,
889,
908,
1560,
867,
221,
1525,
1458,
409,
712,
866,
692,
949,
598,
759,
774,
997,
491,
985,
926,
806,
651,
484,
1630,
899,
1432,
398,
449,
868,
835,
943,
415,
715,
837,
605,
790,
855,
705,
965,
452,
749,
447,
414,
813,
780,
778,
1670,
943,
383,
1544,
922,
226,
377,
464,
411,
477,
1445,
603,
576,
497,
960,
371,
1673,
411,
1710,
285,
412,
519,
381,
1668,
1683,
350,
412,
490,
605,
607,
566,
469,
468,
683,
1594,
791,
601,
509,
577,
447,
516,
437,
1677,
802,
463,
673,
384,
358,
877,
418,
393,
758,
1577,
390,
432,
238,
774,
510,
424,
968,
339,
1575,
1319,
447,
410,
756,
703,
395,
761,
450,
1520,
420,
753,
360,
534,
640,
1405,
1489,
720,
483,
717,
751,
762,
305,
713,
1246,
1513,
494,
784,
695,
406,
1455,
1245,
637,
781,
809,
408,
475,
572,
425,
723,
1412,
763,
359,
481,
398,
103,
866,
524,
1025,
101,
611,
561,
326,
1254,
648,
854,
750,
125,
85,
607,
872,
866,
820,
119,
452,
1263,
235,
1474,
628,
877,
697,
845,
217,
681,
875,
676,
734,
520,
1560,
1125,
89,
1006,
1220,
675,
61,
302,
692,
203,
723,
474,
59,
1126,
896,
464,
283,
676,
202,
58,
1057,
1066,
608,
1011,
249,
1018,
312,
308,
667,
507,
207,
39,
331,
184,
182,
167,
183,
1046,
63,
259,
182,
132,
512,
670,
504,
561,
217,
225,
201,
493,
203,
327,
167,
260,
164,
215,
564,
261,
158,
175,
175,
201,
156,
166,
144,
838,
1077,
154,
540,
138,
159,
153,
174,
817,
692,
105,
816,
159,
126,
1032,
145,
816,
189,
137,
539,
95,
135,
117,
574,
1466,
98,
604,
1555,
116,
1544,
578,
86,
107,
545,
83,
314,
87,
426,
505,
1461,
1514,
1049,
369,
504,
706,
84,
1511,
1234,
1200,
232,
1501,
74,
1193,
609,
987,
244,
455,
260,
1314,
699,
1155,
366,
267,
416,
81,
42,
419,
412,
548,
232,
238,
1347,
275,
395,
216,
237,
383,
78,
75,
227,
234,
1346,
323,
171,
74,
407,
188,
153,
234,
213,
395,
157,
422,
186,
416,
433,
156,
170,
346,
390,
704,
366,
413,
360,
387,
407,
360,
235,
355,
348,
146,
365,
359,
119,
258,
447,
186,
354,
118,
91,
1009,
639,
716,
114,
1484,
370,
495,
1436,
369,
404,
511,
299,
368,
367,
241,
365,
912,
357,
247,
1454,
179,
195,
1603,
1164,
148,
1618,
483,
254,
461,
454,
921,
481,
1343,
1191,
877,
925,
108,
886,
456,
1417,
1207,
889,
564,
557,
95,
767,
1251,
976,
90,
477,
1130,
1051,
83,
1180,
588,
384,
354,
78,
60,
463,
477,
1017,
757,
553,
405,
1728,
761,
460,
403,
1282,
396,
68,
808,
64,
69,
407,
950,
63,
499,
219,
1741,
62,
624,
359,
522,
1701,
694,
1732,
339,
216,
442,
245,
534,
379,
369,
1820,
715,
56,
325,
333,
209,
815,
381,
53,
463,
447,
200,
933,
1188,
317,
410,
379,
913,
440,
173,
390,
929,
617,
1675,
287,
365,
494,
394,
900,
345,
51,
372,
1761,
1101,
400,
539,
834,
288,
463,
567,
733,
721,
1697,
287,
1856,
345,
399,
747,
553,
811,
314,
197,
411,
535,
398,
383,
534,
1192,
442,
297,
1155,
37,
745,
368,
338,
891,
293,
263,
222,
1700,
961,
291,
393,
298,
302,
276,
465,
769,
1751,
39,
1697,
147,
953,
638,
741,
749,
691,
909,
647,
224,
400,
871,
93,
539,
1697,
677,
526,
967,
1395,
353,
176,
754,
469,
561,
468,
519,
93,
1529,
662,
251,
753,
986,
406,
434,
484,
787,
1677,
230,
456,
601,
680,
538,
377,
316,
502,
401,
925,
320,
1871,
499,
1269,
368,
635,
483,
109,
81,
963,
1702,
519,
150,
393,
1711,
1770,
536,
159,
508,
448,
579,
748,
1111,
356,
41,
65,
1658,
302,
162,
940,
72,
211,
790,
208,
411,
233,
319,
430,
191,
344,
401,
412,
366,
261,
151,
159,
489,
199,
457,
42,
370,
420,
312,
441,
331,
355,
368,
134,
331,
215,
268,
397,
323,
283,
288,
334,
371,
279,
633,
322,
288,
113,
123,
232,
258,
371,
596,
267,
443,
518,
411,
359,
1754,
345,
249,
355,
209,
160,
224,
440,
1742,
1733,
344,
185,
220,
194,
80,
159,
312,
1469,
119,
396,
1513,
242,
211,
182,
151,
110,
461,
162,
308,
292,
190,
601,
156,
276,
321,
267,
259,
1181,
1657,
131,
150,
167,
154,
150,
66,
520,
157,
1566,
383,
162,
1101,
1536,
80,
112,
777,
394,
144,
246,
73,
177,
458,
1534,
1529,
78,
176,
1373,
148,
1644,
92,
1371,
1397,
407,
125,
113,
758,
1197,
1234,
1384,
1159,
1157,
733,
71,
68,
78,
1576,
1582,
1382,
913,
55,
69,
1353,
742,
1195,
80,
40,
374,
1194,
36,
1089,
696,
50,
242,
855,
175,
266,
140,
161,
1440,
400,
1173,
256,
246,
216,
1173,
1591,
214,
209,
1346,
396,
51,
1585,
396,
134,
41,
198,
40,
1053,
245,
174,
312,
332,
42,
1624,
404,
44,
360,
337,
310,
323,
44,
314,
80,
254,
241,
1836,
289,
301,
1374,
1550,
1009,
997,
82,
977,
798,
1369,
1057,
1856,
638,
638,
1210,
422,
644,
1667,
870,
264,
1836,
814,
1846,
760,
964,
505,
501,
1828,
557,
631,
1928,
38,
621,
1022,
817,
688,
551,
522,
648,
539,
542,
588,
576,
790,
521,
707,
1832,
854,
38,
942,
1717,
1017,
520,
483,
472,
994,
755,
520,
1879,
685,
1469,
572,
976,
1148,
1699,
221,
208,
329,
852,
890,
350,
183,
207,
454,
1849,
494,
299,
247,
542,
518,
443,
45,
245,
728,
430,
446,
265,
619,
997,
1374,
1896,
1197,
429,
1830,
751,
652,
609,
512,
221,
243,
716,
195,
1793,
505,
309,
779,
460,
407,
1373,
405,
2058,
419,
457,
443,
1354,
618,
507,
404,
1798,
838,
1795,
492,
202,
381,
1364,
764,
1368,
451,
449,
260,
493,
977,
210,
388,
1914,
488,
525,
1911,
1878,
640,
424,
492,
388,
424,
473,
473,
1783,
686,
387,
917,
1909,
181,
781,
376,
280,
431,
533,
180,
711,
928,
672,
418,
278,
668,
283,
440,
1870,
217,
325,
350,
1963,
965,
315,
178,
645,
881,
85,
520,
530,
275,
604,
235,
169,
279,
435,
296,
755,
883,
995,
1804,
211,
911,
427,
625,
1877,
213,
501,
461,
170,
217,
678,
620,
637,
597,
203,
556,
1001,
426,
224,
459,
606,
273,
193,
471,
1757,
411,
170,
536,
221,
424,
1736,
594,
806,
194,
431,
152,
611,
512,
215,
200,
144,
404,
1911,
531,
464,
209,
161,
136,
187,
124,
470,
453,
200,
141,
544,
170,
500,
162,
715,
148,
177,
154,
134,
714,
234,
83,
453,
343,
1294,
472,
133,
175,
118,
378,
523,
380,
101,
356,
619,
301,
196,
102,
657,
373,
439,
102,
312,
424,
309,
370,
403,
104,
1051,
389,
75,
70,
1775,
173,
69,
372,
337,
989,
289,
1712,
327,
70,
76,
66,
291,
309,
49,
163,
134,
389,
414,
230,
443,
114,
368,
699,
107,
52,
1375,
312,
1779,
200,
1673,
171,
214,
51,
153,
1382,
121,
149,
1092,
72,
752,
297,
1382,
40,
1716,
350,
1587,
1382,
1594,
958,
1671,
1443,
952,
719,
1414,
1456,
1601,
42,
300,
675,
1589,
1554,
1546,
39,
1411,
1321,
1290,
794,
438,
1352,
1408,
180,
1289,
454,
1404,
592,
1494,
359,
920,
423,
350,
1290,
191,
154,
589,
524,
299,
75,
284,
556,
339,
336,
352,
1438,
372,
257,
267,
480,
331,
1577,
369,
182,
443,
496,
321,
411,
75,
418,
173,
348,
523,
802,
352,
796,
537,
1390,
1336,
315,
542,
808,
1136,
223,
812,
591,
516,
43,
221,
587,
1330,
551,
913,
536,
944,
1875,
2031,
838,
47,
608,
785,
1752,
327,
933,
596,
552,
1407,
42,
989,
986,
1923,
2099,
249,
360,
1924,
2213,
324,
42,
909,
1093,
907,
830,
462,
359,
1903,
665,
915,
356,
527,
613,
1162,
958,
521,
331,
634,
492,
319,
625,
1012,
204,
698,
534,
1163,
918,
706,
1932,
606,
965,
347,
1146,
322,
470,
907,
462,
480,
288,
512,
590,
360,
624,
410,
250,
450,
888,
757,
2233,
298,
1913,
403,
289,
444,
363,
244,
130,
339,
514,
433,
1934,
712,
328,
875,
273,
417,
404,
281,
237,
285,
686,
1020,
968,
942,
903,
294,
1077,
983,
1976,
2048,
899,
972,
566,
733,
1037,
866,
745,
871,
371,
369,
99,
2080,
248,
1907,
843,
477,
1030,
377,
541,
524,
418,
1915,
399,
522,
1993,
318,
80,
269,
243,
234,
292,
440,
1884,
801,
1851,
357,
423,
944,
468,
243,
428,
184,
1020,
332,
1050,
286,
442,
1845,
72,
190,
589,
852,
974,
875,
1022,
267,
973,
1785,
741,
158,
255,
1955,
692,
421,
295,
1846,
329,
119,
720,
568,
1184,
115,
610,
1275,
872,
177,
703,
2063,
1977,
289,
711,
510,
408,
272,
181,
148,
257,
680,
1892,
1096,
661,
684,
683,
1747,
424,
467,
636,
483,
419,
230,
679,
136,
439,
446,
704,
187,
1881,
789,
746,
683,
440,
743,
623,
380,
214,
145,
260,
1008,
666,
351,
854,
1149,
704,
424,
569,
395,
627,
253,
195,
296,
744,
127,
493,
197,
346,
374,
432,
146,
631,
1873,
1092,
866,
220,
300,
619,
181,
595,
550,
390,
594,
602,
644,
313,
262,
174,
175,
136,
235,
821,
364,
729,
336,
713,
216,
974,
145,
632,
1825,
661,
205,
241,
256,
267,
385,
831,
268,
352,
616,
176,
1840,
329,
1716,
298,
345,
1909,
178,
1733,
298,
279,
167,
485,
607,
1685,
284,
166,
326,
588,
180,
259,
1683,
450,
161,
1476,
228,
168,
414,
393,
117,
508,
117,
227,
1853,
251,
112,
137,
1015,
1081,
484,
313,
517,
89,
120,
248,
246,
102,
108,
1029,
512,
107,
202,
1610,
910,
405,
86,
390,
80,
98,
94,
199,
1754,
456,
423,
1026,
96,
199,
87,
456,
85,
79,
968,
1088,
83,
153,
61,
64,
81,
162,
52,
1593,
42,
1638,
79,
973,
42,
412,
104,
1089,
1024,
125,
434,
557,
1625,
246,
47,
308,
1057,
372,
345,
433,
1957,
329,
39,
645,
330,
247,
39,
651,
351,
722,
619,
244,
1010,
111,
215,
1130,
1044,
990,
1059,
1040,
908,
998,
991,
854,
660,
1848,
875,
649,
47,
720,
172,
47,
1539,
721,
1477,
1249,
867,
1303,
42,
724,
167,
145,
1409,
1467,
43,
2068,
1674,
859,
145,
142,
752,
235,
125,
1874,
329,
2046,
302,
1609,
322,
271,
306,
95,
2124,
279,
738,
282,
327,
250,
1868,
525,
248,
1020,
228,
1001,
1853,
46,
1081,
257,
832,
793,
470,
998,
1228,
972,
846,
270,
250,
1017,
1167,
456,
657,
955,
840,
884,
760,
226,
1175,
448,
2022,
1104,
259,
238,
755,
182,
443,
2036,
427,
1353,
909,
187,
252,
2150,
193,
260,
1186,
685,
656,
1114,
157,
826,
778,
708,
1354,
177,
1862,
398,
322,
168,
867,
1145,
187,
477,
472,
1355,
358,
380,
1019,
793,
400,
2070,
1251,
1100,
267,
270,
172,
220,
805,
1618,
690,
486,
1061,
1283,
930,
1291,
884,
740,
923,
780,
732,
686,
1169,
1909,
471,
1189,
1282,
486,
266,
839,
110,
982,
973,
971,
236,
1797,
775,
551,
225,
965,
490,
638,
938,
1798,
1220,
1091,
933,
1768,
489,
871,
853,
975,
250,
499,
331,
472,
1715,
853,
484,
766,
1058,
1276,
2040,
202,
407,
327,
1506,
1118,
907,
379,
778,
382,
199,
159,
446,
179,
702,
729,
791,
524,
843,
425,
1063,
850,
582,
139,
1727,
398,
738,
1796,
177,
1209,
208,
356,
500,
795,
749,
1668,
987,
135,
784,
96,
1643,
726,
1753,
795,
565,
1662,
787,
356,
400,
545,
642,
605,
183,
748,
1702,
175,
641,
303,
1690,
711,
1182,
489,
1289,
1280,
102,
847,
1140,
106,
791,
1566,
1552,
323,
154,
145,
356,
1540,
106,
323,
764,
825,
777,
424,
587,
138,
100,
73,
1084,
1108,
743,
470,
1114,
341,
68,
72,
187,
67,
684,
1120,
788,
1562,
1043,
518,
66,
53,
119,
103,
1104,
91,
526,
54,
52,
90,
272,
1118,
443,
48,
545,
310,
963,
1091,
91,
298,
340,
310,
848,
1002,
332,
368,
551,
236,
360,
576,
1134,
332,
900,
515,
41,
725,
949,
237,
347,
815,
327,
1112,
1183,
1088,
1084,
1043,
590,
141,
2059,
139,
575,
987,
1043,
40,
347,
325,
624,
41,
272,
323,
131,
278,
555,
40,
508,
611,
24,
475,
503,
463,
240,
432,
976,
48,
417,
237,
409,
43,
468,
222,
526,
39,
971,
38,
411,
1991,
151,
177,
292,
970,
410,
969,
2055,
238,
344,
951,
968,
40,
1073,
922,
1597,
958,
250,
1627,
1167,
1603,
1580,
885,
184,
977,
806,
990,
322,
1032,
916,
820,
892,
46,
1590,
326,
308,
871,
801,
928,
910,
1101,
1019,
1031,
416,
299,
899,
830,
1179,
1162,
309,
797,
399,
956,
1631,
796,
263,
234,
226,
285,
1222,
259,
1626,
796,
225,
295,
194,
233,
624,
219,
294,
261,
254,
225,
290,
251,
592,
159,
432,
192,
214,
226,
151,
252,
365,
408,
276,
319,
510,
194,
793,
428,
167,
237,
765,
425,
834,
177,
820,
431,
417,
736,
362,
672,
208,
444,
378,
396,
649,
398,
436,
406,
530,
643,
345,
522,
398,
340,
502,
400,
431,
511,
408,
850,
452,
970,
415,
1042,
348,
843,
592,
673,
925,
744,
1057,
344,
815,
622,
510,
922,
841,
1320,
1183,
904,
498,
1002,
858,
542,
862,
367,
909,
849,
1052,
1248,
1021,
178,
804,
1274,
451,
183,
1384,
596,
1008,
459,
423,
100,
1153,
1262,
428,
842,
196,
349,
1213,
958,
406,
201,
704,
190,
448,
888,
180,
851,
818,
1965,
1207,
1087,
377,
1604,
1342,
376,
906,
1786,
172,
375,
1632,
367,
1725,
1793,
382,
1300,
2133,
856,
834,
545,
405,
1727,
1896,
648,
428,
490,
99,
1325,
883,
438,
2328,
474,
1747,
403,
1388,
1675,
130,
472,
2113,
482,
1675,
352,
592,
380,
470,
741,
2306,
448,
384,
462,
906,
63,
114,
706,
436,
303,
2359,
470,
1470,
237,
414,
642,
1913,
1058,
425,
2370,
116,
1245,
508,
826,
738,
835,
391,
537,
1468,
481,
1047,
367,
642,
810,
568,
866,
661,
1918,
748,
2353,
748,
307,
157,
61,
715,
833,
907,
1177,
736,
663,
475,
687,
829,
730,
663,
101,
2092,
1483,
636,
578,
615,
1014,
644,
1935,
242,
665,
2358,
520,
872,
179,
726,
1038,
1222,
2296,
581,
843,
531,
2346,
435,
947,
493,
2141,
492,
600,
1457,
2076,
445,
802,
217,
2088,
355,
619,
190,
643,
1488,
148,
180,
446,
331,
143,
552,
1476,
134,
116,
441,
433,
2348,
119,
265,
390,
425,
1498,
2366,
97,
118,
367,
79,
418,
118,
110,
500,
368,
240,
1213,
380,
462,
258,
98,
408,
401,
633,
818,
506,
369,
727,
401,
358,
523,
519,
530,
432,
311,
941,
335,
1582,
1282,
361,
1358,
1195,
304,
1581,
397,
1190,
1194,
80,
1938,
298,
1566,
1189,
344,
1571,
1785,
2006,
286,
501,
412,
953,
285,
1941,
260,
581,
432,
932,
260,
247,
397,
1744,
523,
887,
1197,
875,
1087,
463,
1927,
75,
1207,
168,
2361,
224,
376,
1924,
859,
453,
679,
424,
306,
468,
510,
402,
475,
1039,
467,
356,
1009,
875,
383,
838,
773,
195,
884,
133,
305,
330,
109,
981,
124,
263,
264,
325,
1655,
246,
209,
494,
198,
217,
316,
597,
225,
326,
1652,
222,
1347,
1785,
596,
812,
1337,
1312,
316,
333,
377,
590,
2369,
211,
311,
315,
210,
237,
190,
281,
203,
511,
973,
162,
401,
501,
978,
279,
1849,
732,
423,
127,
1252,
199,
711,
489,
198,
698,
666,
189,
195,
1053,
454,
431,
157,
789,
196,
114,
156,
436,
132,
194,
435,
123,
1329,
124,
139,
435,
2227,
94,
2243,
183,
106,
827,
741,
936,
543,
439,
535,
1934,
177,
532,
619,
799,
1267,
685,
2209,
885,
1023,
1144,
860,
725,
673,
925,
1112,
1010,
1268,
2037,
973,
154,
1063,
1994,
1113,
1476,
895,
816,
608,
826,
1823,
2112,
109,
209,
153,
724,
1597,
1974,
1642,
1060,
343,
577,
1676,
737,
948,
1391,
1264,
1815,
750,
528,
1031,
114,
818,
322,
184,
1479,
318,
488,
1046,
567,
512,
1649,
466,
1121,
1390,
484,
764,
248,
1046,
905,
465,
523,
182,
2074,
1791,
748,
947,
632,
232,
241,
1011,
1709,
1617,
220,
228,
461,
721,
360,
517,
212,
987,
648,
210,
673,
459,
407,
530,
391,
861,
662,
417,
820,
212,
1351,
197,
1026,
1099,
388,
942,
844,
877,
193,
210,
183,
1719,
652,
1065,
778,
985,
176,
443,
982,
947,
529,
249,
182,
427,
510,
161,
934,
551,
646,
469,
160,
381,
588,
323,
366,
345,
522,
390,
462,
967,
148,
130,
711,
262,
1672,
707,
378,
321,
391,
249,
252,
469,
178,
623,
352,
531,
120,
136,
671,
1314,
547,
465,
524,
511,
543,
351,
529,
470,
610,
430,
541,
1643,
1749,
337,
856,
976,
110,
495,
896,
661,
1341,
129,
1724,
233,
109,
1340,
1554,
559,
310,
1012,
931,
407,
390,
1553,
554,
255,
77,
1546,
110,
1364,
697,
109,
979,
924,
255,
146,
998,
310,
428,
291,
1331,
291,
41,
281,
1328,
935,
1167,
809,
559,
199,
293,
221,
858,
304,
1170,
270,
202,
1143,
154,
786,
45,
1083,
1171,
329,
967,
236,
172,
41,
204,
854,
242,
172,
1345,
145,
905,
539,
1561,
417,
228,
253,
142,
1158,
871,
1534,
1355,
114,
329,
928,
774,
292,
45,
288,
131,
44,
100,
730,
141,
582,
852,
38,
553,
2584,
82,
128,
38,
581,
1162,
576,
79,
630,
39,
538,
2422,
556,
38,
522,
514,
38,
807,
517,
38,
1800,
143,
532,
799,
804,
2350,
2468,
775,
135,
2287,
514,
349,
343,
774,
1043,
74,
77,
1658,
537,
468,
384,
169,
171,
508,
554,
222,
483,
319,
539,
127,
253,
763,
463,
466,
194,
761,
259,
669,
770,
550,
450,
193,
779,
161,
624,
193,
1015,
642,
687,
2203,
194,
839,
2116,
790,
193,
1160,
257,
264,
452,
269,
237,
193,
229,
948,
233,
192,
396,
1021,
700,
183,
191,
245,
385,
230,
377,
1705,
150,
76,
210,
207,
190,
507,
795,
204,
843,
583,
646,
122,
484,
1887,
79,
602,
123,
206,
1860,
112,
179,
402,
1676,
2060,
1637,
193,
213,
1650,
146,
917,
530,
591,
611,
590,
2566,
573,
653,
858,
1070,
1664,
675,
525,
822,
1049,
927,
921,
1248,
539,
859,
612,
649,
645,
900,
692,
875,
529,
655,
533,
1013,
863,
857,
907,
513,
2728,
985,
864,
819,
144,
494,
136,
697,
691,
915,
550,
386,
679,
126,
1115,
124,
889,
1812,
417,
1150,
1810,
114,
1205,
137,
410,
1806,
544,
519,
1157,
656,
844,
150,
685,
2735,
598,
340,
705,
450,
903,
1249,
871,
113,
119,
619,
437,
1268,
281,
2125,
408,
296,
1708,
551,
220,
1108,
273,
119,
881,
705,
428,
1242,
114,
342,
657,
544,
620,
2732,
689,
414,
1711,
110,
691,
139,
270,
1434,
262,
433,
684,
247,
1826,
364,
109,
1013,
333,
232,
512,
2133,
484,
107,
885,
869,
2082,
692,
1084,
2116,
231,
1157,
1119,
921,
107,
440,
1005,
734,
1039,
968,
227,
1279,
1131,
956,
231,
945,
92,
254,
1128,
651,
837,
1497,
842,
2113,
863,
827,
216,
1525,
812,
517,
759,
891,
753,
957,
1082,
777,
468,
195,
796,
848,
1843,
711,
614,
759,
621,
2377,
95,
92,
1302,
584,
72,
1446,
704,
489,
2156,
893,
439,
1472,
68,
734,
1838,
1053,
1689,
62,
636,
1144,
938,
936,
1540,
668,
1437,
417,
439,
58,
68,
2130,
895,
209,
412,
708,
697,
58,
667,
273,
220,
875,
505,
528,
619,
52,
2697,
661,
905,
479,
709,
389,
912,
876,
308,
263,
51,
894,
125,
350,
1567,
397,
1344,
285,
1359,
2434,
2575,
2525,
294,
1261,
2098,
697,
1975,
951,
914,
798,
276,
2713,
1181,
2279,
212,
2748,
181,
669,
351,
1789,
96,
539,
1976,
267,
224,
40,
308,
147,
47,
351,
293,
2176,
380,
129,
959,
1286,
225,
298,
1782,
106,
43,
137,
614,
99,
336,
119,
1797,
512,
43,
95,
2243,
43,
239,
42,
548,
334,
41,
1112,
932,
79,
881,
600,
602,
316,
220,
586,
40,
953,
827,
574,
1571,
525,
1754,
878,
205,
450,
865,
659,
254,
804,
656,
2419,
804,
598,
644,
2410,
657,
200,
634,
974,
627,
2421,
655,
2428,
2408,
641,
626,
657,
1093,
665,
77,
142,
388,
298,
648,
640,
699,
662,
538,
564,
444,
306,
360,
567,
146,
583,
567,
98,
359,
86,
2781,
356,
619,
82,
1705,
633,
590,
272,
555,
230,
353,
316,
534,
268,
262,
1513,
409,
183,
244,
240,
258,
379,
1438,
181,
170,
567,
193,
2770,
296,
145,
268,
182,
384,
227,
2445,
180,
172,
215,
142,
178,
177,
787,
173,
154,
144,
141,
113,
2853,
360,
537,
120,
142,
129,
243,
153,
119,
79,
117,
81,
476,
2678,
2863,
2786,
572,
2794,
1488,
223,
2609,
393,
2468,
251,
2875,
1384,
1150,
202,
589,
151,
796,
1109,
1057,
698,
1478,
782,
1302,
731,
1005,
1009,
1287,
1355,
527,
338,
617,
303,
641,
285,
1272,
663,
246,
1384,
242,
1410,
225,
270,
530,
834,
1256,
2461,
2227,
918,
1232,
868,
239,
206,
496,
192,
2578,
908,
918,
2189,
900,
812,
381,
396,
1587,
207,
567,
2797,
905,
623,
1148,
530,
1106,
910,
123,
202,
391,
684,
1296,
666,
1237,
535,
2793,
1483,
1163,
902,
728,
1260,
1341,
1147,
1160,
740,
1022,
122,
2487,
146,
896,
468,
1435,
533,
2767,
531,
1216,
222,
949,
1269,
2481,
115,
500,
546,
1004,
408,
713,
105,
396,
690,
2517,
1590,
260,
574,
99,
689,
2756,
1381,
853,
214,
95,
953,
377,
971,
981,
2863,
553,
681,
2511,
967,
763,
2311,
1253,
937,
679,
2530,
96,
1499,
525,
1886,
411,
921,
2574,
422,
499,
1323,
969,
937,
23,
1231,
1426,
96,
2792,
669,
1510,
401,
1145,
1449,
433,
357,
667,
92,
475,
405,
517,
678,
1213,
97,
92,
612,
87,
464,
1273,
1182,
66,
409,
665,
991,
765,
581,
74,
1304,
1272,
706,
775,
1224,
1355,
823,
57,
423,
928,
954,
1400,
766,
1170,
1465,
45,
2423,
543,
1250,
742,
1339,
1239,
300,
1288,
1435,
702,
527,
536,
684,
48,
780,
1442,
1281,
46,
682,
1138,
41,
251,
1274,
384,
204,
261,
80,
688,
367,
108,
1432,
1221,
2181,
2185,
331,
710,
763,
1182,
165,
93,
585,
339,
213,
40,
218,
301,
377,
1281,
600,
525,
340,
167,
745,
802,
182,
791,
185,
44,
669,
177,
628,
185,
2509,
982,
1269,
120,
602,
165,
1248,
44,
550,
965,
729,
43,
510,
963,
102,
109,
93,
562,
583,
624,
84,
39,
474,
689,
778,
80,
746,
638,
968,
38,
490,
683,
739,
488,
1100,
742,
195,
170,
409,
2422,
988,
39,
542,
2435,
350,
573,
781,
437,
1292,
2422,
422,
2413,
760,
370,
38,
927,
79,
76,
2422,
934,
1263,
477,
508,
2845,
520,
1036,
724,
401,
510,
419,
516,
2031,
685,
528,
806,
680,
120,
251,
562,
664,
2622,
197,
213,
2031,
262,
444,
371,
239,
265,
219,
116,
233,
180,
379,
548,
2042,
248,
493,
162,
383,
2188,
145,
192,
858,
374,
809,
374,
1029,
384,
189,
233,
237,
391,
392,
144,
1026,
2846,
484,
1021,
924,
163,
904,
173,
381,
1020,
1015,
1018,
489,
978,
1035,
878,
398,
624,
957,
1062,
400,
355,
1010,
373,
399,
304,
586,
388,
1000,
318,
1019,
1794,
2771,
1014,
395,
1350,
337,
1019,
680,
296,
1957,
2085,
504,
363,
2903,
2096,
359,
2654,
311,
2670,
177,
499,
572,
2254,
2897,
1015,
2253,
203,
1403,
802,
2092,
1061,
479,
1377,
189,
522,
196,
1108,
1097,
546,
727,
2775,
891,
922,
1001,
2400,
1098,
2485,
891,
554,
1073,
1116,
115,
121,
2479,
368,
1020,
666,
887,
818,
1000,
114,
1073,
891,
1191,
892,
794,
1097,
723,
559,
811,
113,
2692,
818,
367,
1296,
330,
1126,
1063,
946,
100,
955,
104,
863,
895,
468,
1362,
287,
325,
97,
893,
244,
891,
1012,
2520,
1715,
230,
97,
1317,
1926,
1370,
1909,
1712,
430,
1092,
2393,
822,
98,
1689,
589,
453,
736,
81,
1675,
1693,
72,
96,
886,
688,
1361,
862,
843,
850,
838,
80,
700,
542,
78,
557,
494,
546,
830,
1196,
484,
850,
722,
1191,
1453,
774,
1781,
422,
70,
847,
853,
1685,
1692,
683,
482,
64,
669,
453,
661,
63,
715,
566,
1699,
50,
859,
916,
884,
323,
863,
290,
715,
853,
1066,
423,
940,
558,
1689,
452,
1074,
50,
557,
263,
337,
44,
382,
252,
1103,
646,
616,
666,
1369,
793,
665,
730,
807,
780,
676,
172,
787,
726,
585,
609,
937,
695,
43,
741,
541,
916,
764,
257,
608,
697,
832,
453,
846,
324,
1051,
1097,
42,
669,
387,
293,
264,
38,
1817,
251,
606,
819,
249,
693,
628,
568,
492,
805,
1792,
257,
365,
830,
352,
558,
241,
360,
863,
605,
756,
137,
239,
703,
455,
396,
41,
599,
238,
847,
239,
786,
544,
277,
260,
214,
542,
360,
629,
649,
40,
476,
695,
1450,
245,
169,
176,
670,
925,
461,
41,
260,
277,
556,
39,
1339,
157,
152,
599,
162,
494,
492,
277,
41,
39,
590,
269,
150,
388,
148,
473,
380,
285,
149,
40,
251,
162,
530,
208,
220,
218,
257,
116,
294,
99,
302,
518,
322,
567,
124,
433,
427,
295,
105,
917,
539,
516,
475,
448,
311,
662,
510,
508,
101,
411,
471,
526,
106,
536,
154,
535,
110,
322,
90,
341,
280,
257,
191,
270,
254,
237,
212,
2610,
203,
1083,
1088,
202,
1153,
550,
408,
1133,
926,
1081,
340,
260,
1040,
656,
899,
175,
1138,
990,
880,
1036,
552,
992,
76,
182,
137,
815,
120,
310,
762,
978,
736,
300,
597,
161,
921,
943,
769,
595,
624,
297,
759,
126,
596,
200,
720,
114,
768,
593,
547,
206,
1383,
593,
1016,
738,
592,
1356,
724,
1028,
742,
981,
371,
112,
585,
339,
424,
355,
362,
330,
106,
423,
333,
324,
310,
613,
341,
380,
329,
309,
423,
289,
323,
234,
106,
365,
419,
342,
321,
418,
336,
324,
312,
328,
331,
111,
279,
129,
418,
256,
413,
227,
113,
108,
106,
89,
87,
214,
607,
86,
84,
82,
792,
920,
1023,
67,
383,
804,
352,
714,
801,
941,
68,
342,
319,
885,
1701,
787,
725,
1428,
86,
275,
437,
66,
925,
61,
287,
48,
755,
1018,
1079,
834,
970,
733,
55,
95,
47,
248,
464,
1065,
1006,
463,
348,
570,
832,
49,
997,
927,
289,
715,
44,
1589,
580,
285,
725,
693,
43,
992,
412,
282,
330,
1488,
325,
1576,
1526,
1046,
552,
611,
1813,
845,
677,
43,
845,
1340,
482,
42,
1039,
1445,
841,
836,
1065,
197,
1497,
838,
351,
1084,
829,
722,
277,
204,
174,
339,
425,
696,
1728,
44,
376,
740,
613,
1758,
415,
561,
1440,
1646,
1643,
852,
302,
1373,
405,
682,
1829,
664,
378,
1994,
727,
413,
655,
855,
182,
833,
282,
689,
1820,
275,
232,
663,
695,
468,
1518,
231,
1491,
863,
835,
693,
1367,
1057,
952,
270,
222,
151,
1655,
977,
1341,
755,
834,
945,
1001,
965,
327,
458,
715,
45,
190,
201,
44,
615,
1024,
42,
185,
1087,
891,
292,
188,
784,
320,
693,
184,
826,
1128,
44,
460,
458,
171,
451,
916,
181,
578,
547,
408,
331,
171,
168,
530,
512,
319,
720,
140,
444,
517,
164,
719,
160,
168,
132,
153,
480,
554,
481,
449,
625,
153,
502,
457,
472,
270,
267,
541,
265,
263,
110,
254,
249,
426,
119,
114,
102,
254,
399,
95,
151,
488,
147,
445,
354,
142,
103,
457,
865,
382,
143,
1299,
508,
114,
454,
1304,
76,
292,
132,
342,
1275,
1230,
99,
76,
286,
475,
321,
1303,
124,
448,
438,
357,
77,
120,
396,
62,
101,
355,
367,
1212,
449,
305,
75,
286,
379,
370,
340,
51,
71,
297,
282,
415,
334,
331,
74,
461,
45,
57,
44,
50,
39,
45,
38,
415,
435,
532,
403,
386,
382,
84,
391,
316,
45,
1853,
312,
822,
396,
186,
115,
125,
191,
130,
39,
130,
94,
333,
332,
41,
500,
289,
2247,
2280,
957,
1949,
980,
41,
41,
1607,
2270,
52,
39,
38,
1171,
103,
38,
900,
842,
2128,
483,
1803,
417,
1494,
2138,
2044,
1110,
2096,
483,
380,
1391,
861,
417,
1098,
410,
361,
1009,
248,
1686,
956,
539,
588,
2055,
454,
1126,
997,
1064,
1005,
1530,
575,
2484,
1099,
1082,
1922,
1210,
369,
1180,
348,
1083,
1911,
367,
1162,
1070,
1821,
350,
1043,
1472,
1809,
353,
334,
485,
330,
1816,
328,
406,
326,
2103,
1824,
324,
1799,
373,
1557,
1116,
342,
1824,
2153,
1283,
1371,
2182,
1633,
1156,
317,
1879,
371,
283,
403,
1202,
1552,
1475,
274,
1572,
300,
326,
452,
408,
931,
618,
352,
2159,
399,
463,
1218,
416,
2341,
1119,
415,
401,
323,
2002,
301,
342,
450,
393,
291,
342,
281,
1448,
286,
459,
488,
318,
262,
270,
926,
2104,
1399,
1954,
236,
352,
308,
276,
1441,
909,
1494,
585,
149,
258,
271,
335,
232,
780,
231,
2169,
377,
372,
400,
232,
328,
318,
222,
391,
1103,
412,
773,
148,
303,
307,
731,
3022,
404,
221,
146,
1074,
478,
1655,
704,
180,
338,
214,
204,
170,
97,
359,
1074,
195,
206,
145,
86,
112,
197,
108,
138,
196,
134,
129,
253,
168,
184,
172,
532,
136,
324,
136,
159,
528,
118,
286,
111,
391,
141,
123,
105,
89,
102,
99,
89,
88,
93,
77,
74,
63,
3402,
1414,
1759,
1742,
3418,
316,
1858,
3145,
501,
77,
490,
211,
346,
817,
437,
179,
447,
859,
148,
1172,
1004,
3410,
844,
1543,
1168,
3406,
1130,
983,
70,
3386,
1003,
3452,
1057,
373,
393,
864,
3427,
879,
389,
410,
1441,
281,
2142,
2018,
469,
286,
2212,
506,
372,
1481,
275,
1216,
352,
338,
1969,
464,
403,
482,
281,
1192,
273,
441,
482,
450,
1199,
277,
641,
435,
1207,
547,
272,
1218,
2203,
264,
271,
268,
256,
1033,
264,
414,
2068,
261,
255,
264,
2309,
726,
248,
1023,
254,
246,
493,
1620,
252,
1227,
1586,
542,
1036,
384,
516,
1626,
1062,
1220,
1206,
1606,
247,
685,
1040,
511,
2219,
1722,
600,
540,
1284,
675,
392,
551,
582,
355,
514,
624,
347,
337,
992,
1650,
358,
568,
326,
581,
881,
336,
1270,
302,
315,
1288,
1778,
1727,
302,
1749,
1139,
1046,
569,
1123,
600,
574,
635,
1048,
1789,
424,
1253,
485,
355,
1015,
2277,
317,
258,
987,
3419,
1384,
534,
308,
1654,
3048,
305,
952,
296,
1773,
1181,
1087,
957,
400,
2183,
1077,
1368,
1356,
3268,
1614,
361,
305,
1275,
2254,
300,
258,
2566,
1508,
310,
570,
1285,
1881,
642,
3316,
680,
1092,
472,
1764,
1079,
471,
1112,
522,
276,
1079,
1101,
638,
1729,
997,
448,
631,
844,
2376,
423,
3317,
630,
297,
2453,
620,
384,
1598,
618,
612,
631,
310,
625,
593,
1082,
1130,
600,
618,
944,
2022,
330,
580,
124,
1077,
572,
648,
1602,
560,
412,
514,
593,
617,
211,
410,
440,
297,
424,
650,
1129,
307,
615,
430,
321,
619,
596,
138,
1594,
603,
594,
1629,
167,
616,
201,
119,
581,
434,
645,
450,
612,
320,
1851,
27,
85,
2052,
369,
1196,
595,
111,
338,
240,
390,
955,
595,
107,
3315,
111,
235,
105,
93,
1989,
233,
93,
1346,
291,
2781,
230,
334,
1703,
228,
1984,
555,
325,
239,
88,
2378,
225,
2252,
224,
1121,
799,
1469,
1644,
222,
750,
79,
195,
71,
1698,
3382,
303,
189,
187,
49,
184,
254,
1476,
1275,
183,
2465,
713,
1167,
177,
507,
538,
171,
52,
1176,
423,
400,
2258,
3545,
127,
156,
3501,
1385,
106,
42,
1280,
116,
95,
3498,
3556,
2432,
41,
733,
1753,
1432,
41,
3512,
83,
41,
1671,
3174,
40,
1119,
2583,
1603,
3394,
1210,
1792,
1587,
40,
3431,
1308,
39,
1584,
2298,
331,
73,
1561,
341,
327,
1308,
3109,
1315,
3198,
1209,
71,
328,
1498,
42,
3090,
3621,
3100,
3061,
2930,
640,
2940,
3059,
3084,
3086,
639,
2935,
1491,
1479,
362,
3261,
384,
1270,
561,
2412,
529,
382,
1144,
543,
689,
1251,
1242,
1246,
1802,
1231,
2171,
1085,
1235,
1225,
1491,
778,
657,
397,
465,
890,
463,
1755,
1217,
692,
811,
451,
951,
812,
1790,
503,
432,
1219,
1815,
1230,
807,
685,
3409,
405,
417,
901,
1826,
1823,
704,
726,
759,
646,
404,
691,
706,
1822,
336,
1218,
1231,
367,
401,
1627,
777,
341,
2730,
562,
344,
1207,
963,
722,
1105,
2017,
337,
958,
331,
653,
354,
951,
329,
418,
318,
589,
2036,
322,
698,
337,
950,
311,
296,
309,
2143,
288,
2124,
564,
3493,
1946,
282,
400,
574,
688,
214,
541,
321,
286,
1649,
281,
203,
340,
405,
311,
1512,
278,
1746,
367,
1377,
711,
275,
654,
255,
271,
1864,
1852,
1831,
265,
1850,
244,
248,
359,
218,
800,
1083,
397,
773,
756,
372,
577,
1829,
1806,
722,
603,
574,
385,
414,
361,
552,
1685,
604,
865,
1980,
1667,
387,
236,
796,
327,
340,
669,
1891,
577,
258,
1701,
1263,
1731,
525,
342,
356,
2352,
546,
306,
1891,
1726,
1233,
1283,
1850,
364,
893,
1691,
1657,
336,
1843,
818,
1119,
370,
661,
1217,
1891,
346,
73,
982,
1725,
391,
1729,
415,
751,
1654,
310,
1443,
68,
338,
1235,
1088,
801,
370,
1220,
1628,
1083,
420,
344,
1076,
1236,
155,
216,
1607,
149,
1575,
187,
139,
990,
186,
285,
278,
243,
299,
128,
1532,
122,
121,
187,
1566,
165,
1674,
401,
173,
605,
547,
625,
122,
149,
137,
612,
121,
525,
119,
544,
564,
502,
522,
508,
112,
634,
551,
111,
401,
466,
141,
361,
139,
452,
110,
463,
296,
135,
385,
139,
430,
259,
580,
612,
108,
232,
1542,
639,
1550,
1184,
636,
378,
445,
408,
228,
123,
128,
107,
93,
498,
117,
100,
884,
106,
84,
389,
350,
357,
323,
75,
3112,
3161,
100,
98,
65,
85,
96,
60,
439,
2958,
66,
87,
2003,
40,
97,
3068,
39,
3089,
2890,
946,
1949,
3048,
1728,
2930,
3078,
3052,
1516,
41,
1413,
180,
2887,
2893,
38,
2891,
1924,
2881,
2886,
76,
3083,
1801,
506,
309,
450,
42,
2880,
1705,
583,
78,
75,
38,
1265,
87,
1928,
1257,
1901,
3545,
1401,
94,
1842,
1419,
2979,
302,
43,
70,
1294,
2292,
619,
43,
314,
1639,
302,
997,
69,
1256,
1605,
459,
1425,
40,
2996,
38,
1797,
3731,
1746,
1431,
2932,
38,
1178,
1175,
1259,
2649,
859,
41,
220,
3128,
40,
2922,
860,
1444,
3113,
326,
2894,
2717,
713,
1596,
855,
2928,
3687,
868,
1572,
860,
336,
557,
507,
475,
684,
875,
1549,
538,
868,
339,
1259,
526,
496,
1838,
703,
1542,
1400,
608,
1774,
329,
729,
1075,
506,
1085,
1245,
862,
387,
430,
506,
772,
505,
524,
201,
1455,
969,
1603,
514,
2356,
455,
696,
452,
679,
655,
699,
962,
611,
472,
2487,
584,
588,
980,
592,
246,
724,
313,
245,
535,
242,
237,
1919,
231,
389,
643,
220,
254,
1286,
268,
2153,
219,
437,
3717,
737,
473,
1522,
238,
1355,
244,
532,
230,
527,
219,
217,
229,
503,
215,
533,
540,
1000,
382,
737,
677,
779,
1834,
562,
1266,
2181,
348,
754,
508,
981,
524,
2011,
465,
2786,
379,
905,
725,
1747,
624,
318,
1556,
352,
914,
489,
468,
1544,
383,
1541,
1701,
992,
1032,
556,
1269,
1541,
1279,
460,
1922,
549,
1819,
2125,
601,
1523,
353,
539,
531,
1516,
751,
580,
1430,
1254,
725,
1402,
1922,
385,
1158,
2001,
1399,
679,
678,
181,
553,
316,
2237,
727,
546,
2159,
1891,
1934,
1406,
361,
1946,
338,
2285,
1649,
329,
134,
1149,
638,
462,
707,
899,
657,
1635,
735,
737,
421,
748,
694,
125,
914,
713,
734,
151,
348,
89,
733,
712,
1102,
728,
725,
701,
2400,
132,
694,
722,
751,
213,
687,
754,
681,
1972,
393,
716,
693,
110,
1751,
703,
308,
731,
714,
667,
690,
688,
406,
556,
217,
363,
198,
720,
641,
342,
113,
407,
390,
583,
704,
197,
184,
112,
938,
676,
700,
515,
109,
263,
749,
244,
572,
108,
106,
332,
1477,
1263,
580,
658,
330,
1303,
411,
106,
254,
94,
162,
159,
321,
101,
678,
2648,
2636,
142,
549,
1784,
2623,
95,
155,
2633,
2615,
94,
140,
2637,
1981,
604,
129,
2622,
127,
94,
436,
2975,
93,
2942,
417,
88,
123,
84,
2929,
82,
122,
1541,
70,
76,
3843,
1505,
366,
115,
3242,
110,
72,
1387,
2660,
54,
245,
1514,
100,
94,
3745,
41,
961,
77,
361,
1128,
3721,
39,
937,
335,
941,
654,
2870,
641,
79,
2867,
932,
1820,
2856,
2664,
2657,
86,
39,
2479,
2469,
2239,
1046,
614,
2058,
38,
1043,
639,
611,
1023,
190,
636,
136,
2058,
344,
1481,
1573,
352,
638,
1546,
3864,
130,
635,
90,
3716,
634,
3277,
113,
3287,
2967,
41,
350,
887,
1735,
760,
867,
3542,
2499,
1218,
3095,
1152,
630,
2043,
643,
2965,
40,
642,
1144,
3283,
632,
529,
366,
642,
473,
1414,
337,
681,
1140,
1133,
1424,
2746,
1100,
2810,
2050,
1099,
77,
2842,
1098,
1064,
2467,
1047,
3778,
1007,
1219,
1007,
999,
1939,
992,
2002,
982,
1919,
2053,
72,
1960,
663,
1952,
681,
680,
618,
688,
477,
945,
1054,
535,
1101,
462,
1172,
1103,
533,
993,
1050,
1218,
2259,
1111,
2911,
1004,
973,
1014,
2227,
1735,
399,
1398,
394,
645,
574,
1061,
1190,
670,
398,
392,
923,
385,
1770,
860,
1646,
1404,
888,
393,
378,
381,
683,
568,
364,
1563,
1784,
2256,
271,
2917,
1006,
392,
374,
822,
1626,
308,
372,
295,
517,
1053,
296,
313,
389,
2235,
285,
678,
282,
381,
1608,
281,
431,
278,
374,
1700,
1769,
291,
311,
276,
1489,
133,
1432,
296,
299,
303,
293,
273,
666,
138,
133,
1256,
139,
682,
898,
279,
3887,
957,
424,
3845,
291,
1031,
1334,
2302,
423,
671,
2037,
506,
252,
706,
1359,
1038,
689,
698,
808,
192,
1299,
1590,
1412,
1013,
440,
1187,
801,
427,
2210,
500,
701,
487,
709,
502,
1091,
1309,
510,
714,
401,
2110,
1037,
791,
1038,
502,
1326,
852,
753,
1435,
2280,
397,
500,
1317,
853,
1598,
1754,
1050,
1597,
521,
1288,
429,
530,
535,
402,
406,
1691,
887,
462,
464,
1657,
777,
1736,
1316,
1094,
727,
172,
1609,
2077,
556,
132,
476,
2275,
1587,
485,
132,
534,
734,
504,
811,
537,
714,
540,
130,
125,
466,
530,
1474,
418,
530,
1354,
884,
122,
544,
535,
881,
1491,
127,
593,
773,
119,
381,
202,
398,
551,
499,
544,
365,
107,
533,
103,
537,
316,
347,
328,
193,
286,
326,
283,
1451,
200,
94,
1429,
303,
104,
253,
1426,
250,
256,
942,
2797,
2794,
76,
843,
187,
2786,
2843,
3030,
2416,
404,
3262,
2633,
1980,
1974,
3048,
93,
187,
1970,
3247,
1958,
175,
2619,
1421,
74,
147,
1957,
1407,
2629,
68,
53,
50,
1536,
146,
2620,
2864,
423,
141,
196,
1550,
621,
48,
2654,
137,
391,
508,
41,
261,
2844,
143,
40,
1320,
4027,
1291,
41,
53,
1145,
132,
365,
1969,
1321,
4005,
1255,
1147,
605,
1456,
132,
1018,
113,
2437,
180,
99,
734,
871,
1770,
86,
779,
92,
1275,
911,
76,
1122,
521,
517,
76,
1003,
428,
560,
1303,
1225,
1381,
2460,
880,
1225,
1787,
3158,
845,
438,
1740,
1341,
2031,
3991,
678,
804,
434,
426,
2420,
811,
4001,
1827,
42,
440,
1339,
1831,
41,
3088,
3494,
3087,
810,
3055,
1741,
1188,
1341,
1338,
41,
1603,
3066,
1308,
1997,
652,
1774,
207,
691,
636,
689,
1583,
683,
1737,
955,
1561,
659,
689,
1325,
953,
686,
1629,
1572,
168,
3307,
189,
119,
1433,
685,
1634,
1585,
3536,
682,
1460,
668,
658,
681,
2695,
2917,
1384,
1741,
3545,
658,
682,
1007,
1540,
1848,
1379,
212,
682,
1364,
681,
3504,
829,
680,
1382,
253,
3732,
660,
667,
678,
722,
2285,
675,
1834,
679,
3125,
1752,
3338,
1093,
656,
1096,
3339,
678,
993,
677,
1719,
1051,
675,
3155,
298,
473,
1175,
856,
674,
448,
1181,
883,
302,
352,
969,
673,
1115,
351,
702,
298,
302,
290,
3517,
660,
833,
1228,
1604,
295,
298,
284,
340,
1718,
290,
280,
289,
677,
656,
934,
632,
280,
275,
933,
334,
605,
273,
297,
273,
932,
367,
266,
575,
269,
264,
291,
256,
1652,
263,
969,
275,
251,
249,
359,
1355,
2449,
567,
256,
262,
241,
561,
340,
346,
245,
249,
586,
719,
1000,
238,
1410,
117,
1653,
1861,
1648,
957,
1859,
1872,
1857,
1647,
343,
695,
1626,
1642,
685,
807,
1603,
1845,
1405,
328,
1626,
689,
640,
732,
723,
419,
1571,
1625,
1621,
1439,
610,
1407,
558,
1616,
608,
1636,
1442,
1624,
693,
922,
1622,
652,
683,
630,
557,
1353,
2461,
1447,
618,
694,
1377,
2900,
1611,
1617,
293,
3963,
538,
241,
526,
674,
578,
693,
2245,
2236,
1492,
1614,
690,
604,
1355,
210,
2469,
1326,
1618,
531,
898,
1461,
764,
4156,
622,
2477,
1608,
189,
1566,
1208,
1492,
1531,
627,
1254,
499,
1155,
658,
173,
1530,
1631,
156,
510,
1148,
1472,
772,
1107,
1110,
216,
1099,
526,
1467,
2249,
1521,
1015,
1785,
1383,
1476,
757,
1884,
1474,
744,
2354,
1461,
1212,
1150,
1350,
1450,
542,
1626,
1777,
1347,
1634,
1116,
1216,
574,
604,
1598,
1074,
1205,
1035,
1899,
67,
1585,
1546,
1420,
1393,
616,
706,
570,
1339,
720,
1546,
1575,
715,
707,
747,
617,
684,
714,
1172,
704,
146,
698,
695,
690,
675,
1461,
595,
1943,
576,
795,
149,
1094,
2135,
94,
2138,
2987,
604,
2131,
730,
1999,
557,
1994,
1997,
196,
2307,
298,
578,
2842,
1447,
1954,
1991,
145,
1864,
2182,
3012,
737,
811,
2908,
1103,
185,
1986,
191,
558,
1576,
1851,
186,
1795,
599,
1531,
2912,
1535,
1789,
1978,
1765,
1929,
585,
180,
451,
2834,
1455,
458,
175,
829,
165,
3230,
1390,
150,
1317,
140,
3067,
139,
2410,
2820,
137,
1608,
1316,
3248,
1924,
1312,
1557,
1219,
134,
1312,
1849,
77,
104,
1550,
383,
1589,
378,
2007,
1138,
1409,
1492,
1819,
433,
1880,
1809,
627,
740,
752,
1138,
1116,
1669,
621,
1807,
1712,
455,
733,
3051,
1823,
560,
559,
1559,
734,
782,
425,
1847,
1773,
575,
2434,
574,
1041,
454,
82,
1128,
398,
808,
3499,
80,
1479,
809,
2452,
476,
1552,
805,
81,
1832,
2364,
1715,
365,
567,
3487,
802,
122,
365,
1573,
363,
1382,
662,
361,
110,
1484,
360,
1557,
157,
875,
405,
113,
98,
820,
1847,
397,
94,
361,
91,
673,
1145,
354,
669,
888,
1665,
1856,
3301,
355,
825,
1697,
353,
307,
3301,
2298,
353,
1863,
390,
810,
1528,
3743,
260,
3292,
1713,
3966,
379,
809,
673,
2270,
807,
355,
678,
762,
604,
326,
1717,
1726,
354,
1689,
362,
2976,
1998,
1697,
1567,
995,
805,
972,
1004,
493,
2957,
1282,
3110,
700,
835,
1260,
833,
931,
2295,
653,
323,
924,
1864,
233,
1503,
2032,
1855,
1731,
3113,
642,
1876,
1684,
1735,
1861,
1496,
1499,
1504,
2678,
1812,
1194,
1241,
2909,
162,
1171,
520,
1258,
207,
1269,
509,
331,
376,
504,
436,
132,
411,
355,
1623,
301,
322,
306,
2125,
308,
447,
282,
3152,
305,
342,
938,
297,
447,
3791,
248,
228,
1180,
317,
269,
219,
725,
305,
4144,
653,
313,
304,
152,
296,
308,
281,
4173,
644,
295,
120,
213,
290,
302,
414,
689,
1165,
286,
300,
280,
2112,
413,
288,
1794,
1574,
2774,
28,
267,
259,
758,
4241,
1834,
1412,
726,
702,
2654,
282,
300,
2971,
258,
250,
257,
1642,
278,
269,
642,
747,
249,
830,
2075,
275,
1596,
288,
681,
268,
688,
861,
823,
299,
640,
261,
746,
1576,
1344,
1401,
250,
645,
3386,
561,
849,
295,
730,
842,
288,
282,
825,
141,
1487,
549,
676,
658,
1171,
264,
756,
507,
1636,
414,
746,
864,
797,
657,
726,
844,
2173,
478,
849,
1441,
1617,
892,
736,
249,
836,
1494,
1704,
749,
477,
69,
894,
690,
658,
864,
520,
66,
145,
1840,
634,
1460,
66,
882,
1910,
727,
805,
1837,
617,
1153,
1909,
4253,
1985,
1993,
1455,
1836,
1796,
4233,
1803,
1263,
1361,
452,
1768,
1782,
517,
1741,
1307,
1650,
1140,
1626,
147,
637,
921,
709,
2963,
793,
719,
889,
2970,
612,
1585,
546,
2956,
148,
1387,
1201,
2954,
1518,
1659,
2949,
2020,
2075,
537,
1463,
1531,
1512,
780,
377,
601,
2924,
1450,
1682,
1349,
1633,
2920,
2914,
2951,
1533,
1465,
1040,
2940,
2946,
2945,
856,
1464,
2939,
1652,
1754,
143,
382,
1463,
1459,
778,
305,
1288,
876,
303,
2573,
669,
1284,
46,
1223,
764,
291,
1680,
1278,
135,
581,
1271,
635,
2981,
2932,
304,
1065,
1612,
874,
1215,
155,
1476,
923,
1987,
900,
1993,
1547,
1116,
2951,
533,
283,
1552,
264,
2593,
2948,
1308,
3202,
265,
1542,
2819,
863,
253,
76,
1550,
237,
759,
1524,
1645,
859,
375,
248,
1353,
213,
355,
734,
1675,
1300,
170,
189,
1648,
371,
195,
1646,
704,
338,
250,
253,
163,
1560,
213,
723,
241,
235,
82,
4275,
727,
70,
134,
140,
118,
124,
710,
114,
45,
1590,
91,
656,
1789,
103,
87,
41,
1409,
648,
1503,
200,
1777,
1784,
80,
85,
182,
1852,
1399,
2385,
400,
649,
43,
76,
364,
285,
642,
3466,
1489,
402,
1789,
335,
257,
390,
1812,
1734,
1758,
852,
1416,
617,
1817,
229,
41,
812,
2881,
3886,
2978,
3036,
898,
2752,
37,
894,
2184,
3029,
1627,
2474,
2675,
2455,
2654,
402,
2645,
391,
476,
3518,
201,
3905,
2349,
42,
262,
79,
392,
4123,
2344,
4357,
81,
4371,
245,
252,
3490,
3876,
81,
468,
1973,
202,
208,
400,
178,
398,
272,
132,
219,
388,
147,
87,
131,
3516,
83,
358,
4347,
221,
414,
219,
130,
3901,
4480,
2682,
411,
2192,
680,
2396,
1686,
90,
4154,
676,
949,
1338,
1134,
875,
1636,
929,
347,
293,
556,
4349,
1647,
802,
3069,
297,
286,
800,
3575,
585,
662,
3549,
267,
670,
261,
362,
584,
667,
273,
293,
644,
656,
296,
648,
268,
540,
638,
263,
257,
813,
645,
246,
253,
4346,
243,
456,
626,
3529,
2865,
242,
3768,
239,
555,
668,
455,
79,
253,
293,
264,
2305,
78,
667,
838,
239,
2734,
424,
236,
545,
562,
292,
686,
913,
407,
2743,
2752,
392,
479,
2924,
391,
117,
403,
382,
333,
666,
346,
325,
671,
861,
149,
538,
1020,
1446,
376,
310,
1680,
3362,
913,
1152,
197,
192,
1436,
455,
188,
524,
1347,
855,
1805,
1671,
159,
1775,
1057,
1435,
1032,
1657,
1797,
834,
1051,
1940,
1929,
1044,
1584,
1643,
1878,
1544,
918,
1625,
932,
1533,
1519,
922,
1497,
1843,
1565,
909,
1835,
79,
918,
870,
914,
1415,
3093,
1382,
932,
987,
207,
310,
2769,
2991,
2148,
912,
211,
1446,
915,
1100,
661,
1089,
885,
1083,
942,
847,
631,
1062,
1114,
1074,
626,
1378,
695,
1467,
873,
793,
1080,
935,
776,
808,
1078,
2153,
214,
838,
737,
897,
940,
1672,
523,
551,
212,
532,
518,
449,
1816,
1740,
847,
1435,
1071,
1112,
1804,
843,
1066,
733,
1731,
733,
906,
679,
189,
335,
1672,
1098,
741,
738,
153,
181,
704,
3615,
740,
157,
1100,
778,
1788,
1094,
536,
735,
592,
725,
529,
1553,
650,
1722,
526,
720,
907,
575,
1741,
808,
561,
573,
153,
791,
1713,
156,
151,
897,
523,
3434,
823,
492,
150,
567,
820,
967,
586,
149,
553,
532,
1833,
522,
172,
567,
147,
604,
366,
928,
1756,
201,
866,
1505,
474,
585,
2793,
466,
3022,
144,
142,
115,
354,
159,
152,
2267,
370,
2993,
126,
131,
3828,
204,
3228,
827,
127,
125,
1468,
129,
633,
121,
220,
4454,
125,
216,
105,
3440,
1014,
1744,
121,
220,
99,
98,
193,
209,
538,
890,
90,
4039,
194,
4460,
2260,
489,
660,
194,
2874,
93,
642,
4545,
191,
334,
853,
2191,
779,
140,
403,
45,
3481,
204,
1881,
3239,
190,
346,
396,
351,
591,
1514,
78,
396,
373,
1478,
3674,
340,
89,
161,
45,
364,
408,
3711,
333,
481,
3677,
328,
326,
378,
272,
4510,
3671,
321,
2602,
314,
43,
117,
74,
314,
81,
312,
2666,
2673,
283,
2466,
2470,
1828,
2154,
2219,
2458,
44,
2609,
2248,
694,
581,
42,
2642,
674,
2210,
2232,
3211,
690,
37,
2218,
2246,
76,
2210,
2229,
553,
2046,
2209,
2274,
40,
76,
2061,
804,
2456,
621,
3680,
3266,
295,
800,
292,
594,
780,
278,
2227,
784,
763,
3301,
545,
463,
776,
274,
388,
3276,
649,
798,
644,
160,
790,
653,
3324,
399,
2277,
477,
833,
3920,
618,
371,
2208,
241,
634,
398,
3298,
811,
632,
626,
593,
1367,
3479,
3103,
631,
81,
1379,
799,
480,
119,
2219,
804,
1119,
902,
1117,
2252,
872,
629,
792,
73,
658,
1301,
2907,
788,
782,
652,
1385,
1295,
1121,
3323,
863,
3522,
1010,
1039,
1113,
1053,
1134,
3348,
1139,
3742,
312,
3710,
307,
453,
337,
3086,
266,
287,
284,
277,
337,
23,
3075,
331,
334,
316,
329,
316,
3510,
355,
320,
130,
326,
2081,
291,
489,
330,
2073,
192,
314,
770,
512,
731,
304,
463,
2071,
722,
284,
2099,
768,
742,
726,
723,
1097,
725,
695,
443,
716,
705,
2073,
1234,
71,
2072,
461,
337,
1867,
366,
1106,
689,
322,
1536,
878,
336,
2090,
314,
989,
1533,
325,
319,
783,
1529,
1859,
368,
1787,
1431,
525,
278,
713,
1848,
896,
1427,
882,
741,
1802,
141,
703,
712,
710,
698,
2583,
1659,
3138,
1424,
749,
852,
710,
1390,
882,
745,
879,
709,
725,
707,
1384,
649,
1852,
1564,
703,
3047,
700,
1834,
1653,
1579,
696,
2060,
1822,
871,
710,
702,
2362,
651,
1048,
1373,
781,
1385,
1078,
1197,
2459,
773,
2338,
720,
765,
1607,
754,
746,
609,
1189,
708,
1044,
2393,
1864,
2380,
649,
728,
1187,
748,
597,
659,
720,
627,
1723,
2351,
789,
634,
391,
1186,
549,
765,
644,
712,
534,
703,
1003,
3078,
717,
508,
173,
717,
213,
2374,
1285,
769,
716,
2084,
1419,
167,
694,
2306,
531,
449,
2075,
146,
2369,
2291,
886,
337,
2266,
543,
736,
1262,
1700,
135,
619,
2228,
145,
744,
987,
128,
1150,
2365,
2454,
3630,
957,
2352,
2314,
2364,
2622,
133,
1835,
128,
798,
1842,
2326,
650,
127,
2298,
732,
474,
649,
2106,
1452,
213,
443,
591,
127,
1869,
757,
1166,
1167,
554,
123,
726,
960,
2351,
2301,
384,
113,
545,
475,
434,
2340,
111,
2373,
95,
766,
2984,
165,
107,
598,
789,
127,
801,
124,
974,
89,
2838,
87,
235,
3290,
229,
114,
91,
399,
3251,
718,
72,
90,
192,
728,
603,
365,
88,
2841,
204,
2776,
393,
1327,
80,
350,
2379,
86,
3280,
1687,
627,
190,
1621,
461,
350,
1617,
76,
1437,
162,
1335,
3621,
348,
797,
3439,
74,
2257,
199,
1612,
55,
567,
817,
1436,
362,
1447,
146,
342,
240,
3664,
1233,
105,
38,
3693,
96,
3897,
1106,
85,
315,
328,
303,
4507,
41,
421,
2848,
965,
1091,
309,
715,
390,
3895,
841,
3254,
282,
549,
1661,
306,
42,
374,
2813,
305,
602,
297,
3356,
1210,
1200,
943,
573,
1423,
235,
105,
865,
928,
621,
382,
221,
386,
468,
1008,
813,
332,
3268,
654,
348,
330,
317,
203,
193,
2200,
410,
602,
828,
189,
329,
399,
180,
338,
705,
849,
383,
578,
393,
405,
43,
170,
1188,
333,
826,
380,
375,
2900,
169,
883,
1853,
1250,
492,
2857,
78,
367,
822,
43,
401,
1291,
885,
952,
396,
76,
722,
366,
2574,
376,
514,
3075,
882,
2552,
806,
381,
430,
4346,
599,
367,
2452,
761,
77,
740,
879,
545,
402,
1200,
757,
3085,
467,
745,
77,
48,
1190,
397,
2260,
756,
1115,
811,
170,
739,
877,
3492,
381,
381,
3484,
2640,
1421,
332,
3114,
3097,
767,
497,
77,
757,
489,
344,
338,
743,
318,
427,
154,
325,
773,
150,
160,
80,
103,
346,
384,
2484,
366,
363,
385,
356,
356,
341,
356,
340,
349,
333,
856,
362,
375,
3723,
381,
480,
334,
339,
327,
357,
360,
3723,
352,
350,
346,
224,
329,
314,
339,
337,
885,
877,
1025,
896,
375,
851,
735,
3729,
185,
973,
953,
646,
1032,
3729,
160,
901,
664,
293,
88,
159,
1170,
231,
550,
2017,
217,
801,
209,
227,
566,
2079,
226,
1218,
399,
218,
213,
440,
186,
1462,
428,
231,
1312,
214,
225,
393,
354,
309,
952,
873,
2020,
378,
680,
1302,
1294,
836,
1192,
1215,
2250,
1308,
1303,
1204,
1292,
1301,
486,
842,
572,
2415,
2005,
905,
523,
2430,
3333,
212,
518,
273,
891,
3807,
2407,
889,
2393,
888,
494,
760,
2260,
470,
918,
559,
867,
1989,
888,
578,
893,
479,
220,
173,
2941,
792,
162,
1830,
683,
503,
765,
141,
3164,
139,
1217,
146,
1384,
685,
390,
2944,
130,
583,
759,
725,
670,
753,
388,
1236,
498,
780,
403,
752,
694,
2985,
596,
388,
1246,
869,
384,
585,
1318,
127,
752,
501,
464,
750,
444,
358,
768,
869,
126,
1253,
404,
865,
430,
525,
612,
773,
1089,
2259,
395,
2953,
2257,
321,
278,
126,
645,
734,
2255,
2338,
2332,
746,
617,
2336,
1886,
1964,
1197,
507,
120,
724,
117,
1969,
2331,
1189,
2255,
2320,
106,
792,
2319,
985,
2331,
2317,
609,
763,
2314,
97,
1336,
637,
920,
2183,
108,
1335,
307,
617,
283,
1811,
2167,
289,
2183,
1223,
610,
2164,
260,
2178,
1343,
1339,
100,
258,
275,
1115,
629,
1348,
987,
86,
1338,
546,
1186,
2976,
371,
1087,
1974,
3198,
1778,
872,
85,
1106,
361,
785,
1609,
244,
83,
377,
2575,
1199,
483,
1397,
269,
405,
3842,
1208,
1263,
1060,
782,
1192,
3849,
2127,
782,
2347,
3126,
145,
3843,
62,
592,
1250,
1247,
1134,
191,
1352,
1230,
39,
211,
104,
134,
3466,
225,
1221,
102,
1437,
3843,
1260,
39,
1948,
2990,
2966,
209,
802,
215,
3032,
192,
1490,
353,
1144,
351,
1206,
628,
160,
633,
490,
489,
182,
1248,
179,
624,
3112,
163,
508,
301,
325,
832,
1582,
3855,
295,
131,
358,
338,
121,
619,
495,
304,
121,
2595,
526,
339,
104,
654,
3637,
694,
3684,
98,
508,
302,
362,
525,
157,
331,
75,
489,
159,
3509,
523,
303,
2627,
833,
243,
171,
304,
231,
3654,
299,
1922,
2654,
3251,
342,
242,
302,
338,
324,
138,
114,
153,
874,
377,
369,
383,
345,
80,
365,
411,
376,
379,
487,
670,
358,
373,
419,
411,
376,
406,
855,
523,
397,
430,
268,
850,
253,
818,
2488,
301,
250,
263,
267,
3111,
268,
240,
243,
2463,
247,
278,
261,
334,
230,
231,
233,
240,
2261,
226,
229,
333,
319,
224,
251,
221,
209,
219,
771,
216,
68,
208,
215,
237,
70,
368,
1119,
869,
1512,
72,
170,
307,
1511,
313,
731,
294,
167,
305,
1508,
1127,
1094,
3122,
281,
3132,
143,
108,
81,
484,
2549,
82,
1498,
80,
118,
931,
570,
288,
878,
1264,
2133,
920,
1246,
2814,
944,
2446,
919,
592,
649,
576,
2000,
3509,
1373,
658,
575,
557,
919,
592,
429,
661,
590,
3971,
583,
3461,
919,
642,
919,
917,
558,
3968,
2216,
650,
453,
916,
642,
421,
545,
267,
3822,
363,
722,
528,
1152,
916,
523,
289,
728,
361,
556,
915,
3819,
611,
528,
573,
767,
914,
446,
518,
3801,
245,
1051,
506,
913,
557,
2455,
601,
534,
628,
237,
1374,
642,
406,
1528,
514,
1413,
2956,
1679,
1046,
706,
521,
756,
568,
586,
520,
665,
630,
612,
512,
907,
498,
509,
816,
3996,
505,
681,
3196,
1373,
512,
838,
497,
653,
1372,
509,
510,
600,
1081,
1265,
593,
3405,
465,
682,
494,
792,
462,
486,
493,
506,
773,
3187,
401,
556,
1593,
1463,
582,
829,
673,
358,
928,
345,
616,
349,
3541,
688,
504,
644,
3417,
514,
421,
862,
433,
390,
468,
2194,
548,
2537,
1132,
419,
623,
532,
490,
1532,
413,
1129,
506,
1179,
518,
925,
2521,
4009,
1128,
254,
560,
261,
650,
913,
2464,
1912,
210,
1387,
1775,
504,
1357,
834,
877,
910,
904,
175,
506,
884,
2013,
2812,
941,
1128,
1346,
3197,
151,
2086,
898,
889,
1176,
2793,
940,
2124,
699,
119,
2804,
1375,
1543,
491,
1577,
530,
660,
528,
522,
123,
102,
93,
500,
239,
539,
86,
310,
514,
1141,
500,
494,
1327,
209,
1135,
200,
487,
498,
973,
495,
1137,
893,
164,
1127,
194,
156,
1122,
385,
705,
163,
448,
1119,
158,
684,
979,
152,
511,
468,
493,
148,
396,
69,
1120,
525,
491,
146,
980,
129,
825,
129,
382,
115,
380,
715,
101,
348,
721,
689,
723,
357,
396,
574,
348,
565,
377,
77,
367,
721,
1168,
575,
254,
379,
1142,
253,
92,
3880,
1006,
439,
1141,
206,
203,
1590,
373,
253,
889,
3864,
243,
881,
388,
78,
403,
568,
254,
1143,
241,
1045,
240,
2880,
1049,
181,
3726,
249,
78,
1475,
3346,
118,
1461,
186,
748,
96,
84,
869,
738,
756,
580,
1635,
405,
755,
933,
748,
360,
586,
805,
364,
502,
577,
307,
319,
572,
653,
628,
399,
305,
691,
312,
694,
299,
622,
416,
671,
385,
232,
378,
330,
3213,
307,
324,
435,
489,
1663,
460,
303,
695,
680,
486,
446,
811,
832,
2662,
440,
1660,
419,
625,
830,
426,
480,
293,
620,
1693,
462,
646,
335,
452,
1677,
488,
332,
462,
756,
1563,
626,
1526,
259,
823,
325,
3643,
1687,
1564,
597,
565,
2678,
2179,
1531,
1127,
2190,
1491,
790,
775,
1468,
682,
1452,
1152,
584,
1175,
1167,
1459,
733,
602,
1153,
682,
1564,
835,
657,
2344,
637,
1698,
2103,
3997,
681,
1172,
1563,
1556,
1106,
773,
2640,
3994,
1549,
2359,
1955,
1555,
2045,
560,
662,
534,
1483,
1817,
538,
1760,
3344,
677,
674,
800,
521,
856,
609,
1750,
1610,
676,
464,
3367,
1241,
1605,
1757,
580,
675,
659,
674,
1195,
1617,
371,
3827,
669,
1803,
1205,
668,
4007,
664,
335,
1160,
3283,
587,
1563,
1117,
660,
372,
3184,
1115,
409,
370,
638,
656,
1114,
1554,
383,
123,
3189,
1606,
655,
4004,
1101,
379,
2251,
647,
371,
1096,
654,
2796,
540,
670,
633,
1116,
