41,
61,
54,
41,
32,
39,
34,
30,
45,
94,
44,
86,
105,
39,
106,
107,
63,
38,
80,
112,
62,
105,
84,
57,
46,
130,
115,
95,
44,
86,
39,
102,
98,
118,
41,
110,
70,
143,
114,
126,
34,
142,
124,
148,
154,
139,
130,
85,
45,
100,
121,
125,
164,
74,
120,
43,
131,
114,
42,
39,
62,
40,
127,
31,
157,
160,
130,
88,
122,
155,
77,
176,
111,
45,
121,
169,
190,
94,
131,
171,
131,
177,
124,
176,
189,
169,
168,
136,
138,
110,
147,
71,
136,
111,
167,
142,
147,
157,
78,
191,
171,
193,
161,
78,
105,
180,
194,
165,
163,
188,
168,
195,
186,
136,
199,
175,
179,
211,
173,
164,
208,
209,
158,
213,
36,
201,
219,
159,
35,
154,
107,
153,
158,
164,
184,
148,
174,
152,
140,
102,
144,
160,
166,
169,
166,
158,
172,
151,
86,
168,
132,
75,
223,
130,
136,
172,
142,
41,
145,
185,
190,
163,
178,
208,
183,
213,
208,
157,
145,
192,
201,
208,
191,
137,
193,
203,
198,
192,
196,
164,
238,
222,
170,
198,
128,
256,
198,
36,
163,
172,
190,
115,
207,
217,
155,
170,
120,
214,
230,
190,
130,
129,
235,
124,
143,
252,
36,
134,
258,
168,
164,
282,
74,
274,
111,
255,
160,
84,
59,
236,
194,
159,
259,
128,
109,
118,
287,
153,
197,
246,
40,
112,
147,
173,
131,
227,
159,
178,
119,
43,
165,
152,
216,
285,
140,
215,
216,
205,
149,
294,
239,
298,
183,
171,
179,
158,
185,
266,
220,
212,
259,
260,
213,
124,
235,
268,
205,
136,
215,
196,
291,
280,
240,
272,
192,
217,
289,
238,
199,
223,
264,
234,
235,
106,
296,
250,
238,
231,
256,
223,
50,
311,
266,
221,
306,
121,
221,
253,
268,
94,
214,
235,
234,
268,
263,
241,
234,
233,
221,
249,
223,
204,
106,
74,
249,
89,
111,
138,
101,
106,
231,
154,
98,
106,
147,
82,
101,
172,
142,
229,
70,
118,
196,
106,
242,
35,
178,
221,
82,
80,
200,
197,
228,
41,
226,
205,
269,
153,
218,
233,
247,
219,
130,
257,
259,
160,
256,
76,
193,
243,
139,
228,
191,
277,
203,
354,
249,
220,
103,
199,
271,
354,
81,
286,
213,
196,
181,
84,
147,
247,
74,
195,
79,
199,
246,
223,
274,
181,
257,
224,
178,
183,
352,
81,
324,
292,
41,
200,
269,
228,
217,
167,
349,
239,
34,
270,
251,
179,
262,
252,
198,
94,
184,
293,
303,
251,
81,
156,
172,
341,
175,
197,
298,
206,
90,
86,
260,
72,
326,
205,
248,
251,
82,
212,
79,
141,
252,
233,
158,
216,
57,
163,
229,
237,
291,
201,
185,
332,
33,
306,
187,
153,
309,
204,
220,
155,
40,
304,
185,
166,
120,
273,
113,
284,
195,
211,
300,
226,
277,
354,
300,
100,
217,
309,
127,
59,
327,
64,
32,
194,
254,
146,
112,
136,
213,
205,
163,
310,
192,
283,
258,
179,
178,
413,
183,
146,
40,
289,
172,
316,
77,
225,
167,
206,
249,
186,
125,
400,
302,
225,
120,
292,
137,
364,
247,
142,
273,
355,
140,
137,
127,
93,
128,
312,
329,
156,
354,
103,
206,
255,
204,
244,
90,
215,
318,
268,
364,
314,
41,
205,
187,
203,
249,
105,
285,
100,
180,
319,
243,
36,
391,
99,
291,
36,
75,
214,
195,
221,
250,
220,
247,
144,
220,
218,
247,
206,
144,
186,
132,
135,
228,
171,
229,
142,
192,
175,
221,
255,
140,
126,
143,
349,
340,
83,
206,
208,
57,
125,
177,
183,
263,
347,
342,
255,
302,
256,
177,
41,
316,
197,
159,
265,
318,
152,
290,
174,
133,
168,
216,
135,
374,
109,
338,
258,
224,
104,
319,
154,
194,
174,
218,
215,
372,
316,
153,
243,
162,
211,
87,
109,
117,
276,
268,
220,
185,
312,
227,
394,
83,
51,
387,
231,
378,
249,
46,
313,
226,
139,
125,
303,
324,
39,
372,
172,
369,
286,
306,
209,
296,
379,
220,
166,
293,
339,
292,
115,
382,
326,
287,
265,
114,
292,
365,
86,
213,
162,
123,
78,
224,
124,
70,
248,
64,
43,
157,
163,
38,
298,
138,
246,
336,
158,
290,
179,
145,
246,
81,
270,
189,
224,
187,
276,
221,
303,
275,
298,
312,
210,
255,
352,
284,
242,
307,
279,
292,
298,
258,
286,
185,
424,
219,
205,
217,
178,
144,
206,
104,
359,
172,
241,
310,
221,
208,
110,
227,
153,
333,
101,
203,
219,
125,
133,
177,
329,
318,
346,
225,
250,
169,
189,
352,
175,
280,
311,
437,
220,
198,
393,
264,
306,
145,
268,
252,
134,
327,
157,
365,
232,
199,
210,
410,
463,
89,
177,
198,
253,
139,
89,
408,
163,
357,
177,
105,
451,
189,
319,
113,
120,
92,
420,
407,
117,
192,
373,
340,
294,
214,
103,
398,
219,
146,
100,
193,
89,
373,
104,
92,
229,
340,
209,
227,
262,
208,
118,
162,
147,
229,
343,
375,
263,
372,
146,
125,
183,
110,
92,
185,
159,
96,
194,
194,
42,
148,
178,
202,
177,
161,
85,
202,
468,
178,
65,
165,
250,
422,
50,
444,
367,
49,
83,
246,
302,
265,
492,
346,
234,
473,
156,
414,
316,
382,
239,
292,
327,
107,
149,
316,
156,
323,
39,
290,
179,
309,
104,
460,
397,
236,
41,
272,
142,
37,
308,
302,
176,
254,
133,
237,
413,
280,
208,
123,
187,
225,
86,
253,
330,
238,
41,
235,
206,
116,
252,
258,
79,
116,
165,
251,
239,
33,
181,
145,
179,
347,
167,
365,
63,
144,
268,
280,
452,
191,
264,
139,
176,
273,
116,
258,
192,
52,
426,
298,
243,
496,
251,
76,
398,
377,
214,
236,
159,
53,
43,
51,
295,
308,
261,
347,
305,
269,
39,
271,
35,
170,
333,
272,
278,
159,
240,
35,
242,
319,
402,
346,
131,
267,
292,
339,
380,
348,
44,
251,
455,
356,
261,
217,
300,
195,
151,
247,
464,
385,
158,
308,
157,
268,
254,
155,
208,
421,
328,
251,
272,
340,
288,
124,
123,
199,
40,
337,
106,
151,
242,
469,
313,
549,
278,
505,
101,
285,
450,
36,
44,
56,
474,
256,
480,
221,
416,
208,
385,
67,
57,
384,
203,
184,
49,
123,
163,
271,
156,
114,
382,
104,
129,
73,
416,
90,
458,
120,
92,
125,
66,
201,
220,
497,
436,
502,
238,
392,
183,
204,
391,
404,
177,
301,
214,
295,
198,
569,
214,
201,
402,
45,
310,
292,
358,
106,
200,
76,
123,
281,
255,
310,
451,
326,
207,
180,
569,
58,
261,
538,
326,
95,
413,
257,
250,
74,
263,
54,
32,
193,
156,
185,
49,
159,
43,
283,
515,
318,
409,
277,
362,
234,
34,
472,
116,
93,
89,
412,
529,
72,
266,
41,
252,
279,
255,
352,
331,
302,
375,
41,
215,
525,
227,
136,
524,
257,
569,
535,
108,
193,
290,
253,
284,
321,
335,
223,
354,
363,
375,
374,
516,
383,
268,
297,
233,
194,
189,
286,
365,
340,
263,
49,
245,
317,
45,
348,
345,
576,
337,
198,
458,
376,
123,
264,
195,
257,
188,
545,
246,
302,
159,
230,
139,
226,
517,
133,
235,
154,
39,
189,
217,
143,
132,
357,
300,
42,
300,
157,
318,
385,
210,
311,
412,
333,
283,
370,
273,
143,
298,
194,
356,
75,
207,
280,
344,
89,
101,
329,
367,
349,
225,
110,
329,
304,
119,
388,
126,
552,
368,
167,
275,
278,
530,
48,
56,
39,
368,
281,
287,
314,
169,
312,
319,
316,
592,
39,
352,
312,
256,
277,
301,
302,
416,
263,
356,
228,
155,
226,
266,
294,
341,
222,
278,
95,
443,
544,
170,
292,
119,
219,
361,
146,
332,
34,
265,
393,
307,
278,
137,
224,
247,
318,
214,
359,
189,
231,
244,
310,
308,
121,
263,
253,
494,
298,
307,
184,
296,
289,
205,
176,
294,
220,
273,
419,
250,
369,
320,
130,
222,
301,
304,
381,
117,
71,
177,
183,
260,
350,
72,
196,
146,
175,
249,
44,
181,
215,
176,
371,
286,
166,
366,
52,
46,
45,
130,
115,
144,
140,
391,
100,
316,
94,
421,
217,
270,
359,
247,
31,
202,
563,
136,
125,
248,
147,
565,
561,
511,
148,
319,
93,
308,
199,
103,
128,
310,
33,
97,
565,
360,
337,
257,
62,
348,
60,
343,
349,
361,
265,
304,
88,
185,
88,
300,
239,
294,
332,
245,
182,
111,
339,
318,
44,
307,
229,
256,
139,
334,
319,
93,
302,
381,
231,
249,
279,
258,
130,
225,
135,
251,
95,
332,
200,
323,
107,
440,
241,
165,
150,
238,
204,
267,
227,
127,
352,
254,
375,
263,
220,
443,
299,
286,
173,
232,
176,
343,
172,
382,
221,
448,
203,
387,
159,
256,
365,
210,
330,
468,
164,
318,
196,
288,
446,
201,
318,
176,
486,
138,
46,
138,
648,
471,
287,
88,
68,
345,
644,
368,
693,
178,
140,
145,
151,
285,
432,
158,
124,
231,
111,
170,
141,
144,
645,
113,
164,
233,
454,
183,
154,
300,
32,
405,
465,
130,
410,
432,
134,
272,
420,
64,
421,
260,
244,
59,
33,
165,
139,
301,
425,
45,
153,
635,
290,
232,
231,
178,
41,
215,
153,
140,
502,
39,
490,
515,
153,
134,
405,
108,
380,
378,
395,
355,
38,
661,
218,
366,
568,
310,
174,
331,
365,
434,
343,
373,
329,
303,
353,
381,
62,
50,
279,
324,
308,
342,
163,
198,
335,
360,
175,
193,
336,
188,
174,
526,
214,
33,
602,
177,
128,
33,
46,
84,
182,
203,
626,
372,
313,
249,
144,
115,
155,
416,
268,
223,
280,
185,
165,
277,
320,
483,
193,
444,
531,
472,
126,
481,
697,
409,
172,
73,
696,
399,
154,
684,
201,
158,
220,
45,
43,
648,
228,
248,
399,
43,
683,
695,
426,
374,
667,
43,
377,
217,
392,
616,
72,
191,
607,
34,
687,
203,
396,
167,
482,
41,
167,
180,
176,
173,
107,
85,
328,
241,
216,
224,
37,
410,
261,
680,
314,
354,
176,
399,
178,
496,
384,
109,
95,
287,
39,
334,
412,
199,
464,
187,
241,
317,
236,
172,
667,
243,
499,
725,
332,
181,
154,
93,
376,
345,
360,
455,
394,
387,
67,
366,
221,
243,
180,
289,
296,
330,
267,
782,
374,
727,
478,
499,
374,
368,
204,
523,
44,
284,
183,
465,
366,
376,
237,
687,
199,
357,
204,
648,
212,
195,
336,
170,
360,
356,
651,
46,
431,
546,
333,
608,
175,
383,
376,
282,
314,
564,
659,
505,
372,
362,
667,
207,
661,
329,
226,
656,
645,
40,
87,
536,
342,
136,
577,
97,
300,
205,
626,
401,
578,
613,
797,
42,
390,
362,
152,
68,
388,
516,
499,
822,
679,
344,
354,
771,
801,
213,
211,
32,
362,
196,
76,
191,
506,
366,
398,
73,
318,
206,
354,
45,
452,
53,
636,
708,
388,
338,
720,
203,
72,
403,
146,
67,
42,
298,
102,
771,
492,
314,
312,
54,
137,
352,
439,
385,
294,
214,
270,
129,
401,
424,
267,
353,
816,
44,
110,
179,
162,
288,
381,
281,
816,
383,
284,
253,
144,
288,
373,
32,
262,
335,
38,
396,
799,
545,
685,
355,
391,
610,
682,
779,
430,
793,
605,
134,
39,
246,
356,
685,
500,
367,
341,
691,
670,
795,
479,
183,
216,
145,
222,
340,
244,
785,
242,
142,
245,
410,
233,
347,
175,
192,
671,
236,
380,
154,
635,
627,
289,
310,
317,
573,
440,
312,
411,
297,
236,
333,
625,
601,
301,
223,
410,
602,
339,
273,
324,
311,
638,
254,
380,
424,
323,
632,
176,
541,
251,
257,
283,
438,
832,
218,
406,
774,
329,
113,
544,
400,
352,
41,
308,
112,
626,
33,
78,
30,
212,
180,
229,
349,
344,
324,
225,
273,
289,
380,
207,
273,
640,
222,
227,
107,
432,
273,
195,
278,
401,
313,
84,
512,
292,
33,
516,
326,
442,
403,
362,
270,
410,
224,
502,
414,
335,
191,
292,
742,
517,
284,
321,
481,
428,
45,
194,
36,
240,
319,
163,
765,
44,
809,
299,
244,
218,
199,
103,
408,
412,
221,
41,
138,
253,
251,
174,
204,
311,
393,
136,
39,
115,
443,
621,
182,
261,
144,
206,
499,
260,
92,
260,
152,
242,
205,
136,
43,
75,
195,
160,
254,
196,
194,
175,
435,
266,
31,
51,
110,
687,
150,
107,
467,
40,
95,
517,
224,
287,
50,
74,
523,
246,
371,
249,
43,
507,
361,
294,
766,
250,
250,
662,
381,
365,
507,
47,
668,
193,
887,
238,
824,
419,
330,
387,
397,
235,
412,
294,
57,
442,
326,
57,
388,
274,
278,
356,
57,
339,
205,
45,
277,
131,
371,
463,
339,
218,
286,
223,
189,
108,
220,
343,
267,
432,
195,
192,
479,
343,
124,
178,
297,
196,
293,
174,
333,
181,
264,
259,
185,
246,
156,
178,
181,
410,
232,
142,
384,
345,
226,
142,
219,
417,
281,
239,
236,
267,
212,
258,
34,
405,
168,
445,
414,
236,
374,
331,
418,
197,
220,
116,
43,
162,
42,
192,
334,
245,
152,
368,
204,
343,
165,
131,
145,
393,
164,
255,
364,
745,
240,
209,
247,
106,
183,
115,
181,
108,
273,
207,
338,
350,
37,
411,
375,
327,
283,
74,
432,
458,
93,
208,
56,
434,
343,
423,
498,
234,
235,
37,
230,
231,
201,
189,
464,
88,
362,
290,
481,
456,
299,
300,
458,
231,
161,
217,
199,
304,
181,
294,
123,
36,
431,
265,
350,
211,
450,
161,
447,
116,
291,
147,
441,
519,
151,
454,
226,
116,
103,
246,
221,
462,
201,
413,
422,
466,
404,
402,
224,
64,
212,
693,
375,
329,
42,
246,
171,
337,
294,
319,
140,
207,
433,
465,
580,
510,
375,
215,
309,
370,
251,
366,
293,
722,
148,
273,
445,
450,
91,
73,
216,
821,
233,
69,
72,
231,
213,
98,
70,
231,
329,
471,
43,
445,
141,
450,
856,
830,
323,
65,
114,
467,
137,
81,
290,
389,
125,
639,
109,
589,
324,
268,
438,
271,
567,
155,
263,
144,
403,
280,
245,
269,
226,
550,
47,
143,
45,
915,
356,
234,
234,
256,
283,
434,
621,
206,
659,
343,
617,
490,
445,
200,
191,
485,
309,
370,
819,
376,
401,
825,
240,
883,
318,
36,
892,
268,
276,
390,
216,
287,
436,
198,
339,
239,
283,
384,
180,
128,
373,
116,
893,
51,
72,
189,
248,
487,
178,
889,
134,
67,
495,
497,
246,
356,
365,
276,
319,
70,
465,
213,
40,
590,
201,
201,
342,
204,
256,
507,
380,
299,
494,
312,
790,
345,
372,
463,
476,
90,
300,
41,
112,
238,
257,
306,
83,
154,
522,
273,
454,
264,
82,
132,
155,
155,
143,
455,
143,
426,
182,
122,
428,
121,
427,
86,
494,
349,
210,
533,
413,
280,
407,
362,
425,
216,
228,
481,
810,
315,
320,
228,
462,
365,
227,
303,
679,
367,
268,
432,
330,
427,
393,
174,
192,
231,
400,
417,
384,
380,
409,
826,
283,
415,
33,
305,
336,
271,
284,
412,
78,
66,
237,
160,
722,
107,
292,
120,
225,
448,
88,
39,
39,
78,
276,
945,
434,
394,
224,
323,
406,
559,
65,
937,
174,
836,
186,
122,
208,
232,
130,
295,
197,
204,
180,
436,
420,
209,
43,
120,
104,
338,
78,
252,
751,
360,
326,
220,
210,
283,
387,
133,
192,
351,
321,
322,
325,
303,
222,
296,
245,
47,
288,
370,
281,
773,
1086,
635,
270,
286,
452,
249,
439,
530,
291,
261,
478,
275,
616,
283,
268,
407,
211,
583,
499,
274,
72,
603,
311,
552,
84,
362,
308,
352,
427,
506,
267,
471,
267,
329,
436,
580,
383,
371,
305,
185,
511,
145,
379,
313,
480,
364,
574,
469,
369,
40,
608,
1078,
390,
619,
357,
177,
164,
609,
582,
158,
388,
451,
476,
609,
657,
511,
1016,
41,
668,
389,
465,
469,
644,
903,
765,
42,
230,
380,
120,
322,
899,
489,
151,
536,
408,
42,
228,
305,
40,
577,
276,
448,
414,
391,
420,
211,
169,
255,
243,
671,
243,
370,
403,
288,
515,
478,
553,
107,
344,
102,
43,
233,
207,
628,
615,
313,
146,
647,
400,
254,
361,
385,
95,
645,
46,
203,
108,
245,
39,
349,
670,
227,
454,
309,
638,
944,
41,
610,
394,
543,
547,
152,
787,
323,
321,
794,
913,
562,
615,
264,
658,
451,
259,
612,
466,
327,
476,
829,
174,
260,
41,
359,
266,
417,
160,
602,
153,
176,
39,
157,
146,
443,
121,
482,
277,
162,
497,
179,
575,
471,
121,
109,
146,
500,
643,
153,
325,
91,
634,
107,
347,
422,
714,
396,
103,
1132,
512,
822,
510,
79,
422,
613,
94,
373,
214,
1030,
566,
73,
403,
376,
343,
542,
911,
991,
554,
266,
545,
53,
441,
856,
51,
972,
395,
865,
429,
528,
525,
73,
346,
283,
263,
341,
386,
1163,
522,
399,
76,
395,
480,
146,
444,
260,
503,
572,
327,
415,
395,
227,
413,
164,
269,
404,
255,
508,
157,
1097,
873,
41,
133,
397,
378,
248,
111,
142,
127,
856,
389,
43,
350,
395,
122,
114,
1011,
1211,
104,
1015,
1109,
608,
328,
213,
90,
571,
503,
157,
580,
1011,
361,
846,
529,
605,
325,
412,
407,
601,
525,
995,
608,
313,
978,
461,
137,
352,
728,
384,
437,
599,
210,
966,
251,
371,
48,
45,
379,
961,
852,
258,
976,
217,
71,
233,
384,
44,
74,
479,
265,
99,
43,
47,
206,
248,
473,
547,
377,
1286,
431,
617,
119,
912,
534,
118,
382,
359,
594,
1264,
390,
192,
118,
183,
270,
239,
269,
489,
588,
592,
336,
308,
513,
300,
113,
312,
359,
770,
339,
634,
366,
451,
277,
608,
456,
358,
414,
277,
376,
536,
570,
96,
522,
404,
523,
350,
627,
98,
301,
529,
468,
420,
569,
365,
407,
850,
901,
484,
318,
196,
249,
86,
237,
219,
186,
315,
407,
285,
380,
315,
57,
172,
904,
198,
605,
592,
50,
325,
44,
383,
238,
1258,
57,
312,
342,
334,
842,
304,
131,
502,
916,
229,
238,
181,
326,
245,
765,
312,
170,
339,
211,
238,
237,
431,
994,
182,
289,
290,
158,
197,
991,
173,
323,
246,
40,
337,
301,
101,
172,
348,
874,
409,
239,
71,
564,
225,
800,
461,
683,
870,
453,
349,
494,
617,
518,
78,
943,
1013,
637,
536,
525,
744,
986,
283,
112,
433,
1018,
860,
461,
323,
990,
75,
896,
872,
269,
82,
328,
364,
133,
74,
467,
235,
36,
460,
281,
88,
241,
931,
412,
322,
109,
167,
881,
281,
283,
325,
569,
299,
667,
658,
827,
312,
289,
610,
884,
768,
267,
225,
1089,
101,
553,
251,
470,
1048,
232,
243,
452,
397,
489,
414,
401,
477,
145,
151,
681,
525,
688,
642,
213,
911,
596,
580,
278,
66,
140,
110,
221,
597,
222,
341,
463,
1115,
645,
422,
384,
1043,
44,
470,
348,
220,
112,
111,
380,
190,
532,
310,
480,
330,
97,
126,
476,
397,
688,
41,
530,
472,
217,
146,
521,
628,
262,
392,
404,
524,
236,
1007,
380,
42,
282,
200,
208,
499,
1088,
863,
611,
193,
41,
620,
999,
575,
630,
666,
673,
1358,
599,
951,
374,
104,
642,
690,
522,
487,
374,
485,
465,
1364,
505,
353,
180,
1319,
1089,
194,
474,
154,
711,
1195,
563,
464,
625,
529,
1181,
150,
1102,
1262,
470,
1130,
193,
827,
254,
1171,
303,
128,
174,
894,
610,
1237,
176,
105,
446,
1175,
95,
348,
384,
1295,
409,
561,
454,
68,
44,
85,
1164,
77,
1096,
210,
628,
274,
358,
580,
1295,
677,
412,
957,
257,
123,
329,
311,
245,
576,
418,
477,
330,
353,
426,
479,
347,
244,
260,
199,
423,
391,
512,
322,
659,
1235,
652,
484,
1204,
683,
1107,
83,
403,
1356,
327,
1260,
333,
81,
638,
76,
431,
85,
286,
535,
325,
76,
648,
327,
301,
427,
452,
110,
285,
91,
96,
674,
1001,
385,
282,
606,
412,
123,
264,
679,
564,
1098,
459,
1161,
294,
1281,
487,
703,
403,
1101,
573,
77,
408,
589,
468,
651,
577,
388,
1129,
457,
547,
238,
613,
713,
583,
253,
504,
226,
633,
550,
618,
1407,
439,
168,
117,
624,
1075,
1119,
555,
249,
628,
225,
549,
605,
567,
1161,
1126,
91,
642,
557,
333,
120,
927,
565,
1058,
87,
146,
181,
266,
146,
51,
519,
63,
507,
334,
361,
551,
448,
80,
77,
1253,
247,
581,
542,
1127,
1171,
417,
180,
150,
497,
92,
735,
544,
129,
109,
337,
483,
450,
379,
378,
140,
706,
374,
296,
463,
593,
270,
900,
43,
637,
422,
593,
1231,
80,
357,
402,
560,
1154,
387,
269,
561,
395,
38,
557,
354,
745,
130,
654,
478,
633,
113,
655,
170,
304,
549,
1119,
1059,
156,
637,
731,
120,
277,
728,
217,
801,
251,
557,
1238,
160,
116,
233,
625,
373,
1202,
389,
568,
396,
41,
125,
571,
1106,
730,
1279,
376,
1255,
399,
283,
1290,
260,
1256,
142,
106,
114,
427,
122,
1098,
1101,
431,
1188,
521,
372,
759,
1148,
1196,
1406,
272,
548,
461,
357,
746,
252,
869,
519,
547,
820,
386,
366,
389,
698,
281,
423,
450,
770,
701,
88,
69,
128,
662,
1329,
1100,
427,
1274,
439,
47,
421,
560,
642,
117,
660,
654,
557,
280,
554,
273,
454,
236,
1302,
507,
454,
1271,
1183,
279,
892,
526,
474,
546,
567,
621,
587,
323,
566,
1283,
125,
543,
695,
1035,
555,
341,
568,
286,
494,
83,
459,
299,
530,
459,
270,
102,
527,
1248,
360,
314,
556,
91,
41,
79,
40,
182,
39,
744,
79,
349,
44,
83,
1221,
304,
41,
67,
78,
689,
85,
219,
629,
80,
1151,
776,
705,
742,
609,
497,
628,
646,
744,
449,
279,
558,
352,
521,
734,
743,
215,
542,
325,
347,
97,
570,
444,
304,
42,
325,
493,
784,
40,
93,
83,
525,
277,
475,
848,
404,
1051,
652,
283,
486,
46,
663,
729,
704,
1237,
575,
1310,
73,
551,
674,
284,
621,
687,
400,
51,
643,
1288,
296,
594,
752,
522,
1122,
292,
283,
392,
1286,
101,
575,
527,
39,
1268,
389,
1092,
1312,
1275,
46,
470,
271,
1314,
38,
604,
328,
39,
285,
96,
300,
199,
1236,
41,
599,
698,
492,
616,
571,
477,
761,
458,
500,
372,
698,
487,
429,
519,
330,
605,
89,
703,
644,
659,
551,
414,
45,
517,
671,
522,
82,
489,
647,
238,
342,
86,
748,
91,
706,
94,
937,
795,
760,
41,
326,
1217,
261,
90,
956,
92,
553,
268,
367,
946,
1349,
1330,
344,
705,
705,
649,
81,
567,
661,
43,
549,
242,
100,
36,
613,
299,
427,
232,
232,
1357,
39,
376,
617,
586,
1132,
578,
530,
499,
523,
493,
47,
487,
165,
492,
451,
469,
563,
572,
417,
43,
396,
200,
368,
92,
187,
83,
180,
169,
80,
83,
224,
224,
1481,
397,
540,
1140,
130,
1216,
412,
129,
520,
237,
234,
743,
333,
88,
654,
478,
749,
442,
412,
178,
908,
1220,
904,
103,
924,
980,
923,
99,
502,
710,
643,
721,
754,
781,
607,
538,
625,
474,
416,
1272,
1479,
451,
403,
742,
1437,
786,
204,
661,
775,
212,
1388,
555,
396,
736,
93,
115,
203,
422,
214,
804,
197,
1051,
794,
425,
444,
532,
455,
428,
530,
515,
311,
310,
78,
84,
480,
728,
337,
1237,
1169,
336,
1421,
109,
123,
703,
794,
81,
220,
324,
505,
730,
84,
94,
176,
787,
1377,
773,
1574,
490,
83,
815,
711,
906,
75,
1541,
1446,
831,
1188,
1526,
795,
1067,
450,
487,
493,
1161,
83,
1437,
660,
1251,
655,
1526,
1493,
942,
1134,
581,
571,
415,
1028,
789,
539,
522,
972,
414,
458,
904,
585,
404,
997,
754,
1109,
390,
1468,
1138,
822,
1451,
744,
105,
606,
1225,
622,
783,
853,
1151,
394,
1006,
1446,
1171,
673,
783,
691,
1221,
220,
640,
736,
216,
1434,
776,
1417,
1174,
397,
1371,
734,
320,
264,
625,
645,
772,
294,
271,
247,
85,
67,
894,
534,
962,
503,
809,
806,
810,
519,
559,
727,
526,
714,
522,
680,
1026,
1023,
678,
517,
1550,
1025,
355,
1536,
795,
1165,
778,
789,
1249,
903,
769,
83,
865,
766,
748,
750,
626,
82,
963,
756,
697,
1586,
1237,
498,
1113,
403,
460,
1117,
437,
1001,
938,
997,
911,
352,
426,
680,
1297,
980,
921,
939,
1256,
820,
401,
766,
769,
903,
378,
800,
951,
317,
604,
236,
1097,
310,
837,
421,
368,
885,
290,
448,
1153,
362,
235,
765,
745,
1049,
807,
1136,
1362,
953,
1037,
83,
864,
1596,
838,
986,
651,
773,
850,
91,
815,
880,
921,
1133,
373,
1026,
609,
827,
1157,
575,
457,
678,
439,
487,
457,
816,
1103,
448,
1279,
661,
577,
1156,
679,
902,
115,
695,
1601,
1055,
1130,
1330,
1120,
1555,
1189,
1032,
1340,
213,
681,
822,
1037,
891,
940,
752,
691,
654,
909,
714,
837,
712,
707,
305,
910,
406,
399,
306,
1045,
80,
1130,
400,
262,
73,
786,
863,
475,
1490,
1080,
905,
345,
980,
807,
1237,
1309,
817,
1130,
904,
933,
1338,
958,
861,
793,
1509,
773,
647,
357,
1113,
1038,
890,
903,
948,
825,
358,
794,
1023,
856,
1515,
314,
1088,
338,
1159,
1002,
657,
805,
84,
1145,
829,
300,
1102,
1202,
1130,
294,
905,
1667,
1136,
1349,
1168,
1689,
868,
1000,
736,
799,
766,
724,
1145,
795,
814,
1201,
958,
266,
907,
767,
628,
548,
864,
851,
257,
919,
861,
1019,
1184,
1206,
986,
883,
851,
617,
1140,
1117,
725,
1382,
678,
832,
120,
788,
1555,
1268,
901,
921,
863,
743,
274,
1120,
603,
257,
888,
884,
239,
874,
91,
534,
451,
996,
792,
838,
570,
878,
955,
538,
537,
450,
576,
122,
730,
541,
1207,
899,
878,
786,
662,
1457,
820,
812,
791,
407,
1269,
885,
927,
619,
874,
858,
1589,
663,
813,
895,
932,
904,
870,
786,
940,
729,
1113,
774,
1098,
779,
841,
502,
774,
659,
581,
800,
602,
1248,
950,
594,
127,
143,
937,
631,
817,
860,
907,
71,
1349,
767,
438,
1344,
927,
1158,
992,
918,
298,
617,
498,
885,
968,
981,
649,
868,
696,
894,
861,
438,
946,
807,
492,
547,
872,
72,
973,
458,
406,
1099,
1034,
471,
634,
1132,
538,
1416,
713,
1297,
832,
251,
1823,
872,
1164,
1030,
1556,
1070,
1037,
82,
1367,
422,
76,
1484,
904,
807,
998,
479,
954,
1206,
376,
944,
412,
434,
149,
340,
942,
1202,
955,
323,
677,
317,
884,
1187,
857,
743,
313,
910,
538,
756,
1090,
954,
361,
856,
1240,
1196,
413,
323,
415,
892,
875,
398,
1122,
834,
748,
244,
783,
780,
1224,
486,
895,
616,
764,
87,
729,
101,
262,
878,
743,
299,
686,
303,
721,
744,
290,
665,
970,
1037,
249,
373,
772,
730,
933,
195,
642,
425,
379,
874,
812,
213,
655,
732,
194,
728,
741,
876,
412,
495,
573,
1160,
536,
736,
1031,
511,
229,
796,
746,
509,
870,
513,
642,
724,
860,
885,
916,
504,
734,
745,
933,
933,
590,
808,
438,
528,
743,
550,
495,
590,
860,
807,
864,
860,
74,
325,
578,
341,
840,
921,
673,
911,
940,
758,
306,
1179,
1194,
492,
1050,
550,
288,
426,
1278,
462,
1061,
85,
360,
1200,
900,
549,
1165,
351,
506,
1032,
463,
543,
1121,
587,
980,
1732,
1068,
808,
1171,
1278,
194,
1141,
781,
1005,
203,
1301,
1069,
288,
828,
1215,
633,
340,
1204,
1311,
570,
131,
792,
884,
102,
974,
1198,
709,
652,
973,
86,
1061,
819,
1066,
1179,
1444,
952,
1029,
89,
1067,
969,
835,
753,
80,
1579,
680,
1267,
908,
135,
989,
1146,
984,
904,
1468,
949,
809,
900,
1280,
785,
554,
900,
1328,
676,
637,
988,
1302,
723,
1081,
1820,
302,
794,
799,
230,
822,
637,
1355,
620,
1464,
768,
1793,
983,
743,
310,
734,
810,
967,
1489,
1069,
122,
341,
740,
99,
795,
730,
555,
604,
718,
259,
1355,
604,
1119,
1666,
587,
1116,
1069,
120,
111,
551,
915,
1235,
722,
1541,
1207,
813,
1035,
107,
1064,
770,
222,
279,
880,
1517,
970,
659,
1354,
211,
1319,
1297,
1254,
1456,
441,
948,
628,
1244,
1024,
1391,
78,
1223,
301,
1237,
188,
1409,
80,
1306,
717,
364,
168,
1135,
976,
1823,
1384,
541,
541,
217,
206,
604,
162,
1199,
1617,
37,
902,
1390,
861,
1140,
200,
1264,
841,
977,
673,
1333,
968,
868,
1717,
908,
832,
1372,
1223,
1091,
1219,
1199,
1303,
314,
1070,
1271,
756,
1631,
1060,
729,
395,
619,
1507,
108,
821,
1395,
668,
599,
1019,
1498,
649,
236,
796,
1521,
377,
756,
844,
940,
1073,
735,
93,
775,
826,
700,
909,
1001,
122,
568,
1054,
76,
1468,
982,
1345,
1104,
911,
983,
953,
1023,
987,
842,
1047,
958,
218,
572,
1181,
199,
683,
774,
608,
1273,
1102,
352,
601,
595,
971,
1113,
1301,
1094,
369,
1471,
1032,
1114,
617,
1422,
1463,
989,
1428,
979,
1499,
1129,
82,
1473,
543,
894,
1536,
504,
792,
1746,
1085,
490,
725,
1060,
642,
659,
1327,
1094,
1131,
707,
391,
1362,
943,
97,
678,
1379,
483,
1613,
848,
1336,
407,
554,
1382,
581,
907,
307,
495,
719,
1109,
685,
1232,
956,
1275,
1112,
951,
141,
277,
1017,
933,
793,
1739,
886,
791,
625,
1254,
142,
788,
1629,
1066,
1034,
668,
884,
723,
754,
1164,
502,
777,
1689,
345,
147,
776,
774,
1427,
793,
658,
116,
120,
492,
1455,
1667,
226,
977,
140,
112,
1106,
330,
566,
509,
1113,
750,
344,
785,
1656,
517,
728,
1630,
1198,
611,
747,
1489,
731,
505,
686,
495,
493,
464,
1135,
504,
1142,
1148,
230,
487,
466,
75,
343,
353,
1417,
399,
443,
1265,
352,
719,
500,
586,
968,
47,
656,
546,
413,
443,
653,
1468,
444,
641,
421,
1564,
785,
1069,
1557,
1580,
1460,
432,
664,
1525,
1621,
1276,
353,
419,
1066,
687,
754,
1587,
686,
410,
1106,
522,
81,
666,
1094,
326,
1093,
1677,
1662,
350,
1529,
655,
1145,
440,
1578,
367,
427,
506,
588,
801,
869,
1130,
428,
621,
1185,
533,
772,
524,
500,
612,
1133,
811,
424,
436,
646,
530,
459,
620,
424,
530,
1234,
642,
83,
774,
389,
1336,
427,
775,
738,
591,
376,
780,
413,
821,
737,
917,
1270,
735,
406,
388,
1524,
553,
919,
403,
1591,
1739,
372,
387,
517,
888,
245,
371,
368,
243,
383,
389,
74,
1274,
368,
738,
369,
913,
96,
202,
341,
94,
1137,
830,
91,
1142,
907,
600,
1677,
530,
820,
1497,
120,
694,
715,
81,
871,
642,
1537,
530,
1584,
820,
798,
805,
1523,
94,
1521,
328,
1226,
1237,
713,
1475,
1516,
746,
1544,
1497,
693,
698,
856,
629,
834,
555,
631,
731,
707,
93,
1802,
813,
1826,
1605,
1815,
1476,
796,
1264,
887,
1233,
777,
1151,
389,
867,
1237,
792,
1084,
793,
743,
594,
333,
762,
108,
1248,
493,
417,
705,
613,
430,
528,
1515,
502,
100,
1646,
589,
751,
817,
1585,
1509,
1336,
419,
1818,
490,
1221,
818,
698,
1445,
936,
1477,
1775,
37,
34,
758,
650,
789,
1755,
512,
850,
1000,
750,
526,
1620,
473,
24,
1183,
648,
775,
1136,
617,
353,
55,
470,
1405,
720,
591,
66,
470,
503,
747,
1531,
648,
641,
1327,
510,
533,
97,
1568,
1118,
427,
412,
743,
667,
512,
223,
589,
887,
880,
742,
555,
526,
135,
506,
640,
1453,
960,
462,
601,
554,
812,
933,
462,
1841,
133,
1126,
743,
934,
365,
766,
918,
835,
315,
901,
899,
2196,
474,
343,
811,
105,
119,
885,
277,
100,
565,
89,
546,
486,
531,
827,
804,
1072,
707,
294,
819,
97,
535,
800,
579,
95,
95,
66,
706,
104,
709,
1463,
495,
283,
461,
511,
303,
411,
535,
103,
703,
1301,
547,
634,
84,
586,
277,
661,
866,
463,
523,
591,
1086,
121,
1237,
1609,
120,
556,
514,
306,
1368,
76,
277,
770,
837,
932,
562,
1001,
274,
212,
544,
441,
1377,
805,
1367,
879,
719,
581,
569,
1248,
137,
505,
1298,
371,
902,
1146,
801,
1934,
1593,
615,
576,
799,
1880,
524,
136,
96,
122,
1350,
1591,
689,
358,
329,
506,
569,
695,
1580,
175,
357,
331,
240,
231,
1595,
596,
137,
758,
917,
520,
130,
1856,
1227,
346,
749,
933,
533,
1586,
576,
1411,
1822,
118,
923,
400,
184,
1847,
126,
238,
77,
721,
1774,
235,
761,
542,
1679,
605,
766,
308,
620,
211,
537,
118,
392,
583,
1765,
308,
586,
919,
254,
808,
251,
753,
101,
862,
1619,
602,
1740,
1067,
434,
647,
783,
95,
89,
1015,
1301,
583,
612,
270,
1005,
454,
251,
204,
1071,
328,
319,
317,
493,
1493,
496,
325,
482,
1751,
1811,
848,
308,
83,
287,
354,
71,
329,
948,
1083,
92,
1505,
316,
861,
437,
902,
202,
630,
126,
124,
499,
918,
1784,
1039,
808,
120,
807,
414,
1006,
1817,
802,
443,
287,
282,
810,
535,
189,
891,
799,
546,
64,
625,
285,
278,
200,
620,
535,
945,
546,
639,
113,
109,
113,
1269,
270,
98,
136,
107,
96,
580,
756,
636,
303,
664,
738,
437,
80,
627,
1449,
284,
79,
89,
70,
80,
237,
874,
78,
244,
1023,
787,
77,
856,
71,
76,
90,
85,
301,
69,
254,
80,
270,
47,
85,
73,
71,
711,
1545,
230,
1293,
253,
909,
914,
865,
67,
41,
1531,
65,
1565,
292,
49,
1868,
691,
251,
1524,
669,
320,
76,
753,
195,
57,
44,
342,
349,
40,
521,
39,
1127,
325,
430,
1741,
560,
226,
86,
1651,
297,
559,
272,
326,
165,
41,
335,
108,
659,
366,
162,
357,
39,
465,
687,
552,
629,
690,
746,
1800,
40,
345,
169,
40,
453,
91,
73,
82,
43,
37,
41,
1520,
322,
38,
271,
81,
2216,
304,
1189,
400,
394,
559,
554,
363,
552,
520,
41,
702,
1617,
1855,
567,
700,
442,
2145,
599,
331,
473,
667,
469,
481,
665,
781,
661,
356,
1781,
280,
731,
996,
1469,
254,
739,
725,
405,
344,
462,
353,
275,
190,
260,
550,
292,
271,
682,
1598,
264,
398,
353,
483,
429,
763,
403,
275,
395,
2108,
649,
2049,
1361,
1320,
340,
528,
200,
298,
2481,
286,
1610,
329,
264,
605,
268,
1387,
220,
390,
1679,
570,
264,
86,
201,
201,
1952,
296,
714,
260,
285,
1667,
80,
560,
342,
616,
42,
316,
459,
216,
1994,
305,
2173,
1638,
589,
1394,
854,
1313,
913,
42,
394,
290,
926,
702,
936,
573,
51,
213,
312,
657,
217,
854,
561,
228,
301,
853,
246,
307,
215,
573,
751,
398,
588,
50,
228,
1630,
346,
306,
1336,
81,
1377,
1168,
1451,
936,
301,
221,
85,
102,
781,
342,
471,
441,
211,
311,
557,
1877,
810,
319,
847,
774,
85,
452,
244,
1331,
1446,
1756,
784,
79,
1039,
471,
443,
1906,
1391,
1901,
1644,
594,
837,
561,
668,
209,
528,
244,
359,
243,
238,
518,
429,
520,
282,
1775,
397,
873,
73,
1161,
505,
102,
457,
267,
810,
1969,
250,
1511,
789,
385,
2032,
1171,
247,
2020,
548,
612,
116,
1043,
628,
1935,
1473,
1672,
116,
99,
2055,
1050,
1679,
1629,
89,
1996,
1728,
439,
277,
1768,
752,
1200,
1330,
1627,
573,
1240,
797,
531,
1326,
1718,
1218,
562,
784,
2023,
1717,
514,
40,
568,
526,
431,
317,
50,
390,
1725,
379,
353,
379,
392,
263,
417,
380,
1789,
280,
87,
238,
457,
1077,
264,
1800,
355,
301,
296,
1160,
394,
378,
1458,
854,
1496,
843,
787,
1702,
2089,
1501,
830,
507,
927,
943,
603,
881,
797,
111,
89,
460,
1279,
486,
468,
457,
475,
245,
963,
268,
86,
1338,
401,
496,
399,
326,
363,
925,
1383,
409,
574,
91,
190,
179,
721,
389,
310,
838,
385,
836,
439,
309,
378,
724,
213,
633,
950,
308,
961,
455,
461,
71,
307,
304,
504,
300,
79,
449,
295,
1597,
1735,
293,
248,
1613,
289,
284,
617,
271,
258,
463,
1562,
555,
508,
1498,
258,
502,
247,
1405,
209,
245,
1412,
432,
427,
562,
1365,
73,
399,
399,
365,
47,
394,
361,
1594,
67,
56,
48,
1149,
424,
2737,
1834,
993,
45,
51,
992,
272,
333,
434,
45,
397,
244,
449,
288,
331,
337,
1066,
423,
82,
165,
538,
1243,
412,
1293,
407,
2424,
1064,
222,
658,
401,
1760,
370,
267,
565,
311,
1667,
291,
949,
310,
580,
1331,
2140,
333,
2831,
436,
328,
98,
286,
262,
1890,
1929,
95,
1796,
1462,
538,
1475,
25,
534,
2777,
877,
269,
538,
373,
1081,
478,
278,
664,
133,
497,
2391,
1935,
57,
1207,
1800,
526,
259,
489,
2341,
457,
416,
396,
50,
340,
543,
432,
260,
1813,
44,
42,
561,
408,
1866,
374,
522,
136,
547,
2174,
422,
513,
618,
1875,
362,
1199,
53,
1793,
521,
548,
43,
43,
571,
527,
2403,
1885,
678,
245,
1496,
137,
254,
631,
212,
593,
1717,
2788,
281,
856,
1931,
1742,
280,
462,
1395,
591,
507,
1457,
327,
43,
183,
283,
1439,
564,
266,
1628,
494,
2461,
377,
366,
1619,
266,
41,
245,
250,
200,
381,
1394,
131,
40,
1512,
518,
627,
996,
1630,
691,
186,
629,
214,
475,
237,
178,
480,
486,
1471,
1599,
1015,
480,
2162,
1828,
532,
1875,
446,
1829,
258,
200,
289,
1919,
1901,
864,
456,
479,
252,
971,
357,
1943,
44,
1055,
587,
488,
142,
1878,
467,
459,
896,
561,
144,
422,
1025,
418,
99,
2010,
486,
720,
1801,
387,
590,
532,
437,
1514,
1447,
492,
469,
1623,
636,
1576,
607,
207,
200,
1778,
71,
438,
475,
403,
727,
674,
115,
407,
163,
531,
79,
1298,
43,
506,
135,
1965,
59,
249,
432,
423,
77,
1816,
64,
446,
246,
1725,
80,
1889,
757,
63,
73,
632,
243,
1750,
39,
48,
38,
94,
49,
158,
27,
27,
2046,
408,
77,
41,
1092,
86,
44,
205,
39,
2207,
164,
1137,
157,
115,
1119,
460,
444,
1603,
1917,
314,
42,
1838,
1896,
305,
1843,
77,
522,
38,
1551,
1839,
463,
1042,
511,
447,
792,
762,
445,
46,
485,
44,
47,
445,
552,
628,
720,
83,
1814,
1778,
289,
1743,
568,
778,
474,
611,
2081,
715,
428,
483,
1101,
572,
2079,
630,
562,
1497,
488,
779,
2088,
419,
107,
797,
483,
476,
551,
50,
664,
63,
586,
283,
47,
518,
181,
514,
39,
546,
38,
749,
41,
166,
569,
239,
221,
547,
532,
314,
2002,
547,
274,
546,
44,
691,
43,
660,
571,
600,
1147,
215,
520,
549,
650,
80,
1974,
294,
1149,
233,
1781,
627,
411,
425,
47,
500,
1154,
1887,
125,
1161,
1517,
1514,
671,
633,
44,
556,
381,
42,
21,
394,
564,
559,
722,
741,
268,
359,
391,
2073,
341,
1855,
2744,
350,
37,
1279,
490,
403,
1936,
1855,
1963,
341,
1810,
2184,
339,
1527,
680,
354,
142,
394,
2185,
45,
239,
106,
826,
316,
584,
383,
302,
2017,
3016,
47,
324,
42,
740,
42,
1273,
429,
39,
365,
428,
634,
320,
336,
323,
197,
2684,
2120,
355,
45,
614,
2590,
336,
1109,
719,
67,
621,
670,
1375,
536,
420,
780,
619,
156,
388,
1187,
1469,
94,
296,
1860,
1435,
2583,
40,
443,
685,
53,
602,
354,
607,
353,
31,
84,
158,
31,
44,
2274,
86,
309,
457,
45,
787,
39,
75,
126,
1148,
635,
34,
473,
244,
602,
458,
794,
321,
717,
302,
367,
2237,
1774,
306,
100,
294,
2134,
601,
482,
261,
307,
614,
35,
645,
436,
756,
322,
1572,
138,
785,
285,
598,
399,
372,
85,
747,
2242,
694,
291,
874,
451,
270,
385,
326,
2041,
681,
483,
140,
1485,
206,
339,
525,
1480,
516,
392,
364,
2159,
317,
2481,
316,
1870,
283,
1765,
1496,
2258,
166,
2150,
50,
146,
564,
2430,
443,
614,
1157,
222,
189,
1795,
436,
2968,
747,
1154,
3000,
1147,
172,
615,
1146,
2181,
2914,
2364,
742,
382,
42,
431,
416,
567,
1913,
1901,
1896,
2110,
1144,
101,
1882,
280,
947,
124,
572,
494,
99,
996,
1810,
1551,
826,
485,
563,
81,
97,
1400,
534,
2292,
184,
668,
337,
2292,
360,
694,
2763,
578,
506,
2513,
352,
994,
2470,
103,
672,
426,
2350,
545,
1800,
1772,
72,
1925,
2039,
1996,
1956,
1778,
2258,
319,
826,
489,
379,
2256,
146,
792,
358,
553,
427,
338,
301,
158,
455,
43,
149,
451,
157,
727,
483,
43,
569,
554,
258,
156,
603,
274,
111,
396,
623,
761,
730,
93,
90,
766,
422,
450,
705,
587,
101,
343,
352,
433,
2149,
62,
83,
1018,
57,
366,
955,
227,
79,
75,
75,
1414,
2091,
70,
59,
839,
147,
156,
44,
72,
30,
229,
166,
391,
587,
934,
402,
624,
283,
607,
477,
267,
393,
465,
459,
1371,
458,
273,
464,
719,
393,
1566,
445,
1615,
395,
483,
506,
1505,
236,
480,
983,
342,
336,
535,
41,
2214,
43,
656,
41,
416,
2504,
69,
1999,
240,
632,
350,
2524,
2498,
480,
417,
420,
499,
2366,
44,
2331,
2596,
596,
94,
413,
328,
310,
1772,
657,
79,
620,
330,
321,
612,
308,
157,
2010,
307,
330,
501,
2037,
329,
629,
487,
294,
305,
46,
1115,
515,
1115,
505,
465,
673,
37,
2235,
1003,
1314,
295,
1040,
317,
1675,
583,
363,
419,
1324,
425,
1131,
784,
2339,
315,
195,
947,
676,
1389,
326,
37,
625,
502,
39,
86,
425,
462,
290,
740,
1109,
693,
488,
76,
2586,
312,
2095,
2091,
340,
47,
301,
40,
1123,
83,
321,
2166,
2881,
295,
360,
1074,
1957,
625,
315,
1106,
400,
480,
273,
335,
100,
3424,
94,
538,
98,
574,
96,
99,
282,
1050,
392,
413,
455,
1117,
713,
29,
917,
418,
48,
566,
1476,
1346,
319,
396,
320,
45,
569,
614,
503,
150,
322,
312,
130,
601,
692,
678,
1172,
658,
353,
485,
558,
286,
1259,
656,
56,
675,
39,
664,
353,
281,
674,
673,
305,
688,
301,
344,
319,
682,
471,
210,
663,
607,
582,
691,
2045,
250,
716,
338,
47,
683,
398,
372,
720,
323,
359,
572,
260,
442,
732,
200,
293,
297,
2664,
426,
511,
949,
368,
2365,
2491,
436,
2439,
464,
522,
285,
463,
532,
508,
600,
586,
540,
460,
379,
3537,
268,
817,
413,
2239,
294,
608,
2503,
235,
243,
1396,
242,
328,
1303,
777,
650,
673,
719,
663,
1906,
344,
842,
97,
707,
40,
389,
375,
635,
401,
104,
592,
90,
615,
377,
311,
341,
553,
315,
104,
2349,
269,
2403,
1154,
612,
1154,
743,
807,
1335,
358,
420,
357,
83,
502,
1325,
2442,
404,
592,
1860,
605,
640,
817,
545,
1375,
46,
429,
750,
1340,
521,
2649,
88,
291,
685,
108,
2545,
338,
2624,
81,
1705,
509,
2477,
2617,
3352,
466,
353,
2415,
2607,
88,
343,
2532,
2427,
2591,
27,
1540,
506,
624,
1010,
359,
2561,
261,
303,
351,
855,
2320,
695,
3302,
625,
78,
309,
42,
242,
356,
85,
243,
507,
323,
760,
747,
85,
540,
86,
725,
84,
1032,
2094,
632,
42,
321,
451,
368,
420,
582,
370,
377,
744,
221,
39,
526,
306,
557,
71,
26,
527,
469,
347,
656,
28,
321,
479,
1232,
344,
213,
285,
774,
215,
2109,
148,
339,
211,
96,
293,
343,
396,
101,
806,
330,
98,
281,
407,
103,
2347,
98,
598,
209,
42,
794,
131,
583,
144,
2483,
530,
566,
947,
191,
781,
368,
839,
97,
27,
172,
560,
367,
592,
68,
363,
599,
452,
130,
874,
925,
700,
879,
2298,
62,
119,
846,
450,
342,
42,
2035,
301,
277,
2247,
656,
325,
339,
74,
288,
468,
474,
381,
265,
394,
383,
1902,
274,
2620,
370,
109,
2708,
276,
322,
257,
465,
808,
332,
2638,
80,
271,
456,
388,
265,
384,
468,
42,
769,
464,
358,
264,
346,
422,
314,
451,
716,
428,
328,
420,
305,
288,
414,
395,
786,
726,
281,
657,
48,
725,
286,
889,
415,
92,
44,
578,
528,
911,
1148,
293,
3097,
360,
535,
847,
214,
1823,
905,
612,
801,
135,
2885,
427,
3023,
1763,
210,
113,
1129,
643,
957,
830,
38,
544,
103,
1370,
2407,
3579,
2554,
3254,
655,
670,
951,
1812,
1172,
478,
914,
1701,
356,
115,
639,
1851,
41,
353,
43,
684,
43,
733,
3405,
33,
740,
3122,
319,
164,
207,
341,
299,
160,
1947,
2934,
323,
3263,
2726,
89,
1945,
51,
405,
1185,
299,
3161,
42,
203,
647,
725,
92,
408,
743,
1956,
656,
878,
2451,
677,
671,
478,
301,
530,
2450,
1943,
32,
54,
490,
429,
31,
743,
814,
1927,
2346,
32,
689,
35,
43,
53,
602,
1377,
207,
44,
185,
869,
42,
41,
720,
2956,
79,
331,
633,
422,
818,
289,
706,
605,
2360,
500,
378,
366,
748,
466,
583,
343,
730,
598,
1586,
434,
583,
423,
88,
323,
605,
103,
300,
468,
601,
681,
611,
51,
385,
358,
368,
44,
528,
442,
626,
976,
510,
1065,
1450,
85,
305,
567,
41,
56,
41,
332,
480,
649,
661,
414,
385,
448,
437,
655,
378,
546,
667,
586,
761,
48,
2809,
680,
338,
47,
735,
667,
2044,
929,
654,
657,
43,
82,
45,
50,
40,
2153,
655,
562,
105,
103,
226,
40,
777,
474,
2620,
91,
652,
397,
841,
720,
45,
625,
426,
441,
43,
1024,
718,
2485,
564,
703,
476,
835,
793,
93,
481,
2438,
446,
480,
283,
265,
478,
202,
39,
374,
366,
43,
391,
83,
34,
42,
1016,
973,
393,
421,
753,
604,
902,
46,
384,
917,
686,
592,
763,
45,
453,
403,
40,
395,
734,
327,
440,
334,
167,
43,
361,
79,
861,
604,
443,
41,
2401,
1138,
579,
339,
164,
891,
416,
873,
703,
494,
421,
1011,
1125,
38,
1148,
590,
559,
2409,
1007,
492,
2501,
2476,
879,
538,
627,
351,
686,
43,
911,
1172,
1004,
579,
2044,
1057,
405,
878,
381,
1054,
319,
446,
717,
603,
119,
397,
747,
496,
583,
105,
42,
616,
295,
373,
406,
58,
374,
526,
271,
456,
48,
572,
3468,
486,
534,
462,
493,
716,
43,
404,
555,
472,
2499,
520,
2631,
2682,
42,
387,
247,
730,
534,
1080,
1964,
3070,
288,
646,
117,
2579,
2881,
57,
85,
41,
3196,
633,
833,
314,
948,
748,
553,
449,
386,
87,
460,
270,
407,
477,
46,
435,
180,
362,
39,
807,
50,
424,
414,
2744,
451,
825,
42,
2297,
30,
39,
94,
2770,
84,
2623,
438,
445,
449,
309,
436,
277,
630,
288,
42,
1253,
973,
2600,
76,
1234,
260,
391,
546,
267,
1230,
530,
80,
573,
805,
301,
684,
351,
485,
389,
679,
435,
106,
526,
630,
966,
98,
3452,
484,
428,
90,
408,
581,
3422,
40,
432,
621,
161,
620,
301,
589,
521,
308,
97,
53,
131,
339,
546,
567,
49,
594,
42,
486,
666,
2656,
2643,
508,
843,
2470,
396,
82,
308,
41,
80,
849,
878,
726,
2661,
2188,
840,
628,
3311,
325,
1699,
849,
43,
1547,
63,
2620,
640,
4022,
3078,
3546,
1137,
62,
537,
359,
38,
2684,
2548,
566,
44,
515,
889,
1152,
38,
487,
593,
2625,
522,
2752,
731,
77,
1889,
1028,
898,
42,
286,
693,
716,
348,
333,
492,
101,
50,
47,
400,
591,
571,
539,
1345,
870,
1167,
387,
41,
464,
39,
1102,
530,
852,
538,
104,
387,
45,
39,
674,
726,
334,
714,
459,
1942,
1043,
483,
1603,
408,
2309,
893,
90,
45,
1933,
91,
714,
4212,
957,
43,
996,
3189,
95,
1014,
93,
2805,
77,
354,
1069,
308,
995,
308,
75,
3249,
456,
519,
656,
331,
1003,
780,
992,
653,
967,
988,
504,
78,
357,
818,
674,
767,
3204,
757,
3410,
332,
3094,
593,
3948,
758,
2748,
2409,
43,
45,
2885,
2997,
2888,
589,
532,
86,
638,
78,
599,
772,
280,
662,
1022,
557,
484,
2591,
816,
3053,
409,
83,
983,
698,
439,
1003,
3132,
2898,
45,
998,
82,
757,
3676,
101,
2786,
711,
43,
572,
79,
662,
3092,
4090,
43,
2631,
2297,
3741,
281,
2303,
797,
3741,
2074,
583,
2279,
2832,
2315,
617,
45,
3796,
508,
1088,
845,
729,
1055,
698,
835,
120,
744,
842,
688,
965,
119,
45,
628,
574,
85,
519,
565,
492,
629,
699,
919,
169,
2525,
493,
1977,
717,
154,
505,
78,
41,
4105,
89,
3549,
593,
50,
45,
119,
3318,
940,
957,
95,
506,
529,
1192,
377,
1022,
1110,
98,
614,
2937,
397,
84,
381,
81,
364,
165,
80,
1995,
3045,
937,
756,
531,
752,
3375,
949,
1088,
1092,
1090,
682,
671,
827,
274,
1133,
878,
616,
639,
786,
741,
779,
786,
786,
3362,
485,
1053,
1017,
754,
975,
558,
639,
1029,
1077,
688,
758,
642,
1095,
772,
271,
792,
543,
2955,
92,
2907,
2914,
2826,
789,
69,
2731,
803,
627,
58,
71,
782,
837,
764,
940,
85,
810,
1943,
104,
60,
2597,
22,
77,
74,
12,
2638,
2617,
23,
23,
44,
37,
671,
675,
758,
27,
660,
702,
1040,
1129,
313,
27,
305,
624,
733,
715,
34,
76,
80,
388,
309,
895,
20,
817,
3278,
631,
2852,
45,
113,
1147,
1187,
833,
31,
1160,
2598,
834,
89,
1230,
1183,
852,
678,
632,
700,
80,
19,
1174,
1224,
1021,
433,
635,
322,
761,
4262,
1168,
711,
1058,
677,
956,
205,
1075,
1121,
100,
88,
2993,
652,
625,
230,
3380,
272,
423,
200,
199,
1621,
688,
75,
782,
571,
204,
769,
757,
1139,
657,
2926,
856,
854,
668,
47,
1106,
1063,
23,
3105,
3008,
1101,
1163,
1095,
607,
1066,
954,
1111,
818,
3411,
793,
475,
1104,
1102,
625,
2757,
647,
630,
267,
3096,
854,
716,
1175,
1202,
757,
622,
480,
1127,
1122,
255,
1929,
657,
1092,
631,
837,
868,
640,
250,
770,
233,
248,
600,
762,
750,
1202,
228,
85,
687,
573,
203,
1182,
836,
589,
809,
228,
194,
108,
1122,
1100,
699,
838,
660,
632,
1213,
722,
834,
592,
729,
109,
162,
751,
716,
748,
740,
598,
1126,
123,
711,
591,
46,
2687,
893,
133,
557,
836,
663,
675,
805,
775,
569,
225,
762,
663,
560,
617,
3459,
46,
646,
573,
663,
20,
756,
765,
727,
90,
534,
48,
245,
80,
85,
241,
543,
604,
633,
576,
769,
932,
635,
947,
945,
941,
1146,
797,
584,
50,
661,
809,
437,
588,
524,
580,
78,
723,
815,
540,
646,
601,
824,
602,
494,
437,
644,
503,
638,
595,
566,
796,
596,
90,
440,
115,
103,
652,
93,
757,
582,
2390,
753,
212,
688,
556,
75,
446,
653,
56,
927,
932,
574,
883,
532,
431,
434,
507,
925,
572,
76,
567,
821,
2682,
49,
826,
829,
863,
2674,
710,
319,
723,
3329,
645,
674,
926,
394,
1185,
43,
402,
629,
339,
912,
625,
571,
684,
453,
431,
698,
1079,
4051,
306,
3290,
362,
791,
2297,
3654,
306,
675,
535,
698,
108,
687,
853,
3131,
3616,
98,
860,
3283,
867,
3157,
849,
663,
98,
39,
626,
34,
300,
315,
35,
683,
597,
583,
522,
64,
62,
47,
58,
84,
351,
57,
347,
711,
681,
346,
523,
345,
3330,
690,
707,
75,
46,
186,
44,
564,
3086,
40,
3306,
71,
57,
931,
64,
86,
105,
924,
78,
940,
954,
1393,
35,
1323,
930,
41,
85,
1173,
1064,
392,
1486,
4331,
397,
1105,
2938,
3300,
392,
1048,
1427,
1075,
958,
104,
4837,
109,
941,
2868,
4236,
3431,
3869,
959,
953,
1414,
63,
4616,
960,
377,
733,
744,
758,
605,
120,
554,
82,
3510,
659,
1416,
138,
81,
3179,
3394,
78,
88,
82,
93,
3788,
551,
33,
73,
556,
568,
82,
553,
1015,
587,
4013,
907,
548,
780,
559,
585,
152,
95,
3392,
3384,
3351,
4369,
2715,
400,
398,
3360,
2730,
2437,
2728,
2687,
2712,
2415,
3320,
598,
2740,
724,
728,
718,
884,
3639,
686,
272,
705,
859,
77,
2421,
89,
2675,
315,
298,
1140,
2422,
2477,
3319,
890,
393,
567,
115,
109,
492,
79,
88,
1790,
3632,
77,
615,
3798,
3589,
2701,
2678,
109,
103,
2659,
76,
480,
3580,
402,
2596,
102,
3287,
107,
1659,
2645,
1314,
1174,
1005,
1720,
1764,
980,
80,
918,
1165,
85,
1268,
1166,
4735,
1171,
803,
1753,
1114,
850,
793,
80,
1820,
997,
1727,
1700,
770,
1306,
1382,
1730,
1174,
1256,
345,
85,
1717,
1340,
83,
1202,
1159,
836,
1068,
1296,
1228,
4334,
1250,
1147,
900,
43,
1233,
1808,
1216,
662,
905,
397,
1636,
1747,
1166,
1087,
1233,
4632,
3801,
1326,
4619,
1655,
1736,
1887,
1773,
1573,
1780,
1424,
487,
1255,
1317,
94,
3945,
138,
1400,
361,
358,
1547,
362,
1357,
104,
1083,
1248,
3168,
891,
82,
1361,
861,
2861,
1006,
4423,
513,
1001,
1253,
498,
681,
679,
675,
83,
700,
1083,
1068,
761,
1131,
1800,
651,
4561,
914,
714,
1659,
95,
1255,
531,
1694,
1238,
535,
1327,
1322,
813,
4684,
2069,
912,
796,
1113,
1791,
1121,
924,
815,
4795,
785,
1808,
5081,
1357,
1129,
1074,
1349,
1558,
1094,
1128,
413,
1686,
4424,
1684,
1717,
807,
1272,
1262,
414,
1683,
1129,
1078,
892,
887,
808,
1706,
1273,
947,
1348,
1122,
1806,
906,
1545,
971,
1821,
1039,
934,
884,
811,
170,
1540,
1463,
863,
1297,
1323,
1081,
894,
1141,
1206,
1270,
1463,
954,
548,
1330,
1099,
536,
1827,
1095,
1175,
1083,
1691,
500,
1160,
1174,
1698,
1160,
1327,
941,
1155,
107,
580,
2921,
1065,
79,
3092,
972,
2781,
574,
888,
2878,
1166,
388,
3087,
1471,
1497,
2872,
1338,
1280,
1350,
1272,
1315,
1277,
702,
1311,
837,
552,
3061,
4241,
467,
114,
989,
1134,
1722,
330,
1481,
99,
1013,
459,
1302,
92,
733,
109,
79,
3884,
1067,
98,
1070,
1117,
1495,
561,
1148,
557,
709,
1497,
4115,
1506,
1495,
1247,
1759,
414,
1240,
974,
1744,
711,
1903,
1060,
1911,
1300,
3502,
1308,
1339,
1027,
1134,
1421,
1508,
1230,
122,
1329,
851,
1533,
1531,
1549,
1512,
867,
1092,
1083,
865,
554,
1435,
166,
513,
4477,
1318,
607,
413,
866,
503,
846,
2920,
1447,
585,
1452,
1193,
1443,
1085,
504,
3876,
84,
1195,
1564,
1548,
1546,
613,
946,
822,
1587,
852,
1433,
1267,
3790,
1376,
1064,
1576,
1759,
1553,
1135,
1253,
118,
1289,
884,
1300,
4949,
1059,
1133,
691,
837,
643,
1128,
1170,
1133,
1693,
194,
1157,
187,
1164,
840,
1182,
1219,
862,
610,
980,
1184,
694,
1126,
617,
2070,
864,
904,
958,
143,
1424,
679,
143,
1162,
1121,
152,
392,
386,
456,
3150,
964,
1200,
775,
1192,
1091,
3882,
1276,
1125,
1298,
1724,
634,
1226,
1283,
2207,
999,
2154,
1248,
987,
1193,
117,
1217,
4014,
3787,
1462,
115,
1507,
79,
1118,
4906,
184,
855,
4887,
646,
697,
1173,
1720,
1262,
652,
1011,
1517,
1346,
1341,
674,
1670,
1041,
348,
1074,
400,
3895,
757,
320,
988,
839,
4273,
84,
89,
840,
304,
237,
1238,
227,
1858,
1202,
1112,
216,
1199,
1256,
743,
1252,
1297,
1216,
2051,
1173,
1097,
1443,
1064,
1871,
187,
1369,
224,
940,
1502,
1376,
1021,
327,
976,
869,
224,
171,
305,
1707,
944,
1869,
1002,
1426,
1266,
831,
158,
151,
1485,
1181,
1304,
1194,
3065,
994,
1360,
1308,
150,
1323,
1403,
1287,
1198,
621,
994,
1356,
321,
1148,
623,
1809,
187,
667,
622,
395,
135,
1423,
203,
816,
1230,
913,
187,
1260,
1253,
883,
1014,
1018,
696,
1279,
1367,
767,
1275,
1425,
1237,
1103,
1532,
1262,
1020,
1493,
188,
890,
988,
873,
1036,
727,
734,
1257,
654,
1180,
1193,
1228,
725,
1018,
1401,
1831,
956,
1267,
693,
289,
740,
868,
867,
809,
819,
769,
704,
1075,
159,
138,
429,
1830,
204,
131,
792,
119,
4075,
3820,
347,
698,
4544,
3804,
715,
66,
3791,
3788,
331,
75,
1223,
296,
870,
4356,
2718,
206,
1033,
185,
444,
713,
119,
136,
186,
171,
165,
158,
78,
898,
4356,
161,
151,
3093,
2750,
81,
1036,
4442,
231,
1381,
937,
740,
870,
100,
1697,
3873,
1013,
971,
970,
769,
208,
293,
443,
1036,
857,
934,
4186,
1676,
190,
1141,
81,
896,
829,
1672,
78,
1639,
912,
298,
860,
1418,
887,
271,
4689,
1715,
883,
256,
1076,
880,
1101,
1243,
771,
325,
886,
1071,
2792,
813,
4578,
1652,
1558,
3366,
247,
1646,
453,
322,
3830,
3365,
205,
4015,
1571,
3222,
854,
1422,
190,
3345,
1013,
797,
155,
825,
971,
162,
4055,
249,
943,
1257,
4215,
1073,
1322,
866,
1226,
72,
279,
878,
202,
1481,
1667,
183,
1623,
219,
1858,
1221,
4206,
5080,
944,
1141,
228,
799,
1483,
735,
1623,
718,
966,
1472,
1064,
1202,
91,
701,
4385,
1316,
4937,
435,
1323,
362,
1637,
4941,
621,
1288,
1002,
530,
528,
1195,
4285,
911,
3999,
1184,
1200,
1043,
348,
1376,
95,
302,
406,
186,
1249,
1363,
878,
1292,
512,
1201,
275,
214,
1625,
4908,
4963,
152,
825,
922,
1694,
1630,
3325,
335,
513,
217,
358,
1531,
473,
151,
171,
1529,
496,
386,
1074,
448,
116,
495,
134,
1632,
112,
1158,
426,
1090,
387,
101,
326,
125,
348,
3260,
337,
121,
313,
81,
1539,
1302,
132,
170,
1114,
172,
373,
89,
119,
408,
82,
80,
405,
1446,
787,
77,
4745,
877,
485,
1185,
57,
392,
440,
1345,
4741,
34,
1509,
1374,
972,
411,
52,
347,
758,
1457,
1663,
411,
352,
1530,
373,
5247,
1124,
1150,
1116,
290,
43,
4196,
1247,
849,
340,
298,
323,
1104,
575,
223,
1267,
1504,
4953,
1120,
4150,
47,
4461,
4083,
5160,
951,
1400,
145,
5673,
1390,
236,
4463,
134,
84,
397,
46,
36,
1153,
88,
356,
319,
35,
394,
4341,
4339,
87,
76,
4258,
526,
371,
1432,
343,
38,
992,
251,
60,
227,
353,
1026,
43,
4364,
1044,
1231,
42,
1604,
244,
1296,
1180,
1087,
217,
1051,
653,
1188,
338,
1914,
4213,
3366,
1280,
358,
2703,
4327,
4784,
1276,
38,
1062,
1880,
1066,
80,
481,
78,
1524,
1137,
200,
1036,
2112,
1052,
4450,
79,
4536,
1017,
1478,
4160,
198,
5286,
1138,
4711,
172,
200,
1322,
49,
200,
1319,
338,
47,
45,
1845,
164,
683,
1536,
1825,
1352,
43,
1347,
1358,
78,
1354,
4251,
459,
1341,
1011,
49,
45,
40,
1841,
675,
2026,
403,
1087,
210,
1442,
1241,
1832,
376,
212,
44,
1536,
212,
512,
207,
378,
1542,
3377,
205,
259,
1983,
41,
193,
409,
1005,
471,
42,
1986,
227,
164,
244,
633,
160,
187,
1113,
1314,
976,
42,
1590,
304,
161,
38,
1569,
1837,
907,
1105,
240,
2575,
133,
962,
1523,
42,
1308,
356,
97,
39,
469,
1819,
742,
1466,
3521,
1308,
1144,
242,
3511,
39,
54,
3510,
1413,
38,
90,
87,
74,
2787,
41,
778,
4487,
569,
1009,
247,
531,
45,
676,
68,
564,
52,
222,
65,
410,
106,
4809,
90,
142,
91,
747,
40,
260,
1253,
1391,
44,
50,
511,
412,
568,
405,
693,
1451,
401,
813,
1310,
276,
86,
611,
806,
5713,
403,
1013,
2035,
4907,
1941,
1760,
42,
264,
118,
4312,
294,
1773,
488,
5216,
2037,
1322,
5039,
1321,
1481,
263,
966,
1317,
1303,
1475,
782,
765,
4288,
59,
525,
1911,
3841,
79,
43,
