32,
33,
38,
42,
44,
55,
38,
40,
93,
61,
90,
84,
51,
109,
100,
68,
99,
94,
113,
47,
45,
79,
92,
88,
42,
81,
75,
117,
72,
71,
103,
70,
113,
63,
96,
63,
62,
104,
142,
85,
151,
137,
140,
79,
143,
162,
149,
137,
67,
132,
119,
137,
139,
140,
60,
154,
150,
152,
159,
42,
159,
116,
50,
64,
160,
124,
38,
50,
170,
50,
45,
41,
175,
130,
168,
139,
125,
148,
170,
87,
141,
181,
45,
90,
161,
154,
179,
98,
140,
155,
120,
83,
87,
176,
155,
71,
158,
66,
47,
45,
191,
171,
151,
172,
85,
187,
188,
151,
155,
165,
193,
211,
220,
141,
207,
204,
116,
195,
182,
220,
211,
187,
181,
181,
161,
170,
115,
216,
216,
219,
144,
195,
111,
67,
162,
206,
173,
177,
43,
193,
85,
78,
217,
192,
190,
230,
219,
217,
233,
191,
195,
208,
147,
139,
203,
225,
213,
125,
107,
143,
41,
140,
191,
76,
134,
159,
215,
158,
220,
212,
39,
151,
215,
114,
110,
69,
104,
81,
104,
110,
55,
99,
220,
172,
157,
120,
86,
196,
207,
264,
196,
190,
226,
210,
159,
263,
220,
198,
209,
39,
100,
262,
64,
270,
206,
147,
182,
218,
193,
240,
183,
216,
201,
144,
277,
99,
145,
129,
233,
256,
229,
121,
222,
254,
245,
204,
235,
259,
243,
232,
222,
179,
212,
217,
131,
186,
219,
78,
231,
86,
294,
153,
225,
203,
45,
235,
39,
165,
291,
123,
130,
229,
122,
116,
231,
210,
184,
225,
281,
288,
177,
180,
231,
264,
167,
270,
214,
46,
167,
275,
170,
152,
176,
179,
238,
262,
42,
162,
214,
144,
254,
214,
200,
162,
279,
258,
299,
212,
172,
154,
213,
273,
218,
259,
202,
268,
266,
187,
132,
235,
188,
175,
287,
230,
233,
39,
58,
154,
258,
192,
230,
90,
196,
159,
278,
168,
79,
235,
144,
77,
250,
204,
88,
249,
212,
254,
180,
336,
238,
235,
268,
177,
246,
192,
304,
214,
220,
139,
232,
236,
191,
216,
165,
268,
183,
195,
169,
172,
159,
149,
220,
148,
239,
205,
139,
344,
282,
289,
141,
356,
321,
276,
357,
186,
154,
185,
293,
37,
223,
173,
315,
100,
355,
213,
252,
192,
261,
260,
253,
99,
209,
330,
314,
361,
268,
183,
176,
39,
317,
351,
314,
233,
219,
260,
212,
169,
312,
258,
224,
281,
231,
149,
43,
212,
274,
174,
258,
298,
293,
290,
114,
208,
373,
83,
281,
316,
300,
371,
173,
161,
100,
263,
200,
99,
221,
257,
378,
96,
87,
150,
245,
196,
242,
92,
218,
247,
182,
218,
108,
199,
267,
89,
253,
195,
106,
175,
128,
175,
301,
197,
328,
150,
119,
127,
130,
117,
194,
179,
144,
386,
153,
225,
85,
230,
200,
281,
157,
297,
132,
100,
304,
276,
92,
248,
226,
39,
210,
288,
62,
219,
43,
325,
311,
310,
193,
224,
215,
221,
185,
88,
330,
320,
42,
277,
101,
260,
168,
301,
151,
318,
115,
225,
186,
184,
127,
122,
313,
224,
271,
127,
183,
266,
278,
275,
169,
126,
130,
222,
301,
229,
151,
233,
146,
203,
141,
224,
200,
201,
147,
204,
289,
119,
141,
123,
318,
290,
177,
169,
49,
328,
90,
233,
231,
67,
167,
405,
166,
283,
177,
79,
227,
150,
189,
141,
336,
84,
267,
52,
364,
137,
464,
280,
233,
257,
206,
43,
142,
42,
187,
281,
139,
316,
342,
297,
263,
240,
367,
103,
263,
256,
118,
279,
273,
188,
174,
161,
195,
109,
178,
281,
238,
477,
266,
141,
183,
131,
212,
271,
137,
217,
244,
395,
215,
221,
186,
74,
213,
225,
128,
415,
40,
324,
63,
218,
464,
73,
473,
306,
204,
258,
282,
370,
306,
287,
430,
308,
353,
192,
398,
207,
402,
404,
276,
355,
401,
376,
417,
411,
131,
347,
382,
494,
400,
373,
450,
388,
73,
276,
399,
36,
403,
406,
382,
239,
243,
96,
108,
276,
235,
102,
412,
373,
101,
131,
299,
265,
242,
431,
324,
260,
375,
90,
106,
378,
83,
332,
277,
311,
264,
477,
276,
88,
129,
396,
106,
264,
230,
377,
473,
421,
224,
294,
367,
222,
197,
219,
203,
364,
273,
130,
347,
411,
354,
188,
131,
409,
452,
39,
463,
470,
315,
175,
382,
131,
277,
395,
204,
53,
459,
481,
305,
115,
444,
290,
362,
433,
286,
340,
435,
232,
355,
390,
325,
420,
386,
302,
245,
278,
228,
347,
236,
377,
474,
268,
495,
214,
300,
230,
366,
231,
259,
203,
266,
164,
241,
196,
42,
165,
169,
421,
363,
153,
151,
307,
504,
144,
344,
488,
205,
86,
380,
376,
328,
269,
460,
84,
353,
392,
229,
45,
405,
337,
382,
389,
379,
463,
257,
47,
44,
250,
156,
452,
39,
455,
241,
96,
321,
378,
318,
283,
47,
281,
315,
288,
432,
416,
309,
235,
361,
138,
548,
272,
484,
416,
455,
251,
419,
237,
352,
405,
401,
240,
472,
207,
400,
413,
224,
341,
493,
103,
88,
89,
190,
130,
223,
272,
372,
230,
49,
291,
490,
200,
155,
545,
438,
223,
233,
224,
461,
316,
115,
140,
583,
340,
211,
145,
250,
230,
438,
221,
541,
225,
311,
344,
343,
227,
197,
137,
189,
226,
250,
255,
204,
233,
254,
228,
579,
41,
226,
376,
435,
77,
134,
563,
392,
297,
40,
235,
312,
241,
287,
133,
375,
261,
96,
243,
228,
292,
237,
239,
267,
552,
258,
225,
236,
354,
98,
246,
234,
282,
91,
547,
117,
186,
83,
377,
124,
264,
531,
151,
452,
376,
118,
128,
414,
207,
82,
243,
460,
116,
143,
476,
248,
289,
157,
119,
360,
379,
259,
244,
145,
242,
372,
439,
97,
360,
237,
435,
235,
230,
359,
206,
209,
269,
178,
94,
248,
228,
567,
497,
355,
205,
574,
201,
204,
441,
86,
532,
46,
175,
124,
470,
75,
489,
219,
462,
318,
161,
474,
319,
516,
172,
501,
255,
240,
152,
495,
78,
409,
318,
181,
451,
247,
438,
433,
340,
336,
444,
239,
243,
250,
462,
318,
91,
352,
126,
262,
344,
371,
396,
109,
336,
360,
459,
385,
326,
275,
109,
589,
81,
305,
271,
244,
264,
120,
125,
95,
274,
48,
406,
259,
77,
504,
85,
46,
372,
329,
332,
315,
340,
443,
489,
129,
360,
320,
86,
42,
85,
175,
121,
229,
350,
427,
383,
63,
343,
134,
99,
408,
80,
94,
387,
159,
97,
256,
211,
94,
166,
336,
391,
79,
498,
145,
203,
358,
80,
381,
406,
404,
117,
357,
447,
409,
145,
178,
313,
512,
76,
613,
207,
114,
117,
448,
113,
139,
105,
526,
629,
124,
561,
553,
124,
474,
200,
529,
435,
275,
546,
579,
229,
110,
547,
483,
111,
556,
606,
208,
348,
91,
471,
586,
87,
478,
580,
571,
87,
528,
265,
490,
205,
488,
115,
538,
512,
294,
529,
504,
581,
114,
527,
595,
587,
339,
333,
471,
311,
608,
413,
466,
505,
148,
478,
196,
592,
226,
553,
302,
224,
517,
524,
552,
220,
329,
226,
329,
257,
488,
348,
413,
188,
457,
174,
583,
411,
226,
94,
354,
408,
411,
368,
227,
409,
395,
502,
404,
85,
320,
419,
135,
353,
470,
479,
161,
117,
437,
469,
403,
238,
208,
78,
126,
510,
153,
211,
532,
73,
114,
126,
627,
374,
239,
323,
339,
48,
347,
263,
42,
335,
169,
225,
375,
328,
443,
140,
448,
348,
373,
537,
593,
398,
340,
200,
344,
358,
43,
427,
451,
360,
445,
482,
446,
193,
593,
425,
643,
436,
584,
255,
234,
511,
370,
520,
444,
584,
377,
253,
656,
372,
650,
328,
528,
250,
375,
436,
116,
248,
626,
551,
299,
604,
234,
435,
238,
358,
172,
300,
223,
170,
316,
332,
212,
117,
168,
159,
163,
201,
186,
434,
586,
567,
492,
173,
583,
491,
156,
146,
540,
184,
573,
644,
87,
140,
407,
435,
464,
85,
134,
471,
603,
258,
298,
402,
678,
563,
675,
250,
173,
45,
127,
130,
614,
237,
684,
420,
227,
120,
426,
572,
340,
118,
647,
134,
172,
355,
345,
244,
383,
198,
162,
456,
414,
488,
392,
338,
451,
142,
378,
95,
134,
513,
409,
445,
596,
348,
412,
133,
204,
183,
252,
638,
82,
148,
481,
358,
362,
114,
312,
154,
234,
645,
143,
68,
204,
418,
81,
694,
537,
480,
264,
440,
475,
138,
170,
427,
161,
422,
137,
348,
434,
441,
475,
78,
440,
415,
167,
137,
672,
194,
244,
442,
490,
589,
512,
41,
226,
477,
467,
600,
243,
393,
410,
133,
565,
460,
433,
454,
606,
125,
252,
430,
264,
130,
396,
87,
499,
70,
121,
563,
495,
39,
720,
87,
634,
649,
179,
87,
84,
348,
188,
617,
444,
124,
329,
512,
432,
50,
478,
256,
183,
251,
271,
590,
605,
247,
45,
119,
463,
459,
391,
623,
114,
385,
445,
424,
115,
426,
43,
359,
412,
61,
386,
206,
42,
91,
390,
39,
257,
541,
50,
481,
375,
367,
517,
362,
407,
412,
113,
115,
245,
349,
659,
95,
404,
391,
87,
199,
733,
289,
458,
84,
623,
189,
613,
610,
411,
434,
82,
760,
418,
82,
43,
472,
80,
143,
42,
533,
125,
496,
112,
453,
469,
44,
180,
255,
235,
53,
496,
240,
124,
244,
64,
86,
687,
222,
563,
228,
636,
213,
654,
233,
673,
59,
687,
630,
491,
674,
58,
408,
534,
128,
159,
689,
691,
782,
685,
122,
788,
330,
78,
687,
210,
326,
720,
62,
119,
143,
714,
295,
699,
133,
510,
365,
730,
245,
562,
244,
294,
130,
658,
436,
706,
236,
409,
471,
306,
55,
54,
552,
191,
128,
611,
54,
51,
47,
249,
244,
528,
231,
392,
243,
201,
715,
103,
198,
702,
188,
226,
149,
418,
856,
194,
741,
723,
183,
344,
508,
736,
585,
55,
104,
377,
125,
745,
119,
135,
122,
112,
711,
121,
104,
627,
76,
678,
523,
256,
147,
211,
510,
250,
375,
130,
658,
77,
735,
770,
460,
730,
529,
177,
717,
732,
119,
572,
182,
673,
176,
108,
168,
680,
285,
520,
167,
172,
173,
282,
160,
600,
152,
155,
153,
159,
607,
394,
580,
683,
127,
575,
497,
147,
193,
82,
487,
608,
606,
134,
181,
613,
876,
148,
591,
562,
629,
748,
661,
162,
80,
221,
264,
692,
556,
111,
74,
205,
530,
92,
221,
54,
203,
108,
304,
51,
203,
879,
622,
57,
529,
721,
710,
111,
534,
524,
620,
724,
582,
147,
40,
563,
412,
117,
679,
475,
93,
688,
42,
563,
71,
732,
87,
742,
685,
555,
49,
706,
712,
184,
536,
703,
735,
467,
192,
179,
572,
97,
86,
652,
819,
118,
121,
810,
83,
544,
693,
501,
503,
981,
235,
528,
436,
525,
653,
617,
896,
841,
778,
208,
211,
801,
122,
563,
568,
459,
594,
797,
700,
541,
405,
543,
544,
618,
40,
996,
540,
793,
518,
613,
421,
481,
689,
613,
523,
566,
555,
521,
632,
636,
439,
609,
689,
563,
693,
505,
696,
309,
539,
333,
564,
129,
526,
142,
73,
121,
829,
452,
814,
129,
65,
542,
128,
257,
166,
720,
47,
368,
805,
542,
87,
525,
125,
240,
684,
576,
694,
830,
235,
408,
133,
470,
507,
715,
38,
606,
598,
418,
126,
806,
124,
513,
186,
508,
276,
696,
516,
788,
538,
38,
602,
64,
689,
498,
370,
662,
531,
97,
704,
827,
103,
522,
661,
87,
603,
91,
624,
200,
96,
699,
195,
35,
200,
404,
136,
193,
308,
290,
54,
44,
740,
136,
558,
48,
86,
704,
764,
432,
398,
864,
386,
100,
563,
281,
430,
839,
90,
629,
557,
511,
129,
844,
36,
619,
609,
565,
253,
54,
128,
765,
640,
126,
359,
654,
770,
763,
927,
98,
184,
104,
651,
654,
634,
646,
357,
676,
644,
45,
625,
675,
361,
765,
218,
620,
618,
648,
614,
736,
576,
669,
526,
785,
553,
536,
730,
74,
622,
600,
640,
614,
574,
197,
529,
305,
215,
389,
541,
204,
661,
213,
813,
285,
375,
394,
712,
764,
756,
631,
611,
806,
823,
645,
595,
738,
605,
578,
645,
836,
593,
350,
238,
699,
595,
844,
732,
139,
577,
801,
817,
792,
659,
237,
104,
425,
756,
98,
869,
738,
396,
613,
718,
656,
558,
656,
604,
344,
320,
34,
744,
522,
568,
148,
549,
543,
470,
123,
283,
147,
633,
261,
279,
502,
277,
178,
90,
187,
286,
326,
607,
739,
521,
749,
264,
42,
620,
39,
90,
86,
646,
94,
610,
52,
531,
249,
275,
623,
760,
165,
190,
41,
79,
757,
753,
38,
119,
255,
70,
440,
237,
516,
524,
69,
698,
488,
802,
56,
207,
593,
647,
539,
772,
243,
767,
369,
318,
305,
911,
44,
431,
287,
42,
898,
220,
312,
39,
302,
430,
700,
569,
568,
534,
736,
841,
607,
603,
260,
376,
627,
850,
617,
765,
393,
646,
775,
574,
641,
679,
483,
570,
540,
634,
603,
710,
83,
230,
661,
1039,
560,
894,
632,
315,
411,
433,
648,
875,
857,
262,
41,
966,
562,
266,
681,
574,
217,
42,
292,
650,
178,
403,
671,
693,
285,
611,
441,
244,
582,
653,
722,
642,
100,
712,
537,
632,
647,
85,
280,
288,
96,
646,
687,
259,
537,
228,
150,
262,
631,
286,
245,
608,
621,
154,
306,
77,
295,
282,
225,
255,
606,
523,
624,
187,
494,
600,
273,
677,
155,
599,
409,
110,
893,
413,
175,
878,
40,
50,
912,
626,
711,
126,
801,
573,
907,
642,
668,
921,
864,
649,
655,
528,
966,
638,
121,
1046,
504,
45,
831,
843,
326,
403,
432,
44,
239,
618,
666,
38,
547,
833,
654,
445,
546,
270,
670,
653,
777,
555,
657,
773,
533,
662,
670,
709,
42,
498,
531,
751,
475,
715,
689,
641,
516,
77,
747,
46,
580,
261,
431,
72,
715,
197,
270,
47,
263,
47,
634,
703,
508,
143,
251,
686,
783,
627,
713,
244,
588,
612,
117,
752,
630,
656,
679,
709,
520,
687,
488,
700,
708,
686,
796,
436,
500,
265,
103,
106,
673,
639,
1004,
531,
782,
897,
233,
86,
666,
442,
931,
425,
266,
340,
291,
138,
835,
823,
366,
251,
487,
250,
613,
591,
260,
824,
678,
699,
871,
156,
620,
615,
752,
566,
597,
292,
631,
731,
463,
37,
670,
703,
672,
649,
694,
799,
494,
101,
436,
644,
428,
627,
728,
106,
97,
384,
553,
441,
477,
897,
44,
143,
427,
687,
40,
85,
897,
740,
149,
510,
965,
898,
251,
688,
42,
40,
710,
910,
342,
254,
623,
249,
995,
432,
232,
643,
409,
245,
911,
297,
41,
854,
480,
326,
704,
302,
111,
622,
733,
105,
823,
533,
844,
838,
486,
143,
383,
309,
142,
388,
297,
664,
642,
376,
743,
135,
401,
373,
563,
676,
1008,
897,
514,
998,
430,
936,
718,
658,
920,
721,
715,
921,
744,
628,
385,
707,
658,
606,
194,
716,
267,
667,
610,
297,
563,
658,
201,
787,
38,
642,
634,
662,
753,
213,
592,
824,
688,
270,
731,
597,
938,
571,
709,
612,
275,
291,
583,
134,
842,
770,
259,
146,
663,
110,
718,
663,
895,
621,
108,
291,
210,
625,
618,
715,
619,
581,
581,
589,
255,
250,
558,
155,
119,
309,
111,
713,
41,
344,
692,
211,
229,
246,
42,
387,
40,
661,
1016,
768,
102,
647,
114,
517,
671,
149,
129,
981,
203,
119,
185,
611,
74,
1014,
1071,
147,
242,
934,
1045,
158,
676,
729,
399,
307,
736,
534,
812,
588,
804,
1045,
561,
187,
555,
717,
531,
583,
303,
224,
527,
551,
1063,
684,
546,
218,
702,
61,
304,
994,
81,
184,
737,
754,
312,
672,
513,
696,
329,
237,
682,
310,
133,
297,
937,
195,
231,
261,
246,
671,
292,
1026,
296,
996,
642,
173,
865,
152,
91,
156,
786,
935,
139,
655,
732,
635,
719,
932,
835,
103,
831,
126,
299,
521,
547,
1049,
260,
105,
676,
43,
145,
752,
115,
289,
739,
254,
703,
114,
650,
166,
165,
1008,
677,
141,
774,
795,
121,
520,
597,
100,
113,
559,
755,
583,
166,
276,
418,
129,
694,
614,
1027,
639,
40,
748,
737,
853,
303,
636,
570,
1033,
777,
604,
557,
624,
821,
105,
543,
572,
724,
818,
791,
607,
632,
557,
590,
756,
680,
278,
615,
577,
180,
566,
80,
169,
147,
771,
446,
660,
175,
36,
122,
779,
1022,
76,
486,
121,
1028,
776,
120,
116,
84,
179,
966,
108,
726,
778,
78,
578,
348,
114,
606,
507,
761,
953,
622,
605,
722,
551,
757,
742,
694,
770,
623,
764,
644,
417,
72,
821,
90,
588,
766,
643,
750,
714,
885,
711,
583,
937,
1038,
961,
321,
217,
918,
790,
753,
551,
1073,
438,
947,
700,
918,
887,
329,
121,
895,
766,
966,
556,
581,
330,
157,
592,
806,
141,
993,
825,
575,
284,
331,
234,
1042,
676,
647,
170,
148,
620,
139,
726,
1023,
154,
650,
324,
168,
1016,
272,
733,
537,
269,
763,
322,
45,
156,
149,
603,
148,
763,
622,
763,
151,
528,
225,
294,
750,
114,
765,
1015,
772,
91,
609,
664,
613,
119,
773,
217,
1024,
596,
1022,
1053,
136,
183,
38,
131,
665,
956,
132,
92,
112,
1016,
652,
752,
980,
167,
39,
135,
788,
677,
777,
904,
965,
944,
755,
88,
238,
924,
879,
415,
1074,
965,
908,
167,
885,
1016,
906,
991,
1057,
251,
825,
966,
47,
1165,
142,
811,
90,
538,
39,
38,
128,
207,
127,
166,
718,
121,
637,
896,
40,
80,
166,
916,
78,
445,
77,
42,
87,
282,
1121,
54,
971,
663,
667,
1079,
656,
834,
979,
790,
754,
76,
709,
716,
952,
703,
991,
1108,
724,
132,
794,
757,
952,
828,
405,
932,
674,
1043,
253,
713,
818,
1028,
989,
712,
942,
927,
619,
576,
114,
98,
159,
1028,
830,
887,
43,
1081,
854,
82,
835,
721,
844,
818,
806,
904,
114,
653,
637,
662,
206,
782,
728,
567,
414,
177,
678,
710,
205,
687,
695,
227,
347,
738,
202,
533,
586,
853,
799,
680,
281,
1025,
594,
191,
40,
740,
146,
184,
748,
39,
650,
200,
193,
213,
196,
526,
284,
906,
139,
739,
748,
239,
138,
683,
1065,
116,
136,
827,
957,
722,
925,
107,
99,
199,
1012,
1039,
48,
84,
1105,
671,
921,
1000,
99,
660,
828,
865,
652,
266,
95,
704,
1014,
1067,
379,
1020,
552,
78,
950,
773,
77,
1068,
552,
40,
928,
771,
818,
916,
759,
76,
772,
1078,
1098,
305,
1034,
157,
364,
313,
1079,
265,
224,
658,
283,
235,
900,
1051,
1055,
824,
969,
852,
933,
1056,
973,
305,
949,
711,
757,
1043,
964,
1068,
694,
779,
687,
221,
672,
895,
761,
767,
44,
1183,
188,
1023,
828,
638,
222,
759,
840,
742,
581,
401,
243,
267,
862,
757,
47,
746,
347,
43,
79,
738,
576,
326,
698,
457,
1049,
325,
843,
743,
815,
266,
734,
463,
232,
748,
969,
355,
121,
890,
443,
825,
110,
581,
220,
804,
452,
317,
732,
1013,
638,
736,
71,
740,
726,
117,
849,
844,
41,
405,
1113,
939,
817,
798,
719,
808,
108,
294,
726,
102,
408,
610,
862,
979,
906,
389,
991,
994,
284,
755,
920,
816,
406,
890,
88,
199,
967,
822,
229,
928,
881,
845,
754,
1046,
841,
742,
448,
1008,
1021,
761,
431,
1033,
731,
202,
726,
801,
572,
195,
730,
768,
781,
1018,
884,
1032,
865,
193,
718,
1131,
960,
1038,
117,
189,
821,
188,
1131,
608,
1297,
329,
1114,
1176,
1013,
104,
820,
79,
90,
749,
1052,
189,
866,
739,
45,
672,
1093,
968,
677,
872,
1063,
310,
250,
110,
955,
841,
1170,
985,
69,
976,
679,
40,
865,
761,
206,
861,
936,
279,
312,
1178,
289,
136,
39,
1142,
951,
651,
809,
1108,
762,
854,
761,
85,
360,
407,
94,
1111,
85,
377,
625,
1020,
775,
408,
230,
663,
85,
372,
789,
229,
324,
469,
43,
884,
217,
628,
844,
410,
640,
838,
779,
549,
910,
223,
355,
372,
319,
433,
391,
689,
738,
396,
484,
698,
941,
782,
834,
827,
404,
794,
771,
830,
146,
971,
127,
668,
311,
822,
148,
663,
683,
1051,
391,
765,
1013,
880,
485,
703,
701,
839,
736,
731,
696,
523,
821,
159,
378,
763,
99,
1101,
715,
754,
1027,
758,
343,
733,
748,
801,
795,
1074,
743,
112,
776,
1120,
1087,
966,
1164,
422,
1266,
955,
895,
103,
986,
993,
1091,
1188,
317,
339,
1030,
1129,
942,
886,
305,
1167,
900,
835,
1133,
859,
696,
643,
417,
101,
284,
1111,
435,
116,
904,
266,
1373,
947,
972,
425,
918,
764,
673,
140,
43,
130,
40,
184,
388,
95,
167,
354,
239,
257,
145,
114,
911,
96,
43,
365,
911,
94,
97,
539,
88,
42,
359,
325,
927,
89,
368,
309,
981,
602,
1017,
88,
299,
359,
847,
80,
813,
365,
261,
262,
87,
234,
364,
831,
241,
475,
76,
346,
67,
928,
145,
80,
912,
901,
897,
139,
37,
337,
887,
51,
765,
1205,
939,
677,
722,
517,
61,
386,
718,
1219,
45,
904,
788,
1008,
723,
705,
868,
374,
719,
304,
846,
363,
1128,
1010,
348,
736,
905,
333,
967,
292,
307,
1187,
290,
78,
1014,
308,
379,
271,
1092,
310,
794,
845,
303,
211,
1157,
77,
767,
887,
1185,
828,
1076,
914,
918,
169,
85,
827,
815,
825,
42,
1093,
797,
1039,
889,
965,
854,
1200,
1024,
880,
451,
894,
940,
901,
675,
448,
451,
670,
605,
920,
833,
1018,
1003,
549,
275,
958,
816,
955,
949,
908,
283,
1452,
643,
656,
524,
861,
973,
971,
254,
1032,
819,
985,
305,
704,
701,
256,
652,
1035,
816,
843,
476,
811,
658,
835,
874,
705,
470,
904,
939,
1183,
925,
767,
678,
409,
1038,
683,
44,
744,
384,
419,
557,
1022,
425,
116,
563,
814,
1037,
538,
435,
115,
99,
854,
272,
515,
260,
561,
39,
337,
507,
1248,
892,
755,
339,
1029,
362,
142,
549,
404,
337,
268,
907,
399,
801,
833,
235,
1281,
992,
989,
261,
843,
404,
297,
476,
823,
556,
1081,
529,
355,
243,
659,
775,
330,
1040,
933,
965,
909,
1231,
633,
41,
676,
217,
750,
183,
681,
197,
679,
385,
550,
634,
179,
742,
838,
433,
529,
522,
445,
243,
352,
787,
831,
813,
108,
674,
191,
821,
373,
896,
530,
1040,
36,
692,
885,
1086,
333,
929,
801,
88,
952,
906,
878,
727,
801,
84,
417,
749,
1204,
331,
89,
399,
1075,
205,
341,
736,
86,
670,
272,
91,
928,
1080,
1191,
906,
962,
892,
946,
945,
862,
663,
1091,
1253,
936,
892,
1036,
406,
549,
1002,
885,
1107,
831,
40,
1034,
1338,
38,
1089,
964,
886,
914,
825,
1156,
975,
1012,
885,
478,
997,
1259,
854,
810,
825,
290,
1033,
388,
269,
81,
1252,
1223,
275,
1242,
930,
351,
1095,
1099,
247,
892,
1138,
795,
121,
444,
1157,
941,
535,
832,
1157,
80,
109,
649,
555,
529,
242,
763,
898,
1238,
82,
322,
403,
586,
537,
543,
790,
119,
916,
720,
862,
1185,
985,
303,
1019,
804,
859,
721,
1028,
121,
246,
1124,
431,
122,
937,
757,
931,
1188,
947,
655,
838,
355,
535,
911,
818,
559,
658,
893,
845,
727,
1134,
619,
935,
849,
834,
582,
153,
93,
815,
1124,
941,
978,
113,
1259,
605,
1345,
956,
1135,
82,
969,
847,
592,
943,
902,
1064,
83,
1197,
78,
1254,
1229,
1251,
69,
50,
871,
46,
312,
817,
381,
300,
105,
853,
870,
1250,
1044,
850,
79,
638,
1419,
296,
863,
619,
843,
886,
577,
1150,
985,
569,
639,
395,
955,
76,
379,
877,
975,
1364,
961,
877,
911,
805,
45,
240,
613,
380,
1035,
935,
82,
41,
39,
216,
451,
354,
39,
353,
351,
595,
898,
93,
960,
623,
1222,
521,
767,
628,
449,
977,
74,
357,
1181,
438,
511,
1172,
409,
480,
469,
888,
1051,
310,
408,
1018,
670,
991,
79,
1499,
318,
1031,
992,
1015,
87,
981,
966,
40,
82,
1517,
35,
452,
803,
909,
1386,
495,
970,
363,
699,
602,
953,
476,
778,
468,
1162,
430,
42,
1160,
1194,
1097,
936,
347,
1209,
1129,
1020,
369,
1208,
360,
651,
1133,
479,
1013,
751,
318,
420,
355,
960,
531,
1256,
807,
756,
1096,
283,
1079,
354,
1195,
630,
368,
261,
250,
930,
955,
955,
375,
39,
1161,
669,
316,
724,
1276,
793,
1032,
517,
551,
1339,
819,
1268,
1055,
607,
1324,
674,
475,
799,
1300,
620,
527,
365,
920,
316,
676,
314,
427,
1001,
454,
455,
365,
103,
454,
1493,
1051,
500,
973,
297,
427,
662,
722,
1315,
425,
1040,
1033,
1131,
1068,
295,
1047,
375,
691,
413,
1124,
302,
401,
1022,
297,
335,
333,
281,
275,
246,
1029,
415,
51,
407,
273,
543,
288,
411,
619,
1019,
86,
773,
941,
1029,
234,
326,
85,
995,
991,
561,
342,
379,
966,
1044,
988,
46,
1401,
876,
62,
972,
45,
130,
442,
930,
36,
90,
389,
971,
357,
992,
963,
365,
843,
1052,
39,
1540,
911,
1572,
964,
1054,
999,
1203,
203,
956,
531,
1087,
1015,
535,
945,
1220,
1050,
527,
978,
126,
931,
128,
844,
124,
1035,
368,
1020,
999,
999,
1073,
132,
1122,
1220,
979,
914,
967,
636,
1227,
976,
1228,
1078,
39,
111,
317,
1224,
1041,
1108,
924,
541,
85,
528,
822,
941,
102,
775,
1073,
528,
93,
643,
48,
43,
649,
612,
1528,
543,
641,
1383,
1081,
548,
38,
542,
665,
1078,
633,
416,
1413,
1064,
1044,
274,
1045,
396,
1091,
277,
486,
426,
680,
669,
460,
577,
1038,
401,
1113,
1292,
517,
330,
277,
321,
1229,
313,
1127,
675,
1285,
1379,
286,
510,
456,
40,
258,
985,
1012,
980,
734,
1022,
1002,
1070,
1372,
494,
671,
771,
466,
942,
601,
377,
1589,
271,
933,
1376,
226,
1048,
248,
1264,
1011,
1065,
1399,
713,
303,
310,
1326,
1763,
340,
1259,
930,
1443,
1411,
39,
902,
166,
320,
38,
312,
484,
1011,
335,
339,
284,
664,
149,
332,
1097,
119,
135,
199,
1097,
101,
104,
182,
1090,
100,
1251,
360,
586,
100,
673,
199,
356,
1306,
815,
1030,
100,
375,
366,
349,
347,
100,
319,
345,
265,
311,
300,
313,
319,
238,
321,
338,
1002,
204,
420,
1311,
39,
116,
116,
41,
158,
152,
121,
674,
115,
273,
210,
43,
41,
981,
114,
999,
389,
41,
1083,
321,
1001,
1058,
1068,
296,
1000,
877,
1137,
1003,
337,
1184,
501,
1004,
508,
1036,
1172,
128,
195,
1004,
514,
984,
234,
412,
326,
309,
232,
617,
1043,
1038,
685,
161,
1276,
819,
317,
917,
309,
1347,
490,
988,
346,
295,
837,
979,
587,
1348,
847,
39,
1347,
340,
1112,
775,
746,
1043,
350,
1101,
1052,
455,
380,
1035,
1126,
494,
1662,
326,
971,
454,
493,
1097,
882,
631,
200,
1210,
527,
1027,
1082,
188,
1324,
1142,
841,
488,
41,
1089,
232,
1316,
267,
1448,
330,
161,
1068,
123,
1445,
130,
933,
95,
307,
179,
582,
1531,
111,
97,
1085,
1113,
393,
783,
197,
89,
1136,
1109,
147,
1133,
165,
160,
390,
1377,
1117,
823,
248,
830,
68,
1089,
301,
1157,
1038,
1162,
354,
1046,
1130,
1110,
431,
869,
612,
953,
1106,
43,
831,
1475,
609,
865,
1029,
1013,
1461,
1019,
542,
1116,
298,
1158,
919,
1095,
1291,
1108,
537,
542,
961,
590,
919,
826,
93,
98,
345,
883,
299,
1064,
1006,
1710,
95,
38,
1066,
948,
1549,
801,
1075,
926,
92,
273,
1001,
1087,
1023,
663,
614,
319,
1008,
1141,
1196,
850,
889,
1097,
220,
394,
44,
920,
938,
1117,
736,
95,
204,
956,
1086,
341,
1033,
113,
1711,
864,
883,
255,
161,
841,
888,
1082,
1104,
1071,
459,
220,
927,
137,
39,
1268,
1088,
305,
342,
752,
759,
1066,
764,
759,
280,
660,
272,
713,
180,
39,
678,
378,
696,
1006,
117,
133,
125,
664,
890,
392,
133,
370,
149,
760,
720,
286,
1288,
276,
677,
599,
1020,
470,
446,
318,
716,
716,
617,
666,
913,
365,
1017,
419,
707,
64,
689,
423,
673,
877,
713,
618,
694,
1238,
874,
456,
421,
1383,
1285,
424,
1214,
428,
701,
614,
540,
1347,
423,
1314,
1323,
365,
1018,
362,
832,
291,
882,
351,
940,
1220,
315,
1286,
201,
297,
323,
1402,
584,
1227,
326,
935,
614,
482,
300,
315,
1094,
624,
42,
853,
336,
948,
39,
566,
336,
212,
77,
629,
337,
131,
629,
535,
1233,
641,
524,
232,
489,
1156,
882,
1211,
584,
222,
1175,
540,
846,
157,
753,
1186,
627,
1205,
280,
545,
992,
952,
40,
184,
866,
1377,
1229,
969,
680,
299,
640,
759,
671,
698,
638,
1516,
119,
597,
595,
518,
262,
133,
855,
613,
1201,
581,
623,
536,
1093,
527,
1755,
306,
1541,
613,
540,
631,
800,
44,
1489,
806,
793,
488,
260,
753,
847,
528,
538,
673,
1146,
668,
203,
823,
474,
213,
663,
1162,
40,
48,
658,
212,
1325,
250,
117,
1021,
346,
928,
1224,
359,
337,
262,
1163,
103,
1033,
996,
251,
1240,
268,
822,
1275,
248,
1281,
80,
350,
1308,
173,
435,
38,
141,
1239,
277,
408,
1171,
464,
476,
228,
344,
151,
622,
268,
720,
312,
260,
493,
411,
354,
644,
227,
166,
219,
1367,
796,
200,
1339,
171,
165,
174,
537,
270,
160,
84,
310,
256,
144,
155,
225,
1070,
570,
179,
1030,
1034,
1267,
1087,
1452,
1247,
459,
320,
1753,
1579,
39,
169,
517,
997,
1636,
895,
91,
572,
1188,
668,
1130,
1040,
90,
1055,
820,
1083,
517,
1087,
1280,
757,
1001,
1585,
434,
90,
73,
382,
1622,
65,
1046,
113,
344,
1035,
59,
1488,
1171,
144,
383,
39,
1070,
1012,
618,
818,
1084,
68,
682,
1801,
1608,
183,
972,
679,
707,
1076,
345,
1151,
975,
162,
378,
957,
449,
83,
175,
1757,
206,
760,
1178,
312,
491,
1044,
781,
780,
418,
1602,
1332,
1331,
690,
336,
333,
305,
835,
580,
191,
1312,
1795,
238,
200,
978,
784,
1046,
290,
748,
303,
608,
201,
721,
1035,
973,
814,
96,
1288,
982,
1488,
43,
996,
197,
1619,
670,
199,
731,
192,
1632,
241,
1073,
1170,
1277,
332,
1623,
1842,
1016,
1519,
533,
788,
1628,
1028,
982,
142,
147,
1153,
1595,
43,
1644,
1044,
1335,
881,
90,
1801,
313,
906,
1088,
319,
1692,
317,
1628,
210,
1798,
1026,
1540,
1014,
265,
408,
262,
435,
414,
621,
1066,
74,
983,
1261,
43,
1533,
822,
1320,
863,
220,
279,
880,
801,
1507,
753,
896,
191,
967,
38,
662,
872,
1192,
269,
1201,
240,
1217,
1032,
245,
1426,
393,
841,
273,
992,
1019,
1574,
840,
1441,
155,
1462,
1184,
1466,
1176,
1173,
331,
42,
240,
1732,
274,
707,
605,
1451,
192,
516,
1613,
1109,
236,
1745,
739,
311,
230,
1175,
177,
1675,
400,
663,
1063,
507,
352,
370,
236,
1661,
331,
243,
292,
1371,
217,
1566,
1652,
1679,
39,
278,
139,
1356,
1661,
1054,
40,
145,
181,
861,
1774,
856,
1299,
1482,
848,
834,
176,
982,
248,
312,
185,
461,
301,
193,
158,
35,
406,
201,
1275,
102,
404,
1032,
828,
904,
538,
958,
979,
1127,
1206,
309,
826,
558,
1062,
531,
103,
102,
991,
305,
1006,
162,
803,
1753,
1081,
417,
1232,
870,
743,
751,
189,
1356,
164,
1610,
168,
146,
1338,
1033,
1695,
168,
251,
1306,
1540,
303,
317,
1412,
1757,
1220,
272,
317,
789,
1559,
1040,
308,
1047,
986,
1438,
267,
193,
422,
264,
284,
921,
279,
266,
367,
602,
202,
845,
1789,
1612,
265,
841,
276,
374,
1023,
263,
824,
369,
866,
43,
1006,
1319,
260,
1778,
1554,
42,
329,
1622,
258,
1612,
384,
901,
257,
1219,
1105,
239,
41,
257,
263,
37,
1703,
1014,
1526,
66,
1505,
1255,
1549,
283,
1136,
764,
760,
721,
800,
1512,
1258,
1496,
1507,
883,
1191,
851,
1097,
293,
261,
1786,
1166,
266,
197,
1165,
1332,
919,
1753,
1146,
437,
1623,
43,
1660,
632,
1010,
1021,
1189,
1630,
301,
1711,
936,
1100,
1637,
243,
622,
420,
1030,
246,
386,
1173,
447,
301,
1009,
1469,
1164,
280,
1752,
1079,
436,
610,
1483,
1107,
255,
1488,
233,
1498,
1075,
928,
1137,
1569,
132,
1662,
1089,
49,
1505,
250,
893,
45,
1638,
228,
177,
1045,
183,
1046,
916,
173,
1123,
1143,
548,
135,
378,
243,
1772,
1050,
592,
784,
1776,
1019,
44,
77,
1247,
1648,
544,
49,
44,
988,
1865,
1079,
1120,
1478,
44,
78,
299,
1007,
1424,
1072,
1465,
1250,
76,
835,
1033,
850,
1782,
655,
1118,
47,
247,
1059,
387,
311,
1754,
819,
542,
1062,
57,
1730,
1927,
46,
419,
38,
774,
1654,
867,
1017,
792,
444,
1006,
1577,
992,
1965,
1161,
1294,
1587,
1217,
1134,
881,
1488,
37,
901,
992,
1536,
1116,
1150,
311,
602,
890,
42,
1466,
475,
1189,
837,
1391,
412,
1434,
844,
183,
321,
430,
774,
883,
826,
101,
448,
425,
1191,
1029,
1290,
1114,
1275,
1482,
1501,
1598,
447,
1060,
1625,
421,
388,
386,
492,
1042,
1142,
781,
1272,
182,
446,
396,
610,
1096,
1056,
445,
1053,
333,
1133,
149,
1491,
471,
1042,
1583,
424,
1045,
1025,
578,
1954,
930,
1194,
1089,
1523,
552,
289,
169,
1155,
351,
166,
887,
561,
846,
1012,
1170,
58,
1634,
48,
1816,
1541,
286,
1035,
1822,
1074,
341,
47,
1020,
1354,
293,
710,
704,
1554,
285,
424,
1180,
1721,
41,
285,
908,
1675,
283,
906,
943,
1051,
1123,
860,
801,
408,
1124,
914,
878,
908,
833,
793,
1492,
1042,
921,
286,
470,
1071,
1842,
990,
908,
636,
1308,
1920,
781,
732,
1219,
774,
1842,
205,
824,
1312,
892,
898,
1026,
815,
309,
102,
1357,
1566,
1843,
391,
69,
1815,
1531,
321,
499,
1531,
700,
43,
279,
915,
739,
1485,
277,
1329,
898,
704,
392,
475,
1042,
901,
1779,
1858,
275,
1048,
899,
725,
490,
269,
450,
493,
945,
835,
1617,
360,
50,
450,
1488,
1009,
48,
941,
1739,
918,
1856,
926,
938,
927,
1267,
1725,
466,
1501,
42,
157,
896,
929,
875,
1835,
156,
52,
74,
240,
623,
200,
865,
42,
642,
155,
1755,
284,
154,
1893,
1784,
668,
1089,
471,
926,
1800,
865,
856,
1486,
281,
249,
1798,
231,
1563,
967,
1165,
855,
152,
1785,
44,
152,
865,
936,
1859,
761,
344,
934,
42,
1118,
939,
1875,
333,
145,
56,
871,
557,
1268,
45,
785,
1648,
1171,
552,
772,
1051,
843,
1557,
1189,
230,
790,
847,
818,
44,
1178,
700,
956,
327,
536,
1013,
377,
486,
221,
1045,
516,
366,
178,
1043,
268,
1041,
1879,
906,
515,
946,
143,
320,
527,
1088,
483,
244,
264,
1965,
1055,
946,
182,
488,
891,
1471,
1490,
316,
309,
152,
311,
461,
1771,
1000,
457,
351,
453,
1645,
148,
988,
896,
1050,
42,
1023,
155,
302,
1355,
165,
1042,
308,
1109,
1071,
1560,
206,
1946,
297,
1407,
1769,
1395,
94,
121,
498,
997,
1818,
36,
152,
1817,
1937,
1607,
1770,
447,
1012,
1300,
1721,
434,
1819,
1031,
1602,
925,
714,
613,
1033,
404,
506,
693,
924,
379,
1044,
818,
1619,
452,
1859,
689,
270,
272,
510,
541,
46,
502,
229,
40,
981,
710,
39,
316,
269,
180,
1882,
605,
906,
204,
1988,
425,
522,
444,
881,
420,
147,
133,
930,
1563,
350,
389,
829,
1576,
943,
1604,
370,
1803,
1843,
133,
639,
518,
719,
716,
870,
1549,
281,
579,
314,
1599,
542,
329,
933,
1619,
411,
231,
41,
211,
218,
1556,
367,
719,
1780,
292,
208,
266,
189,
187,
42,
992,
887,
176,
902,
694,
45,
501,
744,
373,
1725,
295,
1177,
597,
1791,
1206,
101,
1624,
479,
1416,
1496,
1840,
365,
1951,
1210,
1039,
1621,
1835,
818,
111,
956,
1623,
870,
1869,
998,
110,
1054,
1494,
135,
116,
479,
108,
170,
470,
1324,
83,
445,
75,
504,
529,
166,
71,
1245,
906,
134,
769,
1051,
222,
72,
78,
120,
143,
406,
1627,
45,
1214,
43,
116,
1060,
1308,
279,
270,
888,
1538,
601,
377,
237,
778,
859,
1636,
1304,
2028,
217,
246,
752,
446,
117,
442,
1924,
441,
1420,
1453,
1073,
1085,
1120,
586,
459,
1335,
1118,
443,
1007,
619,
1727,
1416,
1284,
43,
1890,
229,
40,
708,
38,
2011,
371,
743,
600,
1823,
1764,
1478,
1901,
429,
41,
1144,
798,
131,
1027,
1134,
1425,
1477,
1915,
1845,
482,
41,
1760,
1141,
1106,
1221,
1319,
1232,
131,
509,
765,
1162,
419,
754,
1471,
1773,
668,
1545,
690,
1544,
78,
1673,
1285,
146,
993,
582,
1071,
1889,
478,
134,
48,
1657,
1912,
1112,
994,
1259,
1918,
1289,
992,
401,
1294,
1241,
989,
719,
1935,
733,
986,
662,
2017,
1505,
2024,
120,
1952,
112,
1255,
655,
798,
78,
662,
1122,
1547,
44,
711,
1732,
1841,
739,
1704,
1603,
1335,
1266,
1709,
1266,
1647,
779,
748,
1215,
1235,
1801,
1251,
486,
740,
1980,
1617,
491,
1163,
486,
1997,
731,
953,
497,
1327,
1817,
378,
737,
788,
1744,
1669,
865,
370,
712,
759,
1327,
1682,
639,
1289,
692,
673,
1959,
647,
668,
1154,
1320,
1311,
684,
736,
1281,
691,
688,
518,
1970,
374,
94,
44,
989,
1710,
436,
43,
1632,
1520,
41,
899,
685,
1171,
78,
317,
1641,
590,
1666,
463,
507,
396,
169,
1700,
546,
1190,
764,
2019,
1683,
592,
368,
1771,
1668,
687,
1190,
1952,
1589,
1183,
896,
1568,
1791,
2065,
189,
1960,
770,
188,
1082,
1857,
1863,
1109,
1548,
425,
40,
1323,
1169,
841,
448,
430,
1179,
758,
486,
1171,
188,
475,
41,
1332,
1206,
658,
780,
93,
712,
647,
724,
1341,
1025,
672,
1173,
1777,
175,
1025,
1750,
719,
1050,
1238,
1517,
1259,
909,
1303,
528,
698,
586,
741,
1849,
1628,
476,
645,
447,
618,
439,
1083,
188,
663,
1707,
1733,
1234,
463,
802,
1240,
151,
100,
1732,
636,
463,
42,
81,
452,
73,
151,
149,
1219,
2079,
436,
426,
1333,
470,
1541,
664,
1321,
1198,
468,
1980,
1304,
722,
1328,
150,
1286,
728,
453,
412,
1410,
197,
450,
1974,
1218,
572,
915,
1596,
1254,
452,
536,
578,
487,
439,
1335,
148,
1225,
574,
577,
1650,
1224,
1448,
44,
549,
568,
390,
1449,
824,
805,
566,
823,
501,
477,
495,
1234,
810,
39,
406,
460,
467,
2040,
1336,
649,
1682,
567,
647,
653,
413,
466,
478,
579,
806,
464,
1212,
646,
569,
665,
406,
474,
1261,
576,
575,
776,
870,
400,
577,
107,
2165,
1087,
570,
121,
72,
1909,
1682,
504,
1232,
1248,
1670,
1073,
1260,
1145,
841,
179,
1748,
857,
168,
1575,
168,
1232,
1287,
607,
1074,
37,
971,
1464,
1202,
1073,
367,
1072,
1292,
797,
1218,
170,
418,
597,
588,
398,
1918,
51,
1106,
466,
587,
707,
131,
1742,
130,
835,
543,
1791,
37,
562,
1949,
398,
1651,
585,
190,
137,
130,
392,
990,
685,
545,
40,
121,
881,
684,
678,
658,
514,
672,
1194,
887,
1781,
577,
94,
685,
557,
532,
502,
1158,
577,
346,
1195,
99,
507,
881,
1461,
359,
518,
1795,
514,
552,
739,
1599,
510,
82,
1229,
1300,
1803,
514,
428,
420,
1295,
499,
355,
729,
1425,
427,
2035,
401,
498,
497,
77,
503,
417,
410,
1757,
1338,
846,
1566,
347,
386,
495,
494,
582,
492,
207,
434,
1238,
861,
2031,
46,
541,
1282,
490,
1933,
1894,
513,
1820,
751,
1424,
1945,
1207,
431,
1520,
402,
1350,
40,
1615,
417,
1562,
470,
1928,
863,
696,
353,
604,
390,
846,
71,
911,
41,
173,
464,
902,
792,
40,
71,
69,
848,
79,
1293,
476,
488,
599,
109,
1766,
897,
894,
85,
656,
187,
401,
1481,
211,
759,
656,
702,
396,
661,
519,
385,
699,
702,
890,
581,
443,
727,
1772,
920,
686,
387,
901,
1599,
795,
1832,
1712,
668,
196,
419,
452,
426,
384,
1667,
423,
1341,
378,
185,
467,
478,
417,
422,
281,
764,
576,
544,
1254,
1892,
615,
410,
80,
383,
839,
569,
525,
520,
1807,
1455,
1963,
1643,
662,
1976,
831,
1954,
428,
2046,
1804,
1799,
540,
1855,
77,
1793,
399,
1783,
421,
2103,
1792,
77,
1790,
383,
412,
631,
170,
200,
494,
395,
432,
627,
676,
1360,
359,
315,
397,
593,
356,
2281,
2295,
633,
1878,
802,
1211,
374,
244,
1565,
1282,
268,
602,
1363,
312,
210,
34,
948,
83,
1830,
2095,
702,
965,
2128,
378,
1327,
1703,
312,
1703,
332,
88,
458,
363,
876,
287,
544,
1194,
678,
916,
426,
94,
856,
2064,
909,
1584,
458,
1537,
896,
75,
1945,
463,
562,
875,
582,
1656,
533,
519,
439,
1532,
380,
563,
305,
531,
97,
562,
897,
1400,
924,
988,
532,
265,
485,
514,
1576,
888,
949,
579,
1513,
661,
850,
929,
273,
1136,
1030,
547,
1534,
748,
474,
503,
1598,
2045,
465,
1306,
1080,
1548,
672,
524,
51,
1138,
887,
630,
630,
1126,
623,
200,
1225,
1386,
474,
515,
537,
2069,
478,
94,
829,
1596,
1834,
70,
444,
889,
2244,
568,
470,
444,
2230,
110,
849,
419,
891,
1253,
233,
404,
555,
1141,
298,
225,
412,
458,
1866,
644,
74,
1273,
409,
220,
1837,
2155,
1564,
563,
1735,
2106,
1978,
1687,
221,
232,
1437,
2039,
661,
212,
1639,
621,
1417,
879,
1389,
332,
2244,
1999,
168,
871,
922,
580,
1435,
1654,
167,
1308,
1111,
1316,
1021,
1008,
132,
1118,
773,
155,
1426,
1148,
598,
176,
2253,
1097,
772,
154,
1399,
1904,
881,
1293,
146,
246,
1494,
240,
917,
524,
914,
235,
861,
1641,
319,
1127,
982,
132,
2239,
130,
251,
1022,
232,
234,
456,
417,
895,
236,
540,
285,
623,
2112,
770,
230,
630,
997,
661,
229,
131,
471,
462,
215,
758,
1015,
456,
522,
227,
908,
1010,
304,
2285,
134,
1013,
1015,
129,
1309,
116,
95,
533,
349,
1882,
2107,
623,
797,
106,
817,
96,
676,
475,
485,
790,
506,
439,
1631,
1994,
1024,
493,
1785,
96,
261,
427,
1594,
750,
486,
640,
88,
474,
466,
1871,
2066,
430,
441,
301,
793,
136,
498,
306,
791,
440,
2113,
789,
301,
1016,
265,
232,
628,
267,
90,
805,
267,
2274,
86,
362,
79,
257,
1002,
80,
800,
708,
1017,
301,
800,
76,
996,
799,
970,
620,
784,
77,
283,
76,
1623,
793,
279,
87,
1976,
810,
114,
1607,
278,
284,
593,
762,
70,
278,
2263,
426,
297,
1356,
1077,
70,
1134,
2159,
441,
327,
65,
71,
1222,
977,
696,
554,
751,
1330,
65,
973,
1727,
523,
1692,
548,
1676,
848,
516,
50,
272,
846,
96,
799,
746,
715,
741,
601,
1675,
511,
46,
2142,
800,
542,
277,
96,
1412,
829,
776,
884,
40,
291,
2151,
811,
1720,
1690,
285,
774,
860,
1703,
297,
353,
1469,
2115,
41,
1460,
37,
261,
1646,
873,
1027,
1418,
76,
208,
1048,
538,
1755,
90,
475,
898,
1131,
2329,
1859,
110,
493,
312,
879,
539,
260,
537,
1977,
698,
101,
51,
89,
2067,
746,
1309,
721,
495,
1638,
2172,
2226,
473,
1625,
1823,
302,
828,
76,
41,
805,
1872,
1182,
493,
316,
39,
220,
1634,
393,
321,
1144,
288,
537,
219,
341,
736,
270,
339,
324,
1613,
900,
226,
1608,
708,
262,
830,
496,
321,
529,
1613,
782,
422,
781,
509,
1519,
1145,
1361,
1576,
2055,
302,
301,
2041,
584,
295,
1396,
760,
1193,
2161,
449,
405,
2014,
39,
768,
399,
716,
313,
41,
1429,
674,
268,
40,
808,
77,
540,
434,
766,
1963,
1951,
1930,
1984,
1315,
472,
508,
343,
78,
481,
229,
542,
379,
539,
1966,
463,
1950,
225,
283,
379,
401,
473,
1059,
111,
484,
481,
42,
847,
40,
1145,
402,
396,
1272,
441,
410,
198,
672,
760,
41,
758,
348,
356,
396,
601,
1301,
566,
1788,
1437,
1132,
45,
819,
237,
833,
2122,
1762,
1949,
2528,
1344,
239,
1094,
241,
1091,
1913,
1086,
338,
2195,
753,
780,
498,
2499,
1507,
745,
2116,
1949,
385,
86,
288,
224,
91,
340,
1974,
217,
481,
357,
725,
347,
81,
669,
520,
1645,
1489,
337,
1138,
1544,
658,
354,
1531,
85,
1235,
2155,
349,
1060,
1116,
1506,
667,
1525,
1401,
357,
803,
105,
839,
440,
1802,
102,
819,
659,
131,
791,
794,
1277,
2025,
84,
884,
2011,
356,
402,
1832,
131,
937,
1166,
323,
114,
1120,
789,
423,
766,
689,
2333,
762,
570,
1517,
326,
1671,
675,
761,
89,
68,
75,
1175,
646,
77,
67,
758,
1944,
859,
742,
2556,
910,
361,
63,
355,
2350,
157,
1308,
59,
331,
933,
1812,
371,
1857,
330,
473,
61,
807,
736,
59,
2019,
46,
897,
830,
1505,
429,
893,
1822,
542,
940,
96,
732,
1261,
485,
1851,
1438,
1693,
727,
623,
1221,
1438,
446,
40,
1510,
2014,
938,
1429,
2077,
1237,
1595,
1872,
2017,
678,
1420,
2060,
2036,
511,
36,
451,
73,
1448,
837,
2086,
413,
504,
453,
795,
577,
393,
393,
864,
64,
786,
496,
1306,
1849,
2033,
90,
804,
1551,
495,
2095,
1460,
1544,
1877,
916,
776,
887,
1838,
2327,
44,
2144,
1708,
1467,
1169,
2620,
1720,
350,
1466,
1083,
1439,
756,
1960,
88,
1688,
2359,
90,
1853,
1840,
498,
1858,
378,
744,
315,
50,
496,
1688,
772,
407,
673,
295,
138,
2002,
98,
1509,
764,
1499,
783,
38,
769,
1350,
80,
759,
842,
910,
1501,
2371,
516,
426,
1228,
439,
437,
742,
390,
332,
369,
868,
413,
1473,
321,
786,
387,
390,
658,
1187,
1466,
406,
391,
1838,
135,
396,
43,
2595,
727,
1202,
1436,
1258,
517,
804,
241,
1315,
2328,
1395,
1426,
2179,
1378,
1458,
792,
1394,
739,
749,
883,
590,
2030,
2066,
977,
1382,
2093,
1364,
555,
298,
1334,
496,
43,
1739,
560,
1314,
387,
47,
2075,
2119,
60,
123,
43,
846,
1796,
502,
1279,
490,
39,
1205,
379,
481,
116,
40,
61,
97,
477,
1561,
39,
501,
109,
318,
478,
490,
485,
109,
1798,
476,
1900,
508,
1285,
108,
86,
1880,
39,
801,
232,
2047,
787,
80,
2091,
583,
783,
1578,
749,
159,
737,
1866,
493,
2051,
1828,
2666,
2199,
75,
2183,
2436,
78,
104,
2035,
2431,
1351,
2436,
37,
500,
1328,
77,
504,
2078,
737,
2427,
2096,
496,
494,
500,
1452,
2249,
1433,
1403,
140,
1589,
469,
2340,
1411,
742,
1507,
1321,
2079,
1253,
1546,
1104,
2204,
1402,
1792,
498,
1430,
136,
495,
614,
1107,
494,
38,
1353,
1289,
1676,
603,
157,
470,
496,
677,
2398,
1297,
2076,
1319,
770,
1552,
1185,
1246,
1902,
613,
1238,
639,
609,
1627,
2091,
273,
38,
1686,
322,
952,
1043,
2016,
876,
40,
250,
372,
393,
2165,
1709,
627,
2232,
636,
2038,
372,
41,
396,
1203,
2120,
40,
1220,
2726,
39,
1228,
657,
1643,
229,
1633,
339,
285,
532,
39,
282,
606,
2042,
584,
121,
2049,
62,
598,
1310,
1228,
276,
1526,
2177,
1044,
1715,
644,
41,
263,
594,
2188,
2113,
1737,
360,
1845,
501,
90,
258,
496,
1678,
331,
413,
2432,
905,
788,
511,
2430,
1394,
1675,
456,
2101,
45,
513,
73,
985,
484,
2063,
909,
1431,
1745,
966,
2127,
1491,
44,
904,
612,
1268,
43,
632,
1013,
1364,
1589,
629,
600,
1350,
243,
276,
102,
432,
1067,
107,
1226,
2301,
2205,
1458,
40,
668,
962,
496,
973,
47,
2145,
618,
287,
483,
829,
928,
1525,
620,
626,
842,
1522,
822,
1468,
1685,
46,
40,
288,
804,
2173,
767,
2449,
2402,
1176,
281,
1548,
1022,
1196,
189,
1982,
212,
821,
1511,
1029,
442,
571,
569,
1535,
1476,
1490,
51,
1482,
1122,
98,
82,
859,
1443,
2167,
2110,
674,
640,
2278,
532,
2566,
1111,
162,
2094,
1246,
658,
1482,
1381,
671,
1360,
1456,
155,
2131,
2063,
1614,
2057,
2297,
539,
2075,
77,
525,
2603,
543,
1233,
389,
1152,
1140,
1539,
1057,
1313,
1383,
2095,
715,
1051,
1623,
1932,
1024,
399,
1436,
472,
1097,
651,
1933,
539,
1207,
524,
1056,
518,
478,
534,
647,
1388,
660,
643,
1800,
1615,
1096,
87,
1902,
1303,
2139,
1493,
2224,
935,
1816,
664,
1233,
659,
902,
1575,
754,
2101,
1042,
53,
123,
766,
674,
885,
696,
1397,
1009,
2115,
876,
640,
735,
1173,
1821,
2419,
1131,
1168,
80,
88,
86,
1742,
1984,
635,
105,
2267,
564,
2123,
1135,
643,
544,
2395,
1421,
255,
1454,
124,
613,
2574,
1513,
617,
614,
801,
1681,
627,
1143,
1080,
625,
717,
1275,
612,
575,
2623,
1445,
119,
561,
604,
619,
1480,
957,
1253,
1192,
1751,
273,
425,
1739,
284,
1559,
674,
320,
867,
1160,
123,
577,
1621,
1478,
1189,
182,
1174,
680,
465,
670,
570,
257,
1538,
1298,
602,
1310,
1489,
1550,
1562,
1177,
350,
640,
1444,
1016,
263,
2062,
2644,
354,
1355,
44,
1066,
761,
953,
321,
294,
1263,
765,
1454,
285,
1073,
514,
983,
1158,
1188,
45,
697,
289,
295,
760,
583,
1363,
559,
1698,
420,
578,
575,
468,
645,
83,
723,
462,
1207,
2164,
598,
553,
1372,
1577,
1576,
1570,
426,
1610,
584,
2031,
1180,
531,
560,
865,
691,
48,
350,
1580,
1566,
530,
1649,
425,
545,
1510,
42,
776,
1531,
40,
431,
874,
1700,
1286,
1112,
1768,
296,
1962,
1700,
1451,
533,
805,
1066,
1128,
1670,
648,
569,
1609,
1355,
44,
1564,
255,
2076,
1620,
1856,
90,
1351,
1803,
242,
1224,
41,
437,
2074,
501,
1593,
1002,
1471,
1919,
1771,
1337,
385,
704,
876,
434,
974,
407,
416,
424,
1115,
624,
2703,
420,
923,
1292,
43,
921,
630,
899,
1220,
133,
422,
955,
295,
479,
936,
413,
1392,
220,
2214,
134,
118,
1089,
115,
2224,
1177,
2553,
36,
1739,
884,
1605,
1862,
1596,
447,
1609,
1177,
436,
1890,
1556,
152,
1781,
421,
1265,
2084,
1211,
1841,
1178,
1760,
278,
150,
1584,
335,
1566,
1089,
461,
1565,
1569,
384,
1815,
2238,
1872,
439,
472,
445,
2557,
705,
825,
1328,
124,
478,
453,
1074,
324,
2131,
392,
1178,
313,
320,
754,
2043,
85,
269,
453,
387,
1292,
381,
2039,
704,
439,
153,
38,
1020,
463,
1055,
300,
257,
303,
1131,
269,
145,
124,
1333,
922,
349,
1175,
922,
1255,
1320,
203,
932,
83,
275,
131,
1782,
1314,
745,
1916,
204,
1265,
304,
126,
1901,
2637,
1334,
1007,
423,
1377,
154,
1642,
1252,
672,
1106,
1940,
762,
609,
916,
725,
2470,
793,
896,
1624,
126,
890,
1628,
70,
923,
1642,
1622,
861,
871,
102,
43,
76,
112,
845,
1673,
1222,
1526,
1370,
34,
1416,
817,
434,
805,
1688,
1076,
718,
1508,
1427,
1220,
1102,
1600,
259,
865,
971,
1561,
1270,
1488,
1518,
696,
1621,
728,
87,
730,
144,
431,
1798,
255,
1535,
830,
53,
691,
706,
260,
775,
293,
2498,
970,
730,
1283,
2514,
1775,
1617,
48,
1005,
2289,
717,
46,
2272,
926,
698,
397,
164,
43,
1015,
268,
1166,
161,
2023,
506,
387,
287,
397,
332,
2266,
599,
707,
265,
237,
230,
331,
337,
651,
159,
274,
70,
680,
41,
1217,
158,
793,
1885,
597,
155,
1157,
140,
1994,
2305,
1514,
1156,
1629,
296,
1257,
2522,
865,
132,
2304,
301,
411,
131,
666,
1013,
440,
38,
1644,
1739,
1178,
775,
1764,
1068,
859,
2140,
1755,
821,
164,
2518,
782,
145,
800,
1425,
711,
1272,
799,
2011,
992,
1362,
1419,
1354,
146,
2444,
1237,
1412,
1176,
2452,
435,
2088,
1166,
130,
979,
369,
87,
1377,
1225,
1258,
43,
701,
869,
1058,
330,
375,
864,
1386,
369,
128,
2320,
41,
380,
2056,
956,
1399,
327,
391,
1266,
316,
269,
115,
276,
314,
651,
1761,
323,
333,
145,
257,
1439,
1457,
112,
368,
110,
222,
197,
1077,
1978,
1128,
1210,
971,
234,
45,
305,
335,
578,
997,
1188,
80,
1466,
83,
334,
823,
943,
1483,
77,
2544,
1464,
852,
1199,
917,
78,
337,
982,
823,
847,
125,
111,
1485,
851,
2319,
1657,
329,
108,
124,
1316,
823,
1685,
839,
899,
321,
543,
953,
1250,
121,
1415,
180,
260,
913,
1387,
251,
1355,
318,
712,
873,
1421,
314,
317,
1258,
912,
1203,
309,
829,
872,
1253,
314,
534,
120,
843,
118,
116,
847,
631,
115,
108,
536,
1419,
736,
745,
598,
100,
645,
73,
495,
1210,
282,
70,
728,
323,
77,
1186,
69,
118,
382,
768,
1267,
210,
292,
542,
69,
79,
365,
277,
68,
207,
332,
270,
326,
67,
894,
1355,
884,
888,
1765,
112,
787,
288,
277,
947,
1569,
882,
1693,
68,
1824,
450,
1816,
375,
191,
219,
370,
214,
1635,
210,
363,
767,
800,
2372,
2393,
369,
629,
720,
91,
760,
83,
755,
744,
460,
766,
749,
735,
1393,
1862,
1287,
1377,
725,
1776,
187,
721,
554,
1383,
2403,
751,
1360,
1376,
2384,
760,
722,
1372,
97,
547,
2371,
1685,
1394,
587,
1676,
871,
654,
1152,
109,
775,
88,
1382,
1640,
348,
649,
1391,
1354,
87,
1380,
1356,
1566,
1445,
961,
1075,
434,
890,
1491,
698,
1683,
901,
2077,
404,
1296,
331,
2483,
1543,
1134,
327,
1343,
406,
398,
1322,
2580,
1110,
1314,
75,
1397,
1322,
1329,
2578,
75,
1297,
1985,
1267,
335,
2574,
748,
848,
1298,
747,
846,
1342,
334,
340,
497,
1374,
1341,
923,
338,
1387,
324,
740,
1358,
713,
334,
747,
329,
963,
700,
535,
1342,
322,
305,
332,
818,
1391,
282,
1421,
984,
1347,
1417,
1426,
305,
335,
1628,
1771,
831,
286,
95,
1143,
2412,
311,
1365,
717,
221,
1364,
687,
2401,
96,
1436,
1340,
1419,
89,
1648,
1390,
451,
257,
1761,
1425,
241,
714,
679,
651,
488,
983,
757,
1457,
119,
135,
154,
864,
859,
154,
871,
80,
1864,
1303,
999,
1230,
1394,
471,
163,
856,
108,
197,
826,
391,
475,
833,
73,
835,
656,
627,
804,
768,
978,
307,
746,
1286,
1226,
1850,
80,
667,
612,
989,
640,
619,
967,
121,
956,
857,
80,
848,
1373,
2451,
731,
80,
1800,
2973,
1931,
411,
1713,
99,
161,
873,
159,
89,
858,
560,
238,
159,
1198,
1140,
1185,
1197,
885,
159,
2980,
917,
86,
1478,
2540,
586,
1395,
82,
523,
160,
550,
941,
1446,
1185,
547,
1829,
307,
506,
786,
72,
636,
503,
521,
628,
1739,
771,
1041,
1010,
1516,
441,
1429,
1039,
262,
260,
1503,
1400,
708,
642,
608,
1649,
919,
619,
421,
432,
275,
595,
808,
614,
656,
438,
1368,
442,
568,
1487,
264,
432,
1334,
90,
249,
973,
1065,
570,
656,
1057,
1313,
171,
543,
256,
318,
537,
569,
233,
231,
533,
168,
447,
1262,
230,
1895,
664,
226,
2585,
167,
2562,
269,
55,
1026,
223,
1334,
2240,
669,
2627,
1059,
168,
564,
1320,
206,
1036,
1090,
828,
204,
443,
824,
211,
554,
2701,
798,
1641,
552,
308,
1302,
833,
227,
548,
1024,
1624,
203,
455,
1022,
2225,
436,
1358,
648,
187,
450,
619,
489,
589,
203,
501,
1040,
199,
1023,
102,
474,
2300,
1045,
993,
1021,
198,
1215,
1041,
1020,
2704,
429,
679,
554,
916,
183,
497,
201,
193,
183,
1022,
2507,
176,
500,
659,
458,
187,
255,
1361,
189,
919,
185,
487,
1501,
1022,
1252,
1576,
1001,
1499,
463,
49,
1056,
498,
1033,
48,
451,
521,
431,
1103,
621,
609,
1114,
319,
1898,
1893,
1757,
584,
807,
948,
429,
392,
2653,
2255,
445,
1188,
2643,
2178,
889,
305,
394,
1282,
1126,
1293,
588,
386,
1072,
1504,
1554,
1142,
2617,
628,
2610,
903,
246,
443,
758,
480,
991,
441,
454,
477,
3095,
402,
282,
430,
796,
1839,
1172,
441,
1503,
1863,
943,
430,
2471,
318,
423,
1075,
822,
1860,
215,
430,
876,
1910,
751,
1164,
1289,
787,
177,
932,
961,
1414,
1020,
478,
543,
430,
734,
437,
1162,
213,
1001,
1022,
1624,
1134,
1264,
986,
93,
76,
949,
432,
890,
1040,
1102,
77,
1423,
624,
131,
1432,
1224,
82,
76,
1239,
1179,
72,
1506,
1868,
2765,
70,
1089,
132,
988,
1613,
555,
757,
1934,
1863,
768,
1203,
544,
1298,
120,
1224,
841,
835,
80,
890,
85,
1050,
73,
912,
887,
722,
858,
321,
1222,
3127,
639,
456,
519,
452,
55,
745,
1076,
446,
3155,
519,
1113,
1031,
2078,
44,
1106,
317,
498,
62,
781,
513,
81,
736,
538,
39,
910,
1182,
2403,
469,
310,
557,
922,
929,
870,
858,
458,
1804,
883,
1172,
1557,
578,
2178,
672,
1106,
450,
590,
1131,
440,
1088,
991,
1143,
1252,
462,
919,
41,
1007,
504,
688,
236,
492,
924,
456,
406,
350,
904,
1102,
332,
372,
340,
360,
996,
580,
452,
638,
239,
914,
962,
371,
331,
1292,
731,
456,
238,
720,
1303,
1036,
93,
2671,
44,
257,
42,
1618,
1029,
88,
520,
1669,
701,
1803,
312,
93,
1464,
180,
1920,
86,
742,
227,
2754,
1585,
737,
2343,
601,
418,
891,
1057,
1252,
553,
1104,
1048,
43,
595,
219,
214,
1073,
417,
409,
953,
1139,
259,
888,
1126,
1011,
926,
794,
1301,
417,
1892,
923,
1055,
1078,
1066,
44,
1656,
1006,
281,
1130,
492,
1199,
1307,
536,
738,
924,
1596,
53,
362,
1898,
694,
45,
259,
189,
316,
991,
271,
372,
269,
1581,
1680,
279,
3164,
380,
292,
137,
1885,
210,
302,
49,
192,
1833,
364,
2266,
207,
1397,
45,
211,
272,
2156,
459,
275,
433,
2169,
2365,
295,
219,
201,
903,
453,
447,
631,
1309,
462,
721,
459,
287,
469,
1609,
1989,
517,
638,
130,
737,
963,
998,
1649,
1676,
1862,
644,
1048,
1185,
126,
633,
733,
45,
1048,
124,
984,
460,
1869,
2176,
122,
41,
455,
715,
1053,
195,
859,
1887,
193,
439,
837,
1333,
242,
225,
204,
44,
100,
75,
39,
226,
489,
205,
526,
575,
80,
1967,
1420,
1038,
40,
72,
543,
612,
77,
421,
579,
510,
803,
420,
73,
418,
399,
394,
1465,
942,
226,
1060,
1025,
418,
1754,
448,
1903,
1771,
462,
1752,
659,
1622,
719,
836,
207,
1068,
2548,
666,
2443,
1964,
209,
181,
48,
883,
165,
474,
466,
315,
1774,
1903,
1309,
1530,
685,
1097,
703,
47,
1772,
1671,
1061,
1627,
1619,
458,
1143,
42,
1545,
229,
720,
38,
1444,
522,
1651,
479,
220,
95,
1704,
116,
218,
1768,
1460,
967,
602,
1174,
744,
208,
232,
143,
214,
1778,
1220,
213,
2167,
230,
115,
678,
1121,
1942,
1370,
45,
822,
905,
812,
1882,
1365,
25,
1450,
41,
1203,
1910,
1867,
987,
614,
1545,
1563,
452,
243,
796,
999,
1477,
902,
595,
1129,
2077,
758,
1696,
674,
717,
94,
112,
1461,
969,
864,
49,
502,
978,
902,
1454,
671,
82,
1708,
1801,
1712,
1453,
1919,
294,
460,
46,
85,
1800,
357,
100,
83,
371,
241,
1385,
123,
1918,
40,
535,
240,
479,
802,
509,
488,
1727,
247,
781,
472,
1081,
369,
1808,
1111,
1157,
458,
815,
527,
539,
964,
45,
999,
242,
517,
451,
1730,
806,
532,
228,
269,
266,
801,
1624,
492,
1150,
1272,
1697,
289,
541,
1347,
969,
1278,
452,
1495,
688,
528,
531,
1282,
1128,
255,
1269,
279,
1179,
195,
1278,
769,
1252,
714,
778,
964,
1362,
1510,
48,
2749,
326,
1475,
1698,
706,
1576,
86,
41,
721,
2764,
1564,
2730,
1495,
646,
708,
655,
308,
75,
1047,
1239,
979,
703,
729,
722,
593,
854,
288,
582,
282,
272,
640,
46,
41,
500,
898,
565,
271,
2208,
2118,
350,
2071,
289,
273,
283,
268,
234,
314,
257,
45,
1266,
1651,
1136,
813,
250,
253,
641,
653,
1657,
1542,
284,
291,
486,
265,
1276,
1405,
274,
265,
677,
45,
137,
219,
228,
278,
540,
634,
44,
181,
275,
267,
532,
137,
672,
44,
265,
1027,
1541,
660,
135,
251,
213,
119,
40,
110,
776,
90,
109,
1431,
44,
504,
42,
552,
92,
38,
1548,
861,
586,
327,
708,
96,
800,
1294,
1282,
1278,
635,
393,
40,
1319,
1649,
1477,
2058,
1465,
1806,
81,
1298,
420,
523,
1556,
1806,
1593,
364,
44,
1599,
646,
1896,
940,
1335,
72,
60,
1482,
43,
194,
190,
702,
1555,
42,
2058,
40,
2323,
1308,
1137,
507,
180,
39,
154,
84,
2004,
1136,
40,
1482,
1437,
1816,
1833,
90,
36,
77,
1815,
583,
173,
233,
501,
384,
1783,
504,
589,
417,
503,
550,
573,
634,
489,
612,
1013,
241,
597,
798,
804,
2296,
41,
1600,
607,
704,
708,
716,
676,
2461,
427,
658,
81,
632,
603,
787,
2063,
1303,
345,
751,
2433,
1823,
340,
1310,
736,
1213,
337,
1333,
204,
41,
826,
743,
1280,
158,
40,
1033,
629,
1920,
39,
412,
403,
708,
2101,
152,
1092,
346,
874,
2039,
774,
130,
355,
1690,
337,
1791,
1462,
313,
873,
1260,
353,
311,
2084,
1747,
1253,
296,
1828,
1520,
784,
1068,
48,
310,
1530,
1231,
375,
531,
1639,
383,
63,
445,
1172,
235,
402,
753,
350,
305,
409,
711,
1737,
1379,
763,
748,
683,
396,
2836,
2013,
293,
734,
285,
1984,
1518,
534,
708,
1097,
2193,
1464,
481,
543,
690,
596,
1084,
1486,
657,
495,
714,
235,
1288,
767,
76,
556,
581,
1224,
884,
559,
697,
443,
717,
848,
1645,
432,
728,
135,
2532,
105,
1139,
572,
48,
85,
1859,
909,
1617,
2858,
227,
1976,
858,
701,
1671,
856,
947,
739,
43,
647,
145,
1318,
321,
315,
1664,
1523,
1590,
320,
642,
189,
449,
132,
476,
316,
309,
312,
383,
2140,
458,
307,
1503,
443,
44,
546,
133,
1224,
632,
613,
1209,
645,
353,
443,
2382,
1571,
1439,
1382,
2376,
1436,
45,
2119,
1333,
1404,
656,
1588,
457,
349,
799,
311,
595,
646,
797,
643,
1331,
304,
303,
1532,
840,
1375,
120,
316,
205,
642,
1352,
635,
875,
1417,
2277,
44,
1562,
759,
315,
1688,
361,
799,
43,
1797,
753,
1990,
635,
645,
1492,
591,
1409,
550,
154,
1504,
373,
558,
877,
634,
643,
38,
1363,
535,
488,
1569,
1556,
1538,
639,
630,
529,
531,
481,
1419,
516,
1403,
133,
1019,
838,
1126,
1502,
2268,
41,
1152,
131,
320,
1544,
938,
587,
440,
1366,
119,
817,
766,
38,
929,
1459,
1071,
1527,
119,
1372,
2196,
1554,
1554,
2100,
285,
1426,
448,
446,
806,
421,
621,
2162,
298,
986,
432,
418,
1556,
963,
1691,
821,
88,
1530,
108,
966,
1416,
1406,
623,
1254,
87,
1498,
2208,
507,
1223,
617,
475,
1541,
839,
1633,
1095,
2261,
1289,
1691,
640,
665,
609,
898,
1421,
935,
399,
813,
1693,
2071,
605,
892,
160,
447,
1197,
334,
961,
775,
474,
830,
127,
728,
115,
944,
1345,
751,
864,
739,
509,
635,
985,
371,
634,
904,
1341,
328,
1914,
332,
1536,
101,
1182,
509,
358,
1574,
477,
468,
461,
2141,
863,
340,
671,
1106,
2133,
1171,
1385,
336,
612,
450,
1080,
1276,
765,
677,
980,
434,
542,
1244,
610,
713,
1379,
595,
578,
88,
575,
609,
2094,
1650,
473,
583,
351,
935,
580,
989,
1026,
696,
183,
1143,
1454,
654,
997,
614,
358,
614,
590,
1583,
1723,
183,
935,
589,
980,
364,
182,
1445,
109,
875,
555,
833,
1368,
538,
181,
668,
104,
1420,
525,
1633,
554,
373,
675,
1034,
351,
891,
984,
414,
1217,
585,
95,
2245,
1369,
376,
844,
76,
2247,
514,
374,
2109,
561,
311,
1038,
367,
1061,
365,
1049,
1664,
1227,
742,
1374,
1047,
126,
1371,
1239,
1233,
755,
107,
998,
485,
993,
558,
367,
471,
710,
105,
871,
366,
703,
1224,
2029,
94,
906,
945,
1131,
479,
975,
89,
457,
2187,
1319,
561,
327,
1299,
526,
1421,
2512,
1947,
2208,
1107,
201,
1169,
371,
524,
374,
1691,
358,
1190,
1631,
999,
2178,
1754,
997,
803,
355,
1004,
687,
607,
997,
1720,
1804,
1088,
1474,
588,
326,
902,
580,
127,
340,
481,
807,
1611,
1606,
777,
414,
1202,
794,
1492,
768,
366,
96,
270,
1025,
96,
1316,
209,
383,
369,
94,
1603,
208,
376,
571,
141,
198,
1127,
197,
162,
1640,
2095,
1972,
1733,
613,
365,
1117,
599,
1454,
1398,
1594,
151,
603,
1381,
1584,
147,
535,
610,
946,
1067,
647,
1502,
133,
1682,
371,
392,
1747,
377,
1396,
366,
557,
358,
783,
391,
1469,
1196,
1623,
370,
610,
1622,
1076,
374,
179,
1416,
389,
1750,
344,
923,
338,
1421,
2030,
906,
1136,
156,
56,
122,
224,
920,
606,
1080,
1759,
1738,
375,
367,
274,
1737,
356,
157,
381,
797,
430,
115,
1687,
1391,
196,
1134,
175,
470,
2305,
117,
794,
2107,
1333,
789,
1763,
113,
1753,
785,
101,
921,
427,
1597,
2118,
1752,
100,
289,
60,
2218,
1637,
181,
594,
1089,
579,
1210,
60,
483,
97,
1064,
1148,
1058,
51,
96,
1071,
49,
1166,
88,
1113,
2211,
1593,
1048,
1022,
87,
372,
96,
63,
512,
249,
1597,
61,
421,
71,
601,
520,
61,
518,
510,
796,
1605,
2211,
530,
638,
1258,
1433,
1432,
63,
654,
147,
1026,
798,
1022,
562,
182,
479,
154,
1034,
483,
472,
487,
599,
147,
1762,
471,
452,
151,
1073,
1024,
130,
362,
369,
356,
1620,
392,
1518,
128,
634,
1324,
2258,
329,
301,
416,
429,
660,
683,
1633,
541,
134,
516,
153,
304,
130,
559,
583,
1794,
503,
520,
525,
981,
523,
997,
204,
1288,
381,
499,
2076,
854,
1738,
2250,
490,
489,
106,
384,
83,
110,
1120,
483,
86,
1131,
805,
1402,
1741,
440,
79,
1087,
987,
463,
750,
412,
1412,
116,
706,
625,
980,
114,
1028,
1984,
380,
86,
109,
1882,
403,
940,
694,
2708,
969,
1195,
97,
504,
83,
662,
377,
415,
1018,
584,
2694,
970,
778,
330,
389,
365,
393,
394,
380,
369,
376,
370,
1075,
120,
546,
377,
880,
999,
683,
2171,
1372,
289,
1333,
1375,
377,
368,
906,
230,
1816,
1055,
1939,
1496,
1803,
878,
1186,
229,
2169,
1725,
1193,
863,
528,
673,
84,
117,
1117,
1187,
556,
299,
380,
519,
1130,
254,
1010,
172,
1012,
1304,
1005,
509,
300,
1006,
895,
396,
408,
368,
347,
414,
103,
290,
1245,
237,
1708,
1693,
1460,
91,
20,
398,
433,
1339,
546,
2189,
284,
376,
90,
883,
1471,
359,
1249,
1274,
138,
86,
1431,
602,
554,
1292,
548,
1029,
182,
883,
1361,
572,
670,
1391,
2177,
665,
2085,
2201,
562,
1768,
1070,
1829,
656,
89,
281,
343,
2057,
121,
1507,
689,
2011,
89,
2321,
2050,
183,
458,
700,
686,
1937,
326,
1034,
400,
1011,
172,
134,
2047,
290,
2001,
401,
1837,
1364,
288,
303,
1682,
336,
177,
296,
320,
108,
702,
1821,
330,
1928,
1607,
519,
277,
1821,
743,
945,
1701,
467,
696,
371,
143,
1061,
1356,
2671,
1024,
918,
2700,
109,
91,
1224,
999,
408,
467,
354,
301,
1523,
595,
1935,
437,
1839,
1326,
282,
1729,
242,
190,
75,
769,
746,
1737,
195,
1860,
656,
600,
100,
1764,
431,
1758,
154,
1241,
166,
74,
239,
154,
1754,
293,
153,
287,
71,
280,
151,
1713,
257,
293,
254,
1782,
204,
714,
323,
252,
774,
151,
355,
1576,
70,
481,
1753,
241,
2360,
1858,
1728,
541,
252,
1825,
1856,
201,
235,
1241,
216,
1854,
221,
249,
243,
201,
1556,
2066,
1397,
214,
1824,
192,
738,
69,
221,
954,
864,
538,
461,
1823,
256,
215,
687,
276,
445,
499,
660,
2025,
2290,
943,
750,
495,
64,
504,
433,
1248,
473,
733,
2102,
235,
65,
1497,
978,
1828,
1973,
413,
1527,
58,
2480,
1606,
53,
2045,
212,
53,
1262,
695,
715,
731,
685,
456,
1263,
1029,
744,
2342,
1483,
461,
1762,
1328,
42,
201,
2406,
1037,
1518,
1705,
1840,
538,
1943,
477,
1025,
638,
2019,
987,
678,
1631,
739,
200,
769,
47,
2473,
522,
105,
1368,
461,
44,
812,
41,
407,
1863,
644,
505,
2376,
2293,
41,
609,
1300,
817,
528,
603,
761,
973,
1044,
519,
562,
2031,
247,
529,
2022,
1353,
1854,
525,
77,
1391,
775,
62,
2425,
698,
492,
47,
1767,
1791,
619,
41,
1783,
86,
1014,
735,
725,
2239,
214,
1571,
622,
672,
1436,
467,
506,
197,
791,
198,
1142,
643,
821,
191,
506,
180,
207,
204,
1479,
992,
492,
1019,
169,
443,
1122,
992,
462,
54,
52,
790,
38,
87,
1688,
1509,
502,
43,
1555,
656,
905,
705,
1696,
590,
40,
233,
527,
1018,
1791,
457,
549,
1552,
850,
257,
206,
542,
480,
187,
191,
39,
396,
2217,
1900,
2056,
1386,
1523,
38,
2443,
1770,
529,
1010,
36,
1447,
1818,
1828,
539,
200,
351,
1530,
528,
438,
1177,
416,
588,
1816,
1044,
1461,
1040,
540,
479,
780,
179,
223,
1929,
241,
556,
1925,
641,
219,
1815,
345,
910,
223,
1028,
180,
537,
918,
543,
491,
1455,
528,
402,
168,
1509,
1041,
326,
889,
447,
128,
1009,
428,
1465,
1491,
2017,
1432,
543,
768,
1042,
372,
122,
478,
1006,
2283,
731,
726,
730,
44,
123,
737,
175,
1995,
586,
1495,
1932,
829,
87,
2438,
484,
555,
632,
288,
1721,
1038,
1457,
926,
62,
754,
1029,
1036,
2504,
205,
602,
277,
993,
1606,
469,
2233,
1904,
91,
1510,
290,
843,
982,
1607,
471,
1359,
1237,
87,
250,
487,
2563,
2216,
1168,
574,
43,
38,
1398,
277,
1476,
249,
1998,
39,
305,
1410,
622,
645,
575,
301,
644,
1478,
2016,
39,
363,
1470,
419,
300,
637,
1843,
1479,
766,
2164,
274,
633,
1821,
679,
1793,
791,
645,
559,
41,
649,
1427,
1777,
641,
2109,
1660,
81,
1419,
599,
749,
88,
2220,
639,
1445,
989,
948,
124,
78,
630,
78,
41,
280,
78,
278,
899,
2077,
975,
1060,
546,
436,
1896,
433,
285,
451,
846,
1901,
1993,
75,
625,
809,
276,
1895,
80,
998,
1027,
447,
719,
862,
2066,
677,
1328,
2036,
246,
284,
63,
149,
1705,
109,
1911,
2842,
1004,
2168,
2001,
2112,
244,
241,
964,
284,
1680,
1018,
84,
700,
2818,
40,
2772,
969,
1904,
543,
302,
241,
294,
291,
1691,
1909,
240,
552,
302,
2083,
44,
701,
36,
1424,
1060,
855,
90,
673,
677,
43,
954,
2140,
82,
667,
635,
690,
722,
75,
669,
2609,
608,
88,
2857,
845,
42,
218,
1756,
1867,
1827,
2095,
42,
1819,
1018,
1987,
1419,
1810,
1777,
1768,
2605,
145,
1480,
1789,
324,
1788,
1420,
2040,
1697,
79,
901,
1417,
2646,
1490,
1995,
872,
321,
2094,
326,
881,
43,
688,
2785,
2542,
1155,
1698,
731,
42,
2111,
568,
40,
2127,
882,
723,
1721,
1716,
2134,
749,
1735,
624,
1715,
555,
738,
585,
588,
1522,
489,
362,
694,
902,
569,
581,
593,
1148,
1478,
45,
642,
407,
1137,
524,
373,
713,
945,
534,
1008,
1130,
763,
1157,
1515,
1129,
1110,
1511,
2361,
557,
1976,
993,
1857,
519,
1121,
1654,
1719,
1996,
571,
1838,
698,
738,
1189,
1648,
254,
670,
699,
737,
86,
576,
346,
1666,
651,
687,
2151,
2512,
701,
602,
2162,
251,
1872,
727,
697,
80,
942,
1007,
1142,
41,
522,
760,
744,
58,
530,
1533,
39,
345,
343,
306,
1743,
1777,
237,
670,
1742,
146,
2675,
510,
449,
2337,
122,
358,
447,
466,
671,
783,
369,
465,
777,
349,
656,
669,
1501,
1152,
1511,
482,
1739,
40,
1617,
501,
480,
86,
1729,
1498,
130,
485,
49,
420,
126,
38,
41,
684,
125,
2011,
123,
561,
815,
1043,
264,
376,
138,
920,
84,
2160,
598,
777,
716,
212,
783,
39,
931,
132,
718,
1095,
39,
48,
369,
1096,
807,
133,
448,
688,
676,
634,
1151,
1531,
740,
1590,
385,
653,
345,
1118,
677,
322,
620,
121,
399,
328,
169,
388,
666,
644,
83,
1165,
387,
1203,
829,
2138,
428,
121,
45,
524,
702,
402,
946,
508,
103,
1043,
83,
810,
416,
1148,
74,
43,
790,
850,
2140,
1295,
602,
1100,
339,
1786,
504,
1104,
2137,
723,
402,
922,
365,
476,
888,
275,
1147,
1055,
351,
2095,
206,
401,
76,
1833,
1991,
505,
1130,
799,
785,
712,
515,
1949,
261,
1088,
1757,
601,
422,
398,
1084,
395,
586,
649,
271,
723,
2161,
587,
364,
355,
420,
131,
462,
327,
377,
414,
362,
114,
325,
396,
1493,
367,
317,
563,
1492,
785,
45,
2208,
487,
758,
41,
255,
136,
773,
116,
609,
40,
698,
434,
138,
280,
608,
1240,
524,
137,
432,
548,
105,
137,
614,
1461,
42,
915,
183,
88,
145,
718,
652,
566,
672,
136,
1469,
41,
1363,
134,
162,
2734,
2741,
649,
1585,
770,
644,
43,
133,
436,
936,
41,
611,
683,
1583,
117,
105,
766,
1545,
2217,
746,
41,
90,
99,
1589,
2709,
583,
417,
849,
394,
695,
1010,
2180,
453,
766,
1947,
377,
757,
745,
104,
790,
845,
1618,
2209,
739,
779,
2154,
771,
1551,
1747,
366,
700,
375,
2130,
447,
375,
288,
2124,
297,
274,
1112,
297,
1271,
272,
721,
1383,
397,
593,
1631,
933,
612,
273,
47,
808,
309,
466,
1389,
691,
779,
623,
1387,
1383,
308,
1024,
1034,
105,
2138,
249,
812,
781,
1269,
984,
106,
1868,
774,
104,
766,
41,
1088,
414,
469,
693,
2109,
236,
1096,
649,
41,
1394,
67,
1043,
670,
410,
456,
2141,
95,
535,
483,
1186,
621,
426,
636,
373,
210,
273,
105,
270,
2295,
459,
201,
263,
235,
285,
572,
280,
2796,
229,
405,
1080,
695,
1484,
40,
128,
702,
848,
1047,
127,
831,
1264,
779,
599,
1888,
810,
638,
323,
353,
788,
232,
338,
449,
99,
128,
419,
423,
207,
1371,
705,
641,
842,
429,
219,
2778,
1164,
406,
175,
1201,
828,
699,
89,
782,
352,
86,
690,
400,
760,
1222,
44,
123,
227,
101,
1602,
818,
221,
809,
716,
123,
736,
214,
705,
43,
877,
421,
451,
671,
39,
683,
798,
2811,
700,
623,
126,
1109,
2135,
422,
1422,
510,
776,
123,
620,
2637,
208,
45,
119,
426,
1079,
790,
2291,
603,
200,
688,
1079,
719,
100,
819,
871,
785,
43,
792,
214,
869,
76,
736,
619,
81,
117,
1248,
1825,
143,
2192,
2344,
1567,
416,
720,
2312,
764,
1577,
2836,
361,
2384,
838,
850,
832,
848,
828,
580,
86,
858,
2171,
867,
1239,
839,
1097,
1055,
2300,
80,
533,
39,
742,
725,
850,
677,
731,
2434,
88,
794,
80,
736,
553,
846,
43,
1581,
732,
1058,
481,
43,
888,
54,
42,
291,
40,
105,
741,
865,
119,
2046,
675,
1259,
39,
2178,
2128,
82,
40,
1678,
79,
461,
76,
1467,
2201,
1026,
1488,
2791,
761,
783,
814,
257,
2056,
760,
1765,
1379,
768,
218,
1574,
270,
1137,
644,
1123,
729,
2273,
727,
2326,
654,
630,
979,
443,
333,
474,
358,
456,
2230,
742,
2180,
858,
365,
1621,
1127,
2172,
1251,
1958,
38,
334,
491,
1249,
2281,
2031,
285,
355,
465,
840,
737,
1886,
604,
1492,
930,
412,
401,
634,
880,
497,
387,
2201,
381,
265,
1817,
257,
711,
318,
255,
584,
710,
47,
2247,
875,
404,
263,
256,
791,
712,
625,
364,
821,
801,
872,
356,
1307,
263,
1122,
48,
335,
1090,
780,
201,
801,
355,
869,
2367,
1123,
756,
2015,
1099,
874,
245,
1158,
761,
698,
861,
760,
2367,
812,
782,
687,
277,
331,
1281,
703,
841,
48,
746,
181,
2362,
839,
340,
2175,
815,
178,
748,
774,
1156,
207,
121,
41,
2836,
40,
139,
2384,
752,
1712,
275,
1214,
281,
2806,
273,
598,
106,
269,
597,
221,
267,
264,
93,
308,
979,
78,
1202,
76,
277,
308,
1592,
1184,
48,
777,
294,
833,
1698,
2132,
275,
42,
1858,
777,
49,
1841,
781,
2881,
684,
200,
1495,
777,
760,
476,
814,
807,
48,
781,
193,
1729,
629,
82,
1449,
368,
263,
884,
2824,
35,
651,
780,
732,
1000,
1032,
992,
1998,
2805,
789,
77,
167,
1169,
967,
1801,
312,
719,
1921,
638,
1754,
772,
92,
780,
777,
383,
820,
782,
753,
975,
588,
177,
778,
241,
803,
104,
844,
337,
272,
1569,
417,
738,
218,
587,
780,
1567,
1693,
566,
312,
326,
1032,
970,
584,
861,
1967,
980,
1123,
1692,
324,
972,
330,
900,
798,
998,
1579,
184,
676,
277,
1667,
1784,
359,
300,
293,
338,
990,
1015,
959,
825,
311,
822,
892,
873,
785,
738,
760,
214,
1379,
307,
215,
2152,
300,
869,
1963,
281,
780,
275,
278,
830,
836,
273,
1696,
1215,
1679,
43,
595,
866,
1977,
271,
269,
224,
981,
304,
788,
256,
823,
267,
2086,
1761,
1775,
1940,
679,
722,
861,
262,
889,
397,
286,
45,
1196,
509,
253,
1775,
468,
447,
316,
1488,
674,
311,
212,
302,
199,
246,
393,
1753,
295,
1439,
131,
360,
253,
44,
263,
226,
1573,
85,
1269,
1309,
792,
1433,
1609,
1692,
71,
45,
1466,
798,
51,
979,
839,
2458,
2465,
46,
973,
45,
1450,
259,
40,
124,
1440,
327,
1695,
114,
40,
1573,
110,
96,
102,
314,
909,
892,
301,
224,
283,
212,
890,
845,
921,
229,
233,
901,
837,
221,
217,
1286,
102,
212,
855,
1848,
1068,
779,
216,
47,
776,
923,
211,
726,
1454,
757,
93,
1219,
191,
299,
939,
1121,
287,
562,
155,
48,
2278,
754,
212,
289,
210,
225,
555,
601,
596,
648,
770,
827,
993,
833,
591,
169,
2272,
804,
369,
810,
873,
800,
125,
358,
2111,
347,
851,
1738,
384,
684,
77,
762,
388,
75,
1795,
1688,
388,
1997,
1214,
47,
909,
805,
778,
76,
1988,
1502,
1136,
908,
43,
1975,
901,
234,
41,
1845,
76,
936,
962,
861,
319,
781,
1764,
165,
234,
918,
227,
967,
1390,
790,
658,
254,
315,
285,
78,
356,
314,
1079,
504,
228,
800,
502,
416,
370,
1309,
47,
795,
397,
1273,
267,
111,
341,
40,
2423,
233,
87,
259,
244,
366,
269,
341,
2121,
920,
2556,
297,
41,
1726,
900,
709,
867,
1621,
854,
1999,
854,
78,
799,
1332,
314,
42,
1633,
2184,
1862,
41,
291,
582,
1892,
630,
212,
498,
141,
268,
967,
2074,
171,
496,
537,
506,
509,
513,
1544,
226,
2537,
631,
1392,
1562,
827,
1551,
303,
1161,
43,
510,
1791,
41,
90,
1646,
2133,
396,
971,
469,
464,
636,
2839,
1666,
397,
40,
1655,
3100,
464,
408,
816,
577,
603,
398,
597,
2006,
1281,
1195,
43,
360,
459,
747,
41,
427,
398,
1325,
1341,
40,
2238,
408,
468,
872,
220,
472,
2840,
927,
460,
359,
1308,
807,
1665,
841,
819,
1716,
391,
90,
946,
83,
443,
41,
1309,
439,
269,
606,
1849,
41,
1252,
91,
259,
76,
324,
1260,
1629,
1846,
460,
308,
1813,
1010,
839,
163,
1307,
2039,
312,
1516,
888,
832,
997,
1252,
1318,
171,
1262,
828,
72,
2012,
398,
1257,
1700,
411,
825,
1691,
50,
614,
1321,
1930,
2011,
832,
679,
1108,
1288,
97,
1294,
934,
515,
839,
2827,
1021,
38,
1121,
470,
1127,
347,
1510,
1114,
385,
1774,
328,
86,
467,
2090,
248,
943,
94,
36,
278,
93,
727,
2751,
1962,
917,
1020,
78,
346,
423,
1909,
702,
344,
1691,
1779,
1088,
1847,
358,
295,
1854,
1680,
343,
353,
1002,
1832,
99,
1677,
80,
977,
948,
655,
345,
868,
1042,
1736,
1190,
98,
657,
1346,
960,
1725,
928,
919,
313,
408,
534,
549,
346,
275,
1615,
576,
299,
1644,
909,
1018,
906,
885,
64,
1792,
278,
2644,
1616,
858,
43,
1480,
2282,
1286,
42,
2841,
1281,
296,
3190,
89,
1890,
2097,
1227,
1023,
928,
1030,
1621,
38,
232,
552,
1572,
1332,
355,
1315,
1228,
1563,
301,
553,
1162,
1677,
1394,
387,
281,
1688,
1300,
1626,
483,
43,
1296,
802,
84,
280,
1235,
925,
2332,
1080,
278,
1030,
304,
1381,
1223,
1215,
678,
925,
1076,
1074,
762,
912,
1624,
802,
113,
92,
39,
303,
1071,
414,
917,
1322,
919,
38,
645,
922,
1033,
1356,
886,
79,
1611,
1380,
1072,
1028,
426,
1281,
2212,
39,
1033,
1320,
399,
285,
1023,
1525,
1252,
2094,
1122,
291,
1222,
1009,
1497,
1101,
1052,
43,
287,
252,
1112,
115,
1025,
42,
287,
1016,
3095,
42,
920,
532,
1093,
1237,
583,
1084,
269,
329,
2860,
1042,
441,
1124,
1052,
902,
813,
1032,
1380,
607,
1244,
337,
454,
586,
985,
270,
207,
837,
1247,
415,
332,
718,
1076,
1060,
1208,
959,
215,
1038,
271,
1496,
1060,
1270,
1090,
945,
501,
949,
1674,
680,
45,
1478,
458,
1984,
345,
1243,
593,
1180,
170,
1211,
1006,
844,
47,
532,
348,
2686,
323,
287,
447,
46,
1169,
945,
446,
317,
276,
1297,
1295,
1041,
426,
350,
366,
94,
346,
424,
1527,
1235,
402,
1380,
955,
47,
364,
1177,
137,
220,
1036,
1010,
905,
1171,
594,
2155,
1155,
138,
136,
1102,
57,
625,
452,
1710,
134,
306,
1090,
2807,
468,
129,
252,
808,
641,
331,
1330,
1643,
533,
471,
1240,
2798,
43,
40,
470,
1167,
468,
39,
1471,
1166,
1113,
1160,
577,
2855,
1402,
434,
135,
144,
2280,
108,
554,
412,
1842,
1161,
119,
447,
390,
387,
1538,
2033,
1178,
298,
1674,
1449,
387,
384,
378,
1905,
623,
534,
382,
389,
796,
525,
1255,
898,
355,
379,
1005,
939,
896,
823,
748,
888,
378,
320,
786,
1223,
621,
542,
406,
44,
1121,
861,
768,
466,
1314,
1135,
218,
473,
302,
475,
388,
46,
991,
405,
1201,
987,
1276,
1279,
1710,
1103,
1323,
2273,
191,
1092,
1721,
317,
49,
41,
491,
489,
456,
41,
402,
1174,
986,
451,
2431,
986,
433,
1156,
1336,
1691,
309,
116,
1404,
1048,
94,
1383,
1846,
2399,
1895,
325,
78,
324,
1022,
1103,
813,
1969,
605,
1896,
1138,
384,
451,
106,
1017,
259,
2161,
1018,
271,
1061,
1033,
413,
816,
323,
823,
318,
1046,
1027,
1160,
1112,
999,
121,
162,
1053,
288,
1102,
1252,
1108,
934,
40,
417,
72,
414,
279,
1155,
1176,
1289,
1161,
1107,
889,
163,
467,
2259,
413,
669,
1181,
928,
1057,
405,
457,
1100,
394,
1002,
414,
1108,
884,
411,
403,
1245,
1344,
386,
1899,
1209,
1040,
804,
2234,
1710,
1210,
45,
878,
536,
384,
1178,
1031,
77,
399,
1061,
1194,
297,
1642,
460,
43,
75,
459,
42,
121,
40,
269,
39,
108,
881,
270,
1160,
78,
77,
917,
2073,
101,
907,
429,
553,
83,
272,
47,
1182,
437,
376,
1041,
441,
466,
1267,
238,
1384,
693,
2599,
478,
2353,
1295,
458,
1293,
1287,
433,
1064,
75,
1181,
414,
1184,
487,
753,
413,
1093,
1939,
409,
411,
1087,
1017,
1295,
2552,
804,
1482,
479,
482,
531,
801,
487,
3390,
472,
509,
1093,
419,
572,
888,
468,
1261,
565,
466,
3366,
522,
894,
1231,
833,
711,
1380,
870,
917,
888,
2838,
1305,
3393,
81,
769,
861,
296,
42,
1226,
1163,
40,
1775,
956,
1662,
1158,
1110,
689,
686,
449,
1138,
1075,
1260,
887,
706,
643,
1118,
1046,
1179,
1240,
427,
436,
1260,
404,
1053,
148,
2315,
1381,
332,
1216,
444,
703,
320,
411,
45,
231,
419,
404,
2315,
427,
333,
487,
1229,
785,
326,
2314,
442,
419,
276,
311,
409,
1815,
701,
292,
86,
421,
1089,
340,
2923,
272,
240,
344,
969,
287,
1240,
276,
47,
284,
274,
2378,
294,
385,
483,
1069,
391,
46,
790,
283,
401,
1131,
1199,
793,
1360,
376,
505,
294,
1254,
287,
1820,
270,
1122,
2911,
777,
91,
1242,
293,
789,
1274,
3001,
416,
647,
1541,
995,
971,
1700,
247,
1069,
1213,
614,
1298,
1107,
333,
852,
932,
41,
1233,
135,
1210,
1111,
1719,
361,
309,
261,
251,
257,
1032,
1090,
238,
255,
1030,
585,
1263,
1228,
1603,
232,
1235,
116,
236,
450,
1233,
444,
439,
227,
245,
512,
438,
107,
228,
181,
95,
293,
73,
438,
170,
1555,
188,
87,
228,
80,
658,
1298,
2970,
219,
246,
737,
167,
308,
204,
254,
43,
529,
216,
235,
1739,
253,
42,
1726,
69,
309,
208,
393,
173,
376,
1279,
76,
1278,
991,
75,
266,
505,
1277,
1514,
71,
1270,
2358,
1747,
77,
241,
1376,
2002,
1035,
1591,
2181,
555,
1750,
1045,
1094,
2362,
1015,
550,
405,
2446,
430,
1179,
298,
595,
548,
1529,
287,
405,
312,
104,
321,
1593,
399,
268,
201,
438,
320,
2945,
351,
427,
1485,
978,
379,
474,
1025,
891,
310,
264,
269,
283,
2256,
2008,
477,
203,
891,
271,
1012,
401,
1039,
661,
403,
923,
584,
995,
398,
856,
1599,
413,
1278,
451,
425,
539,
2356,
469,
1278,
423,
1276,
2139,
703,
1276,
291,
468,
1493,
989,
292,
443,
1271,
1330,
704,
1554,
385,
1239,
1229,
436,
534,
1606,
435,
479,
527,
1437,
501,
556,
572,
1265,
753,
1085,
2740,
2087,
103,
1450,
86,
150,
79,
1645,
2853,
727,
2988,
75,
108,
1180,
2958,
1088,
1259,
1271,
513,
1708,
77,
1238,
1231,
3058,
447,
599,
2152,
1375,
546,
3100,
1352,
3103,
627,
1543,
73,
2707,
78,
1373,
70,
545,
551,
2099,
1319,
109,
1228,
320,
2015,
1225,
1961,
61,
54,
462,
91,
1086,
1708,
608,
328,
420,
639,
1722,
45,
607,
2728,
1078,
442,
418,
413,
1702,
787,
3111,
331,
680,
336,
1676,
908,
236,
1560,
103,
36,
210,
650,
58,
442,
446,
1249,
459,
1350,
691,
2157,
227,
1285,
1099,
1132,
75,
484,
1279,
1193,
459,
1097,
1133,
1431,
1115,
590,
427,
1080,
876,
409,
3115,
1460,
3492,
408,
373,
422,
1757,
732,
1299,
1288,
1994,
1184,
1287,
36,
876,
2325,
827,
1451,
478,
391,
386,
820,
1174,
643,
1020,
2572,
818,
379,
343,
1145,
613,
384,
1042,
811,
702,
387,
662,
877,
617,
99,
1471,
652,
1062,
806,
1021,
382,
380,
930,
2371,
44,
1032,
805,
1306,
378,
111,
1205,
803,
896,
517,
379,
106,
1546,
359,
2098,
1023,
711,
802,
46,
959,
998,
1442,
78,
2056,
992,
304,
1390,
78,
732,
1144,
2131,
358,
583,
259,
510,
65,
50,
741,
1294,
368,
1139,
41,
190,
1522,
786,
144,
1318,
1406,
554,
60,
424,
666,
1039,
1022,
1121,
1339,
423,
1652,
1033,
1294,
410,
1362,
952,
1041,
188,
891,
692,
543,
923,
735,
3205,
3192,
43,
721,
601,
515,
1015,
431,
1149,
514,
366,
1112,
511,
1652,
1678,
1638,
1148,
1149,
959,
1345,
742,
412,
409,
415,
404,
68,
2616,
1533,
400,
1056,
520,
398,
702,
3039,
651,
497,
394,
666,
413,
408,
918,
385,
399,
102,
907,
610,
45,
2984,
523,
885,
413,
1455,
1049,
1058,
1056,
549,
2297,
513,
1042,
352,
1482,
2325,
106,
1476,
1430,
90,
77,
93,
41,
973,
523,
520,
514,
207,
77,
673,
772,
1943,
1437,
1327,
3190,
1383,
1325,
1375,
42,
324,
1314,
1014,
474,
508,
209,
696,
536,
2093,
1021,
3570,
769,
125,
39,
3181,
2182,
210,
471,
1034,
410,
2213,
584,
1347,
1378,
2052,
1634,
1426,
553,
2305,
2555,
209,
441,
546,
775,
509,
610,
526,
539,
1381,
204,
973,
41,
458,
199,
1685,
1376,
2240,
393,
384,
1047,
198,
1146,
481,
382,
523,
364,
1377,
970,
769,
493,
1038,
1364,
993,
1280,
1592,
126,
1245,
729,
3203,
2513,
1045,
478,
344,
632,
2544,
717,
640,
1012,
1032,
1172,
990,
521,
944,
724,
433,
126,
355,
1001,
107,
1055,
1254,
614,
389,
775,
550,
1053,
345,
441,
125,
1243,
354,
439,
586,
477,
433,
676,
648,
381,
124,
489,
403,
370,
612,
1252,
624,
1363,
2187,
642,
614,
1234,
639,
121,
579,
456,
449,
671,
99,
333,
396,
605,
2234,
103,
1602,
1330,
404,
295,
118,
1425,
91,
329,
1247,
282,
369,
1733,
88,
291,
137,
115,
41,
337,
1650,
300,
364,
1364,
1046,
407,
1236,
88,
2761,
344,
621,
647,
41,
1052,
276,
392,
994,
883,
256,
1044,
974,
1559,
1042,
88,
69,
1089,
1254,
86,
249,
92,
1488,
297,
3269,
68,
41,
948,
1012,
3273,
332,
1425,
2487,
610,
1422,
945,
929,
1634,
555,
2537,
1420,
926,
1631,
3239,
1254,
588,
1338,
1287,
269,
409,
47,
135,
414,
594,
43,
110,
770,
1146,
1024,
2684,
88,
934,
399,
358,
969,
346,
1633,
344,
291,
1442,
556,
593,
404,
946,
1525,
1023,
1238,
2305,
1669,
312,
3303,
815,
1084,
1496,
1228,
324,
350,
2297,
981,
2045,
535,
642,
1585,
337,
360,
1406,
1706,
1386,
648,
2291,
1280,
262,
1483,
473,
939,
331,
2822,
1120,
1082,
3060,
1962,
752,
507,
889,
637,
2993,
463,
449,
974,
1364,
1286,
1873,
490,
354,
330,
841,
393,
326,
2039,
368,
446,
2368,
46,
290,
2474,
451,
433,
1080,
287,
419,
2577,
381,
45,
42,
1012,
1934,
434,
2891,
763,
657,
1491,
127,
39,
1357,
356,
110,
267,
1490,
273,
93,
102,
232,
2313,
251,
42,
88,
1504,
2265,
71,
78,
493,
895,
457,
716,
892,
444,
890,
41,
453,
297,
2044,
629,
190,
885,
689,
43,
795,
424,
647,
376,
1724,
469,
688,
476,
906,
42,
2045,
413,
1172,
482,
315,
356,
74,
402,
160,
2209,
539,
570,
2966,
261,
522,
47,
2344,
176,
1645,
2240,
317,
214,
80,
1259,
1648,
1031,
1006,
621,
138,
536,
356,
104,
887,
2059,
953,
1719,
919,
2537,
1621,
123,
44,
1624,
281,
2010,
331,
42,
274,
1995,
1057,
254,
83,
1621,
414,
700,
1036,
1201,
916,
1458,
554,
1480,
1383,
489,
718,
542,
635,
2529,
1458,
44,
1540,
984,
1152,
2462,
717,
1989,
1536,
586,
415,
2453,
36,
860,
363,
1531,
56,
1986,
748,
362,
39,
444,
1049,
336,
1515,
85,
1389,
39,
135,
379,
242,
586,
375,
38,
1564,
2737,
1303,
1033,
134,
177,
2826,
1304,
743,
503,
1698,
1752,
634,
338,
499,
698,
1548,
482,
689,
43,
995,
1539,
41,
1444,
706,
92,
89,
1562,
993,
1006,
521,
2439,
990,
1547,
1077,
751,
993,
739,
89,
669,
573,
270,
1079,
88,
1370,
250,
527,
187,
547,
468,
174,
914,
242,
1068,
542,
157,
1994,
1551,
1058,
474,
422,
1327,
496,
1136,
1110,
99,
47,
391,
2286,
99,
526,
269,
666,
2467,
670,
150,
661,
562,
677,
36,
99,
98,
977,
567,
781,
1455,
37,
547,
451,
1313,
259,
1474,
662,
444,
273,
291,
2069,
1725,
554,
586,
39,
440,
259,
1340,
1012,
1391,
444,
249,
456,
913,
157,
455,
1458,
521,
485,
1350,
166,
1620,
1342,
1186,
2529,
469,
221,
300,
2696,
323,
2603,
43,
466,
1115,
1574,
2577,
555,
460,
1161,
991,
1221,
180,
269,
752,
1031,
39,
706,
644,
181,
797,
482,
36,
1094,
831,
2351,
1001,
85,
354,
919,
3492,
2089,
2360,
49,
419,
1357,
1129,
531,
1771,
600,
42,
425,
2329,
1392,
305,
171,
38,
121,
196,
487,
197,
294,
776,
1509,
1378,
826,
780,
738,
588,
784,
496,
812,
1506,
800,
107,
1484,
1490,
113,
279,
512,
1045,
483,
772,
1481,
89,
494,
466,
1781,
1563,
432,
493,
547,
490,
84,
1113,
2479,
744,
277,
269,
489,
483,
2619,
479,
487,
751,
507,
2949,
493,
470,
145,
751,
422,
463,
484,
859,
1183,
502,
452,
720,
2344,
1452,
827,
751,
75,
1204,
496,
749,
41,
3559,
98,
889,
1070,
271,
678,
491,
1534,
2552,
558,
2236,
449,
731,
737,
3496,
1373,
456,
1421,
291,
488,
1845,
1400,
769,
300,
80,
1503,
1254,
571,
438,
407,
1202,
235,
514,
1804,
1562,
1367,
534,
49,
697,
1348,
1220,
1624,
495,
115,
869,
1159,
1202,
366,
3497,
1355,
107,
2563,
652,
1090,
988,
266,
1137,
1275,
355,
3491,
1609,
94,
37,
180,
1285,
1533,
1873,
37,
3534,
421,
482,
1853,
1771,
1628,
482,
1086,
1542,
2247,
411,
1549,
331,
563,
409,
643,
749,
408,
922,
464,
1853,
360,
412,
1389,
427,
420,
269,
825,
883,
455,
293,
1096,
1422,
250,
2333,
281,
1492,
169,
93,
1219,
1089,
876,
585,
411,
474,
1201,
1061,
231,
1285,
93,
1191,
649,
1384,
553,
1094,
87,
513,
3508,
393,
385,
564,
48,
455,
1644,
229,
78,
542,
95,
627,
2227,
1652,
401,
517,
582,
51,
467,
49,
619,
388,
503,
525,
1670,
553,
80,
2742,
363,
2251,
798,
43,
530,
305,
48,
272,
582,
44,
436,
449,
310,
273,
86,
1414,
86,
78,
268,
239,
1116,
2139,
3607,
552,
1430,
44,
69,
39,
1021,
556,
3538,
1159,
714,
1682,
949,
228,
2215,
86,
955,
1382,
262,
199,
80,
1182,
941,
1087,
2276,
256,
2906,
2092,
83,
1551,
1144,
345,
982,
339,
368,
453,
858,
936,
306,
1042,
35,
2192,
546,
1291,
306,
2203,
2278,
957,
545,
943,
2180,
1329,
1903,
837,
537,
1053,
1349,
934,
78,
302,
1036,
78,
180,
1693,
196,
2003,
39,
570,
620,
705,
1539,
1689,
442,
1704,
1408,
1120,
1189,
457,
3604,
568,
1853,
1663,
257,
222,
779,
2194,
461,
1930,
575,
240,
272,
225,
1304,
1239,
1238,
1383,
946,
950,
288,
740,
454,
211,
960,
365,
979,
855,
490,
377,
415,
1316,
206,
408,
484,
81,
954,
414,
205,
481,
1602,
1183,
202,
233,
348,
287,
78,
1099,
1213,
939,
1636,
949,
1003,
934,
542,
231,
947,
493,
1210,
1213,
994,
324,
1212,
626,
7,
1308,
1397,
229,
72,
199,
199,
197,
179,
1022,
106,
960,
495,
1557,
344,
70,
955,
171,
1328,
169,
948,
473,
975,
81,
194,
973,
79,
1582,
125,
91,
2617,
169,
139,
462,
1595,
49,
374,
38,
877,
365,
74,
961,
876,
465,
339,
957,
878,
45,
476,
189,
1144,
74,
1711,
1718,
1706,
201,
347,
188,
43,
76,
482,
349,
1125,
345,
1780,
815,
43,
1515,
485,
648,
1679,
316,
451,
448,
1186,
3624,
43,
1384,
1626,
774,
1691,
445,
3671,
704,
1086,
1378,
939,
811,
102,
475,
1267,
960,
643,
56,
1274,
398,
1263,
897,
2050,
309,
1273,
2025,
302,
1129,
3729,
1402,
586,
296,
1737,
520,
1372,
1696,
255,
738,
650,
1695,
2113,
41,
83,
1694,
230,
506,
40,
84,
1581,
1328,
61,
1028,
41,
304,
600,
2733,
2003,
40,
248,
716,
175,
501,
234,
149,
707,
142,
132,
369,
718,
203,
726,
2377,
860,
851,
494,
124,
169,
201,
2662,
109,
35,
967,
990,
581,
981,
115,
818,
1156,
816,
802,
823,
809,
817,
38,
128,
125,
123,
710,
1333,
109,
607,
1608,
683,
1598,
152,
89,
119,
47,
827,
561,
821,
109,
2286,
42,
2119,
153,
935,
1135,
355,
885,
516,
106,
2169,
2115,
2206,
829,
39,
2415,
3795,
75,
615,
2360,
97,
39,
1789,
279,
152,
