34,
32,
32,
88,
79,
41,
41,
73,
76,
58,
54,
110,
53,
53,
110,
39,
36,
81,
120,
115,
120,
33,
122,
49,
92,
53,
87,
47,
113,
94,
146,
81,
96,
142,
85,
129,
143,
130,
102,
145,
152,
161,
160,
120,
79,
156,
115,
154,
138,
137,
112,
131,
119,
44,
144,
154,
117,
146,
106,
149,
93,
143,
36,
114,
163,
103,
140,
88,
166,
164,
48,
60,
119,
132,
128,
158,
138,
160,
115,
143,
96,
148,
168,
89,
153,
41,
145,
160,
162,
108,
150,
98,
142,
141,
132,
162,
109,
161,
139,
117,
116,
40,
174,
171,
161,
118,
153,
119,
171,
161,
45,
147,
181,
138,
153,
78,
94,
41,
71,
91,
99,
77,
76,
199,
72,
119,
198,
106,
160,
71,
190,
68,
214,
34,
67,
63,
187,
63,
77,
138,
185,
171,
44,
194,
179,
40,
227,
137,
193,
39,
179,
39,
231,
215,
218,
49,
220,
33,
211,
169,
216,
32,
42,
208,
199,
212,
197,
41,
206,
251,
168,
41,
150,
123,
169,
146,
151,
194,
137,
133,
184,
261,
255,
211,
229,
208,
227,
210,
190,
203,
195,
245,
238,
48,
171,
202,
65,
85,
203,
50,
85,
85,
174,
243,
84,
229,
158,
53,
155,
202,
82,
51,
274,
229,
174,
38,
197,
184,
253,
204,
189,
281,
213,
156,
292,
146,
281,
144,
170,
194,
169,
240,
258,
253,
167,
175,
211,
108,
238,
242,
79,
41,
178,
209,
174,
238,
163,
207,
219,
43,
236,
217,
111,
235,
244,
204,
204,
36,
153,
208,
175,
215,
257,
200,
192,
156,
205,
297,
138,
43,
283,
134,
120,
163,
204,
289,
163,
177,
141,
155,
241,
118,
208,
43,
276,
292,
153,
126,
221,
39,
200,
310,
264,
317,
276,
34,
247,
297,
178,
66,
278,
312,
258,
147,
45,
208,
107,
44,
136,
271,
291,
70,
223,
256,
99,
44,
210,
261,
133,
125,
176,
35,
313,
199,
135,
130,
35,
234,
122,
273,
34,
121,
275,
33,
292,
129,
186,
131,
327,
144,
265,
270,
217,
242,
115,
156,
267,
84,
46,
35,
117,
162,
88,
86,
251,
160,
283,
277,
291,
121,
236,
88,
125,
34,
331,
225,
240,
219,
134,
254,
271,
292,
291,
290,
237,
140,
278,
173,
44,
254,
160,
243,
175,
242,
238,
145,
190,
223,
129,
205,
217,
122,
144,
172,
122,
190,
153,
206,
110,
107,
294,
140,
138,
174,
235,
189,
257,
183,
256,
118,
298,
265,
248,
275,
49,
221,
107,
150,
221,
210,
158,
127,
44,
309,
43,
35,
100,
205,
255,
132,
83,
92,
125,
45,
127,
89,
241,
123,
144,
144,
348,
107,
124,
180,
135,
223,
185,
325,
186,
107,
158,
275,
110,
255,
285,
248,
183,
177,
213,
253,
223,
267,
223,
37,
236,
230,
112,
309,
247,
209,
254,
313,
310,
299,
261,
209,
244,
261,
39,
189,
203,
259,
317,
338,
293,
101,
143,
197,
177,
175,
298,
41,
196,
203,
283,
174,
111,
97,
192,
217,
190,
255,
173,
172,
36,
160,
275,
154,
35,
171,
239,
33,
268,
285,
199,
231,
250,
181,
156,
158,
275,
335,
298,
34,
241,
174,
171,
383,
123,
158,
148,
82,
167,
205,
117,
159,
114,
126,
294,
36,
376,
323,
43,
302,
244,
102,
115,
309,
404,
149,
331,
309,
261,
293,
208,
267,
387,
341,
37,
265,
276,
381,
239,
416,
178,
351,
320,
40,
420,
417,
412,
38,
114,
367,
73,
209,
116,
39,
315,
417,
394,
173,
324,
299,
322,
43,
144,
398,
119,
152,
57,
181,
311,
300,
136,
56,
293,
144,
190,
221,
49,
202,
210,
97,
151,
399,
46,
257,
96,
86,
276,
104,
171,
277,
274,
418,
136,
275,
355,
338,
231,
149,
274,
240,
48,
155,
110,
151,
398,
74,
215,
200,
394,
238,
273,
44,
265,
205,
319,
227,
220,
233,
385,
281,
137,
375,
352,
270,
400,
337,
278,
366,
326,
221,
253,
440,
266,
281,
291,
181,
230,
293,
48,
338,
169,
311,
155,
446,
390,
213,
218,
224,
251,
347,
48,
199,
117,
119,
47,
216,
308,
319,
194,
46,
387,
45,
236,
333,
287,
44,
303,
422,
339,
220,
225,
44,
118,
208,
170,
165,
43,
410,
207,
197,
48,
33,
165,
44,
217,
200,
96,
432,
78,
209,
413,
225,
246,
58,
351,
194,
214,
323,
320,
310,
338,
192,
168,
448,
211,
168,
203,
178,
295,
187,
180,
375,
395,
96,
488,
39,
208,
460,
253,
463,
119,
358,
230,
316,
362,
215,
346,
316,
34,
306,
234,
204,
240,
82,
233,
251,
34,
458,
307,
291,
287,
44,
453,
61,
33,
262,
172,
432,
80,
41,
413,
86,
198,
167,
157,
212,
378,
198,
180,
378,
170,
317,
414,
227,
131,
243,
40,
213,
215,
345,
210,
268,
219,
240,
244,
314,
228,
265,
328,
43,
235,
292,
259,
181,
330,
345,
247,
218,
262,
233,
276,
306,
259,
313,
186,
437,
236,
222,
303,
237,
445,
259,
409,
196,
332,
224,
221,
202,
177,
41,
210,
373,
336,
221,
385,
213,
340,
288,
147,
245,
208,
429,
204,
281,
180,
152,
40,
37,
235,
306,
226,
209,
408,
215,
305,
294,
440,
177,
189,
318,
182,
154,
196,
167,
219,
47,
437,
325,
303,
167,
291,
275,
163,
255,
139,
209,
307,
144,
113,
139,
136,
300,
458,
417,
189,
127,
120,
197,
369,
187,
177,
288,
115,
212,
190,
402,
233,
204,
257,
170,
437,
492,
47,
391,
433,
47,
319,
311,
391,
201,
46,
318,
43,
142,
42,
249,
186,
138,
50,
39,
405,
112,
110,
365,
176,
234,
330,
266,
164,
306,
200,
324,
305,
243,
200,
159,
408,
175,
367,
36,
231,
136,
171,
232,
92,
105,
128,
103,
416,
253,
257,
133,
43,
231,
246,
293,
151,
247,
398,
77,
216,
189,
42,
384,
335,
70,
283,
35,
310,
409,
159,
91,
372,
335,
356,
251,
108,
520,
360,
62,
107,
385,
389,
478,
442,
336,
263,
284,
84,
334,
295,
431,
470,
586,
43,
97,
506,
47,
514,
396,
288,
235,
269,
39,
280,
289,
318,
38,
207,
368,
280,
198,
138,
47,
132,
397,
142,
103,
327,
136,
353,
356,
281,
299,
360,
308,
345,
336,
252,
378,
40,
201,
224,
279,
237,
285,
257,
354,
422,
251,
205,
316,
260,
256,
220,
122,
283,
202,
220,
215,
137,
239,
134,
308,
255,
115,
198,
345,
93,
257,
485,
50,
255,
223,
277,
230,
216,
215,
366,
178,
376,
429,
391,
151,
443,
165,
305,
424,
257,
215,
41,
120,
232,
213,
48,
251,
195,
126,
373,
156,
198,
229,
339,
289,
293,
375,
362,
334,
276,
226,
307,
271,
130,
450,
283,
269,
182,
288,
294,
40,
73,
358,
317,
278,
230,
480,
181,
379,
94,
138,
291,
182,
338,
338,
280,
42,
382,
248,
84,
387,
328,
290,
340,
69,
324,
304,
335,
282,
341,
227,
273,
328,
299,
252,
394,
282,
263,
290,
177,
219,
148,
320,
181,
259,
199,
424,
351,
291,
317,
243,
269,
327,
336,
45,
328,
142,
277,
412,
214,
345,
201,
181,
258,
268,
279,
261,
365,
113,
165,
223,
263,
164,
340,
146,
166,
163,
245,
94,
371,
78,
140,
229,
216,
219,
39,
358,
41,
178,
271,
308,
192,
300,
299,
317,
227,
255,
497,
238,
226,
67,
287,
557,
306,
116,
442,
214,
214,
311,
125,
223,
185,
128,
70,
151,
154,
276,
82,
297,
119,
621,
275,
166,
523,
298,
251,
515,
176,
186,
166,
95,
216,
299,
264,
624,
331,
119,
248,
195,
322,
307,
101,
267,
301,
223,
326,
275,
260,
39,
237,
343,
338,
93,
283,
102,
112,
227,
334,
596,
294,
190,
215,
216,
188,
301,
387,
242,
52,
475,
160,
234,
77,
261,
280,
252,
363,
287,
187,
209,
153,
254,
90,
204,
222,
105,
271,
40,
310,
256,
479,
310,
145,
321,
607,
264,
188,
124,
283,
82,
279,
288,
160,
450,
213,
218,
82,
265,
242,
243,
209,
192,
172,
472,
209,
200,
235,
202,
398,
81,
128,
192,
307,
298,
165,
179,
81,
159,
80,
95,
76,
226,
83,
69,
176,
90,
88,
278,
40,
57,
283,
254,
301,
220,
253,
167,
166,
208,
249,
147,
163,
247,
158,
297,
154,
139,
462,
270,
57,
248,
139,
174,
188,
262,
236,
203,
297,
115,
321,
181,
173,
175,
505,
160,
102,
264,
594,
226,
364,
136,
219,
483,
258,
327,
253,
201,
254,
222,
135,
456,
221,
109,
197,
116,
231,
333,
193,
125,
308,
188,
128,
110,
304,
299,
372,
187,
246,
194,
539,
136,
467,
261,
113,
116,
66,
517,
37,
130,
127,
577,
45,
508,
103,
105,
551,
155,
275,
555,
258,
343,
207,
478,
92,
182,
496,
499,
177,
202,
300,
387,
194,
316,
153,
42,
313,
278,
473,
324,
486,
276,
200,
78,
533,
520,
151,
492,
84,
299,
255,
271,
479,
270,
590,
72,
328,
197,
289,
181,
281,
84,
54,
88,
178,
39,
464,
507,
319,
266,
99,
116,
137,
209,
145,
239,
92,
275,
100,
323,
331,
42,
464,
119,
269,
468,
240,
38,
541,
242,
468,
473,
117,
267,
508,
503,
247,
392,
116,
433,
513,
352,
261,
598,
236,
287,
394,
274,
229,
391,
247,
207,
238,
308,
206,
557,
271,
195,
260,
224,
240,
190,
108,
253,
287,
315,
171,
479,
153,
175,
187,
279,
277,
356,
177,
238,
139,
274,
237,
359,
601,
220,
233,
225,
169,
380,
465,
267,
357,
213,
337,
176,
319,
242,
488,
449,
239,
339,
150,
130,
293,
518,
313,
533,
436,
404,
382,
598,
217,
114,
408,
184,
166,
440,
116,
483,
112,
207,
298,
552,
270,
468,
242,
169,
443,
97,
233,
203,
161,
191,
205,
126,
224,
174,
312,
366,
335,
146,
72,
277,
232,
217,
44,
286,
197,
571,
387,
43,
120,
135,
571,
299,
185,
427,
233,
224,
270,
193,
198,
141,
245,
381,
173,
184,
103,
244,
196,
311,
276,
280,
167,
74,
255,
314,
247,
269,
294,
323,
49,
174,
263,
157,
47,
188,
155,
159,
173,
272,
213,
235,
246,
120,
277,
73,
172,
282,
171,
162,
210,
162,
264,
296,
152,
173,
105,
310,
250,
197,
589,
292,
149,
279,
40,
230,
194,
608,
306,
65,
220,
160,
249,
106,
353,
186,
309,
355,
237,
111,
159,
345,
42,
145,
309,
179,
189,
369,
327,
228,
172,
180,
174,
176,
265,
309,
356,
145,
127,
320,
242,
193,
38,
263,
250,
253,
390,
104,
268,
181,
165,
296,
228,
248,
622,
255,
46,
176,
273,
229,
68,
172,
332,
237,
431,
175,
215,
143,
546,
333,
51,
72,
150,
421,
41,
210,
230,
144,
158,
148,
279,
618,
260,
113,
210,
145,
216,
208,
55,
151,
180,
153,
284,
114,
269,
192,
140,
107,
611,
188,
115,
288,
116,
149,
154,
179,
320,
583,
48,
178,
107,
200,
249,
148,
106,
205,
90,
42,
120,
615,
269,
121,
296,
127,
302,
155,
218,
215,
294,
116,
99,
98,
295,
41,
130,
50,
293,
148,
46,
548,
320,
239,
179,
240,
229,
179,
427,
93,
224,
323,
158,
222,
122,
230,
209,
141,
284,
244,
218,
167,
242,
315,
60,
181,
442,
45,
115,
275,
262,
321,
242,
337,
270,
181,
314,
316,
61,
163,
162,
539,
266,
48,
250,
426,
171,
364,
600,
369,
412,
159,
386,
390,
88,
353,
166,
89,
278,
478,
571,
94,
469,
411,
96,
159,
505,
286,
527,
294,
41,
289,
158,
73,
569,
546,
257,
179,
553,
344,
159,
159,
345,
357,
258,
520,
192,
168,
345,
260,
163,
213,
197,
130,
244,
287,
329,
276,
228,
109,
191,
162,
305,
717,
241,
119,
241,
652,
83,
57,
471,
662,
240,
56,
537,
75,
730,
236,
764,
235,
144,
550,
396,
223,
473,
419,
525,
458,
574,
546,
237,
475,
606,
317,
232,
41,
221,
95,
388,
251,
544,
575,
228,
218,
158,
113,
230,
580,
194,
733,
41,
172,
183,
367,
214,
529,
285,
40,
407,
204,
334,
346,
172,
43,
428,
335,
342,
149,
386,
379,
180,
205,
722,
378,
137,
427,
382,
248,
230,
341,
209,
250,
438,
408,
134,
122,
77,
647,
188,
351,
399,
329,
347,
130,
461,
589,
129,
335,
242,
226,
652,
186,
168,
222,
175,
172,
136,
183,
461,
152,
180,
535,
135,
302,
339,
438,
507,
462,
41,
505,
478,
500,
243,
43,
527,
259,
232,
42,
42,
489,
180,
148,
218,
370,
40,
313,
178,
146,
102,
243,
263,
272,
555,
228,
137,
245,
132,
226,
195,
169,
240,
263,
84,
249,
210,
212,
502,
215,
380,
215,
152,
41,
306,
166,
348,
163,
283,
613,
216,
268,
130,
354,
158,
345,
353,
255,
362,
72,
80,
322,
316,
495,
274,
329,
754,
706,
332,
191,
321,
411,
293,
90,
436,
190,
416,
428,
74,
83,
276,
706,
270,
409,
339,
144,
275,
370,
355,
305,
45,
327,
652,
77,
70,
125,
363,
702,
660,
337,
133,
214,
176,
330,
244,
106,
339,
94,
150,
295,
609,
313,
230,
128,
163,
305,
384,
319,
149,
256,
338,
262,
154,
299,
273,
180,
295,
311,
265,
234,
200,
167,
186,
410,
206,
95,
118,
135,
317,
140,
661,
231,
93,
39,
200,
178,
130,
249,
40,
392,
225,
225,
168,
423,
261,
300,
424,
472,
261,
120,
236,
595,
97,
302,
284,
40,
244,
307,
293,
431,
293,
238,
245,
227,
422,
131,
114,
91,
127,
243,
719,
368,
116,
82,
39,
482,
263,
62,
622,
260,
666,
289,
304,
599,
97,
80,
272,
259,
626,
55,
117,
77,
241,
458,
733,
314,
159,
649,
332,
237,
353,
43,
161,
324,
201,
313,
339,
331,
42,
184,
281,
768,
246,
243,
748,
51,
163,
210,
186,
242,
445,
618,
437,
173,
210,
430,
110,
151,
714,
165,
657,
165,
140,
391,
201,
173,
152,
578,
106,
641,
338,
297,
145,
249,
493,
158,
218,
482,
417,
43,
93,
160,
108,
70,
215,
167,
740,
311,
217,
673,
585,
166,
174,
442,
72,
669,
142,
661,
161,
630,
184,
111,
200,
713,
259,
639,
180,
594,
122,
171,
109,
158,
160,
727,
150,
277,
65,
400,
220,
693,
515,
296,
52,
148,
131,
81,
266,
399,
124,
86,
225,
512,
120,
127,
111,
369,
704,
625,
382,
166,
295,
106,
201,
306,
125,
238,
85,
107,
77,
128,
69,
307,
336,
71,
334,
240,
324,
326,
331,
308,
491,
120,
452,
233,
206,
286,
474,
120,
466,
458,
175,
154,
298,
474,
432,
276,
286,
466,
293,
194,
118,
248,
235,
206,
140,
156,
447,
245,
264,
414,
241,
436,
157,
380,
235,
206,
228,
289,
390,
212,
339,
433,
206,
472,
268,
228,
313,
333,
228,
259,
325,
199,
223,
159,
249,
57,
327,
247,
198,
216,
285,
456,
69,
195,
249,
175,
486,
335,
418,
237,
58,
338,
193,
186,
57,
577,
67,
294,
291,
47,
188,
190,
309,
287,
366,
202,
363,
189,
153,
128,
499,
140,
366,
151,
113,
326,
165,
144,
180,
286,
190,
360,
391,
303,
210,
164,
363,
81,
295,
232,
137,
329,
337,
169,
117,
115,
220,
329,
189,
114,
226,
37,
232,
115,
226,
306,
281,
305,
237,
223,
209,
158,
197,
304,
243,
199,
130,
424,
203,
247,
198,
793,
212,
161,
45,
148,
437,
863,
41,
163,
423,
135,
719,
97,
367,
663,
332,
189,
125,
238,
107,
117,
245,
306,
101,
296,
679,
113,
46,
105,
345,
741,
86,
152,
375,
123,
341,
122,
146,
95,
232,
120,
156,
239,
312,
176,
148,
726,
100,
237,
226,
229,
146,
380,
643,
108,
125,
298,
161,
85,
740,
273,
175,
591,
108,
226,
239,
219,
66,
691,
244,
159,
80,
239,
842,
83,
46,
218,
239,
220,
727,
615,
43,
712,
562,
241,
239,
128,
213,
135,
204,
41,
161,
108,
698,
178,
283,
319,
144,
316,
143,
162,
360,
280,
198,
349,
216,
267,
369,
132,
673,
164,
518,
173,
157,
461,
514,
265,
142,
65,
284,
496,
70,
49,
179,
597,
334,
102,
156,
141,
89,
73,
526,
112,
514,
90,
622,
71,
70,
500,
529,
45,
133,
154,
479,
159,
515,
398,
372,
430,
655,
521,
164,
377,
437,
368,
461,
37,
334,
401,
353,
657,
383,
143,
310,
336,
382,
51,
41,
360,
147,
644,
390,
308,
376,
370,
546,
463,
321,
128,
343,
296,
348,
340,
309,
567,
317,
481,
287,
857,
257,
331,
503,
306,
40,
473,
266,
736,
307,
260,
131,
426,
111,
297,
386,
264,
43,
105,
39,
306,
201,
215,
247,
382,
131,
86,
127,
202,
170,
391,
528,
149,
462,
223,
298,
308,
253,
221,
164,
283,
41,
209,
215,
208,
870,
222,
494,
419,
813,
182,
321,
754,
471,
197,
155,
242,
770,
441,
228,
337,
355,
242,
216,
198,
179,
409,
280,
856,
128,
204,
121,
139,
95,
558,
341,
334,
303,
169,
335,
82,
355,
170,
133,
326,
345,
127,
178,
338,
590,
238,
369,
233,
184,
201,
297,
458,
218,
358,
176,
255,
355,
427,
429,
258,
183,
347,
266,
333,
145,
201,
311,
305,
343,
110,
247,
974,
304,
100,
702,
80,
385,
205,
153,
188,
370,
698,
375,
69,
800,
308,
119,
175,
175,
352,
1010,
305,
767,
420,
357,
301,
110,
352,
333,
374,
72,
317,
689,
351,
360,
55,
133,
321,
44,
408,
267,
226,
367,
234,
266,
252,
301,
695,
294,
385,
312,
444,
963,
443,
226,
298,
253,
115,
154,
177,
219,
445,
242,
854,
265,
973,
344,
407,
219,
232,
462,
42,
218,
211,
344,
254,
49,
325,
40,
224,
237,
218,
462,
200,
260,
153,
410,
199,
193,
258,
424,
250,
410,
124,
226,
338,
194,
191,
36,
57,
44,
519,
189,
185,
350,
168,
347,
207,
636,
340,
176,
344,
78,
212,
191,
182,
292,
368,
673,
336,
188,
389,
234,
312,
387,
170,
391,
272,
340,
177,
76,
347,
388,
291,
357,
258,
75,
304,
157,
754,
390,
75,
200,
358,
148,
188,
73,
230,
166,
561,
175,
223,
411,
50,
164,
180,
239,
504,
217,
200,
253,
210,
251,
917,
697,
478,
39,
243,
139,
37,
515,
515,
362,
129,
356,
36,
353,
354,
319,
435,
138,
212,
311,
147,
147,
892,
283,
317,
347,
115,
330,
305,
939,
393,
377,
121,
343,
138,
131,
718,
340,
296,
361,
399,
99,
540,
368,
344,
739,
366,
117,
126,
697,
131,
83,
132,
675,
836,
170,
287,
281,
370,
508,
644,
179,
282,
855,
108,
241,
41,
289,
868,
263,
90,
299,
352,
260,
91,
294,
280,
151,
45,
894,
43,
406,
271,
265,
92,
148,
335,
344,
391,
69,
345,
146,
341,
356,
418,
151,
396,
263,
304,
378,
518,
366,
48,
361,
147,
347,
346,
283,
711,
273,
334,
367,
374,
324,
120,
346,
108,
325,
167,
436,
181,
331,
229,
456,
240,
195,
242,
555,
196,
542,
179,
346,
339,
151,
189,
289,
97,
519,
379,
314,
318,
317,
427,
170,
328,
131,
58,
339,
338,
141,
218,
206,
344,
329,
149,
357,
399,
257,
136,
233,
69,
180,
346,
404,
318,
317,
298,
290,
347,
438,
385,
323,
281,
330,
302,
304,
207,
282,
360,
233,
185,
444,
114,
226,
282,
234,
292,
389,
337,
115,
128,
42,
419,
322,
278,
40,
286,
334,
269,
264,
171,
328,
295,
403,
342,
271,
319,
176,
252,
275,
263,
42,
294,
399,
293,
312,
257,
267,
430,
294,
510,
307,
299,
287,
419,
445,
294,
443,
468,
215,
236,
316,
466,
223,
254,
250,
260,
287,
209,
233,
247,
194,
217,
254,
259,
454,
180,
395,
178,
410,
184,
407,
402,
205,
235,
248,
354,
395,
191,
178,
187,
213,
295,
177,
325,
306,
212,
349,
272,
382,
330,
648,
285,
260,
115,
397,
438,
181,
345,
100,
360,
241,
258,
457,
293,
546,
229,
350,
100,
291,
251,
197,
262,
278,
96,
226,
255,
263,
223,
249,
311,
87,
76,
190,
216,
255,
423,
333,
157,
253,
293,
250,
251,
387,
328,
167,
347,
410,
242,
213,
352,
379,
335,
41,
348,
304,
88,
44,
222,
145,
795,
345,
176,
344,
213,
199,
187,
271,
969,
469,
731,
175,
119,
39,
219,
250,
214,
929,
162,
359,
249,
231,
187,
61,
180,
228,
121,
178,
194,
260,
77,
963,
176,
125,
210,
95,
156,
168,
968,
99,
135,
171,
203,
155,
114,
167,
109,
453,
213,
184,
428,
490,
933,
160,
423,
933,
339,
246,
47,
197,
242,
41,
462,
343,
923,
173,
223,
41,
211,
452,
233,
961,
213,
243,
44,
237,
262,
470,
255,
41,
287,
78,
193,
223,
219,
429,
218,
232,
178,
213,
226,
236,
112,
111,
764,
301,
756,
35,
236,
239,
198,
811,
232,
214,
102,
196,
266,
451,
185,
216,
232,
431,
188,
927,
420,
434,
341,
76,
193,
455,
737,
138,
42,
734,
164,
82,
295,
770,
930,
39,
97,
76,
344,
897,
348,
763,
270,
46,
243,
980,
259,
782,
115,
237,
287,
442,
355,
74,
377,
218,
216,
319,
364,
179,
351,
221,
326,
229,
242,
219,
199,
188,
258,
344,
225,
90,
431,
218,
199,
179,
58,
411,
395,
245,
635,
354,
259,
238,
722,
270,
227,
143,
234,
154,
176,
355,
160,
459,
268,
227,
251,
186,
153,
251,
253,
120,
117,
954,
202,
405,
43,
269,
228,
149,
147,
196,
191,
128,
176,
180,
110,
131,
266,
53,
163,
129,
189,
181,
960,
225,
179,
197,
311,
255,
291,
170,
255,
165,
347,
194,
188,
412,
279,
207,
245,
227,
229,
288,
150,
207,
440,
294,
275,
992,
229,
330,
315,
203,
326,
469,
687,
211,
256,
273,
109,
296,
107,
125,
763,
187,
87,
282,
244,
272,
136,
193,
319,
179,
256,
263,
38,
384,
253,
292,
162,
174,
216,
264,
253,
199,
261,
263,
201,
255,
221,
136,
259,
216,
86,
169,
247,
263,
199,
42,
213,
228,
301,
177,
296,
156,
192,
251,
186,
45,
271,
1023,
244,
499,
303,
153,
190,
270,
264,
508,
180,
217,
164,
142,
679,
305,
404,
42,
557,
189,
726,
383,
165,
409,
234,
260,
199,
273,
224,
967,
336,
406,
230,
195,
820,
762,
200,
244,
286,
408,
146,
182,
170,
754,
242,
154,
171,
151,
163,
177,
150,
274,
195,
186,
1011,
681,
176,
170,
170,
135,
183,
288,
282,
476,
351,
286,
60,
315,
107,
146,
471,
375,
279,
284,
266,
282,
199,
995,
437,
346,
194,
176,
148,
39,
218,
261,
256,
87,
349,
51,
202,
256,
219,
190,
323,
233,
244,
703,
1007,
139,
341,
83,
87,
629,
81,
249,
140,
1023,
256,
343,
272,
195,
165,
154,
157,
843,
146,
138,
150,
289,
127,
144,
243,
313,
203,
137,
447,
72,
119,
802,
38,
289,
75,
113,
29,
583,
198,
444,
228,
1018,
288,
226,
243,
1018,
681,
286,
251,
302,
226,
558,
243,
284,
1021,
283,
163,
173,
283,
254,
281,
200,
253,
208,
72,
1007,
344,
333,
170,
254,
142,
338,
222,
277,
134,
195,
195,
232,
277,
176,
150,
166,
192,
61,
203,
186,
219,
180,
340,
190,
66,
170,
557,
260,
173,
176,
220,
245,
225,
157,
198,
118,
805,
165,
41,
118,
344,
859,
147,
154,
120,
64,
131,
744,
117,
143,
278,
235,
115,
142,
44,
953,
339,
317,
189,
129,
800,
145,
732,
485,
335,
36,
852,
966,
60,
36,
1036,
486,
483,
1053,
83,
355,
313,
421,
201,
218,
208,
304,
44,
297,
416,
357,
41,
987,
207,
282,
159,
168,
1045,
246,
496,
145,
154,
165,
219,
168,
171,
168,
294,
933,
42,
385,
284,
177,
114,
271,
974,
482,
233,
236,
190,
150,
825,
260,
453,
131,
228,
231,
32,
620,
257,
941,
212,
828,
838,
149,
1004,
296,
175,
207,
225,
330,
248,
135,
270,
766,
286,
264,
191,
242,
298,
112,
207,
128,
175,
175,
441,
400,
254,
488,
275,
163,
404,
310,
144,
345,
188,
165,
207,
399,
285,
135,
243,
152,
382,
165,
274,
223,
819,
193,
161,
425,
225,
209,
174,
388,
201,
295,
438,
158,
148,
152,
481,
264,
397,
132,
40,
194,
148,
43,
538,
268,
948,
236,
180,
39,
429,
125,
159,
428,
409,
249,
175,
811,
407,
311,
896,
470,
610,
227,
130,
121,
153,
289,
875,
82,
142,
205,
314,
169,
195,
246,
153,
186,
146,
975,
242,
287,
225,
230,
142,
832,
190,
282,
384,
882,
211,
800,
160,
108,
252,
182,
52,
346,
486,
135,
188,
223,
417,
275,
168,
211,
463,
179,
245,
178,
209,
111,
244,
461,
908,
221,
141,
111,
459,
85,
225,
136,
408,
86,
119,
53,
120,
108,
178,
202,
282,
439,
100,
46,
150,
107,
183,
125,
148,
411,
142,
189,
400,
46,
404,
105,
188,
911,
162,
138,
219,
433,
102,
796,
257,
145,
149,
187,
813,
336,
241,
418,
158,
62,
435,
254,
148,
180,
240,
179,
709,
185,
216,
184,
195,
335,
104,
252,
286,
230,
119,
274,
378,
235,
258,
205,
130,
357,
132,
731,
146,
103,
379,
165,
228,
456,
462,
238,
187,
399,
919,
237,
242,
154,
401,
229,
761,
116,
257,
44,
188,
143,
155,
110,
167,
351,
197,
216,
154,
722,
341,
486,
125,
134,
454,
199,
116,
507,
88,
159,
85,
95,
177,
105,
238,
233,
196,
91,
245,
125,
228,
225,
88,
253,
211,
44,
198,
67,
263,
235,
232,
188,
184,
209,
690,
321,
130,
85,
129,
128,
233,
94,
121,
398,
466,
358,
85,
924,
330,
227,
94,
73,
928,
40,
230,
184,
102,
905,
227,
53,
240,
146,
791,
941,
233,
74,
226,
380,
452,
138,
247,
244,
248,
807,
97,
201,
263,
74,
195,
196,
976,
175,
138,
186,
389,
337,
291,
204,
163,
302,
72,
725,
200,
143,
769,
285,
178,
207,
209,
746,
260,
843,
349,
113,
218,
122,
216,
216,
105,
199,
280,
225,
212,
195,
260,
263,
80,
210,
157,
206,
206,
187,
36,
760,
206,
204,
199,
191,
198,
205,
229,
125,
41,
181,
193,
41,
170,
182,
167,
165,
720,
250,
189,
247,
169,
139,
465,
251,
195,
45,
231,
245,
109,
230,
287,
116,
154,
82,
109,
1020,
221,
588,
41,
97,
205,
550,
195,
192,
177,
772,
115,
519,
534,
455,
180,
122,
107,
377,
467,
64,
527,
748,
177,
169,
112,
154,
38,
201,
170,
172,
106,
168,
104,
41,
79,
164,
180,
241,
103,
151,
305,
139,
102,
102,
226,
311,
412,
367,
91,
598,
277,
555,
101,
153,
454,
91,
212,
491,
333,
241,
128,
78,
472,
79,
639,
190,
87,
573,
551,
575,
236,
85,
824,
259,
257,
290,
191,
202,
512,
441,
183,
1002,
187,
97,
83,
287,
738,
728,
88,
40,
94,
134,
364,
233,
231,
491,
282,
217,
263,
244,
88,
236,
241,
206,
248,
288,
312,
227,
200,
217,
169,
448,
153,
240,
86,
283,
269,
344,
238,
291,
211,
452,
289,
270,
431,
510,
568,
157,
886,
85,
229,
335,
431,
512,
243,
290,
246,
202,
224,
977,
159,
55,
214,
244,
346,
195,
975,
246,
55,
468,
213,
79,
886,
453,
477,
514,
489,
473,
235,
443,
236,
293,
127,
247,
458,
204,
261,
437,
387,
111,
260,
336,
375,
98,
173,
95,
88,
142,
213,
126,
126,
231,
213,
213,
69,
168,
262,
362,
239,
280,
252,
360,
234,
438,
245,
223,
223,
103,
253,
253,
348,
227,
264,
214,
337,
234,
222,
256,
242,
239,
304,
235,
102,
241,
203,
518,
139,
271,
250,
140,
92,
226,
209,
571,
325,
488,
155,
569,
491,
205,
622,
630,
209,
609,
539,
243,
216,
276,
241,
330,
107,
306,
571,
237,
229,
132,
211,
326,
272,
197,
312,
601,
907,
237,
87,
243,
370,
246,
180,
229,
262,
219,
247,
253,
346,
151,
249,
333,
239,
324,
228,
281,
465,
201,
975,
42,
338,
243,
189,
285,
56,
238,
239,
112,
90,
379,
235,
441,
90,
207,
604,
337,
253,
199,
210,
158,
91,
540,
140,
333,
185,
236,
513,
237,
305,
91,
167,
286,
161,
61,
1038,
157,
504,
300,
182,
231,
229,
247,
228,
1008,
238,
73,
94,
218,
42,
227,
142,
443,
474,
226,
1027,
421,
225,
217,
253,
273,
300,
150,
155,
262,
214,
975,
309,
346,
336,
598,
297,
250,
214,
286,
241,
731,
194,
357,
379,
386,
283,
327,
176,
222,
194,
177,
581,
654,
557,
496,
108,
472,
42,
295,
441,
310,
237,
445,
94,
41,
248,
432,
226,
156,
166,
480,
297,
220,
38,
243,
242,
262,
289,
288,
190,
220,
232,
369,
95,
441,
250,
621,
243,
281,
437,
264,
264,
248,
172,
391,
541,
187,
243,
227,
264,
538,
39,
136,
242,
229,
294,
524,
228,
229,
234,
256,
200,
252,
211,
188,
41,
109,
422,
40,
476,
123,
441,
39,
122,
115,
112,
475,
423,
550,
238,
45,
250,
464,
248,
258,
428,
246,
473,
144,
394,
76,
216,
186,
224,
251,
180,
248,
210,
44,
442,
250,
273,
340,
251,
344,
225,
357,
225,
236,
181,
282,
393,
388,
403,
419,
398,
142,
337,
388,
426,
83,
354,
233,
362,
215,
363,
310,
158,
196,
99,
340,
42,
322,
91,
518,
303,
772,
81,
173,
389,
134,
162,
237,
255,
336,
464,
294,
168,
557,
336,
135,
298,
128,
482,
155,
686,
154,
626,
47,
138,
496,
300,
468,
173,
304,
278,
508,
268,
446,
172,
512,
382,
90,
584,
171,
462,
425,
241,
470,
42,
199,
253,
249,
361,
477,
1231,
209,
169,
368,
186,
231,
556,
313,
1101,
312,
85,
782,
173,
128,
707,
138,
1183,
472,
449,
373,
332,
436,
339,
393,
552,
359,
317,
392,
386,
1083,
306,
370,
405,
1143,
314,
217,
369,
306,
263,
256,
187,
365,
50,
298,
312,
333,
215,
260,
340,
191,
449,
358,
368,
295,
182,
380,
353,
328,
307,
263,
256,
235,
346,
1115,
308,
298,
319,
266,
239,
188,
355,
312,
268,
243,
291,
345,
185,
88,
282,
151,
48,
385,
391,
312,
315,
184,
215,
183,
525,
296,
278,
391,
273,
142,
298,
244,
306,
94,
252,
1222,
247,
1025,
316,
274,
235,
275,
151,
474,
198,
1184,
225,
282,
153,
1139,
1037,
258,
348,
1014,
106,
120,
298,
99,
72,
147,
207,
216,
190,
725,
226,
226,
366,
340,
106,
196,
278,
417,
288,
142,
207,
166,
208,
439,
210,
341,
166,
258,
167,
128,
244,
233,
163,
124,
266,
260,
234,
92,
264,
1053,
240,
163,
303,
247,
269,
203,
180,
210,
169,
42,
360,
173,
138,
243,
76,
264,
113,
1042,
416,
137,
124,
1037,
302,
247,
437,
161,
425,
127,
147,
98,
1023,
272,
115,
484,
310,
947,
333,
81,
560,
327,
464,
435,
341,
387,
425,
476,
331,
271,
380,
431,
421,
531,
247,
44,
303,
524,
256,
95,
903,
327,
751,
331,
1180,
334,
90,
94,
327,
390,
378,
817,
420,
625,
594,
37,
318,
326,
324,
358,
947,
262,
1045,
512,
74,
221,
183,
441,
202,
175,
395,
934,
48,
535,
215,
322,
307,
503,
120,
40,
347,
105,
315,
392,
342,
931,
140,
350,
311,
458,
257,
105,
702,
255,
323,
736,
343,
649,
645,
369,
101,
401,
42,
54,
375,
314,
384,
43,
233,
269,
367,
1085,
108,
144,
286,
154,
374,
201,
259,
210,
482,
287,
45,
333,
1083,
187,
228,
949,
181,
426,
163,
767,
169,
205,
416,
335,
370,
582,
182,
926,
187,
331,
170,
123,
270,
980,
350,
326,
325,
163,
313,
95,
284,
309,
495,
277,
178,
282,
1097,
1085,
335,
315,
229,
290,
143,
202,
1094,
297,
296,
348,
295,
173,
1043,
307,
80,
431,
959,
161,
382,
1039,
182,
117,
163,
212,
865,
326,
162,
82,
39,
147,
1048,
83,
358,
328,
842,
122,
170,
317,
136,
143,
128,
167,
205,
506,
176,
266,
348,
272,
169,
288,
185,
1003,
306,
272,
146,
569,
169,
112,
499,
299,
413,
118,
256,
350,
241,
348,
387,
409,
342,
213,
97,
169,
338,
325,
211,
40,
418,
281,
402,
184,
310,
187,
406,
374,
388,
215,
386,
292,
433,
169,
396,
382,
306,
459,
111,
46,
259,
864,
156,
378,
129,
132,
38,
353,
195,
129,
157,
116,
185,
445,
111,
1006,
525,
1067,
157,
102,
417,
892,
474,
1065,
354,
101,
135,
86,
70,
158,
147,
181,
199,
127,
137,
262,
143,
146,
412,
188,
410,
105,
223,
1066,
299,
629,
165,
283,
181,
299,
260,
102,
414,
335,
277,
499,
380,
350,
455,
314,
1106,
299,
132,
316,
381,
618,
164,
119,
350,
193,
181,
246,
463,
387,
361,
627,
355,
382,
44,
439,
313,
1067,
556,
136,
215,
179,
393,
943,
354,
895,
168,
164,
346,
427,
208,
229,
190,
186,
445,
353,
1122,
339,
324,
108,
434,
327,
302,
418,
44,
318,
971,
552,
43,
42,
429,
384,
267,
348,
183,
75,
229,
239,
305,
313,
89,
341,
303,
163,
114,
132,
352,
376,
426,
142,
122,
43,
365,
392,
166,
99,
123,
286,
356,
373,
1098,
444,
171,
169,
283,
210,
400,
148,
217,
180,
978,
188,
44,
167,
162,
173,
1101,
172,
204,
1118,
173,
177,
162,
141,
153,
39,
136,
1152,
449,
206,
38,
343,
309,
589,
181,
443,
1126,
137,
353,
305,
1025,
322,
344,
156,
289,
135,
622,
154,
1159,
124,
175,
177,
136,
429,
616,
258,
129,
341,
136,
1134,
209,
118,
93,
108,
627,
111,
134,
882,
66,
861,
373,
201,
121,
126,
173,
107,
955,
303,
51,
843,
124,
238,
269,
89,
255,
1002,
366,
143,
138,
578,
295,
74,
358,
194,
120,
70,
1020,
957,
355,
43,
521,
195,
116,
358,
111,
201,
179,
213,
317,
110,
298,
490,
155,
67,
346,
166,
288,
152,
188,
441,
184,
90,
110,
184,
332,
310,
285,
438,
151,
138,
195,
338,
111,
297,
118,
1161,
92,
205,
123,
183,
90,
1166,
119,
227,
125,
160,
273,
58,
297,
194,
314,
251,
56,
139,
151,
54,
299,
269,
253,
147,
81,
301,
142,
473,
584,
136,
198,
177,
127,
157,
571,
142,
127,
569,
115,
57,
41,
559,
56,
524,
42,
552,
40,
82,
548,
571,
537,
101,
527,
458,
560,
51,
536,
401,
50,
106,
189,
523,
234,
527,
417,
466,
368,
514,
521,
550,
424,
539,
77,
135,
393,
413,
47,
472,
492,
66,
234,
47,
485,
140,
443,
473,
469,
460,
322,
1228,
1233,
205,
225,
238,
506,
379,
202,
434,
455,
209,
368,
365,
99,
1206,
204,
377,
370,
1017,
463,
91,
130,
72,
784,
279,
1218,
397,
274,
390,
126,
272,
108,
229,
381,
375,
1228,
999,
134,
113,
63,
377,
110,
119,
583,
172,
171,
383,
584,
422,
42,
431,
158,
301,
181,
185,
168,
224,
196,
365,
156,
208,
363,
350,
389,
231,
153,
166,
243,
113,
129,
178,
234,
47,
380,
131,
109,
488,
748,
380,
380,
194,
407,
239,
506,
231,
407,
358,
398,
453,
218,
373,
400,
549,
180,
44,
424,
384,
572,
588,
388,
328,
547,
381,
384,
146,
353,
863,
323,
279,
115,
157,
152,
404,
170,
470,
87,
128,
153,
143,
421,
362,
424,
257,
362,
534,
175,
508,
197,
48,
210,
89,
362,
499,
137,
495,
301,
250,
349,
184,
52,
258,
177,
533,
51,
460,
545,
164,
204,
235,
115,
265,
562,
344,
116,
45,
145,
442,
112,
461,
391,
269,
505,
123,
148,
294,
413,
43,
137,
222,
127,
394,
491,
402,
382,
154,
554,
395,
101,
398,
259,
221,
127,
241,
755,
353,
572,
821,
240,
47,
341,
217,
44,
165,
156,
1014,
168,
569,
155,
240,
419,
157,
120,
1307,
542,
466,
353,
385,
137,
1024,
159,
1314,
115,
197,
224,
693,
110,
50,
127,
49,
1316,
373,
282,
548,
124,
388,
254,
550,
491,
493,
125,
426,
580,
137,
396,
117,
1350,
478,
452,
572,
168,
725,
43,
389,
514,
265,
500,
396,
288,
421,
238,
452,
472,
53,
265,
520,
432,
172,
529,
239,
40,
232,
113,
1331,
437,
383,
187,
376,
81,
594,
161,
172,
952,
210,
187,
983,
160,
199,
197,
907,
111,
169,
182,
231,
1332,
206,
132,
230,
161,
173,
1341,
171,
1338,
149,
152,
169,
45,
171,
147,
887,
142,
116,
128,
222,
168,
278,
160,
516,
549,
160,
192,
171,
157,
195,
144,
471,
131,
330,
532,
636,
420,
513,
130,
370,
211,
376,
323,
45,
567,
498,
162,
178,
411,
1075,
430,
163,
437,
492,
243,
406,
240,
1353,
732,
181,
198,
447,
46,
237,
1351,
165,
45,
1131,
271,
259,
602,
124,
1372,
1360,
388,
102,
382,
499,
494,
513,
497,
97,
568,
614,
1050,
97,
114,
1351,
103,
1383,
160,
1351,
345,
631,
45,
413,
1349,
452,
44,
1402,
96,
445,
354,
149,
176,
551,
89,
134,
1125,
469,
100,
383,
332,
132,
1078,
473,
356,
1404,
201,
408,
212,
47,
96,
429,
415,
477,
380,
337,
572,
214,
262,
385,
664,
368,
110,
339,
45,
718,
47,
285,
43,
191,
373,
217,
454,
226,
478,
537,
418,
431,
154,
521,
175,
587,
46,
450,
511,
449,
78,
378,
43,
84,
38,
447,
222,
356,
153,
41,
179,
224,
210,
380,
480,
237,
198,
385,
313,
238,
396,
659,
178,
376,
237,
472,
375,
247,
232,
203,
93,
338,
242,
187,
452,
508,
174,
209,
171,
428,
289,
233,
216,
299,
189,
369,
200,
352,
362,
161,
383,
171,
376,
198,
173,
363,
378,
194,
398,
370,
202,
335,
81,
320,
1393,
1335,
372,
202,
241,
185,
369,
1327,
152,
42,
543,
185,
184,
377,
347,
45,
726,
622,
360,
171,
469,
659,
194,
268,
160,
270,
392,
967,
457,
407,
1299,
97,
336,
316,
1454,
367,
166,
154,
975,
271,
575,
375,
572,
868,
269,
501,
41,
942,
842,
1429,
830,
283,
1306,
571,
385,
183,
1296,
151,
570,
189,
204,
43,
47,
1307,
579,
1292,
166,
490,
180,
185,
40,
348,
1448,
375,
381,
380,
312,
358,
183,
354,
151,
165,
1281,
307,
371,
303,
366,
575,
538,
1447,
409,
429,
1122,
366,
354,
186,
475,
353,
223,
380,
395,
328,
466,
346,
436,
340,
343,
560,
535,
329,
323,
571,
1159,
150,
129,
322,
436,
337,
340,
41,
154,
36,
377,
135,
147,
312,
443,
1317,
401,
424,
152,
662,
190,
251,
562,
193,
399,
447,
425,
124,
964,
189,
301,
115,
212,
183,
559,
440,
38,
553,
158,
1193,
436,
475,
418,
179,
311,
395,
327,
137,
332,
162,
1101,
197,
408,
446,
176,
148,
440,
306,
46,
311,
842,
183,
417,
857,
446,
1458,
177,
1102,
138,
432,
1201,
750,
1198,
120,
149,
113,
376,
42,
447,
53,
281,
417,
100,
865,
87,
305,
428,
132,
267,
301,
238,
1173,
355,
100,
815,
334,
448,
155,
225,
1336,
315,
443,
411,
511,
348,
106,
164,
1423,
315,
342,
436,
138,
377,
451,
389,
365,
432,
353,
42,
500,
1352,
109,
318,
142,
1193,
369,
359,
145,
346,
133,
337,
173,
165,
172,
295,
309,
236,
225,
136,
122,
156,
111,
137,
117,
287,
546,
266,
578,
334,
310,
41,
239,
254,
265,
430,
1185,
38,
295,
449,
286,
514,
364,
372,
398,
431,
541,
307,
408,
160,
1118,
158,
41,
737,
39,
277,
314,
134,
345,
917,
144,
878,
258,
412,
248,
317,
248,
104,
455,
331,
279,
275,
288,
233,
190,
408,
462,
455,
336,
450,
598,
256,
126,
1153,
87,
1200,
211,
78,
268,
393,
1157,
200,
73,
39,
286,
147,
88,
355,
366,
37,
361,
181,
1169,
339,
102,
531,
341,
322,
322,
248,
273,
181,
178,
420,
98,
382,
383,
593,
317,
343,
291,
311,
562,
228,
248,
248,
124,
330,
178,
307,
829,
46,
361,
227,
285,
352,
266,
273,
615,
36,
1422,
260,
372,
1201,
54,
233,
321,
292,
706,
585,
230,
1434,
148,
301,
255,
278,
497,
304,
226,
214,
1162,
214,
202,
170,
114,
289,
321,
380,
257,
283,
338,
191,
145,
114,
135,
232,
87,
201,
394,
116,
197,
236,
138,
146,
282,
378,
108,
249,
46,
360,
104,
256,
429,
309,
128,
77,
125,
178,
137,
1055,
127,
231,
358,
45,
106,
677,
45,
1177,
326,
90,
74,
113,
255,
286,
1183,
486,
205,
249,
1168,
285,
232,
120,
245,
256,
1202,
1309,
473,
238,
229,
575,
104,
173,
314,
1167,
118,
1309,
236,
194,
171,
247,
197,
291,
1172,
41,
42,
217,
551,
258,
107,
224,
197,
505,
179,
697,
1186,
956,
493,
171,
476,
676,
1183,
627,
257,
576,
38,
618,
44,
473,
95,
196,
213,
263,
1177,
568,
117,
345,
40,
680,
127,
205,
464,
337,
191,
444,
259,
295,
820,
293,
230,
183,
237,
129,
272,
89,
298,
243,
276,
179,
112,
1183,
358,
44,
565,
43,
632,
714,
333,
619,
195,
281,
572,
754,
1258,
251,
267,
959,
981,
919,
209,
220,
83,
533,
293,
1137,
291,
37,
223,
1311,
431,
286,
1066,
210,
347,
789,
194,
77,
196,
184,
264,
690,
165,
674,
465,
161,
866,
212,
80,
190,
201,
410,
660,
171,
126,
847,
165,
125,
168,
343,
354,
583,
203,
533,
199,
265,
37,
87,
227,
145,
775,
231,
203,
183,
79,
142,
170,
217,
526,
197,
49,
229,
188,
254,
166,
186,
158,
40,
165,
225,
153,
163,
42,
196,
593,
270,
222,
105,
239,
217,
112,
137,
41,
205,
205,
1153,
179,
291,
224,
155,
328,
381,
258,
282,
398,
236,
39,
168,
204,
526,
442,
310,
530,
363,
1337,
569,
308,
1182,
81,
311,
215,
458,
159,
275,
159,
89,
177,
41,
268,
265,
85,
167,
315,
40,
236,
143,
115,
236,
449,
88,
452,
44,
66,
168,
38,
77,
59,
159,
182,
844,
347,
165,
369,
188,
762,
185,
144,
280,
298,
243,
813,
40,
44,
799,
39,
245,
351,
189,
514,
210,
417,
231,
253,
226,
38,
109,
183,
217,
323,
81,
309,
781,
42,
207,
120,
189,
761,
169,
276,
104,
117,
769,
231,
183,
459,
744,
587,
188,
399,
573,
203,
602,
580,
120,
570,
327,
268,
183,
575,
392,
565,
267,
286,
263,
572,
176,
191,
229,
228,
285,
114,
217,
319,
203,
147,
349,
270,
281,
44,
189,
75,
422,
195,
270,
189,
43,
170,
725,
269,
186,
233,
424,
42,
203,
267,
437,
490,
854,
158,
735,
267,
767,
229,
197,
453,
176,
714,
365,
266,
41,
136,
265,
157,
627,
333,
145,
224,
394,
663,
662,
676,
704,
756,
656,
368,
124,
216,
222,
142,
144,
50,
154,
87,
43,
373,
126,
631,
222,
142,
363,
327,
246,
239,
217,
450,
219,
578,
254,
501,
206,
181,
86,
84,
206,
58,
189,
36,
169,
191,
43,
514,
210,
177,
673,
856,
257,
215,
605,
281,
154,
1111,
489,
193,
420,
522,
180,
179,
472,
938,
208,
179,
90,
662,
190,
182,
116,
101,
214,
1464,
87,
40,
203,
203,
167,
134,
63,
101,
183,
665,
42,
102,
263,
473,
431,
471,
1414,
812,
40,
663,
849,
1424,
368,
88,
160,
423,
104,
156,
226,
39,
1336,
332,
127,
249,
150,
35,
1293,
151,
652,
1289,
188,
86,
1275,
560,
1271,
139,
196,
194,
773,
219,
244,
182,
131,
424,
251,
51,
161,
181,
357,
270,
185,
242,
179,
251,
180,
135,
125,
144,
261,
1150,
501,
343,
488,
118,
316,
110,
224,
222,
126,
599,
174,
126,
230,
311,
470,
179,
1375,
42,
193,
131,
383,
186,
175,
137,
154,
1417,
183,
155,
128,
136,
1487,
124,
205,
109,
138,
102,
120,
471,
208,
233,
1435,
95,
183,
93,
206,
134,
126,
42,
349,
128,
385,
131,
91,
111,
125,
443,
341,
43,
1483,
157,
214,
333,
352,
111,
390,
144,
501,
802,
291,
1306,
1293,
796,
527,
100,
522,
532,
747,
527,
277,
130,
1411,
678,
1471,
157,
182,
81,
43,
547,
126,
519,
92,
934,
687,
72,
225,
498,
192,
80,
1480,
206,
127,
1251,
131,
703,
495,
558,
521,
123,
169,
535,
445,
362,
165,
348,
556,
553,
137,
550,
172,
549,
152,
375,
266,
151,
363,
555,
1414,
44,
158,
106,
61,
45,
1220,
169,
169,
106,
1312,
1427,
1116,
274,
833,
1312,
794,
42,
1516,
743,
1293,
153,
42,
39,
1215,
117,
546,
1307,
1288,
308,
179,
138,
1281,
151,
123,
565,
1043,
216,
138,
562,
435,
1297,
146,
578,
1051,
45,
576,
523,
551,
1330,
1436,
47,
144,
178,
563,
1255,
337,
467,
47,
1461,
475,
1318,
144,
224,
315,
1347,
1229,
484,
480,
726,
1268,
197,
135,
267,
115,
223,
855,
295,
82,
385,
509,
263,
362,
158,
1496,
395,
147,
536,
689,
40,
148,
108,
304,
269,
1037,
170,
187,
217,
224,
121,
789,
150,
544,
231,
402,
991,
751,
357,
252,
163,
726,
312,
41,
320,
792,
510,
275,
739,
160,
691,
732,
38,
223,
855,
486,
933,
603,
225,
710,
185,
185,
190,
164,
557,
177,
173,
207,
287,
209,
157,
1349,
190,
214,
115,
241,
324,
135,
158,
330,
238,
51,
165,
481,
138,
145,
381,
386,
266,
372,
77,
123,
166,
78,
302,
107,
237,
178,
273,
85,
517,
707,
45,
257,
235,
398,
241,
529,
220,
332,
43,
240,
658,
238,
389,
243,
518,
1174,
267,
291,
167,
505,
480,
656,
723,
41,
443,
893,
166,
940,
539,
515,
545,
271,
249,
463,
438,
442,
212,
385,
603,
251,
430,
365,
329,
40,
506,
266,
76,
389,
695,
896,
404,
828,
41,
145,
222,
654,
672,
154,
362,
352,
500,
1481,
199,
314,
244,
245,
552,
455,
142,
46,
198,
365,
167,
137,
328,
88,
119,
938,
200,
211,
353,
217,
136,
221,
1182,
278,
176,
176,
128,
158,
1414,
166,
192,
148,
81,
266,
1340,
165,
176,
415,
271,
134,
81,
498,
175,
1319,
1249,
142,
142,
505,
53,
102,
1090,
266,
228,
717,
136,
120,
450,
355,
45,
460,
703,
182,
104,
186,
47,
679,
108,
151,
311,
176,
667,
161,
218,
504,
207,
104,
563,
640,
184,
40,
153,
537,
431,
169,
145,
43,
165,
1437,
1213,
98,
159,
174,
391,
110,
117,
630,
96,
81,
124,
458,
159,
302,
231,
459,
302,
113,
112,
244,
132,
879,
417,
1240,
359,
285,
468,
125,
999,
144,
39,
178,
116,
102,
22,
376,
111,
175,
1246,
126,
419,
1455,
184,
130,
297,
222,
316,
613,
293,
187,
99,
103,
160,
270,
208,
158,
206,
383,
1347,
122,
254,
166,
163,
208,
143,
274,
1208,
171,
121,
103,
274,
107,
321,
280,
370,
576,
136,
310,
730,
1473,
223,
414,
109,
310,
887,
47,
119,
220,
45,
901,
43,
368,
170,
472,
42,
481,
57,
107,
100,
41,
317,
124,
270,
110,
299,
105,
272,
432,
99,
419,
43,
472,
133,
404,
77,
285,
113,
262,
235,
111,
248,
89,
900,
235,
623,
414,
261,
237,
184,
309,
216,
876,
132,
475,
1117,
81,
217,
500,
372,
177,
145,
284,
277,
286,
338,
308,
329,
332,
347,
427,
654,
466,
238,
283,
237,
726,
216,
644,
652,
147,
696,
657,
237,
327,
171,
778,
626,
48,
672,
45,
43,
139,
41,
148,
877,
101,
144,
359,
143,
631,
751,
185,
673,
261,
766,
110,
124,
39,
121,
753,
153,
735,
43,
748,
670,
41,
753,
153,
677,
692,
234,
141,
440,
123,
730,
268,
43,
132,
517,
139,
128,
149,
117,
274,
136,
114,
273,
765,
171,
109,
272,
276,
39,
1446,
668,
878,
1420,
42,
164,
1415,
685,
1474,
333,
165,
220,
739,
110,
664,
164,
445,
136,
38,
39,
288,
1578,
612,
259,
1548,
193,
166,
42,
204,
1435,
166,
1571,
225,
136,
595,
510,
38,
1183,
1479,
211,
127,
281,
98,
275,
1523,
135,
632,
1467,
114,
249,
525,
1598,
1132,
231,
239,
81,
389,
347,
123,
339,
45,
128,
1162,
100,
318,
1023,
517,
306,
223,
252,
1073,
138,
329,
43,
267,
261,
113,
62,
853,
255,
339,
304,
1536,
230,
270,
814,
319,
408,
115,
50,
365,
1139,
224,
305,
312,
1520,
119,
234,
307,
314,
39,
136,
135,
293,
200,
110,
56,
121,
1606,
93,
298,
211,
879,
45,
117,
1532,
148,
185,
47,
1022,
388,
109,
675,
183,
108,
210,
164,
198,
607,
208,
210,
170,
1473,
428,
864,
211,
563,
225,
248,
42,
178,
223,
160,
195,
482,
547,
360,
171,
269,
278,
264,
175,
560,
846,
730,
1397,
320,
294,
273,
449,
233,
1059,
1128,
718,
146,
129,
248,
469,
286,
180,
1547,
465,
459,
767,
163,
528,
180,
1122,
398,
237,
174,
40,
223,
130,
125,
487,
44,
245,
353,
562,
274,
573,
134,
239,
65,
1407,
312,
1631,
334,
1185,
203,
124,
44,
1625,
670,
1455,
522,
113,
541,
90,
849,
794,
232,
1477,
1259,
87,
302,
86,
443,
283,
1243,
1518,
244,
230,
290,
217,
217,
243,
278,
73,
68,
269,
100,
431,
1426,
149,
486,
230,
381,
70,
172,
530,
1650,
109,
1290,
386,
137,
391,
116,
127,
115,
1468,
245,
177,
453,
93,
48,
118,
44,
90,
40,
44,
73,
180,
1675,
144,
178,
142,
158,
163,
81,
142,
87,
75,
128,
114,
150,
244,
94,
216,
752,
673,
1684,
1265,
699,
817,
199,
395,
304,
1217,
952,
856,
706,
308,
262,
41,
145,
244,
1433,
976,
246,
254,
819,
56,
123,
297,
262,
254,
248,
138,
271,
239,
132,
200,
40,
251,
423,
870,
231,
439,
241,
976,
370,
228,
286,
380,
318,
562,
269,
223,
41,
1417,
238,
228,
984,
848,
174,
248,
1518,
232,
1365,
379,
96,
534,
540,
133,
130,
61,
154,
214,
114,
121,
541,
162,
152,
189,
149,
40,
123,
1274,
863,
557,
322,
1126,
1445,
714,
42,
128,
317,
41,
78,
245,
115,
1517,
733,
1020,
450,
318,
42,
691,
243,
41,
248,
554,
461,
249,
676,
227,
288,
349,
319,
588,
559,
246,
563,
572,
208,
374,
200,
45,
286,
302,
192,
722,
275,
773,
201,
43,
205,
697,
1529,
652,
668,
295,
57,
235,
429,
234,
1477,
1032,
41,
369,
233,
1025,
429,
37,
232,
1386,
635,
232,
255,
841,
1300,
713,
264,
180,
295,
1496,
171,
323,
1540,
248,
448,
301,
1534,
308,
428,
443,
246,
42,
228,
216,
1507,
41,
200,
178,
555,
56,
204,
241,
1323,
203,
464,
216,
839,
208,
480,
625,
316,
202,
683,
212,
186,
150,
327,
215,
354,
168,
271,
718,
50,
196,
630,
609,
1014,
320,
239,
254,
196,
925,
1529,
40,
937,
577,
620,
1421,
888,
552,
892,
872,
70,
1530,
267,
1320,
883,
189,
43,
50,
426,
747,
168,
1010,
41,
1329,
635,
663,
890,
608,
236,
299,
42,
106,
607,
151,
77,
121,
219,
45,
199,
171,
531,
417,
377,
40,
743,
232,
216,
684,
180,
513,
433,
180,
431,
517,
625,
1593,
333,
502,
368,
370,
137,
166,
853,
245,
40,
476,
363,
444,
520,
206,
753,
86,
704,
269,
240,
127,
529,
59,
370,
753,
222,
76,
156,
150,
206,
606,
385,
897,
103,
304,
180,
561,
77,
596,
538,
203,
859,
879,
266,
295,
900,
292,
75,
772,
599,
238,
770,
859,
270,
278,
529,
526,
457,
709,
257,
524,
277,
285,
75,
893,
830,
77,
975,
236,
365,
47,
811,
42,
651,
489,
167,
77,
45,
995,
592,
240,
156,
500,
1222,
146,
108,
162,
782,
540,
524,
964,
72,
171,
225,
378,
635,
296,
792,
385,
604,
43,
40,
649,
623,
71,
162,
212,
382,
691,
731,
858,
526,
44,
411,
151,
474,
164,
160,
231,
82,
163,
802,
548,
257,
248,
161,
151,
247,
511,
161,
48,
38,
154,
383,
295,
276,
371,
1064,
354,
229,
178,
329,
182,
234,
136,
320,
227,
513,
621,
226,
777,
620,
384,
282,
558,
620,
242,
155,
812,
257,
506,
109,
110,
50,
812,
46,
122,
819,
288,
521,
686,
578,
813,
776,
1624,
260,
64,
204,
484,
1710,
61,
502,
1515,
60,
777,
230,
698,
499,
41,
692,
60,
210,
600,
357,
588,
98,
57,
1405,
97,
115,
603,
37,
63,
661,
57,
137,
779,
103,
48,
1412,
333,
56,
38,
210,
743,
531,
183,
1623,
1637,
250,
208,
265,
139,
145,
183,
689,
154,
181,
241,
135,
53,
751,
44,
286,
124,
182,
93,
294,
54,
252,
122,
256,
511,
125,
138,
291,
234,
154,
546,
91,
425,
1421,
37,
1417,
319,
144,
126,
1410,
755,
142,
134,
868,
111,
566,
203,
342,
1178,
331,
503,
79,
317,
486,
45,
322,
109,
295,
382,
592,
816,
587,
132,
1033,
504,
815,
577,
559,
142,
135,
442,
1148,
554,
240,
387,
817,
51,
942,
1568,
207,
132,
812,
573,
217,
810,
1438,
410,
623,
399,
316,
324,
391,
88,
361,
1604,
129,
1380,
313,
331,
345,
300,
243,
323,
82,
217,
341,
501,
555,
1314,
361,
307,
341,
641,
325,
550,
608,
811,
1609,
237,
1460,
603,
613,
305,
215,
1166,
236,
1644,
745,
314,
533,
752,
589,
329,
498,
598,
38,
342,
938,
119,
593,
118,
189,
305,
415,
606,
892,
211,
304,
581,
625,
461,
230,
565,
369,
595,
628,
158,
318,
593,
590,
200,
325,
210,
522,
157,
87,
155,
478,
1498,
211,
284,
1635,
176,
533,
418,
1622,
41,
961,
790,
446,
1551,
40,
354,
1262,
1006,
1336,
925,
686,
267,
255,
366,
261,
926,
275,
423,
721,
190,
559,
393,
46,
283,
362,
43,
93,
440,
132,
431,
193,
386,
361,
174,
466,
615,
163,
213,
254,
651,
199,
107,
230,
448,
485,
129,
479,
163,
219,
415,
490,
149,
638,
78,
181,
256,
124,
318,
238,
375,
167,
245,
167,
177,
309,
89,
232,
1538,
119,
556,
378,
286,
56,
114,
39,
215,
453,
112,
210,
418,
465,
207,
1788,
104,
111,
448,
151,
476,
1538,
899,
110,
208,
404,
757,
42,
1649,
105,
218,
200,
297,
46,
144,
143,
45,
183,
173,
461,
156,
175,
1043,
836,
48,
193,
47,
114,
900,
742,
1049,
1085,
1048,
48,
314,
662,
295,
996,
320,
824,
223,
1801,
209,
207,
417,
653,
119,
194,
1324,
753,
152,
278,
243,
168,
403,
196,
1048,
438,
191,
115,
925,
511,
420,
359,
222,
218,
1584,
642,
131,
267,
1541,
219,
303,
150,
115,
613,
507,
609,
258,
1602,
767,
126,
363,
150,
915,
721,
144,
503,
598,
81,
501,
1600,
665,
158,
559,
911,
197,
113,
923,
575,
80,
413,
770,
132,
396,
922,
404,
278,
285,
566,
126,
98,
122,
207,
118,
173,
134,
712,
1786,
305,
181,
296,
510,
121,
580,
121,
242,
130,
60,
164,
205,
162,
59,
195,
58,
146,
135,
1698,
154,
141,
170,
164,
174,
291,
147,
363,
358,
48,
455,
268,
401,
56,
551,
764,
1717,
47,
305,
276,
151,
1583,
243,
292,
44,
1772,
653,
589,
248,
108,
80,
1635,
42,
739,
480,
79,
1222,
238,
317,
294,
173,
1230,
42,
722,
449,
406,
134,
245,
631,
401,
456,
449,
413,
439,
424,
435,
130,
36,
402,
311,
350,
371,
427,
220,
274,
1031,
394,
226,
610,
1018,
286,
578,
360,
431,
343,
444,
1600,
265,
1002,
224,
381,
205,
312,
475,
826,
956,
332,
224,
407,
197,
429,
156,
332,
190,
386,
564,
248,
46,
1675,
807,
822,
173,
363,
805,
502,
799,
809,
117,
805,
167,
121,
287,
322,
126,
763,
329,
336,
1448,
58,
383,
759,
313,
310,
374,
582,
515,
304,
38,
167,
426,
397,
80,
547,
294,
87,
388,
394,
411,
334,
225,
362,
168,
281,
171,
284,
170,
448,
259,
383,
1009,
414,
169,
339,
141,
427,
277,
310,
1097,
81,
638,
324,
519,
961,
439,
1077,
974,
173,
1453,
44,
78,
138,
948,
1684,
40,
302,
1629,
339,
909,
269,
224,
928,
441,
291,
1535,
1565,
756,
40,
1638,
1238,
361,
1617,
803,
1202,
326,
1465,
1037,
308,
277,
321,
777,
300,
79,
287,
1658,
916,
123,
82,
39,
1651,
283,
322,
775,
245,
81,
81,
273,
136,
376,
248,
344,
261,
382,
186,
293,
1029,
62,
1654,
327,
112,
266,
534,
1516,
136,
1641,
83,
116,
272,
363,
245,
109,
241,
1486,
1032,
1654,
269,
113,
84,
1013,
1335,
478,
508,
431,
299,
212,
591,
79,
610,
205,
396,
349,
450,
43,
630,
322,
164,
384,
582,
140,
555,
164,
240,
140,
338,
374,
1576,
49,
1000,
556,
987,
312,
164,
333,
196,
227,
463,
125,
1096,
1140,
521,
136,
177,
494,
244,
281,
258,
927,
261,
112,
158,
207,
1680,
239,
1053,
460,
358,
197,
38,
174,
1694,
346,
352,
935,
1258,
168,
447,
39,
652,
40,
197,
114,
1356,
333,
1335,
168,
355,
745,
157,
304,
166,
1691,
732,
365,
356,
1058,
1480,
263,
853,
164,
249,
355,
276,
351,
850,
345,
272,
938,
520,
97,
358,
248,
165,
694,
48,
96,
596,
226,
520,
538,
788,
724,
346,
797,
154,
385,
526,
485,
374,
156,
748,
477,
396,
689,
173,
176,
694,
242,
458,
218,
132,
444,
384,
155,
134,
773,
79,
216,
40,
466,
1708,
148,
830,
239,
142,
151,
208,
293,
153,
708,
151,
122,
230,
164,
167,
137,
207,
948,
163,
141,
953,
114,
280,
122,
515,
142,
263,
117,
377,
559,
591,
201,
161,
356,
257,
173,
694,
387,
1226,
641,
380,
941,
600,
696,
705,
242,
393,
362,
216,
350,
1162,
908,
42,
439,
952,
445,
509,
1043,
358,
964,
622,
159,
157,
555,
714,
338,
249,
370,
925,
213,
246,
513,
331,
208,
221,
998,
1732,
1736,
223,
173,
873,
810,
139,
245,
127,
1133,
436,
426,
466,
174,
415,
111,
208,
150,
395,
386,
117,
1714,
406,
249,
408,
199,
253,
89,
477,
121,
474,
144,
807,
106,
114,
467,
1019,
444,
247,
75,
357,
51,
1463,
192,
903,
923,
1010,
914,
1651,
107,
78,
163,
444,
223,
289,
179,
145,
40,
683,
230,
481,
430,
220,
436,
369,
1376,
311,
378,
138,
115,
454,
1391,
260,
884,
278,
448,
202,
709,
1056,
952,
350,
1159,
182,
927,
257,
43,
229,
434,
41,
1114,
176,
251,
454,
256,
444,
1704,
1735,
38,
434,
255,
239,
425,
429,
177,
882,
365,
272,
420,
1565,
417,
853,
108,
833,
189,
394,
88,
1246,
295,
42,
144,
1557,
189,
1410,
410,
465,
1745,
174,
725,
84,
481,
160,
82,
291,
68,
288,
218,
433,
39,
459,
463,
444,
178,
82,
79,
165,
359,
259,
517,
436,
433,
103,
778,
186,
38,
1085,
276,
105,
983,
468,
282,
432,
256,
463,
429,
588,
1500,
176,
125,
424,
768,
1043,
206,
938,
143,
429,
163,
323,
484,
565,
1578,
137,
215,
116,
1001,
235,
1192,
534,
1502,
262,
392,
98,
480,
256,
364,
701,
1456,
138,
334,
370,
467,
434,
130,
919,
503,
866,
153,
1530,
400,
905,
311,
426,
1010,
376,
721,
390,
293,
254,
110,
586,
1711,
217,
217,
108,
208,
89,
91,
189,
44,
88,
274,
238,
198,
514,
246,
844,
218,
857,
1673,
825,
819,
1693,
937,
312,
207,
923,
172,
1485,
65,
82,
199,
1434,
1284,
290,
38,
1257,
199,
631,
295,
191,
104,
909,
1541,
191,
959,
891,
197,
121,
889,
142,
1153,
111,
48,
119,
1300,
189,
117,
1394,
211,
231,
190,
291,
45,
43,
189,
467,
179,
226,
176,
827,
155,
171,
272,
416,
361,
37,
492,
292,
544,
461,
296,
1265,
906,
1033,
612,
379,
830,
573,
988,
162,
1251,
180,
344,
486,
155,
231,
41,
258,
493,
208,
1657,
1575,
89,
71,
252,
63,
900,
1593,
223,
85,
218,
134,
483,
345,
496,
1663,
88,
467,
180,
1372,
939,
313,
393,
607,
1608,
191,
41,
520,
888,
913,
87,
391,
359,
1677,
250,
468,
177,
539,
484,
515,
41,
138,
161,
391,
460,
398,
631,
214,
1687,
83,
611,
1157,
392,
265,
347,
70,
1662,
68,
130,
392,
1368,
917,
842,
226,
248,
517,
464,
67,
143,
361,
103,
130,
402,
390,
789,
786,
380,
224,
48,
233,
394,
280,
488,
121,
406,
344,
109,
391,
578,
786,
520,
407,
1678,
574,
532,
39,
448,
147,
282,
42,
138,
168,
238,
41,
1203,
766,
277,
895,
81,
143,
128,
39,
126,
294,
279,
869,
1015,
439,
293,
861,
148,
317,
433,
977,
915,
870,
851,
424,
294,
237,
893,
119,
109,
39,
444,
301,
104,
354,
129,
805,
329,
409,
268,
1639,
303,
298,
295,
127,
42,
332,
35,
304,
107,
343,
304,
1729,
40,
509,
561,
507,
374,
111,
47,
1334,
36,
1797,
527,
572,
478,
1289,
1271,
84,
355,
87,
83,
48,
1697,
836,
38,
308,
1702,
37,
312,
307,
1593,
300,
920,
1685,
238,
1009,
340,
546,
1095,
890,
858,
397,
255,
392,
45,
961,
830,
281,
37,
836,
42,
318,
39,
244,
405,
1670,
197,
32,
480,
289,
794,
399,
32,
1303,
1440,
276,
31,
315,
45,
886,
297,
303,
130,
156,
134,
314,
272,
86,
270,
307,
34,
259,
438,
622,
199,
239,
1401,
68,
827,
198,
188,
195,
393,
220,
620,
543,
392,
259,
225,
845,
291,
536,
277,
296,
221,
271,
1479,
244,
464,
889,
844,
263,
918,
253,
167,
897,
435,
200,
172,
1454,
84,
278,
248,
135,
1037,
429,
471,
161,
42,
165,
134,
145,
142,
174,
156,
45,
42,
217,
153,
143,
44,
148,
248,
167,
274,
269,
152,
44,
444,
129,
40,
167,
269,
115,
40,
1123,
108,
248,
43,
135,
1106,
42,
113,
1669,
408,
41,
954,
442,
1650,
389,
222,
1454,
255,
890,
216,
311,
270,
239,
214,
227,
39,
260,
233,
1043,
445,
457,
455,
400,
66,
369,
386,
40,
41,
59,
75,
54,
319,
397,
106,
597,
182,
102,
555,
124,
958,
547,
998,
99,
540,
458,
273,
312,
1746,
558,
39,
387,
640,
1439,
371,
534,
600,
428,
606,
568,
158,
559,
379,
56,
471,
880,
558,
329,
610,
278,
122,
121,
314,
1260,
256,
1767,
248,
1544,
236,
210,
677,
1047,
196,
1317,
921,
196,
44,
185,
191,
212,
488,
183,
671,
325,
670,
1013,
172,
476,
194,
670,
1238,
209,
217,
242,
459,
212,
46,
659,
1769,
646,
214,
64,
456,
1185,
105,
256,
294,
1239,
1146,
247,
681,
1208,
61,
1275,
860,
1125,
60,
340,
261,
61,
101,
60,
58,
303,
501,
124,
169,
132,
349,
115,
548,
1165,
66,
148,
40,
334,
648,
638,
141,
372,
143,
673,
453,
1471,
122,
144,
410,
942,
702,
1757,
136,
1479,
368,
145,
134,
389,
519,
274,
41,
507,
704,
488,
1106,
961,
1176,
480,
468,
296,
455,
1553,
456,
1768,
588,
223,
227,
248,
479,
1121,
213,
358,
253,
255,
229,
463,
422,
43,
291,
345,
343,
459,
458,
209,
227,
1858,
422,
88,
293,
339,
227,
116,
777,
376,
230,
238,
111,
107,
275,
105,
261,
234,
246,
335,
271,
328,
226,
280,
106,
1525,
260,
210,
254,
88,
495,
258,
250,
282,
651,
657,
416,
105,
1731,
638,
601,
219,
505,
202,
1516,
713,
244,
697,
1608,
45,
182,
529,
94,
551,
92,
266,
235,
173,
602,
503,
584,
785,
408,
1765,
91,
755,
412,
333,
159,
429,
944,
41,
710,
331,
92,
146,
608,
38,
972,
234,
295,
89,
420,
88,
230,
40,
264,
561,
115,
537,
617,
975,
961,
264,
115,
1556,
1729,
996,
1804,
538,
245,
438,
182,
242,
255,
116,
176,
1082,
183,
94,
251,
220,
960,
255,
468,
39,
153,
116,
219,
1568,
506,
251,
159,
310,
102,
1134,
1574,
241,
464,
134,
202,
133,
90,
138,
245,
237,
243,
219,
1495,
202,
86,
242,
364,
230,
236,
970,
447,
213,
234,
194,
92,
237,
211,
144,
956,
1617,
88,
414,
398,
132,
187,
253,
397,
225,
85,
241,
235,
1489,
543,
152,
501,
213,
109,
85,
1698,
560,
369,
87,
101,
80,
326,
1225,
511,
140,
79,
153,
1508,
369,
1396,
472,
386,
1273,
436,
209,
274,
298,
282,
393,
275,
1780,
269,
1611,
239,
1096,
1201,
463,
71,
74,
252,
606,
1778,
251,
71,
206,
224,
207,
1416,
247,
70,
238,
199,
288,
1615,
243,
418,
185,
235,
64,
199,
398,
338,
66,
141,
999,
234,
158,
49,
176,
182,
1293,
376,
136,
125,
47,
105,
405,
282,
350,
46,
668,
82,
52,
999,
367,
714,
168,
113,
662,
985,
112,
696,
92,
110,
48,
786,
364,
640,
568,
648,
56,
218,
561,
324,
567,
405,
168,
119,
229,
246,
218,
170,
48,
80,
50,
217,
104,
192,
175,
157,
179,
44,
138,
364,
154,
147,
118,
189,
295,
154,
220,
426,
626,
284,
690,
145,
651,
43,
658,
221,
672,
810,
93,
415,
41,
786,
50,
767,
645,
154,
776,
50,
678,
304,
223,
562,
401,
128,
917,
38,
143,
184,
61,
380,
1101,
344,
549,
225,
190,
196,
629,
435,
1376,
533,
55,
991,
53,
161,
49,
196,
349,
40,
102,
39,
1016,
138,
96,
977,
110,
103,
982,
95,
150,
53,
172,
1836,
362,
165,
264,
954,
281,
539,
286,
781,
1102,
969,
1481,
192,
164,
102,
286,
367,
903,
133,
611,
755,
122,
44,
42,
1188,
607,
587,
1156,
617,
246,
621,
42,
259,
98,
397,
1261,
221,
741,
217,
170,
928,
894,
810,
127,
850,
130,
637,
916,
893,
631,
97,
106,
619,
133,
597,
759,
520,
1449,
153,
140,
88,
44,
113,
146,
110,
142,
538,
75,
1406,
442,
251,
1681,
130,
415,
314,
1130,
1344,
830,
163,
227,
247,
146,
220,
275,
411,
1440,
124,
614,
631,
129,
759,
275,
305,
717,
680,
223,
245,
131,
629,
46,
746,
38,
136,
611,
140,
243,
43,
1328,
123,
111,
108,
42,
353,
106,
299,
346,
1002,
342,
340,
352,
43,
46,
375,
362,
348,
357,
340,
147,
42,
40,
234,
338,
435,
901,
970,
37,
335,
333,
1256,
339,
1738,
1877,
46,
43,
1252,
112,
1493,
329,
1341,
1657,
1615,
336,
1991,
334,
111,
1133,
103,
279,
1219,
100,
162,
1473,
1093,
73,
1749,
1038,
1459,
1882,
388,
1319,
207,
185,
39,
389,
562,
672,
365,
41,
512,
398,
132,
557,
558,
596,
1273,
530,
952,
1719,
264,
239,
1808,
250,
998,
169,
1744,
131,
173,
229,
241,
187,
153,
1896,
155,
1389,
147,
43,
77,
362,
360,
364,
763,
371,
356,
351,
360,
317,
355,
155,
347,
1734,
351,
646,
43,
1451,
344,
153,
154,
326,
40,
809,
693,
39,
318,
488,
347,
324,
82,
88,
356,
324,
322,
48,
164,
163,
1160,
259,
1776,
1233,
744,
81,
44,
45,
200,
200,
1167,
215,
41,
243,
492,
195,
171,
376,
223,
386,
563,
155,
591,
206,
606,
562,
963,
1013,
418,
376,
939,
1854,
54,
853,
789,
82,
177,
50,
1424,
210,
48,
166,
1148,
1861,
154,
370,
385,
212,
555,
128,
189,
132,
107,
80,
430,
361,
221,
1782,
458,
361,
77,
1404,
1022,
202,
45,
201,
226,
205,
1143,
163,
198,
61,
43,
140,
92,
199,
1013,
198,
124,
195,
1623,
39,
80,
243,
194,
88,
194,
822,
1776,
214,
1012,
1835,
227,
224,
42,
1944,
292,
230,
258,
216,
1331,
257,
1050,
242,
539,
197,
799,
1136,
940,
622,
221,
728,
681,
374,
37,
1128,
1362,
1127,
755,
202,
1246,
881,
438,
733,
829,
916,
63,
884,
186,
760,
414,
173,
757,
1353,
225,
793,
760,
147,
415,
876,
748,
760,
825,
1644,
1358,
193,
417,
760,
351,
732,
43,
679,
215,
263,
1118,
181,
128,
1132,
810,
932,
292,
1129,
863,
740,
291,
733,
614,
1117,
363,
236,
846,
925,
1114,
1432,
1322,
1410,
186,
1021,
207,
192,
1120,
208,
222,
1051,
220,
260,
160,
470,
147,
1050,
185,
1300,
1074,
654,
1633,
210,
179,
206,
472,
1862,
156,
646,
510,
174,
451,
146,
1168,
1034,
432,
43,
146,
919,
135,
865,
741,
1766,
1225,
132,
815,
98,
764,
259,
418,
608,
450,
796,
93,
42,
889,
113,
1163,
789,
1072,
333,
422,
88,
446,
1079,
809,
444,
134,
201,
451,
856,
1784,
805,
192,
160,
175,
230,
579,
911,
134,
1409,
733,
160,
854,
755,
515,
680,
381,
1443,
142,
547,
86,
568,
115,
706,
136,
660,
680,
120,
635,
496,
708,
1055,
138,
740,
830,
939,
1192,
851,
526,
1396,
215,
1172,
1108,
231,
605,
45,
238,
195,
742,
240,
132,
1058,
229,
572,
699,
519,
730,
42,
378,
218,
663,
1662,
573,
459,
147,
194,
566,
1775,
212,
381,
37,
168,
1442,
172,
218,
284,
173,
460,
49,
447,
1816,
135,
39,
499,
377,
783,
1846,
1746,
236,
789,
134,
102,
43,
662,
99,
746,
1550,
1072,
441,
1128,
98,
818,
495,
1127,
443,
435,
1083,
773,
575,
804,
93,
1073,
847,
972,
385,
434,
293,
1093,
841,
846,
420,
409,
387,
384,
334,
1482,
1038,
90,
1174,
648,
1684,
385,
430,
375,
307,
416,
1046,
1669,
695,
732,
1035,
838,
250,
49,
461,
1136,
824,
719,
759,
1730,
677,
1685,
852,
721,
515,
891,
65,
666,
1666,
841,
45,
482,
415,
774,
906,
784,
693,
967,
789,
495,
845,
874,
920,
577,
840,
660,
488,
883,
1338,
612,
348,
1447,
169,
1524,
413,
479,
540,
768,
878,
475,
1019,
464,
456,
785,
667,
463,
1176,
826,
1103,
452,
1585,
1517,
136,
462,
870,
685,
213,
1520,
127,
1094,
697,
121,
136,
77,
207,
240,
243,
1093,
85,
239,
1113,
820,
425,
229,
1616,
402,
70,
236,
1136,
1057,
1017,
408,
1466,
1010,
397,
276,
66,
90,
364,
1116,
244,
1681,
90,
659,
372,
376,
90,
1639,
825,
89,
91,
1652,
41,
47,
991,
898,
87,
278,
226,
40,
798,
919,
224,
235,
690,
222,
838,
195,
93,
85,
767,
218,
192,
243,
154,
710,
631,
186,
748,
836,
255,
201,
84,
930,
900,
228,
222,
45,
898,
724,
252,
122,
756,
190,
151,
75,
460,
791,
73,
258,
71,
732,
993,
115,
41,
413,
1307,
103,
1044,
417,
1512,
340,
252,
344,
43,
188,
223,
233,
1028,
1134,
229,
67,
201,
222,
260,
784,
585,
176,
240,
328,
133,
597,
490,
163,
223,
147,
121,
186,
259,
555,
156,
921,
45,
473,
43,
161,
68,
788,
1138,
165,
173,
163,
40,
91,
244,
791,
583,
426,
519,
266,
326,
225,
513,
846,
507,
1140,
61,
236,
758,
50,
792,
503,
200,
226,
235,
512,
1139,
498,
772,
507,
237,
853,
207,
353,
191,
60,
199,
876,
1141,
197,
1413,
59,
500,
1139,
506,
1369,
845,
1138,
666,
349,
42,
484,
58,
794,
1074,
84,
40,
463,
451,
496,
56,
44,
706,
892,
851,
796,
459,
484,
777,
912,
735,
54,
350,
230,
334,
261,
531,
1084,
753,
63,
550,
534,
206,
252,
186,
181,
197,
206,
222,
51,
156,
167,
1154,
932,
568,
944,
146,
287,
196,
189,
351,
274,
134,
184,
926,
194,
136,
79,
158,
894,
187,
271,
280,
1160,
832,
839,
1000,
309,
759,
258,
898,
801,
892,
530,
122,
528,
952,
44,
145,
57,
525,
851,
50,
94,
93,
503,
884,
38,
908,
889,
960,
1118,
967,
479,
528,
491,
340,
921,
443,
1106,
1063,
312,
299,
727,
665,
1059,
108,
1172,
688,
635,
1074,
113,
56,
1134,
868,
574,
532,
421,
51,
49,
1145,
416,
192,
234,
424,
174,
409,
50,
137,
293,
202,
873,
619,
152,
121,
127,
436,
99,
589,
776,
48,
125,
457,
756,
742,
47,
47,
248,
231,
723,
46,
1313,
230,
242,
497,
281,
544,
218,
46,
817,
40,
43,
227,
852,
120,
234,
409,
573,
191,
68,
228,
139,
119,
993,
606,
597,
172,
489,
68,
116,
413,
82,
66,
869,
917,
870,
246,
583,
121,
958,
275,
907,
172,
890,
977,
1681,
600,
529,
42,
1179,
1028,
843,
830,
232,
601,
754,
833,
1178,
831,
205,
560,
531,
690,
238,
828,
41,
47,
115,
561,
739,
609,
757,
259,
362,
72,
859,
250,
101,
43,
72,
71,
451,
115,
679,
41,
71,
37,
853,
420,
1270,
417,
448,
917,
866,
751,
928,
38,
1027,
985,
456,
949,
134,
829,
529,
926,
39,
64,
1100,
143,
452,
533,
815,
617,
865,
512,
575,
830,
1258,
841,
306,
623,
867,
1221,
308,
179,
72,
941,
877,
298,
259,
821,
44,
683,
219,
286,
178,
1000,
249,
376,
1024,
175,
783,
284,
265,
75,
240,
125,
518,
849,
1063,
666,
450,
75,
133,
608,
425,
53,
264,
304,
448,
74,
531,
142,
443,
131,
503,
73,
843,
162,
529,
237,
72,
433,
151,
71,
444,
45,
829,
154,
238,
304,
1074,
235,
148,
233,
270,
218,
214,
130,
171,
818,
209,
415,
402,
155,
200,
410,
251,
395,
389,
1040,
400,
439,
155,
382,
170,
143,
407,
152,
1070,
65,
609,
1579,
249,
166,
281,
654,
202,
88,
136,
531,
179,
935,
186,
96,
87,
127,
457,
423,
640,
74,
883,
440,
100,
43,
824,
434,
237,
1760,
148,
217,
154,
346,
357,
793,
196,
489,
225,
423,
228,
45,
406,
86,
122,
803,
827,
369,
307,
175,
85,
847,
333,
136,
126,
345,
304,
162,
171,
407,
165,
195,
391,
82,
425,
141,
165,
43,
236,
179,
232,
162,
92,
855,
97,
138,
92,
860,
66,
763,
539,
179,
842,
66,
1208,
1269,
1397,
1207,
62,
372,
61,
901,
1203,
162,
1207,
57,
1193,
386,
58,
390,
105,
421,
1204,
243,
824,
656,
791,
1333,
65,
362,
330,
393,
390,
846,
103,
805,
314,
873,
321,
638,
781,
435,
97,
161,
1704,
44,
1035,
159,
1033,
849,
1494,
1005,
564,
913,
1097,
1039,
558,
894,
1029,
403,
400,
166,
1032,
1224,
361,
193,
371,
126,
888,
145,
328,
225,
434,
796,
136,
183,
346,
368,
415,
167,
613,
1227,
1490,
226,
869,
141,
337,
895,
480,
1527,
92,
40,
413,
90,
306,
395,
417,
374,
90,
903,
473,
305,
894,
296,
255,
699,
608,
86,
526,
41,
240,
86,
923,
1496,
534,
704,
1508,
84,
1502,
784,
370,
1060,
669,
139,
353,
128,
1854,
630,
142,
733,
769,
479,
1098,
890,
872,
132,
389,
1095,
387,
95,
622,
107,
603,
150,
1125,
392,
392,
378,
366,
192,
998,
896,
1616,
87,
383,
363,
328,
970,
1170,
116,
145,
377,
733,
211,
832,
1133,
822,
43,
123,
599,
1885,
228,
42,
527,
519,
228,
562,
613,
1137,
1468,
1861,
506,
1840,
546,
217,
362,
44,
229,
232,
559,
526,
46,
44,
487,
1629,
1352,
38,
804,
219,
1129,
416,
251,
241,
173,
39,
791,
126,
131,
39,
158,
388,
152,
105,
849,
122,
120,
766,
768,
131,
39,
146,
1971,
1099,
80,
873,
257,
37,
145,
1973,
78,
1039,
837,
364,
212,
1147,
140,
74,
801,
85,
357,
387,
354,
1222,
307,
370,
304,
335,
809,
1117,
1144,
335,
288,
351,
774,
1110,
1639,
1099,
76,
909,
38,
1426,
339,
690,
575,
1663,
826,
1584,
41,
1856,
39,
1011,
260,
38,
1276,
362,
1252,
1295,
141,
1274,
277,
134,
329,
281,
1307,
107,
1291,
1131,
253,
246,
304,
170,
89,
274,
109,
84,
154,
824,
243,
808,
1144,
1104,
565,
82,
47,
167,
126,
49,
1692,
1282,
286,
1101,
729,
882,
236,
711,
209,
1076,
1060,
1054,
1999,
194,
225,
209,
508,
1187,
507,
37,
1006,
215,
194,
974,
531,
203,
1561,
824,
720,
1988,
922,
381,
697,
851,
185,
566,
433,
1574,
1011,
1992,
439,
39,
148,
1095,
64,
335,
330,
298,
1341,
130,
1323,
398,
1994,
279,
67,
291,
66,
442,
351,
181,
258,
92,
519,
456,
272,
1086,
527,
478,
265,
564,
65,
516,
574,
562,
509,
1172,
495,
43,
323,
513,
514,
275,
1151,
622,
61,
513,
647,
768,
1141,
680,
538,
934,
1178,
1113,
40,
716,
63,
248,
1191,
514,
1204,
62,
612,
42,
916,
61,
407,
1247,
1048,
66,
60,
404,
311,
59,
68,
42,
215,
267,
57,
61,
756,
483,
1034,
1192,
1108,
1131,
622,
1137,
843,
1116,
656,
56,
1174,
1126,
950,
861,
960,
1343,
1103,
1339,
57,
152,
168,
1961,
159,
1162,
662,
56,
178,
1186,
807,
360,
1061,
1510,
1727,
305,
196,
56,
254,
1130,
170,
1960,
1721,
279,
97,
266,
55,
329,
484,
437,
378,
271,
326,
329,
55,
332,
166,
1083,
270,
1348,
150,
49,
44,
853,
1081,
1567,
1098,
1081,
45,
43,
1188,
41,
944,
42,
1566,
658,
1061,
132,
619,
949,
72,
41,
1159,
1017,
1216,
1180,
1643,
340,
487,
1234,
57,
1195,
1233,
200,
47,
1213,
37,
1187,
220,
1045,
38,
1211,
438,
698,
1245,
1487,
294,
1745,
276,
1626,
752,
275,
1556,
863,
921,
80,
61,
1067,
44,
275,
408,
61,
406,
1114,
1072,
58,
41,
1036,
1396,
309,
599,
532,
709,
559,
261,
321,
468,
55,
595,
456,
269,
240,
561,
51,
309,
292,
216,
527,
189,
51,
200,
1217,
173,
238,
152,
191,
53,
151,
682,
1195,
138,
1695,
1239,
1026,
591,
1052,
866,
575,
1398,
1303,
310,
1062,
44,
420,
549,
500,
423,
478,
841,
296,
1062,
38,
1440,
284,
1033,
674,
259,
1150,
1049,
280,
1145,
46,
274,
1022,
347,
267,
1656,
43,
716,
1465,
725,
1269,
39,
899,
527,
312,
810,
1195,
989,
1616,
43,
1298,
120,
176,
1213,
306,
1745,
725,
1237,
626,
492,
869,
1051,
159,
1174,
1220,
1522,
49,
286,
490,
1496,
1502,
702,
485,
1660,
2065,
1488,
270,
525,
227,
445,
471,
654,
452,
577,
251,
1186,
270,
552,
1202,
210,
586,
463,
412,
444,
523,
215,
413,
161,
45,
179,
456,
248,
285,
173,
1657,
216,
454,
190,
302,
579,
1448,
120,
294,
1052,
162,
154,
1843,
1274,
642,
41,
1045,
847,
127,
39,
226,
1268,
223,
1441,
1307,
425,
789,
192,
938,
1299,
152,
289,
113,
937,
213,
1290,
187,
1544,
105,
748,
1184,
1441,
616,
99,
93,
237,
1206,
213,
1260,
626,
225,
1246,
1006,
87,
44,
938,
1297,
728,
1860,
42,
1089,
671,
703,
1138,
995,
999,
1239,
820,
1152,
1235,
80,
549,
1790,
407,
569,
128,
1876,
274,
999,
811,
978,
1341,
1326,
342,
362,
1148,
86,
1551,
1029,
1004,
591,
303,
1474,
122,
322,
809,
366,
1301,
774,
658,
756,
203,
303,
1120,
1231,
357,
770,
376,
1486,
41,
975,
1485,
541,
1706,
511,
267,
496,
640,
39,
1877,
390,
324,
752,
1218,
212,
418,
1620,
491,
623,
389,
750,
568,
896,
1286,
642,
1257,
785,
415,
82,
532,
109,
1228,
744,
555,
694,
617,
1101,
729,
360,
267,
1715,
527,
328,
896,
301,
347,
269,
344,
288,
1005,
39,
277,
400,
359,
70,
759,
1756,
1040,
46,
191,
609,
1155,
250,
143,
752,
636,
635,
142,
1267,
38,
942,
744,
761,
141,
750,
1333,
140,
503,
1837,
530,
451,
670,
328,
183,
139,
312,
650,
1903,
175,
329,
179,
268,
974,
744,
349,
139,
1278,
476,
1512,
377,
316,
295,
340,
737,
380,
485,
1306,
216,
1116,
470,
338,
745,
592,
1128,
255,
1018,
1520,
692,
1267,
1341,
903,
1626,
440,
500,
307,
317,
377,
746,
1315,
313,
740,
513,
702,
734,
145,
164,
210,
742,
375,
256,
252,
1809,
1202,
47,
1519,
145,
418,
140,
1345,
284,
672,
1327,
1934,
744,
1195,
751,
206,
1285,
279,
293,
1451,
254,
245,
624,
170,
219,
142,
215,
493,
1348,
127,
239,
216,
132,
41,
602,
714,
132,
873,
1047,
1189,
1943,
41,
129,
337,
319,
119,
1774,
315,
102,
344,
850,
244,
855,
458,
288,
569,
1326,
1766,
1256,
312,
222,
38,
36,
1332,
1251,
1275,
1288,
1232,
82,
460,
1066,
1246,
1178,
812,
916,
1283,
433,
856,
126,
739,
403,
1831,
1275,
777,
1307,
45,
547,
903,
1022,
537,
764,
86,
653,
81,
87,
39,
168,
432,
320,
480,
168,
1978,
348,
411,
168,
1007,
1992,
1198,
454,
446,
657,
168,
1602,
647,
735,
335,
166,
97,
472,
986,
117,
66,
862,
326,
875,
332,
553,
453,
1367,
485,
451,
607,
314,
919,
895,
731,
465,
1035,
962,
1015,
722,
150,
1234,
1198,
664,
240,
316,
169,
631,
363,
1677,
258,
463,
285,
450,
426,
1291,
288,
1231,
267,
644,
472,
1280,
305,
740,
1338,
168,
1327,
1260,
338,
959,
361,
1296,
165,
1183,
1765,
394,
93,
408,
1772,
1034,
132,
592,
87,
966,
912,
999,
599,
86,
1223,
594,
906,
673,
348,
610,
1218,
100,
648,
879,
342,
85,
1147,
729,
869,
1060,
668,
1338,
1436,
268,
1318,
1195,
1426,
1042,
760,
591,
633,
877,
106,
334,
778,
92,
106,
983,
752,
662,
903,
88,
389,
363,
2018,
39,
1100,
313,
130,
400,
38,
121,
534,
337,
1229,
1007,
633,
1092,
1314,
113,
364,
1379,
98,
330,
834,
37,
335,
390,
309,
97,
349,
312,
597,
86,
276,
372,
497,
341,
556,
369,
719,
99,
474,
279,
1343,
310,
718,
1327,
510,
1092,
159,
1337,
580,
43,
1053,
1515,
639,
1180,
704,
1508,
1285,
559,
689,
874,
249,
852,
547,
495,
536,
561,
364,
552,
699,
535,
84,
378,
339,
560,
322,
407,
161,
571,
195,
1379,
565,
316,
243,
346,
199,
125,
265,
234,
210,
346,
184,
218,
354,
334,
1380,
277,
41,
274,
802,
1270,
1303,
316,
122,
1361,
345,
1221,
1268,
555,
323,
1234,
262,
1096,
115,
1104,
577,
226,
182,
280,
324,
404,
531,
237,
1091,
787,
47,
767,
563,
371,
499,
386,
43,
1418,
1216,
1176,
217,
1171,
1234,
1339,
1260,
82,
427,
1356,
566,
803,
75,
1090,
1411,
473,
1168,
418,
477,
371,
562,
422,
455,
1259,
418,
89,
385,
457,
442,
586,
450,
437,
1104,
431,
109,
108,
430,
41,
915,
867,
431,
101,
334,
226,
635,
616,
100,
365,
444,
99,
395,
98,
578,
1431,
375,
409,
554,
97,
361,
1190,
97,
99,
524,
441,
94,
286,
324,
93,
87,
94,
128,
444,
229,
232,
93,
1128,
1530,
742,
226,
216,
82,
243,
205,
545,
255,
231,
1414,
210,
945,
378,
193,
1375,
1235,
972,
181,
560,
1359,
91,
112,
1464,
532,
1226,
1116,
295,
168,
1354,
1131,
222,
172,
93,
1325,
269,
42,
1084,
604,
513,
1042,
856,
519,
477,
42,
243,
97,
1320,
116,
1548,
1020,
343,
1104,
260,
1502,
651,
236,
422,
1527,
368,
1037,
391,
175,
747,
1570,
390,
560,
344,
1275,
99,
265,
1495,
658,
1330,
405,
265,
96,
719,
200,
318,
312,
1317,
925,
2155,
752,
98,
40,
239,
795,
538,
511,
624,
497,
74,
483,
381,
488,
59,
70,
1387,
483,
460,
477,
69,
1416,
295,
1493,
530,
1462,
904,
396,
1540,
274,
268,
391,
73,
1038,
44,
1241,
1029,
384,
71,
222,
809,
637,
561,
69,
76,
288,
230,
421,
403,
64,
410,
214,
385,
1049,
1193,
112,
1340,
423,
203,
281,
524,
596,
415,
292,
384,
218,
289,
94,
286,
596,
288,
496,
228,
589,
277,
1137,
1134,
1638,
38,
80,
1508,
1129,
1132,
221,
1560,
1120,
645,
1924,
1126,
418,
40,
1428,
81,
300,
75,
1419,
132,
2115,
77,
37,
1008,
554,
771,
728,
76,
1333,
288,
293,
1278,
1472,
280,
302,
80,
220,
653,
300,
291,
1466,
1054,
396,
1507,
322,
281,
1516,
1026,
290,
409,
1218,
1484,
1570,
278,
1218,
1174,
1306,
936,
260,
767,
1377,
77,
887,
1167,
659,
1316,
1644,
1163,
1084,
78,
240,
1396,
1118,
596,
1399,
72,
777,
318,
653,
646,
310,
322,
1499,
1060,
883,
2154,
1935,
316,
94,
39,
1021,
1011,
705,
317,
2027,
903,
262,
711,
115,
320,
65,
140,
1412,
127,
40,
1424,
335,
532,
279,
330,
327,
269,
482,
1022,
122,
326,
42,
994,
344,
1018,
526,
532,
278,
965,
328,
510,
325,
277,
290,
1231,
354,
291,
235,
406,
102,
189,
367,
974,
288,
194,
84,
265,
229,
231,
84,
984,
869,
1214,
959,
283,
956,
1222,
1070,
85,
1556,
338,
931,
818,
300,
890,
743,
86,
464,
884,
591,
620,
882,
991,
874,
85,
85,
726,
303,
1678,
81,
1557,
875,
211,
293,
47,
1200,
1461,
982,
1059,
2281,
1020,
105,
277,
230,
1088,
934,
75,
622,
1047,
293,
1011,
598,
392,
1387,
1170,
1345,
586,
1071,
938,
1515,
1268,
583,
944,
813,
1082,
778,
1471,
1111,
422,
661,
853,
1219,
1389,
1473,
597,
420,
1070,
154,
603,
858,
231,
1275,
218,
1637,
154,
564,
79,
1079,
1208,
328,
639,
1516,
1378,
330,
1480,
955,
1051,
1197,
1211,
451,
1050,
727,
1379,
1322,
1056,
1447,
722,
345,
291,
380,
1758,
414,
431,
338,
573,
231,
80,
297,
153,
765,
714,
1057,
346,
475,
734,
108,
1038,
337,
104,
1221,
1054,
1191,
260,
1168,
1260,
2083,
1141,
1086,
1074,
2284,
1133,
2089,
1157,
138,
927,
2096,
1085,
138,
342,
1296,
358,
340,
114,
353,
138,
1076,
1386,
1117,
263,
232,
135,
1110,
246,
706,
709,
354,
1107,
760,
124,
241,
457,
353,
401,
132,
130,
351,
702,
702,
234,
2023,
350,
79,
1632,
347,
196,
1017,
192,
255,
1787,
2050,
1601,
100,
1707,
427,
346,
192,
399,
754,
2066,
91,
1439,
300,
128,
262,
412,
1194,
1116,
904,
344,
467,
340,
1708,
1142,
120,
807,
830,
237,
1601,
322,
2026,
813,
614,
241,
2234,
340,
351,
313,
409,
296,
1345,
399,
349,
1078,
323,
101,
852,
266,
485,
215,
382,
1079,
848,
249,
385,
911,
1334,
1622,
1251,
479,
246,
909,
1249,
308,
260,
955,
97,
375,
680,
767,
92,
648,
230,
738,
865,
164,
947,
875,
1160,
664,
351,
457,
1368,
482,
1015,
300,
131,
1328,
699,
633,
607,
131,
596,
293,
123,
676,
1145,
313,
212,
122,
643,
1326,
689,
621,
121,
119,
2074,
755,
115,
710,
874,
103,
897,
450,
116,
312,
478,
1442,
1168,
75,
796,
112,
1060,
480,
551,
477,
926,
1720,
475,
976,
230,
1034,
1229,
121,
845,
379,
629,
1041,
745,
1317,
908,
1162,
296,
129,
125,
1335,
110,
286,
949,
416,
73,
349,
974,
973,
241,
448,
962,
113,
238,
1462,
412,
111,
1319,
313,
690,
856,
288,
97,
179,
319,
131,
844,
127,
77,
72,
288,
786,
598,
68,
840,
321,
1476,
284,
1228,
220,
272,
64,
1546,
1431,
970,
290,
1623,
537,
302,
1087,
1729,
165,
1397,
1429,
60,
1272,
448,
58,
1241,
1716,
1096,
1510,
43,
1525,
1234,
1584,
883,
1057,
40,
1156,
1603,
259,
173,
1698,
1373,
2367,
1875,
1193,
1336,
1318,
1925,
1333,
162,
1095,
951,
1826,
948,
818,
1326,
133,
2218,
2224,
42,
38,
833,
1010,
1534,
1020,
973,
476,
748,
808,
923,
317,
1051,
807,
1039,
1155,
116,
380,
515,
1119,
493,
409,
96,
993,
967,
394,
94,
486,
714,
494,
371,
757,
710,
2456,
43,
782,
56,
532,
778,
774,
780,
127,
479,
465,
46,
973,
477,
448,
563,
406,
562,
1147,
560,
543,
391,
188,
110,
559,
45,
58,
537,
164,
122,
357,
767,
112,
560,
347,
1337,
392,
559,
463,
93,
1020,
1029,
390,
558,
1015,
556,
1028,
910,
1008,
361,
538,
369,
1341,
552,
531,
368,
1258,
339,
335,
769,
830,
344,
334,
1009,
169,
2257,
1350,
1387,
1604,
1081,
780,
87,
2330,
2334,
1697,
1790,
948,
1693,
475,
1021,
797,
1923,
854,
1574,
241,
1325,
43,
324,
1782,
1013,
361,
1335,
997,
2213,
1575,
1411,
2207,
127,
1933,
43,
910,
111,
1291,
435,
2244,
2205,
1322,
1381,
363,
1071,
1487,
186,
815,
572,
648,
185,
554,
965,
302,
377,
41,
2380,
184,
1302,
337,
514,
977,
1330,
301,
2370,
184,
525,
751,
339,
602,
1194,
43,
1183,
669,
176,
503,
1132,
299,
1081,
172,
1391,
2276,
1136,
525,
172,
362,
410,
290,
187,
1404,
321,
275,
233,
544,
172,
396,
276,
91,
713,
182,
313,
507,
413,
187,
470,
79,
36,
928,
42,
392,
175,
293,
1669,
368,
1913,
172,
931,
373,
547,
1194,
320,
1711,
2242,
402,
384,
414,
1689,
124,
1431,
146,
1722,
320,
111,
1558,
530,
1236,
1418,
40,
124,
630,
728,
626,
78,
777,
439,
580,
703,
609,
451,
412,
305,
461,
415,
610,
608,
516,
634,
233,
606,
518,
642,
633,
1367,
317,
205,
845,
404,
452,
498,
1589,
94,
191,
1435,
683,
1228,
40,
630,
626,
1354,
537,
1733,
559,
1416,
408,
131,
1415,
616,
453,
959,
193,
599,
430,
1213,
428,
600,
251,
445,
1291,
490,
855,
1568,
472,
574,
259,
203,
1271,
1087,
573,
1390,
708,
1030,
410,
1390,
1313,
850,
1384,
537,
557,
437,
1162,
784,
1338,
407,
144,
548,
1236,
1154,
1331,
1722,
1410,
106,
849,
717,
524,
119,
1203,
1488,
76,
455,
537,
565,
548,
522,
92,
481,
516,
477,
103,
520,
105,
438,
397,
482,
443,
1214,
1394,
89,
87,
403,
887,
43,
479,
433,
425,
2341,
423,
539,
317,
82,
1057,
68,
319,
256,
521,
650,
1202,
322,
430,
663,
226,
351,
637,
511,
1048,
1174,
489,
384,
599,
577,
331,
353,
417,
1312,
509,
45,
331,
1575,
1280,
218,
875,
43,
487,
483,
435,
1349,
701,
229,
1186,
1575,
1226,
1178,
1614,
409,
111,
423,
449,
1601,
1225,
454,
467,
1692,
417,
2382,
409,
933,
1179,
578,
413,
704,
1203,
232,
1583,
439,
469,
1246,
882,
1075,
1244,
1200,
757,
506,
1334,
2385,
1314,
1159,
1154,
345,
151,
790,
960,
129,
1494,
864,
121,
1170,
37,
119,
707,
730,
118,
678,
563,
624,
