39,
36,
47,
40,
32,
46,
63,
82,
43,
44,
87,
65,
102,
81,
39,
77,
106,
110,
88,
59,
92,
58,
74,
53,
104,
49,
120,
124,
40,
40,
122,
130,
127,
36,
127,
123,
39,
135,
35,
32,
103,
138,
119,
41,
150,
128,
131,
34,
109,
76,
144,
75,
73,
47,
66,
161,
82,
103,
148,
88,
143,
36,
61,
41,
161,
142,
125,
50,
144,
42,
40,
113,
144,
176,
117,
111,
76,
68,
138,
75,
72,
101,
69,
145,
188,
200,
64,
199,
70,
167,
179,
136,
185,
189,
159,
194,
188,
104,
183,
117,
163,
187,
170,
129,
128,
184,
139,
154,
59,
147,
58,
50,
146,
151,
187,
153,
138,
148,
167,
131,
134,
51,
208,
152,
127,
175,
47,
153,
142,
162,
169,
42,
205,
42,
165,
101,
163,
216,
172,
137,
167,
214,
197,
130,
153,
181,
155,
191,
206,
40,
187,
196,
215,
196,
159,
195,
191,
170,
159,
36,
213,
184,
222,
159,
166,
192,
214,
158,
202,
153,
196,
37,
160,
214,
180,
160,
42,
187,
158,
198,
164,
183,
162,
49,
160,
217,
44,
193,
119,
154,
177,
209,
250,
161,
92,
176,
107,
110,
91,
134,
125,
103,
77,
152,
175,
70,
102,
188,
117,
256,
147,
79,
153,
79,
123,
214,
236,
223,
286,
177,
228,
217,
149,
206,
121,
68,
212,
213,
83,
236,
192,
186,
137,
221,
68,
189,
267,
193,
131,
178,
79,
134,
67,
45,
194,
210,
184,
60,
245,
167,
236,
252,
148,
59,
44,
205,
200,
145,
43,
290,
166,
304,
120,
162,
50,
166,
146,
185,
181,
113,
173,
221,
176,
294,
50,
151,
254,
202,
81,
239,
153,
209,
254,
278,
187,
143,
151,
44,
149,
154,
215,
200,
196,
273,
175,
205,
199,
159,
131,
298,
221,
161,
237,
160,
222,
299,
189,
224,
197,
189,
309,
286,
258,
47,
40,
234,
243,
154,
163,
223,
209,
201,
41,
282,
40,
101,
141,
36,
258,
170,
165,
165,
216,
192,
256,
157,
227,
276,
162,
180,
250,
154,
230,
260,
227,
176,
145,
258,
221,
288,
199,
146,
112,
159,
220,
181,
319,
258,
147,
192,
282,
50,
306,
144,
76,
309,
118,
96,
79,
227,
60,
101,
69,
102,
200,
121,
216,
171,
101,
240,
39,
69,
162,
138,
95,
150,
117,
215,
182,
151,
225,
87,
195,
166,
76,
78,
244,
175,
144,
121,
78,
57,
128,
218,
236,
251,
251,
226,
78,
244,
73,
223,
235,
209,
141,
359,
73,
224,
216,
229,
189,
239,
62,
193,
217,
118,
193,
56,
239,
161,
192,
204,
39,
158,
182,
229,
175,
94,
202,
317,
268,
131,
215,
197,
172,
207,
185,
201,
196,
331,
215,
199,
185,
171,
324,
38,
165,
208,
156,
185,
144,
235,
181,
155,
40,
140,
221,
192,
196,
138,
134,
236,
252,
241,
145,
196,
134,
38,
150,
270,
42,
270,
193,
175,
189,
269,
281,
211,
210,
330,
306,
347,
41,
220,
206,
224,
156,
224,
220,
218,
281,
241,
151,
39,
192,
176,
229,
179,
184,
211,
258,
185,
156,
222,
298,
213,
255,
275,
178,
228,
314,
164,
40,
336,
177,
245,
366,
257,
150,
204,
234,
217,
199,
254,
154,
164,
128,
183,
247,
183,
133,
174,
48,
369,
222,
205,
218,
237,
131,
174,
352,
109,
231,
195,
89,
60,
120,
227,
94,
112,
158,
85,
112,
95,
84,
42,
138,
141,
151,
120,
159,
116,
145,
223,
61,
221,
195,
169,
242,
244,
219,
178,
232,
209,
256,
149,
207,
94,
287,
205,
395,
192,
297,
260,
170,
196,
247,
217,
214,
410,
186,
113,
74,
183,
142,
306,
195,
199,
244,
190,
173,
74,
188,
72,
190,
178,
372,
298,
276,
173,
119,
162,
66,
118,
169,
148,
204,
203,
65,
188,
155,
102,
187,
37,
143,
163,
134,
107,
62,
438,
157,
177,
363,
208,
243,
164,
199,
57,
111,
233,
393,
232,
172,
228,
208,
342,
176,
163,
188,
58,
231,
211,
210,
420,
394,
178,
302,
220,
162,
199,
169,
191,
282,
57,
292,
204,
235,
253,
188,
273,
226,
204,
303,
200,
283,
171,
147,
187,
201,
162,
199,
59,
138,
156,
198,
196,
295,
233,
271,
178,
275,
215,
141,
48,
162,
127,
224,
154,
121,
40,
190,
48,
300,
67,
197,
204,
49,
116,
125,
375,
41,
39,
439,
254,
422,
309,
105,
473,
122,
98,
263,
39,
215,
122,
262,
217,
140,
479,
206,
43,
225,
250,
126,
110,
269,
283,
90,
80,
193,
149,
179,
168,
79,
129,
103,
180,
141,
143,
181,
242,
213,
81,
191,
159,
143,
226,
218,
240,
210,
68,
226,
250,
240,
224,
164,
224,
60,
217,
203,
212,
237,
183,
169,
285,
202,
315,
428,
109,
174,
212,
124,
50,
177,
190,
81,
116,
121,
187,
142,
189,
24,
115,
158,
50,
126,
42,
166,
191,
49,
162,
241,
168,
178,
43,
201,
212,
41,
163,
189,
201,
36,
99,
176,
178,
307,
361,
246,
213,
290,
203,
144,
270,
267,
40,
118,
276,
216,
208,
423,
320,
180,
194,
250,
233,
198,
184,
305,
186,
407,
180,
424,
37,
298,
216,
181,
216,
153,
290,
258,
162,
156,
148,
451,
437,
175,
226,
264,
460,
46,
234,
191,
364,
40,
152,
335,
128,
216,
192,
39,
247,
156,
164,
212,
185,
174,
125,
181,
233,
173,
179,
188,
140,
269,
316,
285,
122,
119,
92,
276,
426,
154,
473,
217,
37,
225,
376,
180,
78,
301,
262,
302,
92,
167,
126,
123,
233,
435,
120,
232,
284,
331,
114,
112,
252,
154,
175,
49,
136,
172,
36,
111,
45,
168,
138,
154,
148,
83,
39,
121,
80,
109,
176,
116,
72,
205,
471,
105,
240,
71,
178,
207,
203,
432,
154,
190,
199,
229,
223,
201,
461,
216,
176,
62,
277,
194,
255,
238,
218,
192,
63,
144,
188,
196,
324,
175,
54,
231,
204,
186,
46,
338,
184,
210,
326,
178,
187,
160,
137,
142,
203,
39,
184,
200,
220,
181,
122,
114,
279,
164,
119,
35,
170,
195,
194,
490,
199,
198,
131,
301,
155,
260,
175,
310,
146,
215,
219,
176,
510,
435,
217,
185,
42,
38,
201,
49,
237,
283,
180,
216,
170,
318,
186,
183,
151,
124,
218,
229,
349,
197,
360,
177,
168,
37,
237,
282,
309,
224,
207,
262,
148,
144,
142,
342,
183,
355,
157,
233,
187,
221,
522,
202,
148,
220,
297,
168,
249,
202,
413,
152,
264,
142,
327,
196,
48,
122,
264,
165,
432,
486,
269,
189,
299,
554,
148,
495,
521,
175,
283,
199,
491,
108,
158,
367,
136,
164,
375,
164,
249,
114,
95,
124,
242,
139,
349,
357,
284,
87,
94,
292,
148,
139,
153,
258,
42,
185,
135,
149,
37,
245,
256,
145,
274,
194,
72,
139,
114,
548,
125,
109,
211,
41,
196,
234,
38,
68,
89,
143,
207,
224,
68,
184,
164,
247,
254,
236,
60,
189,
181,
244,
201,
238,
457,
206,
237,
307,
249,
211,
41,
165,
220,
55,
188,
253,
273,
54,
199,
181,
455,
179,
157,
184,
535,
51,
175,
166,
164,
241,
44,
174,
501,
169,
144,
136,
429,
43,
154,
209,
218,
178,
167,
192,
171,
501,
187,
481,
101,
133,
203,
215,
161,
184,
42,
229,
362,
224,
192,
538,
231,
140,
215,
163,
202,
284,
46,
152,
502,
344,
137,
41,
349,
276,
396,
218,
214,
160,
343,
340,
173,
356,
472,
155,
210,
184,
196,
280,
173,
132,
236,
194,
267,
249,
221,
368,
173,
321,
137,
174,
164,
34,
257,
163,
200,
131,
142,
237,
119,
197,
533,
123,
162,
301,
265,
546,
240,
44,
164,
255,
138,
146,
286,
256,
181,
164,
230,
294,
338,
221,
286,
115,
258,
326,
130,
223,
336,
280,
396,
112,
94,
270,
40,
39,
90,
100,
74,
177,
94,
210,
169,
169,
160,
264,
129,
499,
161,
72,
123,
103,
131,
129,
115,
190,
237,
189,
149,
507,
171,
146,
227,
569,
204,
231,
81,
232,
218,
492,
231,
246,
78,
531,
210,
239,
436,
231,
228,
76,
234,
232,
197,
197,
195,
155,
140,
219,
212,
184,
214,
74,
69,
178,
165,
193,
202,
212,
194,
80,
62,
218,
152,
184,
202,
181,
128,
535,
136,
188,
191,
246,
118,
64,
178,
59,
239,
252,
176,
116,
39,
190,
246,
268,
197,
193,
221,
609,
280,
495,
177,
174,
57,
247,
179,
251,
146,
192,
298,
176,
204,
544,
257,
539,
169,
207,
335,
51,
147,
311,
179,
307,
237,
373,
174,
137,
186,
202,
295,
285,
164,
171,
166,
110,
279,
53,
289,
612,
138,
346,
114,
128,
220,
130,
135,
119,
372,
204,
343,
176,
51,
611,
201,
173,
300,
205,
211,
625,
220,
150,
42,
132,
195,
628,
295,
42,
614,
288,
332,
42,
38,
100,
83,
419,
388,
78,
261,
254,
397,
593,
142,
107,
609,
128,
215,
132,
267,
45,
195,
107,
404,
184,
107,
101,
45,
392,
400,
70,
39,
154,
179,
136,
261,
182,
174,
73,
100,
185,
154,
182,
237,
173,
591,
125,
148,
220,
652,
239,
248,
588,
204,
214,
601,
87,
211,
214,
174,
223,
192,
201,
204,
295,
168,
507,
177,
233,
219,
81,
190,
41,
217,
301,
177,
152,
249,
241,
229,
72,
232,
233,
175,
194,
302,
205,
244,
73,
347,
264,
595,
218,
217,
163,
153,
161,
175,
193,
137,
158,
199,
132,
196,
209,
233,
216,
214,
236,
62,
205,
182,
132,
260,
239,
235,
585,
174,
204,
281,
620,
258,
173,
132,
353,
65,
560,
184,
147,
337,
295,
133,
171,
65,
196,
352,
297,
589,
344,
216,
250,
328,
216,
582,
187,
348,
206,
358,
156,
313,
64,
137,
261,
113,
98,
640,
162,
604,
209,
59,
195,
359,
133,
629,
55,
207,
289,
196,
253,
167,
637,
113,
176,
243,
47,
160,
306,
248,
161,
231,
44,
260,
242,
326,
348,
151,
299,
192,
433,
302,
235,
469,
214,
148,
395,
285,
215,
201,
365,
212,
36,
41,
313,
131,
128,
338,
265,
60,
307,
89,
286,
677,
335,
42,
274,
258,
89,
62,
80,
364,
44,
56,
280,
356,
127,
421,
115,
73,
170,
194,
152,
43,
170,
38,
161,
149,
145,
230,
127,
276,
580,
155,
220,
198,
291,
184,
203,
394,
256,
79,
155,
278,
250,
269,
244,
158,
160,
236,
281,
113,
180,
187,
257,
247,
76,
235,
321,
147,
240,
253,
75,
197,
590,
230,
631,
240,
74,
221,
176,
169,
215,
158,
131,
214,
71,
257,
271,
254,
143,
46,
215,
188,
42,
244,
202,
224,
212,
200,
188,
129,
114,
198,
150,
140,
294,
240,
196,
143,
223,
244,
210,
193,
166,
328,
203,
578,
202,
227,
263,
205,
128,
327,
201,
157,
241,
324,
296,
243,
237,
218,
219,
246,
440,
175,
205,
609,
258,
281,
344,
184,
195,
591,
167,
242,
321,
174,
375,
194,
199,
44,
165,
606,
222,
283,
152,
228,
175,
714,
276,
358,
181,
44,
173,
170,
185,
156,
277,
237,
200,
169,
156,
213,
107,
127,
39,
148,
201,
210,
223,
38,
136,
329,
244,
140,
308,
194,
216,
136,
89,
290,
41,
689,
159,
238,
354,
45,
116,
255,
48,
689,
43,
316,
348,
193,
44,
221,
143,
246,
122,
230,
260,
702,
129,
108,
126,
254,
358,
133,
120,
389,
298,
110,
121,
153,
191,
41,
195,
81,
706,
45,
75,
201,
100,
632,
93,
291,
71,
193,
184,
178,
157,
182,
96,
243,
76,
168,
163,
230,
203,
159,
249,
255,
244,
198,
194,
127,
219,
255,
187,
40,
94,
252,
120,
264,
235,
116,
233,
248,
246,
234,
571,
314,
113,
746,
145,
213,
189,
112,
275,
202,
197,
359,
151,
112,
408,
238,
219,
110,
223,
227,
168,
153,
106,
175,
222,
126,
658,
314,
731,
206,
180,
112,
216,
199,
666,
631,
179,
41,
105,
149,
202,
148,
224,
220,
41,
229,
206,
306,
147,
51,
343,
658,
221,
105,
326,
322,
357,
228,
232,
298,
724,
336,
131,
103,
347,
195,
309,
130,
211,
154,
353,
374,
152,
101,
200,
207,
643,
179,
99,
134,
739,
288,
256,
297,
162,
179,
205,
100,
203,
149,
270,
45,
265,
769,
166,
265,
222,
167,
206,
215,
235,
205,
230,
316,
302,
373,
99,
181,
352,
344,
81,
274,
273,
101,
229,
202,
78,
199,
361,
149,
148,
782,
409,
130,
763,
330,
200,
228,
537,
143,
41,
82,
230,
275,
211,
213,
155,
232,
213,
211,
396,
666,
206,
77,
99,
85,
201,
214,
78,
176,
194,
229,
200,
205,
193,
215,
189,
180,
197,
181,
568,
223,
265,
97,
281,
647,
119,
307,
259,
126,
173,
274,
230,
514,
249,
126,
183,
94,
241,
301,
296,
278,
192,
797,
285,
264,
96,
159,
363,
188,
281,
288,
212,
121,
340,
337,
268,
242,
160,
203,
351,
363,
554,
250,
229,
286,
92,
146,
45,
305,
154,
203,
263,
123,
228,
128,
181,
244,
236,
199,
44,
42,
283,
257,
165,
124,
317,
174,
194,
120,
176,
342,
201,
165,
201,
209,
173,
181,
230,
226,
332,
227,
149,
221,
275,
204,
407,
123,
171,
242,
262,
246,
401,
236,
215,
188,
374,
318,
679,
190,
316,
394,
171,
106,
363,
217,
179,
319,
238,
175,
177,
697,
200,
252,
170,
307,
46,
110,
172,
352,
197,
708,
159,
351,
815,
153,
195,
775,
159,
734,
256,
389,
191,
115,
100,
187,
774,
250,
149,
282,
268,
173,
162,
259,
95,
244,
442,
341,
301,
420,
218,
192,
138,
274,
189,
288,
110,
395,
211,
183,
318,
372,
222,
231,
47,
98,
107,
97,
127,
377,
665,
369,
471,
61,
69,
825,
192,
356,
49,
51,
85,
285,
123,
402,
152,
51,
226,
63,
44,
208,
119,
47,
323,
225,
45,
221,
162,
65,
54,
221,
175,
192,
435,
234,
817,
209,
193,
228,
78,
211,
747,
215,
76,
73,
192,
186,
195,
146,
171,
734,
297,
116,
259,
219,
143,
211,
223,
83,
440,
361,
314,
215,
139,
267,
314,
257,
103,
185,
138,
255,
189,
187,
140,
40,
265,
769,
135,
201,
185,
249,
246,
196,
134,
334,
239,
233,
743,
167,
133,
118,
180,
177,
142,
132,
217,
162,
186,
174,
174,
302,
143,
361,
193,
125,
271,
166,
427,
163,
181,
155,
270,
158,
159,
170,
185,
180,
108,
150,
377,
166,
349,
313,
178,
245,
468,
410,
130,
180,
369,
218,
408,
361,
210,
201,
232,
187,
209,
429,
337,
182,
219,
132,
316,
240,
185,
356,
138,
147,
172,
219,
204,
142,
160,
155,
370,
129,
225,
210,
189,
192,
862,
203,
447,
488,
447,
269,
350,
766,
196,
233,
308,
861,
94,
762,
162,
138,
753,
823,
47,
93,
324,
289,
329,
383,
165,
298,
433,
425,
81,
126,
393,
316,
196,
107,
136,
338,
205,
47,
250,
197,
442,
42,
244,
39,
229,
316,
37,
774,
242,
193,
207,
190,
243,
204,
179,
176,
168,
204,
213,
210,
235,
163,
172,
195,
244,
150,
144,
209,
94,
80,
319,
41,
191,
309,
315,
150,
388,
295,
302,
146,
339,
365,
357,
337,
301,
882,
280,
420,
146,
279,
205,
246,
167,
853,
521,
215,
515,
140,
157,
274,
292,
710,
166,
443,
157,
140,
467,
275,
356,
175,
140,
193,
127,
138,
212,
266,
301,
193,
333,
213,
169,
243,
157,
188,
185,
203,
245,
156,
823,
242,
130,
373,
206,
217,
175,
195,
822,
163,
39,
898,
134,
338,
221,
383,
147,
386,
406,
304,
186,
384,
795,
175,
299,
147,
194,
303,
203,
303,
343,
147,
180,
385,
250,
218,
143,
207,
168,
191,
269,
239,
161,
189,
425,
183,
218,
151,
227,
252,
261,
337,
109,
802,
140,
194,
229,
149,
426,
374,
231,
343,
257,
277,
45,
599,
316,
130,
139,
111,
226,
138,
111,
341,
199,
395,
160,
429,
949,
189,
439,
112,
217,
61,
134,
221,
86,
50,
46,
49,
100,
144,
952,
390,
143,
191,
116,
381,
40,
97,
433,
257,
178,
71,
194,
74,
38,
70,
201,
187,
210,
240,
238,
217,
865,
177,
234,
751,
198,
72,
190,
251,
137,
224,
166,
843,
177,
852,
45,
340,
142,
135,
265,
371,
311,
166,
313,
202,
317,
128,
151,
336,
339,
218,
191,
86,
343,
178,
178,
276,
185,
282,
124,
395,
329,
290,
118,
180,
262,
123,
224,
262,
262,
286,
429,
206,
235,
870,
154,
191,
391,
223,
212,
120,
942,
826,
152,
192,
229,
166,
179,
166,
960,
266,
838,
118,
350,
225,
432,
419,
315,
671,
257,
220,
320,
320,
183,
164,
349,
97,
439,
370,
232,
206,
373,
229,
387,
200,
174,
98,
162,
146,
155,
394,
195,
176,
916,
215,
219,
118,
473,
99,
271,
46,
189,
356,
191,
316,
268,
45,
250,
942,
211,
845,
44,
363,
102,
209,
157,
284,
450,
106,
144,
831,
234,
327,
241,
121,
229,
167,
482,
329,
144,
237,
435,
130,
465,
314,
455,
330,
49,
113,
190,
384,
276,
377,
338,
415,
95,
420,
386,
34,
121,
121,
109,
274,
360,
100,
104,
180,
37,
102,
67,
317,
131,
110,
44,
107,
328,
96,
338,
297,
94,
449,
73,
481,
321,
327,
52,
420,
162,
317,
158,
877,
806,
233,
220,
203,
172,
132,
249,
219,
72,
73,
41,
169,
254,
367,
184,
128,
139,
213,
215,
138,
329,
232,
154,
994,
191,
338,
302,
266,
374,
137,
361,
126,
323,
429,
354,
546,
136,
161,
188,
303,
135,
187,
250,
185,
892,
45,
190,
179,
146,
326,
108,
463,
116,
499,
134,
236,
208,
990,
221,
262,
225,
320,
236,
160,
511,
836,
134,
237,
211,
165,
140,
264,
280,
350,
267,
166,
948,
191,
341,
254,
209,
312,
192,
184,
865,
154,
289,
236,
873,
204,
134,
275,
473,
343,
417,
406,
371,
220,
135,
369,
384,
219,
424,
340,
172,
905,
376,
313,
217,
351,
432,
294,
350,
177,
238,
263,
258,
372,
202,
260,
160,
369,
136,
115,
210,
221,
184,
154,
252,
442,
199,
126,
215,
296,
232,
312,
168,
164,
1010,
210,
190,
229,
244,
162,
230,
189,
47,
143,
475,
340,
286,
300,
151,
414,
141,
1015,
458,
137,
220,
128,
90,
965,
1012,
39,
130,
239,
356,
427,
101,
99,
414,
182,
41,
404,
40,
63,
373,
449,
267,
95,
45,
154,
337,
72,
332,
71,
302,
71,
153,
239,
169,
176,
41,
322,
167,
242,
183,
320,
1036,
553,
307,
334,
314,
305,
155,
301,
144,
177,
1030,
292,
284,
299,
107,
323,
853,
210,
161,
806,
46,
912,
345,
371,
279,
149,
402,
47,
38,
543,
117,
181,
115,
121,
203,
153,
196,
357,
224,
575,
199,
138,
545,
349,
127,
418,
212,
39,
108,
271,
576,
240,
192,
509,
718,
1008,
472,
212,
423,
203,
253,
169,
136,
150,
947,
469,
541,
225,
206,
130,
274,
172,
908,
147,
251,
338,
260,
38,
329,
187,
108,
444,
948,
256,
295,
236,
152,
465,
388,
208,
947,
175,
328,
200,
237,
347,
362,
157,
258,
274,
142,
195,
172,
192,
388,
316,
191,
246,
152,
192,
208,
219,
948,
190,
46,
157,
655,
188,
935,
425,
139,
203,
237,
177,
163,
233,
139,
165,
200,
425,
341,
280,
309,
167,
191,
155,
214,
1000,
726,
256,
305,
86,
989,
363,
371,
130,
81,
135,
420,
150,
188,
348,
36,
367,
152,
442,
365,
114,
412,
383,
439,
190,
79,
415,
110,
422,
412,
416,
463,
385,
133,
118,
83,
136,
190,
164,
104,
242,
384,
241,
100,
212,
258,
367,
150,
213,
668,
247,
214,
429,
230,
294,
328,
360,
618,
236,
1037,
380,
354,
280,
85,
165,
424,
422,
326,
292,
374,
333,
1025,
133,
289,
213,
321,
274,
212,
167,
371,
116,
213,
141,
232,
177,
173,
210,
256,
210,
150,
170,
185,
202,
128,
233,
230,
160,
250,
249,
284,
148,
45,
218,
420,
174,
182,
180,
251,
209,
216,
362,
213,
51,
283,
327,
148,
367,
316,
208,
146,
325,
250,
450,
270,
202,
198,
159,
339,
254,
312,
197,
268,
258,
152,
169,
183,
315,
1068,
202,
219,
149,
194,
191,
1055,
1012,
152,
313,
179,
1000,
167,
308,
127,
1002,
954,
283,
45,
366,
279,
164,
278,
133,
379,
44,
147,
132,
151,
221,
145,
355,
429,
93,
294,
189,
342,
129,
115,
90,
821,
1062,
45,
413,
94,
173,
117,
1033,
78,
192,
370,
354,
144,
1029,
82,
46,
1026,
219,
46,
181,
35,
139,
90,
1022,
175,
421,
460,
464,
430,
975,
76,
435,
86,
133,
1063,
442,
462,
78,
410,
72,
372,
970,
461,
422,
198,
435,
155,
420,
417,
488,
412,
454,
236,
269,
178,
919,
177,
131,
155,
321,
164,
345,
311,
256,
234,
883,
256,
394,
293,
382,
386,
422,
163,
187,
372,
633,
283,
372,
612,
276,
296,
177,
1038,
271,
100,
168,
341,
141,
625,
167,
183,
132,
198,
111,
242,
1027,
302,
203,
187,
653,
110,
1006,
144,
198,
221,
186,
209,
172,
1041,
710,
245,
194,
289,
300,
257,
191,
568,
282,
299,
238,
180,
203,
269,
226,
379,
174,
386,
240,
230,
815,
292,
177,
175,
164,
229,
288,
146,
409,
986,
208,
189,
206,
1000,
142,
242,
175,
112,
265,
203,
998,
299,
287,
140,
197,
102,
40,
195,
999,
720,
258,
212,
416,
1073,
143,
253,
329,
1043,
466,
167,
170,
139,
135,
341,
189,
163,
79,
271,
267,
269,
91,
163,
82,
52,
446,
416,
135,
78,
52,
381,
406,
46,
380,
85,
375,
83,
356,
60,
105,
138,
63,
57,
131,
243,
136,
202,
180,
218,
224,
254,
279,
139,
237,
250,
188,
945,
188,
253,
340,
333,
257,
204,
484,
356,
128,
238,
190,
313,
427,
411,
165,
44,
157,
272,
411,
394,
424,
365,
293,
434,
1010,
607,
166,
165,
184,
38,
117,
1086,
200,
131,
76,
375,
186,
130,
131,
452,
162,
332,
240,
195,
721,
177,
265,
177,
247,
321,
701,
512,
157,
242,
1084,
264,
150,
299,
362,
225,
192,
287,
245,
276,
127,
884,
222,
179,
277,
42,
415,
666,
153,
214,
1108,
413,
185,
236,
221,
485,
1047,
249,
169,
280,
385,
183,
148,
215,
433,
373,
138,
206,
1044,
145,
261,
138,
233,
237,
150,
165,
269,
214,
214,
221,
199,
45,
182,
1081,
244,
165,
1104,
198,
193,
106,
250,
213,
285,
398,
225,
357,
296,
181,
235,
119,
828,
286,
224,
296,
389,
255,
369,
341,
276,
45,
43,
253,
114,
126,
474,
125,
152,
446,
185,
460,
109,
130,
598,
108,
90,
418,
79,
125,
756,
378,
78,
330,
408,
77,
206,
39,
551,
84,
181,
189,
419,
73,
235,
321,
302,
331,
658,
495,
308,
426,
235,
295,
289,
45,
423,
141,
143,
140,
40,
469,
235,
446,
687,
484,
458,
1047,
37,
420,
462,
130,
158,
493,
610,
230,
234,
247,
185,
233,
1101,
310,
230,
157,
201,
668,
140,
85,
154,
67,
133,
695,
214,
177,
310,
270,
1123,
281,
215,
674,
250,
652,
1100,
292,
192,
262,
659,
404,
184,
203,
255,
51,
236,
1059,
209,
628,
1097,
418,
43,
184,
419,
347,
396,
286,
418,
213,
286,
361,
238,
209,
201,
409,
215,
170,
368,
177,
228,
175,
257,
363,
146,
211,
245,
233,
270,
167,
250,
158,
162,
269,
1083,
198,
139,
179,
1037,
310,
170,
278,
284,
179,
177,
170,
1104,
321,
1165,
246,
231,
270,
263,
188,
1148,
319,
400,
319,
155,
284,
110,
395,
223,
208,
1091,
188,
117,
102,
555,
375,
124,
927,
348,
117,
178,
87,
852,
1139,
115,
697,
1150,
618,
1144,
404,
40,
80,
614,
595,
627,
556,
355,
622,
203,
182,
173,
237,
170,
248,
197,
163,
204,
205,
254,
259,
217,
570,
148,
235,
154,
309,
264,
355,
301,
284,
431,
49,
207,
307,
231,
499,
513,
279,
323,
156,
488,
265,
163,
146,
339,
295,
302,
236,
130,
1140,
165,
296,
243,
495,
268,
230,
125,
354,
1089,
416,
229,
200,
227,
109,
472,
608,
398,
687,
776,
567,
212,
306,
266,
293,
413,
156,
231,
310,
176,
183,
696,
143,
1118,
162,
283,
790,
228,
175,
104,
141,
151,
119,
358,
275,
171,
1118,
217,
279,
1031,
524,
1099,
167,
190,
241,
251,
1152,
1155,
302,
167,
134,
254,
412,
397,
433,
248,
210,
243,
1150,
1134,
270,
158,
146,
198,
263,
154,
419,
215,
184,
309,
286,
236,
139,
128,
869,
270,
250,
196,
239,
192,
229,
264,
202,
204,
171,
252,
435,
218,
43,
159,
211,
957,
185,
191,
330,
1135,
169,
393,
160,
302,
110,
118,
362,
207,
248,
379,
258,
330,
144,
218,
363,
191,
211,
96,
541,
144,
552,
283,
191,
137,
393,
313,
125,
39,
132,
151,
76,
104,
197,
114,
91,
38,
373,
176,
372,
199,
675,
91,
69,
224,
132,
172,
124,
407,
263,
85,
680,
677,
664,
76,
676,
170,
658,
75,
374,
166,
421,
418,
415,
114,
234,
171,
528,
405,
340,
409,
180,
422,
170,
302,
858,
1132,
809,
119,
167,
111,
214,
1178,
1147,
815,
39,
129,
157,
185,
49,
155,
1222,
171,
251,
220,
154,
141,
325,
345,
1184,
176,
405,
191,
409,
231,
386,
182,
492,
322,
227,
283,
787,
161,
275,
372,
194,
391,
213,
210,
196,
186,
168,
186,
148,
182,
346,
210,
865,
193,
207,
181,
206,
289,
385,
150,
185,
277,
155,
413,
283,
149,
1233,
189,
190,
139,
157,
202,
152,
145,
1159,
509,
294,
187,
48,
226,
161,
1115,
1069,
510,
157,
1125,
181,
191,
150,
1117,
285,
44,
244,
412,
185,
108,
200,
231,
760,
405,
57,
464,
103,
122,
108,
412,
180,
398,
76,
83,
352,
41,
350,
463,
37,
145,
318,
189,
93,
50,
414,
81,
160,
71,
43,
42,
240,
198,
43,
165,
235,
219,
148,
72,
1121,
243,
193,
234,
350,
146,
233,
442,
375,
93,
190,
486,
45,
233,
197,
335,
485,
166,
232,
476,
512,
1272,
232,
588,
497,
120,
1248,
366,
736,
327,
227,
268,
1162,
1260,
226,
406,
121,
133,
118,
747,
137,
647,
198,
1214,
158,
825,
196,
160,
150,
257,
129,
1221,
224,
181,
172,
146,
935,
233,
273,
225,
279,
158,
207,
191,
397,
565,
204,
40,
181,
230,
775,
370,
180,
220,
214,
292,
184,
165,
339,
411,
44,
232,
492,
205,
320,
287,
393,
431,
213,
176,
191,
340,
251,
212,
217,
447,
210,
433,
197,
230,
1253,
390,
178,
211,
252,
197,
184,
217,
193,
1234,
149,
213,
148,
177,
161,
1268,
148,
163,
201,
151,
136,
47,
188,
282,
199,
203,
1233,
275,
152,
197,
326,
224,
261,
160,
287,
1220,
282,
194,
220,
41,
233,
1132,
1162,
195,
310,
354,
280,
378,
97,
137,
260,
174,
145,
205,
315,
98,
161,
132,
40,
176,
140,
380,
329,
379,
103,
488,
141,
359,
415,
96,
349,
375,
358,
129,
84,
129,
271,
369,
76,
825,
120,
107,
829,
207,
185,
104,
90,
325,
208,
169,
244,
73,
873,
362,
43,
327,
315,
177,
1219,
94,
415,
423,
243,
284,
83,
102,
47,
407,
1143,
1323,
866,
243,
37,
161,
73,
253,
138,
40,
663,
180,
153,
944,
234,
459,
160,
1196,
1276,
130,
178,
190,
154,
209,
179,
532,
220,
214,
260,
377,
454,
100,
182,
142,
793,
1277,
122,
451,
200,
240,
250,
731,
1254,
182,
199,
254,
237,
397,
208,
1267,
111,
159,
243,
1221,
216,
214,
125,
185,
385,
188,
198,
65,
191,
1227,
199,
225,
265,
172,
419,
428,
1041,
452,
162,
1269,
189,
179,
512,
162,
223,
365,
259,
172,
428,
254,
741,
116,
152,
148,
142,
224,
162,
958,
177,
285,
251,
351,
305,
197,
227,
247,
292,
235,
428,
369,
134,
149,
129,
294,
181,
225,
485,
148,
171,
415,
158,
83,
205,
147,
135,
405,
380,
92,
273,
111,
160,
280,
114,
360,
109,
64,
41,
190,
100,
852,
390,
145,
93,
37,
42,
80,
242,
192,
82,
844,
852,
373,
838,
157,
152,
852,
167,
156,
203,
182,
331,
211,
107,
192,
1174,
304,
1162,
361,
331,
329,
443,
485,
891,
1307,
1285,
250,
169,
73,
124,
241,
1274,
311,
37,
157,
184,
1287,
177,
143,
150,
117,
127,
38,
249,
218,
503,
42,
1208,
169,
171,
144,
205,
105,
1008,
221,
210,
133,
158,
52,
176,
183,
1166,
188,
457,
183,
228,
138,
190,
1397,
262,
233,
175,
222,
400,
183,
178,
1335,
209,
176,
119,
449,
137,
212,
206,
998,
529,
180,
217,
465,
182,
178,
172,
172,
180,
236,
142,
160,
335,
42,
244,
137,
266,
199,
179,
211,
1260,
155,
288,
233,
149,
253,
199,
181,
186,
175,
131,
1228,
219,
191,
213,
1287,
122,
142,
332,
141,
432,
236,
287,
248,
160,
264,
178,
128,
161,
153,
117,
390,
60,
397,
1083,
416,
103,
350,
361,
77,
73,
187,
519,
916,
57,
102,
252,
923,
916,
855,
74,
1357,
851,
74,
846,
844,
476,
1252,
162,
202,
196,
1303,
132,
852,
184,
567,
515,
215,
516,
169,
216,
514,
37,
159,
158,
447,
121,
360,
470,
395,
450,
378,
1330,
731,
694,
678,
1139,
639,
482,
632,
125,
926,
159,
1371,
165,
845,
192,
57,
150,
1337,
191,
874,
1368,
955,
227,
138,
397,
139,
221,
165,
300,
774,
125,
210,
186,
456,
176,
877,
249,
176,
212,
431,
442,
258,
205,
168,
209,
379,
233,
182,
172,
283,
181,
281,
200,
518,
182,
200,
225,
199,
479,
194,
1245,
182,
201,
210,
107,
140,
191,
1272,
291,
165,
231,
128,
425,
1306,
147,
296,
147,
199,
169,
184,
141,
1270,
282,
130,
164,
156,
144,
153,
178,
209,
39,
144,
1057,
177,
316,
1424,
1352,
200,
81,
430,
311,
144,
39,
201,
133,
315,
139,
397,
109,
93,
413,
180,
282,
97,
278,
114,
342,
149,
119,
214,
86,
196,
135,
84,
255,
45,
1373,
202,
123,
291,
96,
365,
44,
39,
72,
846,
47,
45,
43,
433,
167,
172,
596,
176,
87,
199,
221,
368,
380,
209,
183,
1249,
81,
561,
220,
549,
517,
406,
381,
153,
183,
208,
477,
495,
164,
356,
94,
587,
511,
181,
156,
81,
1361,
404,
1042,
497,
1380,
162,
43,
152,
106,
955,
159,
128,
177,
1441,
201,
191,
151,
985,
139,
1186,
159,
1407,
1420,
412,
957,
500,
190,
165,
457,
173,
743,
220,
156,
125,
1044,
243,
215,
190,
244,
755,
214,
485,
231,
220,
229,
519,
1382,
157,
223,
1419,
484,
452,
198,
156,
1426,
416,
196,
165,
500,
249,
246,
40,
543,
459,
474,
145,
184,
173,
236,
540,
218,
141,
159,
201,
574,
292,
226,
229,
171,
141,
44,
201,
149,
250,
514,
161,
133,
194,
164,
197,
125,
194,
205,
187,
161,
189,
1437,
1371,
164,
198,
167,
136,
277,
163,
214,
41,
1331,
231,
154,
625,
445,
175,
485,
169,
1266,
252,
314,
451,
212,
175,
428,
97,
186,
111,
318,
115,
626,
288,
1421,
201,
129,
132,
178,
925,
37,
133,
76,
471,
37,
862,
763,
931,
1261,
922,
398,
863,
868,
394,
1432,
861,
420,
956,
857,
416,
421,
853,
785,
1175,
504,
396,
401,
1213,
42,
729,
103,
69,
49,
40,
1304,
197,
1394,
48,
501,
1332,
166,
176,
197,
427,
1515,
120,
187,
885,
717,
138,
218,
132,
142,
792,
135,
147,
167,
181,
766,
220,
260,
200,
174,
763,
303,
230,
166,
275,
197,
273,
253,
511,
490,
165,
463,
570,
1439,
205,
486,
206,
276,
523,
166,
189,
235,
153,
153,
192,
181,
165,
196,
459,
1532,
209,
120,
222,
44,
161,
193,
190,
442,
166,
160,
268,
191,
187,
168,
222,
226,
232,
155,
176,
148,
1455,
181,
179,
234,
273,
179,
45,
48,
1525,
196,
158,
46,
145,
199,
331,
260,
145,
147,
138,
223,
126,
43,
41,
87,
219,
41,
1381,
115,
214,
220,
165,
1557,
1540,
114,
66,
37,
1458,
51,
1435,
305,
475,
130,
470,
39,
213,
100,
475,
409,
209,
137,
114,
407,
376,
99,
501,
335,
99,
921,
766,
752,
759,
72,
758,
416,
39,
1356,
425,
39,
158,
218,
573,
208,
79,
39,
903,
461,
223,
155,
438,
472,
481,
422,
469,
461,
252,
1553,
412,
435,
421,
279,
75,
192,
342,
339,
152,
206,
1552,
124,
334,
539,
164,
160,
162,
435,
369,
379,
158,
110,
158,
899,
1413,
154,
707,
1365,
43,
847,
503,
116,
153,
180,
134,
155,
836,
170,
258,
152,
818,
232,
154,
41,
878,
193,
241,
434,
122,
278,
217,
1426,
175,
436,
229,
151,
1553,
418,
152,
250,
495,
158,
382,
514,
216,
268,
163,
253,
494,
216,
711,
153,
532,
197,
283,
43,
503,
192,
211,
278,
191,
246,
245,
301,
187,
189,
532,
1562,
151,
168,
44,
155,
228,
216,
218,
219,
1478,
165,
255,
183,
262,
287,
150,
215,
1021,
205,
49,
134,
159,
206,
229,
212,
210,
188,
1459,
173,
494,
157,
1450,
281,
156,
207,
231,
784,
223,
1341,
496,
148,
429,
94,
44,
321,
301,
150,
199,
120,
296,
148,
136,
218,
496,
241,
158,
133,
138,
195,
341,
1473,
155,
70,
133,
358,
45,
202,
133,
43,
1407,
451,
324,
548,
90,
122,
43,
120,
37,
167,
147,
190,
137,
251,
1415,
1451,
163,
44,
402,
127,
207,
815,
177,
193,
1431,
1409,
456,
846,
97,
386,
564,
778,
407,
78,
154,
774,
834,
778,
138,
1438,
1398,
439,
390,
1380,
860,
72,
431,
167,
83,
1344,
146,
172,
756,
204,
1295,
213,
140,
195,
144,
120,
112,
814,
130,
144,
176,
956,
1575,
163,
265,
163,
192,
252,
767,
44,
436,
888,
1146,
1143,
468,
117,
235,
774,
210,
408,
246,
147,
206,
234,
724,
41,
257,
186,
475,
514,
193,
347,
1456,
157,
187,
569,
278,
515,
193,
253,
534,
243,
41,
260,
192,
203,
286,
233,
203,
43,
162,
158,
153,
282,
143,
203,
147,
175,
107,
261,
45,
504,
193,
43,
44,
221,
218,
195,
228,
207,
564,
231,
184,
215,
204,
489,
145,
280,
261,
1414,
361,
136,
1569,
261,
207,
304,
141,
984,
81,
1580,
35,
80,
1531,
106,
1574,
256,
150,
533,
1678,
35,
44,
92,
1454,
244,
518,
536,
395,
510,
502,
370,
53,
125,
370,
915,
79,
923,
362,
846,
168,
87,
154,
176,
41,
74,
842,
831,
847,
861,
200,
1197,
247,
235,
221,
193,
202,
85,
229,
1415,
170,
479,
447,
471,
1414,
294,
35,
168,
215,
148,
462,
528,
472,
455,
218,
403,
188,
213,
516,
1416,
469,
163,
398,
418,
155,
1393,
451,
146,
81,
130,
181,
866,
154,
145,
187,
135,
43,
762,
47,
1010,
907,
173,
569,
121,
157,
1130,
146,
173,
45,
218,
189,
481,
153,
961,
161,
223,
156,
151,
177,
521,
130,
193,
173,
237,
721,
151,
242,
209,
129,
515,
230,
251,
208,
1530,
247,
1409,
185,
235,
210,
273,
238,
195,
177,
531,
46,
281,
1574,
469,
232,
221,
555,
191,
206,
256,
520,
227,
113,
172,
196,
213,
164,
1593,
45,
194,
152,
236,
214,
148,
156,
204,
1410,
150,
230,
1426,
190,
116,
169,
190,
242,
217,
160,
46,
184,
160,
155,
133,
286,
44,
265,
175,
484,
108,
123,
1576,
536,
207,
283,
198,
127,
126,
240,
194,
144,
41,
291,
125,
1256,
484,
520,
74,
166,
1665,
81,
535,
1627,
89,
127,
428,
846,
843,
1694,
218,
841,
413,
164,
1587,
222,
434,
76,
843,
834,
278,
414,
189,
484,
39,
221,
183,
335,
673,
381,
402,
381,
173,
1373,
149,
739,
775,
391,
489,
760,
44,
1582,
753,
990,
218,
76,
535,
198,
1589,
76,
149,
39,
1357,
1669,
134,
40,
971,
1666,
189,
645,
171,
198,
1583,
128,
194,
239,
1548,
46,
179,
38,
207,
254,
1658,
211,
43,
231,
525,
274,
186,
1612,
239,
248,
1051,
190,
438,
236,
174,
410,
796,
244,
44,
227,
183,
247,
596,
41,
152,
257,
258,
505,
248,
544,
176,
245,
156,
169,
216,
532,
198,
836,
143,
1105,
603,
188,
182,
275,
779,
137,
575,
242,
137,
183,
179,
242,
180,
192,
160,
142,
158,
197,
158,
168,
148,
207,
210,
227,
176,
954,
318,
171,
1631,
182,
231,
236,
1320,
237,
1631,
149,
531,
175,
181,
205,
517,
558,
142,
280,
335,
119,
486,
46,
184,
131,
146,
622,
178,
140,
99,
139,
484,
38,
128,
193,
191,
126,
49,
95,
92,
837,
73,
37,
57,
101,
501,
370,
45,
464,
137,
77,
852,
841,
849,
182,
41,
206,
41,
253,
246,
207,
184,
171,
1356,
223,
43,
180,
1670,
521,
194,
143,
571,
217,
1649,
428,
243,
943,
531,
103,
128,
595,
237,
523,
520,
471,
125,
465,
414,
42,
1133,
159,
409,
131,
234,
525,
501,
610,
1591,
1579,
636,
234,
963,
817,
1564,
232,
303,
146,
162,
792,
186,
924,
1546,
621,
1522,
961,
165,
186,
234,
173,
208,
619,
246,
179,
176,
235,
161,
1533,
1507,
283,
44,
211,
529,
234,
1576,
1553,
258,
1456,
176,
193,
531,
208,
1615,
282,
564,
232,
612,
218,
216,
41,
272,
279,
1615,
585,
565,
577,
519,
205,
181,
430,
209,
173,
197,
505,
1331,
244,
177,
1493,
238,
584,
176,
132,
610,
188,
171,
253,
455,
153,
197,
286,
247,
148,
184,
227,
154,
112,
196,
149,
332,
502,
454,
135,
183,
185,
727,
259,
187,
174,
288,
38,
220,
226,
193,
204,
174,
285,
139,
247,
132,
144,
130,
136,
145,
239,
146,
409,
114,
310,
122,
185,
1614,
389,
132,
456,
1645,
102,
112,
115,
484,
568,
45,
71,
274,
155,
401,
42,
70,
233,
258,
350,
43,
70,
1448,
186,
179,
219,
244,
234,
75,
498,
556,
422,
172,
498,
1815,
239,
951,
227,
1391,
153,
420,
1327,
553,
199,
184,
511,
416,
496,
164,
728,
518,
415,
1772,
886,
227,
1576,
587,
46,
697,
425,
345,
134,
125,
1493,
143,
168,
738,
1136,
146,
96,
154,
161,
1600,
125,
143,
863,
124,
221,
885,
234,
49,
216,
250,
594,
91,
270,
168,
786,
131,
516,
126,
593,
1683,
42,
875,
44,
681,
167,
164,
774,
282,
267,
155,
305,
154,
37,
562,
831,
179,
325,
256,
236,
193,
278,
156,
198,
173,
208,
518,
267,
226,
282,
193,
167,
745,
222,
507,
205,
291,
171,
1628,
565,
618,
217,
290,
158,
552,
266,
1625,
261,
262,
184,
1478,
237,
170,
148,
1159,
247,
101,
208,
1479,
1603,
106,
210,
41,
209,
278,
377,
174,
160,
245,
212,
318,
173,
278,
1172,
265,
393,
146,
545,
279,
530,
252,
163,
995,
39,
60,
131,
528,
126,
106,
93,
495,
146,
129,
120,
47,
42,
925,
930,
41,
40,
1440,
857,
851,
77,
165,
200,
596,
540,
79,
1635,
578,
528,
212,
503,
196,
48,
404,
485,
269,
159,
491,
69,
205,
208,
177,
481,
499,
168,
158,
36,
421,
415,
165,
647,
176,
393,
688,
231,
453,
415,
441,
445,
458,
156,
417,
161,
714,
1599,
116,
169,
1051,
193,
158,
38,
208,
135,
160,
870,
188,
123,
155,
164,
124,
860,
251,
141,
228,
200,
242,
155,
276,
197,
734,
181,
703,
230,
221,
159,
311,
259,
1492,
201,
159,
271,
562,
292,
748,
41,
1491,
129,
231,
441,
127,
40,
643,
155,
282,
61,
284,
158,
1470,
559,
252,
552,
580,
325,
304,
215,
278,
198,
279,
1774,
173,
191,
172,
319,
165,
337,
250,
1472,
268,
255,
1197,
233,
583,
157,
146,
288,
244,
186,
256,
329,
100,
267,
285,
308,
242,
48,
380,
604,
292,
206,
323,
288,
218,
1806,
659,
43,
272,
41,
100,
218,
1455,
156,
131,
1619,
1456,
141,
183,
394,
121,
255,
45,
211,
44,
59,
166,
519,
430,
183,
127,
44,
114,
118,
213,
110,
115,
643,
366,
931,
170,
554,
85,
1454,
660,
597,
787,
932,
935,
923,
852,
592,
78,
362,
201,
845,
774,
255,
212,
167,
763,
171,
853,
189,
174,
584,
219,
302,
769,
217,
1658,
857,
1455,
267,
410,
1654,
297,
406,
154,
182,
220,
229,
422,
536,
153,
182,
609,
393,
193,
815,
1445,
266,
438,
155,
459,
153,
185,
1413,
250,
1099,
612,
658,
695,
166,
1923,
419,
147,
411,
146,
939,
385,
265,
186,
624,
1057,
600,
324,
45,
167,
441,
1055,
43,
1038,
160,
160,
146,
1756,
1955,
318,
250,
766,
138,
149,
436,
150,
684,
420,
184,
145,
257,
213,
40,
279,
450,
237,
373,
229,
40,
329,
631,
593,
342,
149,
101,
279,
184,
343,
285,
216,
149,
200,
160,
170,
260,
303,
200,
271,
189,
1710,
117,
279,
143,
170,
247,
45,
589,
239,
208,
237,
261,
1171,
47,
237,
262,
44,
272,
552,
176,
1981,
1953,
141,
99,
715,
255,
514,
623,
181,
243,
1797,
407,
104,
221,
218,
81,
1642,
392,
623,
1710,
1077,
90,
1732,
328,
1061,
88,
108,
118,
75,
386,
1728,
103,
42,
100,
512,
189,
51,
641,
40,
822,
328,
194,
756,
96,
837,
835,
178,
147,
96,
566,
192,
146,
199,
79,
199,
137,
743,
198,
171,
250,
766,
246,
148,
200,
149,
1146,
458,
148,
410,
162,
248,
303,
406,
165,
163,
173,
147,
396,
1731,
273,
334,
158,
123,
254,
177,
390,
599,
330,
149,
814,
279,
229,
142,
1514,
328,
429,
408,
1559,
278,
896,
387,
419,
143,
1495,
461,
135,
363,
458,
223,
325,
328,
811,
209,
145,
141,
161,
966,
1022,
149,
1784,
322,
160,
157,
351,
152,
41,
310,
170,
45,
184,
305,
141,
319,
167,
173,
226,
258,
1424,
226,
185,
256,
262,
142,
269,
1672,
175,
303,
1765,
278,
221,
445,
43,
208,
1321,
346,
141,
212,
574,
605,
260,
230,
291,
648,
654,
647,
604,
1781,
101,
315,
216,
291,
164,
209,
305,
644,
206,
278,
351,
158,
214,
1541,
622,
159,
148,
101,
199,
161,
306,
44,
314,
712,
289,
252,
236,
1644,
299,
1102,
39,
107,
258,
44,
1775,
327,
138,
43,
1540,
1734,
300,
1502,
496,
278,
1974,
256,
495,
1520,
199,
413,
554,
137,
381,
169,
133,
639,
433,
81,
120,
560,
97,
76,
837,
568,
201,
759,
187,
754,
82,
671,
763,
591,
776,
1537,
677,
80,
591,
572,
235,
245,
175,
145,
1769,
135,
194,
188,
393,
143,
277,
963,
282,
392,
389,
1452,
532,
248,
123,
797,
165,
207,
611,
36,
190,
1663,
804,
190,
283,
1830,
342,
328,
1613,
647,
812,
581,
744,
579,
38,
1040,
1447,
208,
152,
196,
37,
729,
132,
122,
1030,
157,
51,
153,
730,
196,
168,
200,
123,
784,
135,
130,
155,
189,
191,
673,
175,
665,
154,
157,
518,
344,
363,
160,
958,
303,
53,
609,
219,
150,
284,
179,
1475,
1947,
39,
200,
162,
1051,
340,
199,
211,
318,
180,
205,
288,
318,
163,
154,
45,
205,
289,
1523,
172,
270,
239,
147,
185,
317,
372,
310,
416,
1583,
163,
222,
274,
123,
211,
416,
302,
1710,
1153,
278,
282,
1436,
338,
116,
1811,
242,
1798,
289,
215,
316,
47,
148,
300,
43,
41,
307,
1469,
222,
129,
162,
515,
179,
130,
457,
117,
142,
390,
216,
92,
1478,
207,
1769,
144,
1405,
40,
576,
362,
319,
2053,
40,
141,
162,
461,
71,
664,
658,
133,
197,
128,
319,
663,
99,
323,
87,
43,
144,
664,
236,
224,
171,
246,
530,
192,
280,
190,
216,
190,
501,
492,
634,
211,
238,
150,
481,
220,
45,
154,
633,
472,
1844,
359,
210,
466,
184,
222,
464,
146,
118,
117,
1370,
401,
462,
522,
209,
399,
747,
52,
405,
144,
242,
105,
42,
384,
416,
79,
223,
120,
137,
329,
344,
185,
192,
333,
778,
1767,
1649,
323,
186,
2075,
153,
1565,
130,
129,
163,
518,
864,
206,
392,
421,
208,
857,
1760,
125,
146,
333,
153,
140,
783,
405,
191,
273,
1607,
335,
164,
332,
658,
1571,
41,
164,
423,
155,
652,
629,
373,
1600,
587,
221,
42,
598,
239,
317,
200,
165,
194,
220,
172,
613,
1616,
792,
276,
237,
527,
567,
646,
363,
44,
1516,
149,
305,
221,
220,
147,
626,
270,
331,
1431,
181,
250,
744,
1296,
333,
143,
108,
155,
162,
325,
1679,
175,
42,
435,
119,
277,
127,
309,
42,
515,
377,
178,
1686,
1467,
316,
338,
172,
42,
320,
1787,
103,
522,
42,
306,
151,
262,
172,
1699,
121,
128,
144,
263,
402,
387,
128,
45,
118,
348,
132,
506,
39,
119,
294,
1808,
402,
95,
154,
38,
450,
248,
74,
115,
483,
739,
156,
375,
409,
401,
40,
666,
670,
2233,
205,
169,
421,
169,
486,
468,
212,
42,
331,
42,
163,
143,
390,
169,
831,
179,
1146,
150,
237,
186,
122,
1747,
156,
125,
335,
182,
134,
146,
180,
81,
2327,
42,
433,
118,
860,
152,
40,
1491,
152,
36,
1605,
237,
112,
106,
997,
199,
225,
241,
190,
155,
541,
113,
224,
134,
38,
161,
134,
356,
491,
167,
332,
570,
42,
146,
227,
355,
237,
1612,
299,
199,
1611,
396,
576,
397,
793,
286,
632,
357,
308,
219,
637,
1684,
527,
557,
245,
605,
229,
288,
172,
222,
162,
232,
1611,
211,
298,
236,
579,
376,
228,
1591,
152,
246,
254,
611,
341,
589,
171,
176,
1495,
804,
274,
157,
1615,
158,
203,
141,
176,
161,
295,
125,
48,
782,
1685,
271,
273,
111,
214,
372,
407,
436,
48,
225,
178,
1608,
169,
322,
300,
41,
260,
298,
260,
399,
126,
120,
527,
290,
372,
367,
116,
184,
65,
103,
114,
80,
133,
77,
748,
733,
83,
673,
131,
204,
186,
664,
590,
205,
751,
662,
48,
522,
1382,
540,
611,
673,
158,
144,
48,
555,
405,
535,
398,
396,
415,
248,
401,
216,
339,
383,
334,
1536,
258,
213,
47,
430,
380,
632,
340,
500,
203,
112,
338,
340,
399,
1104,
1480,
159,
151,
123,
1527,
596,
740,
1445,
38,
180,
200,
37,
189,
38,
168,
133,
744,
860,
447,
736,
161,
474,
540,
753,
240,
199,
115,
1438,
396,
176,
578,
172,
43,
177,
214,
346,
518,
41,
263,
263,
238,
607,
562,
365,
279,
261,
851,
177,
1881,
207,
584,
205,
221,
203,
1435,
212,
482,
817,
171,
1597,
186,
175,
181,
159,
386,
141,
285,
456,
1059,
1611,
398,
291,
262,
219,
439,
138,
211,
334,
138,
417,
39,
200,
106,
199,
354,
325,
622,
403,
380,
362,
42,
609,
42,
427,
362,
90,
41,
43,
161,
131,
377,
73,
45,
190,
2421,
102,
402,
58,
77,
188,
112,
113,
560,
115,
96,
661,
198,
490,
39,
670,
661,
40,
1471,
195,
588,
159,
143,
38,
583,
577,
233,
243,
581,
174,
183,
1217,
243,
39,
265,
149,
574,
249,
188,
232,
1459,
491,
209,
193,
181,
1396,
206,
213,
565,
154,
642,
134,
403,
1392,
272,
1158,
1347,
55,
526,
130,
889,
39,
427,
519,
136,
855,
179,
170,
411,
1147,
162,
840,
47,
1115,
122,
1972,
1658,
131,
134,
105,
625,
41,
174,
1057,
240,
100,
149,
1056,
137,
215,
396,
382,
279,
162,
417,
262,
474,
790,
234,
265,
131,
794,
300,
394,
46,
173,
280,
373,
1412,
344,
219,
228,
1497,
594,
393,
200,
610,
45,
218,
390,
148,
142,
391,
714,
208,
606,
225,
567,
199,
198,
169,
614,
611,
156,
388,
162,
162,
450,
254,
387,
262,
476,
229,
552,
336,
44,
552,
278,
149,
375,
323,
250,
318,
196,
305,
298,
221,
1648,
293,
41,
246,
397,
422,
117,
129,
172,
1708,
37,
1167,
155,
305,
107,
220,
395,
425,
115,
145,
130,
384,
397,
113,
370,
120,
83,
197,
379,
50,
553,
97,
346,
411,
396,
265,
323,
546,
79,
271,
214,
1156,
201,
76,
133,
530,
524,
85,
296,
574,
584,
495,
382,
491,
1032,
513,
208,
472,
584,
485,
465,
404,
431,
421,
252,
158,
385,
123,
1671,
731,
125,
204,
266,
1664,
47,
1078,
112,
560,
173,
1832,
396,
2603,
247,
46,
208,
781,
128,
204,
351,
506,
114,
45,
214,
1843,
726,
387,
153,
37,
699,
605,
193,
262,
263,
244,
1674,
273,
249,
436,
439,
142,
174,
562,
134,
454,
1580,
474,
606,
2451,
268,
595,
173,
142,
297,
223,
181,
358,
609,
43,
139,
528,
204,
278,
333,
1550,
1560,
179,
419,
265,
153,
166,
221,
159,
192,
453,
306,
231,
203,
270,
523,
190,
1483,
150,
166,
421,
357,
228,
199,
157,
1650,
224,
1474,
381,
119,
269,
166,
478,
201,
1072,
37,
607,
120,
477,
138,
369,
562,
356,
456,
395,
135,
210,
141,
136,
157,
45,
382,
105,
38,
367,
189,
128,
238,
99,
46,
73,
73,
46,
236,
125,
161,
241,
114,
42,
328,
61,
369,
742,
619,
746,
740,
686,
52,
219,
1707,
233,
164,
1486,
148,
137,
193,
547,
160,
152,
135,
413,
539,
284,
165,
425,
625,
509,
216,
251,
648,
115,
2478,
133,
417,
1524,
116,
478,
37,
1176,
431,
498,
501,
109,
750,
478,
509,
339,
511,
172,
206,
589,
98,
169,
79,
153,
268,
198,
122,
204,
428,
517,
135,
149,
415,
108,
1136,
273,
536,
151,
482,
91,
214,
1592,
475,
195,
219,
266,
225,
471,
190,
887,
295,
1112,
299,
464,
420,
260,
345,
1589,
599,
266,
611,
306,
334,
207,
433,
307,
496,
590,
617,
1481,
368,
209,
325,
289,
235,
250,
693,
157,
714,
1564,
144,
165,
170,
196,
462,
1669,
146,
162,
194,
145,
258,
296,
785,
159,
161,
202,
214,
396,
398,
158,
315,
2611,
1873,
532,
278,
359,
567,
38,
292,
1004,
271,
1814,
175,
171,
1079,
619,
171,
203,
156,
197,
613,
594,
621,
41,
228,
42,
397,
42,
237,
294,
220,
371,
398,
137,
123,
138,
59,
116,
322,
175,
55,
41,
237,
153,
115,
135,
123,
83,
761,
764,
754,
109,
196,
2143,
750,
84,
73,
762,
757,
654,
433,
43,
750,
630,
167,
74,
165,
88,
85,
251,
1598,
42,
199,
303,
204,
196,
759,
522,
228,
150,
595,
302,
174,
512,
581,
491,
182,
757,
446,
489,
1520,
759,
1516,
157,
155,
478,
719,
184,
74,
1041,
487,
603,
831,
506,
477,
505,
818,
46,
203,
150,
41,
2678,
153,
140,
1596,
157,
186,
148,
184,
166,
101,
104,
455,
178,
257,
483,
185,
1576,
691,
162,
582,
399,
438,
249,
474,
652,
962,
1762,
829,
1625,
245,
872,
286,
1637,
593,
464,
1535,
877,
202,
236,
655,
250,
276,
599,
42,
198,
1594,
169,
435,
230,
508,
207,
500,
149,
120,
427,
155,
242,
1282,
570,
183,
159,
400,
51,
359,
124,
163,
166,
1599,
525,
45,
576,
449,
418,
245,
294,
490,
292,
41,
544,
408,
211,
400,
212,
40,
222,
155,
328,
553,
155,
214,
42,
59,
544,
86,
537,
205,
85,
38,
76,
108,
235,
194,
37,
563,
41,
193,
158,
767,
84,
106,
756,
831,
728,
257,
670,
141,
756,
183,
770,
154,
517,
884,
568,
139,
1160,
177,
523,
472,
303,
670,
80,
202,
245,
519,
498,
517,
1538,
86,
274,
513,
170,
488,
500,
44,
510,
505,
180,
190,
482,
915,
637,
241,
187,
153,
107,
801,
145,
173,
1947,
129,
492,
1621,
1669,
195,
145,
47,
134,
126,
935,
1638,
164,
113,
42,
500,
511,
490,
165,
512,
309,
216,
150,
443,
1587,
150,
225,
515,
448,
258,
220,
613,
336,
257,
327,
436,
276,
886,
250,
480,
193,
200,
740,
261,
1666,
584,
204,
579,
242,
343,
667,
529,
451,
40,
189,
594,
1068,
398,
1604,
254,
204,
180,
565,
179,
210,
181,
1635,
452,
457,
628,
222,
175,
365,
171,
123,
191,
460,
982,
166,
180,
803,
621,
249,
263,
164,
171,
217,
286,
105,
409,
152,
576,
283,
1611,
122,
142,
139,
1844,
403,
127,
169,
394,
195,
1687,
40,
132,
256,
44,
248,
368,
548,
38,
94,
101,
129,
127,
115,
340,
347,
135,
333,
69,
2725,
92,
121,
245,
75,
46,
134,
163,
90,
2602,
41,
675,
661,
750,
670,
37,
43,
675,
666,
79,
1654,
670,
745,
189,
44,
205,
159,
165,
38,
240,
308,
232,
145,
247,
131,
236,
180,
584,
876,
1553,
534,
517,
566,
574,
297,
492,
38,
1636,
491,
516,
641,
188,
828,
534,
501,
90,
819,
518,
618,
138,
516,
1924,
152,
45,
133,
127,
206,
128,
217,
954,
152,
196,
580,
1308,
174,
228,
506,
179,
227,
1113,
174,
654,
497,
1844,
186,
40,
945,
497,
247,
448,
525,
1699,
295,
255,
533,
2954,
247,
1055,
43,
520,
592,
1676,
600,
468,
1134,
696,
402,
206,
611,
249,
712,
505,
1669,
537,
674,
174,
286,
615,
1787,
499,
238,
589,
199,
296,
254,
216,
479,
281,
165,
131,
250,
164,
148,
232,
545,
1771,
274,
542,
149,
1690,
453,
141,
262,
221,
547,
487,
302,
187,
260,
1602,
175,
45,
163,
617,
454,
130,
509,
134,
129,
214,
130,
667,
395,
531,
186,
126,
276,
1553,
41,
604,
270,
107,
686,
1659,
651,
81,
390,
46,
156,
530,
361,
65,
404,
374,
140,
84,
2776,
40,
228,
115,
342,
360,
49,
43,
85,
1553,
76,
44,
158,
178,
745,
742,
41,
735,
669,
42,
171,
744,
74,
65,
193,
607,
538,
1499,
197,
1325,
2849,
488,
549,
631,
140,
178,
250,
590,
502,
111,
446,
155,
561,
190,
496,
195,
740,
239,
932,
2366,
178,
44,
577,
1070,
1087,
948,
150,
42,
142,
475,
83,
133,
1049,
2330,
198,
167,
555,
501,
164,
532,
515,
163,
141,
1143,
231,
479,
165,
44,
126,
139,
289,
187,
468,
235,
472,
558,
255,
1535,
532,
454,
207,
526,
2384,
419,
250,
1692,
187,
620,
342,
43,
243,
415,
979,
216,
277,
185,
194,
616,
220,
220,
1864,
741,
503,
194,
602,
701,
520,
465,
194,
507,
640,
615,
553,
161,
182,
623,
230,
252,
141,
470,
156,
166,
146,
1612,
42,
142,
316,
463,
1706,
193,
250,
244,
599,
124,
131,
178,
207,
151,
585,
898,
461,
570,
111,
167,
145,
142,
475,
180,
1796,
254,
118,
72,
241,
292,
105,
114,
1095,
188,
190,
156,
545,
159,
528,
186,
86,
127,
210,
540,
1858,
99,
132,
425,
560,
1737,
540,
117,
377,
143,
1735,
1695,
93,
1674,
61,
749,
739,
375,
754,
437,
747,
367,
751,
374,
401,
216,
1743,
181,
224,
172,
172,
236,
530,
514,
553,
1471,
655,
506,
493,
217,
477,
514,
146,
614,
186,
171,
510,
183,
521,
572,
1640,
431,
40,
1798,
923,
836,
502,
137,
486,
1255,
867,
518,
501,
927,
989,
772,
957,
163,
695,
683,
117,
687,
632,
41,
1499,
635,
1059,
175,
630,
786,
1481,
759,
2354,
919,
1527,
1721,
1047,
453,
770,
1136,
122,
181,
113,
160,
153,
845,
114,
1019,
119,
446,
1223,
123,
1042,
614,
567,
527,
623,
133,
1121,
448,
1126,
152,
46,
260,
524,
509,
805,
43,
603,
183,
152,
506,
527,
329,
934,
269,
170,
205,
180,
926,
278,
521,
656,
252,
367,
161,
1488,
663,
438,
177,
186,
149,
42,
975,
45,
161,
224,
210,
231,
599,
260,
132,
184,
154,
992,
145,
128,
314,
115,
578,
513,
1170,
1804,
312,
165,
274,
263,
465,
1627,
187,
1509,
224,
531,
185,
1521,
161,
39,
144,
542,
279,
229,
1726,
370,
1397,
159,
1635,
2512,
357,
164,
202,
225,
1572,
128,
370,
126,
58,
117,
553,
57,
111,
190,
142,
110,
135,
370,
737,
669,
189,
38,
1737,
128,
400,
210,
130,
1478,
156,
186,
497,
1435,
87,
662,
2414,
155,
460,
213,
251,
514,
1485,
155,
497,
210,
250,
485,
224,
763,
242,
473,
474,
307,
83,
455,
416,
220,
236,
415,
153,
1484,
489,
184,
774,
170,
449,
413,
633,
153,
431,
448,
437,
545,
429,
1091,
739,
181,
421,
151,
191,
2666,
615,
156,
2427,
837,
2373,
148,
926,
139,
1773,
44,
665,
418,
567,
132,
442,
387,
418,
1770,
146,
149,
1008,
653,
218,
189,
262,
1727,
525,
43,
164,
1722,
169,
408,
565,
42,
177,
148,
560,
501,
1689,
601,
1777,
552,
379,
304,
532,
673,
358,
499,
39,
1622,
563,
601,
322,
521,
469,
607,
185,
195,
1747,
351,
177,
197,
402,
144,
161,
1771,
310,
284,
504,
209,
207,
196,
43,
447,
1403,
144,
465,
224,
2354,
198,
790,
277,
490,
1175,
154,
327,
1426,
517,
39,
280,
532,
485,
608,
92,
1340,
246,
373,
170,
577,
128,
109,
200,
402,
44,
156,
3046,
43,
123,
306,
504,
148,
127,
100,
353,
41,
2529,
101,
575,
95,
43,
356,
86,
136,
123,
54,
105,
659,
644,
390,
384,
577,
647,
664,
39,
575,
674,
574,
664,
165,
187,
582,
306,
145,
82,
468,
80,
70,
157,
143,
408,
593,
705,
221,
226,
404,
634,
402,
594,
1481,
764,
1016,
341,
545,
916,
184,
2468,
572,
554,
151,
820,
3229,
150,
173,
591,
563,
475,
584,
180,
128,
457,
150,
879,
636,
498,
507,
2457,
155,
518,
120,
134,
2407,
2395,
443,
124,
1576,
1131,
1631,
2394,
408,
39,
2421,
543,
401,
582,
118,
90,
151,
741,
39,
339,
699,
420,
136,
1605,
690,
434,
1423,
522,
2462,
146,
1789,
196,
560,
314,
1604,
145,
361,
507,
672,
612,
598,
284,
643,
607,
639,
483,
510,
523,
240,
194,
602,
1532,
604,
878,
2466,
599,
101,
193,
474,
188,
172,
188,
240,
156,
709,
251,
194,
540,
150,
187,
102,
149,
668,
223,
601,
242,
244,
173,
535,
271,
192,
414,
224,
43,
466,
47,
261,
540,
1243,
263,
48,
381,
46,
258,
299,
430,
142,
150,
979,
265,
309,
308,
3006,
252,
333,
534,
212,
259,
114,
146,
1721,
3003,
116,
120,
317,
113,
385,
640,
228,
572,
651,
50,
43,
41,
251,
85,
81,
379,
77,
188,
1569,
338,
76,
241,
1705,
238,
47,
145,
2445,
194,
1654,
419,
491,
72,
418,
151,
412,
330,
381,
144,
312,
1611,
326,
732,
274,
407,
332,
185,
644,
405,
336,
137,
581,
659,
322,
157,
577,
142,
473,
479,
1090,
452,
447,
136,
46,
445,
1615,
57,
241,
42,
423,
660,
2364,
596,
517,
470,
525,
573,
36,
608,
2440,
480,
411,
585,
593,
274,
2257,
136,
594,
296,
38,
330,
524,
2266,
668,
396,
547,
2487,
2235,
137,
1618,
206,
574,
2338,
593,
261,
485,
889,
131,
960,
301,
555,
215,
1869,
137,
960,
43,
299,
573,
169,
549,
609,
1502,
415,
382,
371,
238,
571,
262,
605,
609,
194,
159,
694,
333,
1159,
191,
134,
202,
222,
649,
166,
206,
507,
151,
160,
163,
223,
178,
97,
603,
2326,
283,
277,
310,
1682,
308,
234,
804,
1790,
314,
704,
538,
548,
470,
388,
309,
521,
604,
252,
271,
600,
382,
491,
623,
139,
3053,
45,
415,
92,
177,
270,
390,
248,
64,
1646,
1537,
39,
1620,
52,
128,
1545,
113,
64,
110,
101,
96,
134,
84,
214,
92,
41,
40,
106,
394,
429,
84,
45,
388,
340,
200,
205,
226,
378,
1447,
396,
193,
141,
1427,
199,
387,
79,
528,
184,
194,
392,
170,
407,
381,
280,
387,
2322,
768,
335,
1246,
1784,
196,
172,
718,
339,
2257,
224,
142,
40,
131,
3046,
2031,
1769,
1220,
171,
182,
133,
1645,
182,
1770,
165,
658,
3233,
1570,
164,
800,
1765,
576,
1093,
136,
55,
117,
1522,
197,
1496,
192,
131,
1177,
54,
908,
689,
1503,
1522,
1131,
578,
1768,
887,
547,
209,
134,
612,
523,
707,
270,
498,
214,
601,
97,
691,
635,
162,
1050,
223,
512,
693,
150,
211,
1810,
226,
605,
163,
669,
646,
145,
588,
433,
149,
523,
189,
277,
274,
197,
179,
151,
515,
1238,
165,
447,
185,
537,
589,
641,
546,
1673,
470,
152,
575,
144,
225,
308,
276,
3022,
142,
405,
143,
129,
98,
631,
98,
110,
415,
101,
43,
72,
43,
40,
79,
36,
78,
231,
231,
1381,
218,
409,
221,
223,
201,
139,
40,
192,
381,
1337,
162,
695,
197,
97,
1954,
79,
128,
121,
3309,
146,
1264,
745,
41,
235,
69,
187,
907,
1842,
209,
770,
1009,
450,
234,
589,
1766,
83,
151,
1613,
641,
598,
709,
583,
1590,
604,
518,
579,
659,
1591,
236,
206,
879,
205,
535,
700,
1568,
166,
269,
184,
1589,
616,
705,
509,
279,
217,
554,
794,
181,
714,
210,
415,
567,
1564,
157,
1534,
516,
154,
620,
1854,
638,
1474,
40,
1527,
607,
1504,
323,
530,
1475,
39,
153,
375,
122,
545,
152,
375,
3373,
109,
180,
107,
212,
117,
68,
47,
42,
46,
130,
72,
40,
86,
375,
102,
90,
363,
42,
75,
563,
105,
41,
99,
690,
571,
185,
612,
329,
85,
39,
235,
53,
246,
244,
40,
749,
42,
1082,
72,
38,
1119,
127,
238,
615,
1106,
85,
1582,
156,
1575,
239,
1443,
183,
134,
88,
684,
140,
713,
234,
171,
1663,
133,
192,
1502,
231,
603,
232,
1494,
595,
237,
160,
232,
523,
223,
202,
1607,
199,
207,
614,
137,
269,
253,
145,
1487,
220,
219,
178,
214,
597,
1468,
194,
573,
536,
246,
41,
47,
529,
2474,
88,
2397,
2375,
527,
305,
407,
1822,
320,
1637,
1530,
45,
220,
1736,
553,
121,
401,
418,
547,
385,
100,
132,
106,
591,
105,
395,
34,
560,
85,
44,
1831,
397,
428,
35,
80,
210,
163,
218,
244,
156,
264,
620,
481,
938,
941,
1110,
222,
449,
641,
480,
596,
588,
158,
1082,
412,
1341,
792,
241,
581,
872,
752,
1330,
41,
863,
857,
967,
952,
939,
865,
1269,
412,
145,
775,
83,
608,
1000,
597,
863,
38,
769,
847,
177,
780,
1681,
699,
1071,
554,
964,
775,
694,
805,
1517,
762,
598,
236,
1681,
654,
138,
61,
728,
210,
705,
200,
136,
252,
671,
765,
964,
723,
667,
128,
234,
904,
136,
704,
40,
666,
931,
275,
282,
599,
696,
736,
660,
214,
205,
176,
594,
515,
884,
165,
276,
699,
211,
719,
734,
604,
756,
303,
261,
44,
1860,
576,
616,
749,
252,
612,
173,
712,
304,
282,
208,
628,
148,
762,
3131,
40,
703,
578,
1063,
579,
529,
1528,
1053,
129,
133,
286,
1691,
591,
43,
628,
1705,
312,
700,
1652,
329,
1643,
1515,
322,
269,
39,
733,
1074,
540,
532,
3434,
255,
498,
407,
497,
464,
264,
403,
412,
628,
101,
368,
43,
275,
132,
42,
154,
3415,
405,
146,
370,
132,
93,
106,
583,
80,
598,
762,
658,
506,
647,
517,
38,
1649,
583,
35,
1740,
759,
646,
762,
615,
754,
827,
578,
663,
1496,
784,
638,
148,
543,
746,
760,
662,
773,
601,
1568,
36,
578,
626,
688,
510,
80,
131,
626,
760,
692,
755,
687,
684,
589,
235,
682,
680,
712,
604,
734,
668,
109,
604,
529,
521,
519,
490,
509,
408,
424,
606,
1680,
437,
78,
620,
432,
859,
149,
167,
2475,
148,
730,
153,
570,
2444,
140,
50,
2420,
2449,
2442,
146,
2362,
420,
83,
774,
164,
147,
798,
457,
40,
760,
1060,
430,
1531,
147,
695,
734,
620,
732,
735,
600,
1489,
348,
1698,
745,
201,
177,
320,
744,
214,
898,
641,
320,
563,
634,
181,
157,
692,
179,
1146,
757,
613,
196,
566,
292,
1598,
225,
317,
600,
100,
197,
726,
626,
393,
1246,
322,
258,
212,
852,
690,
159,
350,
789,
181,
101,
152,
1592,
226,
292,
145,
697,
255,
726,
320,
634,
600,
865,
671,
751,
719,
1482,
1493,
754,
857,
1517,
753,
375,
1624,
1717,
153,
140,
300,
619,
387,
646,
628,
102,
982,
97,
142,
117,
42,
135,
106,
40,
62,
139,
996,
519,
406,
101,
660,
670,
85,
1494,
659,
45,
42,
40,
667,
84,
598,
543,
663,
1028,
606,
42,
491,
44,
526,
533,
122,
468,
438,
443,
482,
355,
590,
369,
601,
319,
686,
41,
344,
240,
145,
664,
1102,
561,
314,
144,
393,
1495,
314,
721,
652,
701,
184,
930,
441,
754,
489,
307,
139,
416,
142,
619,
993,
424,
40,
863,
948,
148,
794,
422,
434,
789,
478,
851,
2440,
512,
140,
1205,
1718,
419,
167,
139,
508,
138,
574,
822,
500,
188,
749,
417,
137,
1140,
557,
415,
849,
586,
738,
41,
669,
648,
723,
773,
1763,
1235,
166,
724,
947,
807,
492,
1505,
588,
740,
157,
684,
447,
227,
734,
574,
46,
1492,
614,
267,
1053,
94,
751,
971,
746,
1045,
1492,
437,
1688,
779,
770,
188,
799,
720,
217,
318,
769,
141,
559,
648,
791,
764,
174,
1469,
181,
147,
183,
811,
1065,
871,
151,
729,
707,
207,
275,
285,
360,
754,
195,
611,
1525,
294,
1107,
356,
822,
513,
1355,
596,
412,
201,
724,
1471,
98,
1700,
630,
53,
61,
152,
185,
1433,
522,
907,
543,
261,
105,
410,
140,
134,
560,
127,
414,
144,
142,
117,
77,
59,
76,
40,
437,
36,
1741,
642,
744,
640,
737,
743,
74,
641,
676,
683,
584,
131,
676,
734,
674,
669,
457,
668,
106,
2485,
477,
2558,
252,
285,
676,
1733,
587,
2403,
163,
371,
331,
142,
386,
282,
135,
786,
278,
417,
628,
270,
390,
218,
36,
375,
325,
548,
217,
337,
96,
132,
784,
271,
1018,
264,
289,
297,
38,
284,
206,
866,
211,
155,
711,
137,
159,
1104,
343,
490,
37,
354,
177,
614,
786,
2385,
419,
352,
136,
942,
683,
183,
931,
775,
691,
583,
870,
313,
345,
901,
835,
339,
746,
1001,
690,
727,
271,
1046,
829,
359,
710,
346,
772,
724,
1611,
740,
137,
132,
725,
3806,
967,
1060,
781,
200,
285,
794,
245,
240,
1803,
154,
1517,
755,
235,
191,
538,
1237,
980,
1515,
152,
178,
691,
47,
663,
858,
676,
1506,
622,
820,
1473,
419,
645,
532,
637,
168,
1469,
149,
405,
719,
205,
652,
494,
92,
659,
3837,
526,
672,
723,
455,
41,
410,
1092,
631,
156,
129,
632,
120,
204,
103,
2451,
99,
381,
104,
710,
162,
79,
99,
566,
743,
742,
75,
91,
749,
675,
81,
487,
103,
326,
43,
934,
640,
3497,
677,
501,
705,
621,
686,
758,
879,
153,
227,
150,
679,
601,
685,
941,
244,
36,
192,
946,
152,
206,
688,
212,
620,
132,
2372,
803,
397,
149,
668,
407,
624,
135,
863,
272,
144,
178,
868,
1051,
2401,
220,
1153,
705,
188,
627,
224,
143,
887,
340,
259,
762,
326,
154,
603,
752,
737,
334,
729,
133,
593,
654,
642,
1765,
838,
573,
131,
895,
469,
2404,
670,
631,
1765,
722,
854,
1598,
45,
782,
737,
367,
145,
1762,
1596,
732,
221,
361,
241,
805,
1138,
820,
326,
197,
1058,
382,
221,
136,
147,
42,
965,
644,
798,
358,
758,
963,
226,
756,
530,
324,
204,
186,
300,
209,
789,
1593,
192,
165,
149,
534,
857,
162,
1606,
782,
756,
198,
133,
872,
882,
339,
390,
1687,
268,
149,
314,
722,
1067,
484,
695,
39,
872,
1506,
111,
524,
831,
887,
331,
148,
827,
1457,
423,
2482,
748,
130,
381,
1693,
44,
455,
454,
630,
553,
93,
661,
127,
227,
98,
102,
523,
195,
264,
465,
121,
449,
3457,
3488,
222,
750,
743,
46,
411,
80,
94,
330,
413,
668,
695,
666,
152,
601,
769,
350,
1202,
676,
682,
150,
688,
243,
226,
160,
757,
161,
149,
386,
724,
609,
115,
92,
1080,
233,
1095,
221,
113,
222,
157,
937,
389,
146,
860,
723,
256,
234,
782,
854,
227,
862,
345,
241,
200,
447,
177,
121,
328,
209,
340,
146,
387,
628,
326,
1919,
339,
324,
482,
1566,
587,
778,
177,
545,
647,
959,
199,
142,
616,
540,
226,
773,
1561,
699,
756,
703,
38,
1519,
1568,
147,
739,
555,
2457,
1045,
2429,
575,
145,
146,
867,
1007,
39,
285,
811,
832,
561,
930,
820,
230,
380,
1771,
182,
145,
183,
788,
1013,
681,
1000,
221,
170,
869,
975,
721,
799,
304,
42,
781,
298,
732,
981,
101,
1160,
974,
526,
357,
1064,
758,
732,
887,
887,
100,
454,
202,
864,
151,
1507,
187,
918,
362,
1585,
147,
431,
325,
941,
123,
285,
414,
587,
205,
102,
180,
524,
890,
850,
399,
848,
103,
833,
488,
492,
448,
979,
453,
789,
218,
457,
443,
148,
101,
268,
490,
92,
101,
147,
121,
728,
513,
566,
139,
120,
517,
41,
113,
40,
558,
243,
55,
73,
43,
557,
69,
503,
668,
405,
577,
668,
489,
76,
40,
497,
488,
75,
390,
496,
392,
150,
186,
125,
150,
335,
388,
3703,
324,
311,
332,
379,
730,
769,
139,
2453,
124,
142,
1303,
128,
323,
738,
933,
636,
1023,
949,
77,
953,
476,
433,
726,
196,
133,
399,
152,
869,
39,
977,
186,
596,
575,
770,
837,
714,
37,
1688,
133,
619,
1065,
986,
580,
861,
599,
513,
1141,
745,
884,
404,
1490,
462,
698,
155,
1612,
184,
175,
799,
966,
498,
790,
130,
197,
384,
175,
279,
954,
588,
351,
920,
910,
153,
177,
252,
841,
773,
711,
1712,
492,
266,
1781,
646,
314,
49,
841,
522,
254,
195,
197,
592,
279,
157,
889,
172,
704,
1881,
794,
267,
888,
248,
875,
378,
1561,
867,
1710,
749,
1592,
450,
210,
474,
191,
102,
212,
817,
452,
1432,
449,
1720,
404,
98,
251,
654,
49,
1618,
306,
153,
1731,
134,
464,
126,
268,
91,
444,
62,
684,
129,
608,
51,
613,
548,
473,
132,
569,
104,
193,
49,
91,
95,
40,
1396,
99,
208,
217,
270,
315,
97,
313,
209,
1737,
253,
1315,
1016,
198,
183,
190,
1332,
1473,
329,
41,
1752,
259,
1022,
708,
705,
192,
183,
126,
171,
219,
947,
678,
211,
676,
199,
622,
861,
98,
81,
171,
83,
612,
175,
222,
120,
406,
668,
79,
390,
405,
169,
79,
75,
1413,
785,
135,
146,
132,
67,
1634,
857,
57,
189,
4091,
146,
518,
266,
957,
3749,
224,
1323,
57,
923,
274,
921,
823,
1774,
1125,
169,
710,
1524,
649,
1138,
563,
505,
671,
172,
1051,
435,
581,
1013,
567,
1562,
326,
905,
1148,
1043,
889,
693,
965,
400,
926,
930,
564,
716,
914,
262,
310,
126,
208,
873,
771,
318,
280,
179,
199,
982,
330,
202,
898,
156,
46,
185,
750,
944,
46,
1601,
675,
520,
399,
1535,
161,
611,
242,
1521,
580,
493,
623,
78,
807,
876,
63,
1278,
105,
189,
39,
140,
1077,
149,
826,
691,
910,
41,
103,
95,
42,
586,
655,
86,
547,
46,
621,
501,
856,
559,
586,
498,
1380,
77,
588,
195,
248,
412,
1433,
223,
219,
650,
257,
176,
220,
930,
42,
149,
169,
711,
325,
405,
93,
848,
412,
869,
666,
46,
903,
773,
43,
812,
1496,
41,
181,
1539,
866,
147,
1096,
222,
215,
331,
975,
233,
802,
1426,
184,
952,
444,
313,
1318,
453,
151,
1679,
225,
440,
679,
1030,
834,
48,
705,
960,
910,
962,
227,
1311,
946,
569,
959,
224,
938,
957,
1238,
972,
329,
1017,
931,
1006,
1060,
882,
945,
861,
870,
177,
587,
213,
878,
1021,
1009,
226,
223,
184,
1643,
182,
753,
412,
154,
177,
297,
749,
909,
228,
867,
787,
1257,
742,
315,
1729,
715,
875,
479,
652,
414,
3778,
213,
1534,
395,
253,
124,
945,
764,
43,
988,
176,
1699,
472,
653,
565,
563,
274,
890,
563,
554,
744,
40,
520,
99,
515,
209,
88,
40,
898,
62,
498,
87,
511,
260,
909,
920,
1621,
664,
656,
564,
621,
52,
1185,
40,
664,
671,
664,
660,
522,
665,
209,
368,
246,
511,
622,
316,
508,
2701,
661,
245,
478,
393,
81,
243,
654,
471,
903,
601,
43,
729,
715,
401,
137,
1283,
449,
1104,
3986,
684,
1346,
236,
668,
127,
392,
660,
381,
834,
343,
340,
233,
1317,
649,
947,
232,
132,
118,
173,
1026,
538,
104,
228,
873,
924,
225,
2675,
1427,
105,
1202,
2665,
41,
183,
640,
2670,
366,
266,
175,
76,
41,
759,
635,
86,
765,
434,
220,
2756,
695,
747,
403,
1055,
1433,
939,
179,
1402,
997,
407,
1037,
37,
785,
981,
158,
829,
212,
216,
1093,
914,
879,
535,
702,
157,
544,
201,
1544,
2714,
155,
176,
206,
772,
964,
1016,
150,
163,
892,
1060,
410,
727,
514,
715,
527,
639,
884,
176,
179,
644,
934,
1112,
377,
1103,
1341,
434,
1018,
4110,
796,
441,
1116,
553,
123,
428,
1071,
159,
901,
662,
309,
483,
640,
110,
43,
407,
211,
565,
584,
43,
567,
924,
449,
512,
84,
93,
39,
46,
227,
97,
1641,
86,
515,
933,
75,
987,
48,
598,
617,
615,
42,
636,
2674,
397,
405,
418,
628,
416,
208,
396,
125,
531,
394,
621,
1674,
674,
201,
714,
393,
48,
680,
471,
597,
156,
46,
407,
506,
657,
941,
115,
672,
1393,
590,
907,
275,
500,
733,
605,
1666,
993,
158,
159,
123,
598,
705,
96,
943,
276,
1101,
38,
275,
281,
188,
152,
314,
665,
1099,
150,
1838,
1141,
1119,
640,
755,
1812,
745,
925,
207,
370,
42,
146,
1043,
1036,
1220,
1040,
1037,
783,
41,
1350,
605,
224,
706,
175,
971,
149,
230,
145,
227,
1043,
161,
423,
213,
349,
1092,
364,
735,
798,
466,
137,
208,
762,
657,
335,
1468,
157,
1063,
165,
1163,
672,
1019,
374,
773,
204,
1602,
1101,
1106,
759,
513,
585,
205,
1102,
1612,
691,
850,
468,
651,
750,
1699,
537,
1031,
555,
423,
1401,
566,
1669,
151,
593,
388,
141,
1723,
451,
457,
425,
153,
542,
405,
552,
443,
484,
75,
538,
137,
496,
138,
42,
644,
342,
375,
673,
643,
575,
127,
40,
625,
760,
577,
603,
570,
241,
757,
72,
408,
764,
762,
749,
539,
368,
681,
4370,
758,
973,
411,
465,
530,
677,
448,
287,
748,
675,
399,
524,
682,
1609,
76,
296,
150,
342,
599,
333,
499,
453,
197,
149,
469,
192,
395,
392,
199,
76,
1653,
94,
150,
460,
80,
192,
1429,
124,
157,
245,
1133,
193,
1219,
1190,
466,
744,
36,
915,
159,
1815,
1418,
521,
610,
514,
532,
1180,
817,
1371,
140,
673,
1206,
861,
371,
910,
961,
159,
574,
216,
1258,
181,
1129,
901,
1591,
142,
785,
868,
265,
215,
141,
779,
1159,
488,
534,
358,
959,
780,
1061,
153,
1614,
955,
912,
908,
456,
47,
1216,
369,
170,
1129,
848,
771,
38,
1877,
454,
450,
190,
433,
706,
1419,
536,
1486,
1111,
1079,
43,
725,
1768,
686,
536,
3974,
685,
386,
549,
378,
136,
724,
482,
122,
301,
118,
553,
506,
111,
91,
42,
481,
91,
307,
123,
121,
643,
478,
753,
75,
578,
415,
519,
755,
685,
541,
261,
754,
264,
4440,
246,
745,
691,
342,
416,
1608,
380,
311,
166,
260,
1195,
319,
328,
165,
210,
4305,
1077,
554,
204,
172,
98,
1115,
209,
175,
484,
773,
1414,
147,
706,
286,
172,
1593,
741,
255,
110,
718,
209,
158,
738,
703,
925,
683,
167,
938,
477,
1300,
667,
1126,
1099,
841,
173,
429,
420,
926,
38,
134,
412,
278,
226,
1232,
1573,
917,
1237,
1124,
164,
1036,
413,
1294,
1277,
1060,
112,
1097,
1519,
1200,
166,
764,
195,
729,
809,
165,
987,
266,
706,
1211,
1175,
738,
153,
892,
825,
162,
606,
156,
506,
1509,
141,
1180,
715,
209,
1228,
902,
833,
151,
156,
425,
523,
703,
1120,
1056,
826,
151,
208,
503,
49,
519,
1134,
160,
439,
159,
791,
1085,
413,
48,
1782,
1155,
1257,
479,
919,
1207,
209,
933,
1230,
413,
220,
794,
1520,
361,
1523,
109,
353,
621,
4514,
972,
1783,
1027,
137,
699,
579,
547,
451,
555,
569,
481,
126,
550,
246,
41,
148,
518,
425,
129,
972,
117,
983,
128,
817,
55,
419,
484,
45,
409,
113,
102,
340,
756,
326,
82,
79,
779,
406,
399,
1836,
39,
398,
391,
1515,
79,
375,
83,
165,
600,
207,
79,
176,
423,
1918,
365,
170,
563,
411,
37,
363,
79,
705,
1778,
1414,
601,
397,
1481,
1650,
206,
121,
95,
1561,
726,
1619,
352,
688,
794,
38,
1016,
2914,
1648,
131,
1322,
697,
673,
663,
80,
427,
57,
1729,
344,
1102,
167,
2899,
422,
1129,
691,
1724,
756,
338,
350,
84,
146,
4566,
328,
996,
2916,
1056,
1028,
191,
786,
1333,
207,
862,
864,
608,
1671,
1065,
799,
731,
859,
224,
1161,
877,
979,
157,
902,
1053,
1236,
258,
156,
626,
1786,
1282,
668,
1090,
192,
758,
672,
683,
291,
1033,
192,
260,
181,
662,
449,
933,
143,
199,
150,
989,
1811,
1702,
149,
155,
1246,
1251,
508,
1239,
1433,
628,
45,
886,
785,
1287,
937,
358,
623,
1662,
763,
1247,
117,
906,
1077,
1109,
1067,
357,
1363,
643,
1527,
997,
1027,
877,
426,
479,
1355,
390,
350,
301,
254,
450,
413,
447,
169,
398,
685,
132,
47,
810,
100,
87,
80,
433,
128,
36,
415,
348,
854,
848,
969,
498,
71,
563,
411,
498,
845,
849,
852,
233,
78,
479,
351,
77,
805,
847,
330,
842,
176,
138,
343,
772,
154,
390,
245,
246,
849,
1426,
250,
395,
378,
154,
714,
1090,
336,
333,
253,
809,
498,
630,
690,
867,
895,
709,
680,
861,
77,
331,
1325,
659,
903,
649,
152,
891,
834,
1050,
887,
389,
148,
44,
40,
649,
146,
1375,
1241,
145,
916,
1234,
1019,
242,
954,
637,
937,
192,
907,
190,
920,
1493,
643,
1356,
1054,
1590,
1893,
936,
1306,
1587,
1173,
1510,
1342,
141,
920,
883,
190,
140,
873,
1522,
217,
1178,
1061,
980,
1794,
1586,
221,
1261,
268,
681,
869,
1190,
42,
963,
682,
202,
1690,
955,
147,
1395,
1354,
905,
426,
900,
1735,
1682,
99,
1316,
901,
621,
485,
729,
1688,
239,
554,
191,
869,
879,
43,
490,
421,
41,
414,
231,
1045,
227,
169,
524,
715,
42,
517,
374,
204,
883,
177,
388,
174,
680,
655,
389,
149,
286,
496,
286,
135,
81,
126,
35,
285,
93,
508,
234,
67,
82,
225,
220,
388,
197,
500,
845,
481,
590,
800,
839,
194,
1195,
641,
573,
517,
245,
134,
42,
500,
802,
1774,
729,
1109,
134,
1028,
1140,
309,
637,
614,
583,
1565,
176,
687,
263,
257,
965,
632,
636,
593,
544,
564,
208,
486,
321,
208,
579,
530,
1328,
895,
560,
123,
338,
813,
538,
152,
543,
536,
955,
147,
1441,
1224,
425,
902,
529,
805,
393,
1531,
388,
599,
412,
1590,
78,
348,
80,
387,
346,
705,
1331,
774,
679,
655,
670,
703,
665,
144,
1803,
669,
1051,
877,
185,
840,
1128,
689,
45,
1670,
846,
1116,
735,
1615,
161,
943,
3035,
1038,
311,
351,
978,
3035,
951,
1159,
201,
1253,
552,
1130,
642,
339,
1234,
906,
265,
983,
969,
809,
158,
270,
1040,
476,
1034,
792,
176,
1500,
1140,
962,
757,
567,
431,
995,
322,
897,
1727,
1745,
45,
920,
257,
1079,
967,
650,
551,
1513,
976,
870,
785,
185,
1058,
442,
529,
163,
718,
966,
294,
837,
1254,
187,
772,
976,
1519,
624,
580,
992,
139,
180,
223,
584,
199,
239,
790,
982,
1074,
441,
3018,
508,
532,
770,
174,
457,
1169,
193,
515,
164,
922,
873,
333,
1129,
887,
146,
514,
449,
982,
1390,
192,
441,
538,
114,
485,
399,
198,
1345,
474,
187,
453,
422,
1014,
258,
96,
846,
231,
584,
1173,
223,
118,
92,
86,
1053,
48,
809,
193,
205,
643,
141,
544,
530,
1084,
172,
66,
141,
751,
169,
755,
44,
737,
519,
659,
750,
1200,
64,
660,
671,
136,
263,
77,
572,
125,
949,
209,
77,
544,
76,
413,
806,
261,
562,
161,
1718,
895,
532,
73,
523,
53,
158,
232,
193,
470,
197,
622,
799,
316,
413,
704,
469,
1331,
294,
334,
214,
452,
333,
258,
1219,
275,
1014,
419,
1004,
1253,
1174,
957,
1748,
508,
325,
744,
690,
1002,
329,
141,
88,
393,
166,
918,
808,
1013,
411,
805,
83,
911,
894,
793,
2024,
1395,
1379,
233,
1003,
1454,
1574,
512,
1424,
1715,
1346,
168,
1081,
695,
862,
800,
1879,
163,
1971,
1030,
1013,
796,
278,
1349,
984,
213,
169,
1074,
1536,
893,
977,
509,
1213,
1046,
197,
279,
219,
182,
1004,
1036,
165,
164,
1031,
193,
992,
1443,
868,
1220,
981,
468,
360,
214,
183,
1792,
47,
495,
901,
193,
866,
149,
1446,
152,
181,
992,
1519,
288,
422,
1091,
222,
496,
165,
135,
485,
457,
1432,
1716,
201,
145,
197,
488,
1335,
641,
730,
161,
1183,
155,
366,
133,
139,
461,
40,
581,
133,
49,
561,
115,
574,
475,
481,
137,
562,
521,
107,
91,
88,
86,
567,
130,
68,
75,
560,
539,
89,
43,
249,
1472,
42,
265,
222,
935,
715,
1012,
158,
918,
312,
824,
487,
506,
218,
43,
250,
166,
534,
38,
227,
1613,
417,
797,
389,
1608,
380,
214,
365,
218,
374,
1358,
1297,
174,
116,
217,
339,
1284,
307,
214,
1489,
495,
782,
1009,
819,
1460,
605,
691,
1754,
895,
1330,
1386,
495,
744,
1411,
163,
400,
796,
215,
580,
791,
750,
1054,
146,
213,
399,
396,
1034,
347,
344,
211,
283,
1397,
1033,
333,
339,
100,
48,
332,
329,
743,
735,
1016,
1013,
43,
439,
943,
576,
3055,
1331,
3088,
1698,
396,
1827,
1046,
173,
667,
3018,
722,
1222,
1087,
872,
514,
1129,
3170,
717,
173,
42,
607,
41,
475,
826,
1109,
437,
1279,
1383,
828,
783,
1202,
975,
1188,
188,
302,
183,
564,
1057,
169,
155,
1511,
172,
173,
162,
1694,
370,
171,
1143,
141,
1277,
151,
759,
148,
146,
979,
359,
1723,
455,
1189,
1446,
434,
1283,
1008,
1685,
1427,
478,
447,
1175,
892,
1603,
562,
510,
649,
418,
757,
1346,
1596,
1163,
448,
93,
41,
208,
448,
1532,
1360,
151,
447,
1695,
1726,
145,
537,
1436,
39,
217,
493,
4573,
319,
819,
274,
594,
455,
118,
83,
574,
1011,
1532,
640,
95,
110,
1093,
571,
82,
554,
732,
1366,
83,
135,
225,
1068,
1404,
822,
755,
83,
40,
550,
762,
547,
750,
756,
39,
749,
755,
598,
762,
311,
223,
306,
381,
291,
378,
1774,
255,
1041,
1225,
253,
224,
248,
1358,
507,
825,
485,
213,
462,
1622,
282,
127,
560,
556,
1061,
427,
998,
934,
140,
525,
1778,
291,
71,
267,
321,
178,
1389,
138,
1306,
575,
76,
43,
472,
370,
1778,
170,
3194,
540,
1447,
722,
500,
42,
3041,
165,
3061,
406,
443,
1119,
158,
3135,
192,
395,
411,
129,
405,
139,
881,
152,
349,
1230,
126,
3081,
1094,
1160,
151,
1866,
901,
1022,
1063,
1229,
150,
1012,
906,
1032,
720,
1482,
87,
1187,
1579,
930,
937,
947,
150,
544,
482,
1968,
525,
268,
943,
885,
352,
993,
966,
1890,
1100,
1445,
150,
833,
1136,
921,
1103,
551,
1566,
1056,
1503,
419,
1402,
630,
1128,
193,
1016,
1268,
1034,
176,
1072,
544,
180,
180,
693,
531,
893,
1607,
878,
1457,
156,
143,
810,
146,
160,
1372,
505,
524,
1428,
1058,
469,
1590,
807,
463,
336,
1718,
1447,
468,
1186,
116,
1439,
1409,
192,
561,
202,
1344,
556,
146,
174,
1265,
1727,
216,
990,
489,
113,
181,
44,
1520,
1788,
488,
137,
753,
106,
190,
573,
89,
871,
1034,
1807,
118,
825,
757,
51,
85,
754,
757,
752,
487,
496,
251,
756,
949,
1053,
612,
198,
528,
1131,
496,
499,
515,
297,
1740,
170,
403,
1289,
315,
1105,
440,
387,
322,
111,
317,
149,
1586,
1024,
1018,
819,
283,
200,
1039,
245,
1670,
261,
294,
86,
354,
239,
148,
741,
146,
77,
897,
965,
1334,
1086,
168,
1248,
428,
523,
433,
425,
420,
144,
414,
814,
919,
1291,
188,
39,
341,
742,
3137,
90,
841,
360,
143,
1424,
393,
1388,
5013,
3121,
696,
1740,
1590,
977,
1548,
993,
1965,
1064,
1566,
1040,
395,
434,
1073,
145,
1142,
191,
806,
962,
883,
260,
142,
364,
202,
1502,
369,
1048,
346,
1315,
1654,
1108,
43,
771,
931,
1910,
1163,
1170,
1767,
177,
996,
948,
107,
928,
45,
1594,
431,
312,
1648,
1016,
1499,
44,
1463,
1749,
136,
1601,
234,
1735,
1337,
1072,
42,
949,
1413,
520,
489,
494,
621,
1610,
140,
1148,
618,
507,
936,
935,
127,
45,
935,
102,
796,
152,
1576,
1106,
40,
899,
196,
150,
146,
118,
1085,
126,
111,
108,
36,
248,
905,
88,
57,
1522,
50,
1215,
80,
913,
564,
835,
749,
497,
826,
751,
759,
757,
397,
634,
791,
318,
740,
1093,
635,
920,
275,
150,
157,
203,
652,
576,
732,
450,
282,
574,
127,
143,
2503,
713,
214,
1445,
156,
428,
420,
260,
1369,
1430,
43,
1154,
989,
342,
407,
1562,
42,
844,
1794,
406,
1042,
2709,
129,
839,
1274,
148,
1419,
130,
1716,
159,
158,
207,
1356,
45,
90,
224,
871,
5165,
809,
237,
1439,
1207,
36,
1130,
336,
893,
1910,
970,
158,
60,
1340,
1097,
1097,
437,
1376,
1610,
1405,
160,
1244,
1186,
40,
1553,
1144,
1336,
159,
1155,
431,
499,
1517,
177,
1316,
189,
173,
1626,
1161,
1819,
855,
886,
436,
1165,
141,
1525,
1178,
1111,
45,
158,
1617,
1496,
1420,
44,
863,
158,
806,
1083,
1704,
137,
802,
1635,
1105,
159,
1533,
1064,
1614,
763,
613,
160,
294,
1627,
1800,
152,
38,
358,
512,
106,
211,
938,
946,
780,
219,
476,
1062,
767,
812,
389,
44,
1805,
107,
1199,
50,
119,
624,
117,
819,
806,
135,
610,
597,
105,
142,
120,
36,
924,
569,
125,
639,
582,
980,
829,
570,
936,
3082,
231,
758,
766,
915,
399,
752,
759,
284,
1189,
931,
288,
720,
84,
757,
283,
276,
596,
174,
221,
295,
795,
147,
36,
252,
153,
180,
1403,
676,
714,
459,
1640,
1228,
287,
1397,
127,
741,
1718,
221,
119,
142,
472,
1135,
160,
994,
1860,
868,
373,
210,
150,
48,
192,
1829,
1437,
1842,
1799,
216,
711,
159,
292,
1279,
249,
1054,
705,
1116,
175,
1818,
1571,
391,
1203,
1261,
208,
1102,
1683,
1512,
1234,
203,
1065,
1718,
183,
619,
208,
205,
287,
173,
1586,
1803,
142,
505,
1106,
197,
483,
162,
1678,
1560,
1686,
420,
1618,
1147,
470,
1369,
817,
157,
44,
169,
5246,
1546,
492,
468,
535,
1281,
660,
114,
1000,
1544,
1664,
1610,
1478,
301,
973,
1080,
622,
149,
1846,
544,
530,
333,
153,
788,
495,
736,
1965,
551,
148,
93,
1730,
771,
42,
936,
640,
1193,
4930,
1056,
867,
141,
132,
640,
792,
602,
524,
1318,
2835,
37,
125,
107,
134,
582,
598,
2646,
66,
1143,
124,
95,
320,
859,
114,
