39,
39,
34,
42,
37,
32,
47,
42,
42,
35,
36,
76,
44,
88,
38,
43,
83,
34,
95,
93,
94,
104,
36,
33,
121,
100,
33,
91,
40,
36,
36,
42,
35,
116,
115,
81,
116,
123,
69,
75,
128,
90,
86,
132,
104,
35,
108,
119,
91,
95,
113,
64,
134,
136,
80,
107,
129,
80,
104,
74,
106,
128,
120,
32,
44,
92,
124,
97,
73,
127,
87,
152,
131,
104,
111,
121,
136,
135,
137,
133,
100,
98,
121,
112,
98,
36,
99,
138,
95,
121,
139,
43,
97,
136,
134,
145,
140,
39,
34,
77,
66,
39,
168,
173,
154,
169,
37,
80,
139,
166,
171,
163,
131,
110,
54,
138,
161,
139,
175,
142,
150,
174,
111,
109,
137,
148,
39,
131,
189,
115,
141,
110,
166,
163,
99,
143,
144,
177,
119,
128,
120,
186,
124,
110,
160,
125,
121,
38,
110,
99,
109,
102,
121,
154,
97,
143,
39,
113,
160,
158,
37,
124,
134,
137,
149,
152,
123,
134,
179,
139,
145,
39,
34,
67,
134,
101,
102,
214,
125,
132,
138,
132,
157,
111,
103,
125,
106,
230,
137,
163,
131,
144,
127,
220,
118,
131,
115,
125,
121,
115,
103,
216,
73,
106,
40,
68,
223,
245,
106,
241,
149,
43,
250,
117,
131,
62,
80,
209,
69,
58,
237,
144,
223,
186,
136,
194,
200,
135,
162,
155,
220,
220,
94,
62,
182,
117,
251,
207,
88,
151,
229,
85,
213,
223,
95,
146,
159,
49,
148,
117,
86,
141,
112,
123,
138,
35,
131,
133,
110,
235,
216,
206,
126,
92,
177,
136,
232,
248,
111,
149,
117,
162,
179,
152,
130,
222,
152,
187,
134,
40,
166,
123,
164,
180,
147,
233,
93,
115,
157,
153,
106,
219,
219,
153,
160,
196,
124,
155,
134,
198,
151,
170,
145,
40,
182,
39,
112,
168,
120,
176,
173,
124,
143,
258,
134,
150,
236,
126,
157,
135,
119,
143,
176,
300,
103,
36,
191,
209,
213,
147,
218,
166,
236,
81,
166,
148,
201,
82,
155,
40,
91,
293,
57,
79,
163,
129,
279,
170,
170,
132,
149,
277,
108,
162,
130,
145,
212,
221,
180,
98,
216,
106,
134,
157,
125,
158,
156,
119,
83,
175,
141,
145,
99,
149,
163,
121,
176,
146,
157,
149,
132,
154,
181,
149,
142,
130,
44,
138,
107,
41,
151,
69,
128,
120,
138,
124,
102,
109,
143,
220,
121,
65,
104,
74,
104,
171,
130,
147,
218,
37,
68,
320,
162,
176,
115,
146,
99,
199,
246,
312,
113,
183,
77,
335,
159,
127,
74,
265,
180,
276,
122,
279,
152,
144,
260,
195,
249,
210,
154,
219,
153,
160,
70,
178,
245,
244,
69,
145,
156,
48,
155,
72,
138,
73,
60,
113,
130,
56,
79,
192,
114,
52,
99,
142,
138,
122,
52,
143,
114,
290,
138,
121,
298,
52,
116,
45,
89,
44,
256,
40,
157,
103,
201,
254,
191,
345,
97,
113,
259,
264,
230,
106,
220,
283,
253,
183,
138,
240,
193,
126,
234,
243,
224,
203,
207,
310,
275,
176,
223,
100,
305,
168,
39,
161,
239,
88,
281,
275,
177,
192,
200,
265,
169,
209,
173,
215,
277,
135,
166,
152,
138,
264,
171,
162,
44,
324,
182,
153,
121,
161,
312,
271,
162,
117,
178,
294,
242,
155,
164,
177,
132,
116,
117,
106,
292,
152,
150,
153,
314,
148,
182,
102,
212,
236,
222,
203,
168,
304,
319,
207,
171,
41,
94,
239,
203,
212,
79,
165,
236,
141,
44,
121,
136,
178,
297,
215,
210,
214,
106,
142,
199,
165,
202,
77,
226,
174,
366,
167,
178,
193,
145,
178,
151,
105,
333,
120,
120,
171,
56,
184,
170,
164,
154,
96,
164,
132,
142,
148,
174,
220,
182,
124,
131,
115,
180,
151,
167,
177,
231,
115,
112,
149,
142,
130,
140,
148,
126,
184,
108,
139,
105,
97,
112,
112,
133,
293,
101,
201,
105,
118,
115,
242,
280,
193,
328,
138,
206,
90,
119,
212,
232,
187,
153,
188,
158,
240,
36,
207,
217,
161,
164,
149,
277,
248,
273,
276,
168,
165,
201,
121,
249,
258,
51,
216,
312,
159,
49,
99,
244,
83,
162,
45,
151,
245,
138,
144,
241,
301,
125,
119,
66,
64,
47,
187,
119,
298,
126,
146,
65,
185,
265,
87,
182,
134,
147,
45,
282,
98,
108,
123,
65,
133,
102,
135,
141,
130,
61,
106,
172,
45,
116,
81,
150,
47,
38,
285,
131,
36,
296,
91,
167,
137,
142,
36,
174,
202,
301,
174,
98,
269,
83,
178,
353,
180,
147,
185,
224,
156,
122,
37,
318,
147,
214,
137,
146,
181,
169,
197,
144,
265,
172,
153,
51,
94,
143,
215,
161,
240,
141,
211,
308,
343,
146,
135,
130,
43,
163,
201,
345,
127,
143,
173,
311,
122,
38,
150,
300,
42,
246,
193,
157,
126,
146,
294,
127,
192,
190,
155,
192,
192,
219,
163,
163,
184,
271,
197,
282,
286,
161,
145,
134,
41,
144,
275,
36,
257,
134,
197,
173,
106,
128,
172,
168,
261,
77,
116,
132,
188,
122,
349,
170,
216,
105,
186,
125,
167,
220,
179,
189,
141,
105,
145,
345,
177,
143,
132,
270,
188,
166,
133,
164,
155,
182,
159,
203,
279,
163,
133,
124,
126,
156,
73,
117,
102,
168,
272,
193,
150,
103,
129,
139,
62,
281,
253,
61,
127,
233,
167,
150,
132,
61,
163,
154,
151,
232,
169,
123,
167,
169,
129,
53,
176,
219,
144,
171,
174,
300,
53,
162,
135,
134,
147,
183,
42,
140,
52,
309,
41,
124,
161,
260,
328,
108,
140,
38,
104,
252,
35,
329,
116,
215,
146,
140,
33,
228,
258,
265,
328,
241,
155,
239,
42,
323,
333,
170,
208,
323,
275,
154,
178,
179,
44,
166,
322,
313,
144,
175,
188,
88,
158,
175,
250,
151,
313,
135,
51,
334,
39,
191,
302,
158,
154,
135,
142,
196,
148,
154,
174,
290,
191,
153,
201,
151,
153,
217,
219,
93,
194,
166,
134,
213,
143,
128,
37,
137,
162,
180,
148,
190,
129,
197,
191,
160,
210,
139,
350,
129,
171,
281,
34,
157,
274,
95,
210,
324,
49,
95,
150,
285,
37,
180,
164,
201,
125,
95,
36,
171,
266,
258,
35,
311,
262,
183,
143,
260,
139,
161,
138,
154,
264,
127,
138,
232,
133,
114,
356,
81,
135,
324,
155,
296,
217,
168,
314,
225,
305,
120,
269,
220,
149,
170,
144,
251,
174,
137,
178,
281,
158,
164,
144,
168,
187,
289,
141,
213,
211,
128,
164,
148,
146,
211,
164,
231,
144,
150,
159,
133,
137,
224,
190,
165,
107,
150,
167,
197,
113,
182,
308,
179,
153,
126,
170,
157,
227,
122,
140,
125,
149,
172,
107,
101,
198,
115,
135,
163,
149,
47,
208,
158,
158,
102,
193,
144,
112,
371,
110,
123,
187,
144,
170,
88,
92,
66,
190,
177,
141,
292,
315,
195,
65,
262,
62,
171,
60,
167,
113,
60,
53,
288,
198,
105,
203,
185,
50,
266,
50,
171,
225,
43,
238,
212,
174,
119,
34,
354,
298,
34,
356,
256,
155,
49,
115,
166,
135,
132,
344,
141,
42,
113,
38,
332,
119,
108,
107,
309,
132,
207,
131,
360,
189,
156,
124,
312,
171,
165,
148,
257,
310,
222,
203,
177,
133,
240,
137,
142,
176,
41,
120,
33,
149,
109,
114,
114,
137,
160,
190,
88,
153,
119,
120,
106,
159,
224,
255,
163,
156,
244,
161,
224,
94,
159,
139,
151,
145,
201,
144,
117,
174,
156,
233,
145,
200,
134,
223,
236,
171,
121,
136,
214,
266,
223,
143,
36,
365,
247,
339,
186,
210,
186,
231,
127,
208,
179,
188,
268,
170,
183,
51,
36,
136,
133,
178,
43,
156,
231,
294,
158,
407,
206,
37,
177,
220,
246,
300,
172,
134,
292,
194,
251,
37,
197,
401,
156,
139,
198,
156,
36,
181,
359,
218,
189,
160,
330,
280,
114,
189,
151,
37,
335,
105,
149,
90,
374,
140,
127,
37,
310,
224,
395,
303,
201,
36,
183,
196,
359,
102,
173,
36,
315,
196,
34,
189,
365,
188,
170,
129,
126,
184,
166,
164,
139,
261,
171,
154,
135,
147,
123,
164,
148,
354,
159,
118,
152,
107,
123,
105,
126,
117,
150,
41,
152,
168,
404,
134,
108,
247,
99,
106,
183,
118,
98,
155,
125,
149,
99,
162,
160,
390,
135,
110,
235,
247,
260,
75,
258,
122,
94,
194,
279,
141,
313,
107,
100,
202,
148,
118,
364,
122,
108,
138,
106,
221,
262,
293,
123,
270,
90,
130,
139,
258,
358,
279,
127,
192,
101,
234,
328,
65,
78,
41,
160,
54,
267,
42,
76,
127,
185,
69,
223,
182,
132,
261,
142,
189,
350,
178,
131,
132,
142,
162,
116,
210,
139,
125,
136,
265,
163,
95,
161,
58,
161,
129,
57,
106,
50,
82,
117,
49,
209,
235,
39,
186,
39,
238,
234,
107,
385,
43,
313,
111,
33,
244,
387,
123,
249,
306,
230,
315,
222,
274,
384,
217,
253,
350,
48,
96,
245,
139,
227,
201,
393,
205,
389,
335,
134,
223,
309,
227,
205,
216,
305,
203,
188,
364,
142,
382,
90,
174,
36,
206,
40,
185,
102,
150,
312,
337,
121,
262,
103,
301,
276,
217,
202,
154,
209,
112,
356,
388,
265,
99,
260,
202,
269,
356,
377,
124,
100,
254,
85,
187,
216,
341,
349,
144,
251,
91,
80,
61,
261,
102,
240,
361,
133,
142,
270,
97,
179,
343,
339,
248,
208,
173,
153,
133,
111,
178,
309,
196,
241,
159,
140,
198,
164,
180,
289,
157,
145,
170,
425,
204,
141,
222,
130,
149,
169,
193,
407,
232,
167,
153,
116,
130,
396,
125,
384,
270,
120,
162,
43,
106,
136,
277,
206,
75,
144,
99,
249,
171,
327,
199,
127,
149,
354,
116,
80,
99,
192,
285,
234,
141,
431,
175,
146,
402,
224,
174,
166,
314,
118,
167,
163,
247,
173,
269,
393,
67,
409,
261,
42,
193,
275,
133,
134,
124,
110,
279,
91,
52,
183,
224,
77,
76,
222,
322,
228,
124,
72,
50,
176,
71,
265,
146,
238,
69,
170,
280,
95,
188,
132,
181,
69,
167,
224,
241,
230,
189,
61,
69,
107,
148,
161,
62,
102,
61,
176,
157,
163,
51,
168,
171,
114,
327,
41,
178,
125,
147,
167,
154,
97,
38,
174,
176,
197,
101,
131,
171,
280,
41,
128,
155,
137,
164,
137,
120,
160,
82,
107,
138,
169,
131,
160,
131,
150,
127,
37,
217,
42,
165,
103,
94,
128,
36,
108,
121,
146,
284,
263,
404,
257,
322,
396,
202,
172,
267,
191,
115,
226,
412,
296,
47,
394,
101,
120,
173,
276,
33,
388,
294,
270,
173,
276,
269,
255,
213,
300,
117,
238,
234,
206,
253,
243,
208,
213,
238,
152,
145,
246,
423,
234,
234,
120,
185,
209,
262,
207,
136,
376,
157,
273,
313,
199,
131,
36,
220,
194,
211,
360,
204,
220,
446,
130,
114,
95,
190,
167,
160,
88,
211,
362,
71,
205,
41,
420,
145,
359,
160,
222,
159,
190,
162,
427,
360,
140,
43,
95,
97,
147,
124,
182,
42,
153,
434,
158,
147,
153,
98,
423,
223,
86,
85,
360,
158,
137,
46,
97,
150,
196,
347,
141,
206,
408,
121,
167,
245,
292,
97,
313,
183,
90,
407,
112,
195,
134,
385,
192,
239,
396,
39,
172,
81,
342,
192,
88,
308,
138,
125,
212,
388,
188,
150,
184,
175,
119,
354,
90,
115,
338,
125,
123,
184,
145,
211,
185,
354,
177,
385,
178,
84,
192,
124,
109,
171,
180,
130,
162,
212,
151,
174,
284,
214,
233,
86,
139,
212,
138,
202,
446,
214,
85,
199,
39,
347,
84,
239,
448,
197,
207,
83,
190,
382,
374,
139,
114,
155,
128,
79,
203,
249,
205,
200,
384,
39,
74,
246,
373,
41,
238,
100,
66,
96,
287,
347,
95,
123,
126,
95,
100,
442,
63,
76,
153,
95,
59,
166,
345,
313,
53,
121,
126,
342,
90,
40,
53,
205,
348,
49,
159,
39,
250,
146,
170,
344,
150,
50,
186,
39,
165,
193,
141,
367,
133,
143,
192,
180,
138,
164,
216,
145,
337,
156,
159,
132,
170,
137,
105,
148,
160,
216,
201,
178,
38,
33,
138,
167,
109,
243,
482,
166,
163,
156,
478,
324,
138,
198,
162,
152,
128,
265,
41,
292,
273,
151,
161,
191,
194,
260,
270,
138,
442,
136,
236,
257,
336,
485,
329,
247,
115,
329,
422,
115,
279,
141,
293,
205,
415,
245,
113,
257,
131,
242,
209,
126,
225,
209,
141,
40,
268,
131,
269,
37,
219,
102,
173,
243,
224,
41,
129,
135,
398,
217,
200,
143,
134,
416,
87,
129,
372,
233,
47,
167,
149,
43,
90,
109,
227,
164,
42,
306,
137,
205,
195,
126,
256,
172,
155,
165,
145,
225,
137,
41,
231,
185,
161,
216,
164,
120,
186,
245,
169,
222,
296,
41,
161,
269,
216,
156,
147,
143,
280,
41,
193,
123,
357,
179,
309,
123,
293,
103,
391,
124,
190,
163,
266,
104,
99,
142,
358,
208,
368,
212,
195,
41,
164,
343,
446,
304,
239,
366,
265,
209,
176,
232,
268,
217,
208,
168,
412,
344,
158,
154,
152,
77,
191,
238,
209,
177,
157,
135,
151,
156,
179,
169,
456,
360,
200,
208,
77,
444,
182,
155,
106,
115,
152,
166,
111,
350,
179,
142,
311,
154,
404,
307,
433,
135,
154,
225,
123,
396,
244,
117,
115,
162,
114,
403,
121,
205,
99,
250,
128,
355,
251,
359,
151,
410,
201,
171,
87,
124,
42,
317,
130,
171,
153,
40,
175,
180,
402,
74,
379,
169,
158,
133,
387,
238,
159,
231,
167,
385,
222,
43,
95,
260,
73,
61,
199,
406,
42,
181,
364,
164,
158,
174,
417,
175,
143,
153,
164,
148,
155,
152,
147,
180,
38,
142,
157,
137,
179,
149,
248,
169,
156,
136,
119,
121,
228,
102,
43,
210,
163,
115,
112,
144,
126,
132,
135,
134,
116,
121,
468,
131,
94,
114,
118,
443,
146,
142,
128,
233,
208,
250,
41,
41,
162,
257,
332,
132,
359,
284,
36,
146,
315,
39,
370,
128,
41,
213,
324,
182,
142,
79,
186,
336,
182,
402,
169,
201,
287,
136,
226,
44,
133,
135,
256,
274,
192,
371,
274,
197,
227,
169,
205,
182,
330,
409,
134,
253,
168,
111,
200,
164,
279,
128,
123,
243,
168,
131,
274,
46,
166,
87,
124,
214,
247,
245,
40,
122,
122,
201,
224,
127,
226,
211,
159,
112,
108,
152,
107,
105,
48,
296,
153,
104,
304,
332,
272,
38,
245,
104,
88,
472,
245,
155,
148,
191,
88,
242,
43,
441,
239,
153,
334,
281,
84,
289,
45,
239,
78,
457,
450,
130,
334,
206,
122,
217,
187,
158,
76,
448,
150,
461,
440,
70,
463,
417,
138,
264,
155,
227,
123,
255,
285,
248,
164,
411,
157,
276,
226,
239,
176,
168,
407,
215,
185,
177,
185,
38,
248,
126,
265,
215,
132,
304,
334,
208,
206,
221,
162,
408,
156,
247,
227,
145,
199,
193,
251,
39,
234,
94,
167,
186,
210,
447,
146,
230,
165,
151,
255,
299,
183,
235,
280,
137,
323,
248,
44,
439,
218,
41,
234,
161,
228,
125,
366,
251,
177,
212,
239,
230,
165,
144,
251,
184,
181,
171,
303,
155,
257,
193,
143,
109,
112,
243,
208,
457,
241,
212,
171,
276,
195,
365,
260,
223,
216,
163,
226,
175,
206,
225,
306,
206,
146,
183,
143,
235,
385,
168,
203,
141,
195,
45,
168,
204,
403,
146,
207,
114,
117,
199,
166,
113,
262,
415,
399,
237,
165,
435,
160,
215,
131,
164,
158,
152,
198,
175,
36,
174,
148,
197,
219,
171,
527,
195,
154,
265,
114,
146,
217,
177,
258,
193,
282,
126,
180,
275,
158,
211,
205,
248,
149,
136,
487,
257,
144,
244,
143,
487,
41,
120,
285,
193,
154,
276,
137,
273,
234,
138,
271,
541,
476,
213,
447,
40,
181,
251,
508,
485,
301,
210,
180,
436,
161,
140,
247,
240,
44,
235,
192,
179,
189,
196,
308,
168,
166,
39,
518,
149,
182,
217,
176,
257,
362,
340,
182,
166,
188,
169,
172,
310,
160,
272,
177,
139,
296,
159,
152,
242,
267,
166,
96,
303,
160,
271,
102,
141,
79,
131,
70,
55,
208,
78,
238,
53,
50,
236,
182,
188,
181,
100,
237,
268,
175,
39,
197,
197,
224,
77,
523,
185,
175,
124,
467,
122,
229,
221,
187,
112,
122,
196,
454,
199,
181,
243,
174,
211,
41,
480,
164,
150,
231,
149,
112,
188,
123,
148,
209,
120,
140,
156,
122,
182,
183,
131,
180,
119,
146,
119,
115,
204,
102,
389,
244,
169,
163,
186,
116,
196,
265,
169,
428,
111,
190,
143,
175,
177,
198,
487,
102,
152,
504,
248,
118,
101,
120,
265,
235,
287,
243,
301,
244,
123,
302,
109,
169,
489,
105,
309,
223,
183,
333,
579,
90,
252,
447,
276,
38,
89,
286,
538,
89,
224,
501,
251,
41,
469,
272,
142,
531,
121,
191,
185,
442,
42,
440,
46,
82,
444,
203,
165,
77,
256,
52,
174,
436,
226,
73,
451,
194,
527,
41,
442,
66,
203,
246,
220,
360,
207,
217,
63,
443,
493,
182,
228,
277,
187,
62,
174,
258,
388,
182,
153,
207,
214,
543,
219,
180,
303,
431,
214,
141,
411,
178,
188,
256,
267,
140,
227,
174,
516,
42,
172,
232,
213,
200,
209,
275,
247,
205,
226,
540,
461,
36,
198,
209,
302,
442,
280,
223,
255,
185,
202,
519,
37,
258,
201,
198,
256,
247,
426,
196,
259,
184,
224,
161,
267,
166,
237,
151,
147,
252,
234,
280,
261,
249,
148,
131,
268,
167,
244,
200,
235,
279,
211,
119,
244,
229,
219,
507,
528,
206,
114,
246,
181,
79,
46,
215,
220,
115,
114,
350,
57,
308,
134,
43,
101,
332,
543,
566,
282,
153,
144,
373,
312,
166,
146,
209,
130,
522,
186,
140,
193,
182,
215,
177,
180,
172,
114,
152,
151,
144,
179,
146,
158,
56,
351,
35,
44,
97,
156,
194,
313,
180,
524,
149,
220,
193,
39,
71,
584,
502,
174,
169,
197,
417,
100,
193,
141,
155,
499,
186,
80,
143,
102,
123,
143,
126,
274,
39,
252,
255,
267,
264,
274,
274,
296,
210,
82,
197,
267,
154,
217,
204,
249,
516,
225,
183,
286,
229,
214,
82,
186,
43,
193,
193,
314,
163,
81,
185,
181,
190,
165,
177,
81,
278,
278,
172,
259,
273,
39,
503,
170,
186,
203,
201,
174,
164,
244,
78,
239,
46,
172,
220,
228,
74,
67,
519,
165,
514,
56,
38,
198,
230,
156,
56,
547,
584,
47,
195,
135,
53,
191,
240,
52,
270,
264,
239,
135,
192,
252,
50,
48,
201,
340,
576,
156,
219,
141,
36,
466,
181,
166,
210,
154,
618,
227,
123,
103,
112,
102,
594,
414,
617,
178,
71,
89,
600,
578,
66,
578,
187,
584,
155,
75,
32,
542,
195,
199,
35,
356,
233,
155,
314,
504,
40,
582,
136,
266,
160,
345,
298,
327,
171,
290,
210,
459,
156,
192,
179,
277,
179,
132,
187,
345,
587,
130,
540,
258,
254,
168,
138,
39,
184,
289,
318,
303,
605,
167,
206,
397,
296,
114,
289,
316,
188,
103,
284,
100,
581,
276,
619,
274,
100,
290,
173,
306,
160,
358,
177,
354,
283,
326,
231,
256,
309,
88,
300,
105,
542,
167,
83,
208,
351,
286,
544,
201,
82,
310,
278,
50,
164,
165,
159,
652,
182,
498,
348,
293,
278,
176,
200,
41,
165,
153,
133,
81,
191,
262,
170,
79,
86,
267,
288,
161,
114,
193,
75,
164,
132,
222,
169,
258,
263,
125,
295,
235,
142,
193,
398,
267,
213,
256,
109,
252,
223,
255,
222,
282,
126,
141,
236,
208,
53,
330,
267,
150,
250,
146,
179,
211,
106,
280,
374,
386,
198,
203,
41,
274,
297,
234,
225,
244,
177,
270,
383,
239,
45,
259,
93,
252,
263,
195,
221,
255,
91,
227,
261,
169,
194,
464,
256,
195,
227,
286,
43,
41,
157,
136,
80,
173,
230,
227,
200,
242,
177,
228,
217,
236,
252,
232,
213,
261,
204,
192,
210,
260,
208,
182,
193,
129,
218,
273,
209,
214,
189,
172,
184,
278,
176,
249,
214,
126,
123,
187,
168,
109,
194,
214,
192,
48,
226,
210,
94,
117,
203,
219,
241,
200,
151,
123,
201,
263,
186,
248,
156,
175,
148,
322,
145,
212,
162,
186,
153,
230,
380,
130,
176,
440,
180,
219,
199,
197,
201,
185,
224,
277,
149,
129,
172,
133,
164,
171,
150,
43,
167,
158,
250,
217,
138,
189,
164,
151,
262,
141,
547,
141,
547,
637,
160,
623,
184,
580,
135,
394,
398,
216,
353,
330,
309,
635,
326,
237,
247,
426,
313,
309,
259,
43,
314,
82,
422,
329,
226,
134,
319,
62,
231,
619,
195,
200,
602,
46,
560,
613,
42,
443,
189,
105,
76,
657,
594,
213,
145,
75,
133,
79,
249,
289,
166,
66,
133,
209,
243,
42,
120,
200,
128,
179,
121,
177,
305,
132,
248,
139,
195,
244,
176,
223,
108,
106,
660,
42,
196,
182,
122,
161,
168,
106,
251,
123,
683,
130,
251,
150,
329,
106,
607,
216,
102,
43,
164,
111,
101,
387,
128,
139,
243,
87,
225,
710,
170,
97,
255,
187,
376,
141,
168,
96,
608,
148,
341,
239,
92,
210,
108,
156,
114,
149,
643,
600,
231,
143,
293,
258,
249,
73,
598,
374,
70,
334,
626,
86,
680,
215,
151,
203,
207,
432,
612,
59,
258,
38,
199,
218,
58,
223,
328,
715,
227,
605,
161,
708,
209,
202,
258,
594,
368,
222,
448,
290,
220,
405,
271,
267,
288,
300,
595,
198,
237,
185,
236,
295,
243,
201,
730,
235,
258,
159,
203,
281,
228,
190,
237,
39,
163,
179,
207,
195,
676,
270,
205,
218,
299,
310,
206,
106,
321,
165,
480,
190,
261,
160,
91,
169,
277,
120,
103,
125,
127,
286,
312,
40,
195,
275,
250,
200,
245,
209,
512,
234,
129,
100,
247,
301,
475,
214,
43,
305,
100,
254,
39,
214,
208,
258,
128,
43,
218,
472,
210,
169,
180,
582,
42,
265,
147,
285,
264,
39,
248,
166,
157,
249,
270,
226,
194,
265,
352,
235,
255,
175,
230,
152,
212,
293,
219,
187,
457,
233,
270,
298,
400,
210,
195,
278,
230,
182,
45,
75,
172,
216,
435,
38,
201,
185,
162,
302,
249,
297,
371,
146,
194,
167,
223,
451,
317,
171,
278,
189,
247,
40,
188,
199,
137,
144,
295,
393,
192,
130,
210,
138,
197,
308,
265,
173,
227,
236,
299,
201,
233,
254,
392,
324,
409,
130,
518,
181,
49,
157,
47,
252,
442,
286,
233,
267,
291,
256,
265,
230,
245,
262,
199,
255,
229,
202,
178,
675,
285,
186,
39,
174,
139,
168,
163,
94,
130,
237,
794,
166,
139,
235,
191,
105,
93,
793,
226,
157,
681,
219,
169,
302,
164,
183,
728,
741,
363,
41,
231,
255,
705,
215,
75,
689,
346,
249,
188,
218,
633,
185,
277,
178,
173,
337,
315,
717,
261,
40,
727,
295,
317,
323,
745,
222,
396,
163,
183,
294,
270,
385,
279,
500,
212,
313,
164,
119,
177,
277,
36,
310,
784,
506,
266,
250,
179,
264,
298,
249,
218,
162,
735,
234,
149,
198,
119,
133,
185,
223,
185,
195,
278,
242,
730,
71,
91,
254,
488,
713,
182,
229,
74,
63,
209,
112,
709,
626,
698,
630,
735,
162,
351,
137,
205,
77,
19,
193,
130,
769,
168,
112,
178,
782,
165,
94,
108,
145,
669,
110,
778,
135,
127,
649,
244,
219,
403,
127,
173,
314,
224,
541,
176,
665,
208,
77,
214,
195,
179,
213,
64,
253,
182,
222,
335,
208,
213,
276,
358,
192,
299,
761,
218,
115,
135,
373,
111,
764,
748,
253,
114,
210,
110,
263,
79,
155,
181,
267,
104,
172,
41,
103,
411,
259,
38,
259,
219,
327,
102,
239,
201,
101,
389,
249,
307,
96,
401,
298,
273,
193,
336,
70,
96,
214,
554,
236,
288,
96,
340,
95,
206,
86,
338,
83,
266,
264,
87,
359,
83,
235,
281,
81,
356,
190,
39,
320,
57,
363,
299,
300,
446,
42,
294,
339,
287,
176,
481,
281,
281,
222,
39,
507,
355,
343,
258,
317,
160,
433,
281,
292,
192,
235,
246,
222,
271,
236,
233,
154,
279,
314,
372,
298,
235,
249,
278,
153,
240,
168,
44,
250,
322,
360,
326,
267,
364,
86,
440,
295,
219,
257,
237,
200,
238,
227,
216,
184,
103,
180,
247,
337,
175,
677,
242,
259,
224,
256,
213,
368,
322,
40,
189,
291,
317,
211,
325,
244,
215,
228,
227,
196,
279,
265,
135,
116,
368,
218,
245,
175,
167,
203,
701,
809,
239,
238,
146,
101,
177,
198,
176,
153,
272,
268,
212,
151,
187,
294,
230,
172,
197,
321,
179,
397,
266,
186,
214,
220,
223,
292,
283,
361,
225,
272,
224,
135,
222,
219,
811,
183,
184,
360,
281,
850,
305,
216,
222,
769,
207,
297,
172,
197,
191,
809,
180,
420,
173,
189,
136,
167,
208,
764,
161,
188,
214,
293,
335,
271,
206,
718,
236,
41,
144,
247,
228,
344,
209,
179,
847,
113,
177,
210,
215,
309,
280,
293,
178,
196,
185,
787,
191,
195,
270,
194,
207,
261,
263,
205,
187,
312,
211,
185,
168,
183,
270,
128,
780,
200,
211,
247,
138,
279,
41,
238,
181,
150,
225,
143,
600,
95,
173,
162,
93,
506,
178,
785,
242,
77,
82,
161,
798,
198,
306,
784,
585,
177,
719,
343,
333,
302,
783,
37,
104,
152,
479,
192,
447,
285,
117,
658,
784,
374,
163,
370,
160,
694,
292,
641,
255,
348,
370,
770,
220,
211,
238,
367,
568,
375,
196,
167,
310,
43,
107,
771,
90,
292,
191,
655,
353,
202,
71,
235,
804,
317,
254,
142,
48,
275,
249,
706,
619,
261,
48,
809,
316,
336,
729,
314,
311,
309,
263,
806,
69,
152,
288,
153,
308,
283,
66,
446,
288,
132,
261,
309,
130,
266,
239,
255,
233,
327,
262,
211,
251,
260,
184,
108,
113,
466,
247,
769,
256,
251,
42,
40,
241,
244,
790,
239,
214,
40,
226,
787,
399,
193,
407,
267,
177,
177,
280,
230,
164,
232,
349,
175,
285,
157,
180,
123,
184,
363,
83,
310,
351,
216,
218,
140,
67,
115,
170,
329,
111,
280,
312,
568,
141,
108,
203,
120,
193,
422,
145,
284,
301,
210,
170,
199,
169,
300,
197,
78,
203,
174,
241,
38,
122,
242,
117,
39,
166,
273,
170,
189,
162,
230,
319,
375,
151,
219,
395,
162,
398,
162,
161,
274,
235,
256,
152,
358,
297,
251,
280,
229,
160,
151,
43,
266,
211,
165,
147,
179,
197,
150,
774,
826,
283,
242,
218,
340,
171,
331,
175,
144,
273,
255,
794,
200,
275,
171,
263,
153,
285,
258,
225,
214,
211,
225,
219,
164,
817,
316,
153,
258,
777,
151,
130,
131,
829,
238,
853,
168,
209,
238,
868,
340,
236,
240,
845,
353,
876,
176,
201,
347,
330,
164,
123,
789,
222,
335,
39,
40,
111,
881,
199,
243,
800,
331,
108,
251,
593,
843,
194,
233,
160,
302,
148,
744,
103,
631,
858,
233,
396,
228,
319,
688,
239,
310,
44,
291,
224,
312,
270,
204,
217,
339,
319,
300,
314,
264,
249,
204,
278,
173,
307,
290,
141,
311,
341,
328,
133,
119,
51,
357,
220,
201,
146,
111,
253,
307,
47,
146,
193,
108,
69,
270,
793,
247,
126,
146,
257,
181,
249,
194,
237,
258,
857,
769,
244,
279,
266,
765,
197,
765,
195,
255,
163,
733,
297,
223,
42,
800,
211,
203,
256,
165,
223,
231,
795,
245,
819,
197,
183,
195,
782,
45,
209,
164,
170,
42,
509,
174,
253,
772,
206,
325,
206,
179,
102,
127,
880,
326,
168,
259,
157,
766,
121,
82,
366,
211,
588,
192,
42,
164,
250,
339,
547,
903,
200,
210,
53,
134,
114,
290,
349,
246,
237,
295,
160,
70,
176,
285,
141,
220,
327,
271,
218,
294,
291,
879,
325,
771,
37,
156,
287,
271,
155,
291,
368,
222,
855,
267,
546,
298,
287,
272,
151,
530,
260,
190,
143,
844,
264,
247,
292,
187,
192,
221,
349,
298,
177,
159,
197,
205,
231,
207,
45,
220,
126,
147,
173,
717,
217,
170,
197,
467,
147,
180,
263,
222,
43,
220,
205,
594,
194,
355,
284,
152,
147,
258,
144,
137,
256,
155,
174,
197,
144,
333,
416,
457,
143,
119,
288,
422,
255,
113,
362,
156,
132,
99,
356,
186,
217,
90,
146,
239,
124,
74,
262,
41,
236,
267,
297,
269,
187,
208,
221,
201,
288,
159,
166,
221,
79,
119,
43,
162,
122,
160,
158,
154,
69,
309,
153,
141,
125,
337,
163,
250,
271,
124,
111,
110,
324,
181,
88,
310,
46,
167,
281,
169,
270,
138,
149,
97,
101,
277,
129,
89,
70,
264,
75,
812,
233,
236,
303,
417,
51,
42,
185,
282,
117,
40,
79,
830,
272,
163,
45,
152,
268,
231,
341,
161,
120,
272,
310,
484,
840,
291,
149,
255,
278,
179,
148,
147,
814,
224,
287,
146,
274,
267,
188,
141,
310,
882,
196,
137,
729,
304,
207,
665,
179,
865,
143,
792,
800,
925,
42,
140,
358,
910,
163,
141,
128,
273,
137,
90,
774,
132,
81,
886,
287,
303,
268,
884,
278,
362,
129,
174,
355,
201,
310,
128,
294,
230,
362,
219,
187,
245,
827,
145,
463,
880,
128,
514,
223,
202,
159,
509,
128,
501,
460,
851,
184,
400,
655,
192,
94,
821,
184,
147,
169,
192,
949,
293,
306,
158,
64,
104,
185,
148,
289,
551,
347,
544,
173,
252,
38,
118,
345,
570,
111,
159,
292,
200,
325,
132,
39,
140,
244,
316,
844,
40,
212,
137,
152,
174,
626,
278,
147,
229,
156,
164,
313,
281,
274,
564,
917,
304,
199,
43,
132,
845,
397,
149,
579,
200,
301,
128,
393,
126,
39,
800,
281,
141,
153,
51,
361,
127,
236,
242,
559,
131,
40,
130,
896,
123,
92,
110,
349,
231,
196,
106,
871,
156,
118,
409,
158,
419,
87,
316,
212,
853,
253,
102,
531,
208,
285,
161,
204,
790,
231,
507,
273,
455,
364,
275,
185,
233,
186,
274,
327,
361,
429,
305,
269,
211,
389,
347,
233,
372,
351,
385,
394,
261,
302,
49,
334,
290,
352,
192,
137,
44,
298,
273,
289,
166,
272,
274,
345,
189,
243,
284,
281,
183,
97,
273,
327,
271,
99,
212,
118,
240,
127,
199,
45,
262,
304,
113,
231,
36,
350,
526,
442,
118,
112,
251,
299,
195,
247,
107,
351,
185,
164,
144,
338,
255,
125,
283,
525,
361,
243,
179,
193,
281,
256,
273,
761,
162,
393,
418,
187,
167,
161,
315,
355,
133,
285,
148,
284,
92,
192,
262,
98,
128,
164,
291,
150,
80,
206,
372,
364,
296,
335,
282,
133,
262,
232,
287,
300,
291,
278,
277,
273,
43,
407,
376,
275,
76,
209,
382,
194,
271,
875,
336,
304,
269,
135,
399,
823,
149,
393,
109,
314,
97,
45,
146,
318,
77,
257,
88,
851,
908,
46,
405,
503,
929,
299,
249,
961,
465,
181,
312,
232,
580,
40,
167,
319,
556,
440,
259,
300,
352,
423,
286,
124,
299,
154,
431,
320,
367,
295,
151,
354,
138,
915,
282,
919,
285,
267,
260,
143,
136,
262,
149,
337,
38,
373,
513,
259,
242,
114,
210,
148,
103,
148,
312,
285,
919,
242,
287,
137,
40,
205,
223,
927,
367,
182,
303,
302,
192,
232,
115,
144,
674,
886,
198,
118,
240,
163,
258,
192,
42,
144,
874,
40,
1005,
277,
189,
143,
237,
116,
179,
159,
407,
218,
892,
204,
143,
361,
138,
985,
145,
853,
198,
285,
680,
111,
144,
128,
994,
842,
251,
169,
242,
225,
132,
222,
188,
828,
201,
36,
157,
475,
155,
46,
355,
889,
173,
350,
238,
137,
131,
41,
399,
132,
24,
359,
133,
173,
208,
912,
275,
809,
147,
22,
130,
219,
140,
315,
235,
220,
371,
173,
172,
252,
212,
165,
316,
129,
202,
341,
279,
128,
196,
141,
847,
682,
127,
40,
368,
403,
425,
651,
391,
119,
37,
388,
289,
287,
226,
257,
73,
346,
192,
330,
189,
354,
262,
942,
851,
58,
297,
39,
259,
280,
282,
363,
136,
1026,
58,
413,
329,
568,
333,
292,
280,
271,
953,
218,
261,
180,
567,
305,
443,
923,
332,
314,
283,
649,
324,
214,
1002,
320,
955,
132,
362,
297,
226,
192,
336,
167,
266,
355,
305,
266,
243,
627,
189,
284,
332,
258,
222,
332,
150,
274,
134,
688,
233,
248,
271,
255,
241,
215,
276,
227,
232,
372,
43,
212,
212,
299,
261,
345,
333,
225,
306,
448,
232,
295,
235,
221,
210,
249,
244,
440,
284,
379,
213,
398,
319,
445,
423,
201,
455,
280,
277,
196,
206,
362,
325,
236,
203,
234,
213,
212,
239,
230,
344,
224,
185,
129,
364,
137,
320,
165,
224,
195,
177,
192,
268,
109,
207,
182,
303,
181,
155,
126,
173,
117,
160,
114,
187,
141,
169,
127,
454,
280,
42,
452,
96,
137,
288,
385,
170,
120,
405,
286,
220,
291,
182,
211,
398,
137,
280,
444,
156,
114,
125,
286,
166,
321,
269,
419,
200,
453,
46,
182,
284,
140,
206,
271,
209,
164,
311,
191,
271,
93,
290,
189,
154,
311,
283,
921,
269,
151,
255,
155,
43,
146,
1057,
151,
918,
241,
151,
968,
954,
233,
150,
150,
111,
253,
105,
209,
109,
129,
301,
165,
241,
202,
214,
94,
83,
106,
946,
158,
162,
112,
76,
321,
44,
941,
1051,
169,
292,
128,
75,
358,
902,
150,
345,
902,
354,
107,
193,
869,
160,
41,
72,
230,
847,
138,
129,
965,
954,
953,
119,
929,
325,
843,
929,
928,
233,
150,
131,
804,
121,
108,
95,
237,
121,
90,
154,
88,
930,
46,
274,
276,
164,
901,
369,
162,
760,
981,
425,
293,
327,
403,
376,
656,
286,
294,
393,
828,
321,
225,
286,
116,
217,
993,
163,
267,
383,
182,
868,
314,
42,
152,
1060,
188,
157,
222,
776,
344,
215,
192,
1020,
183,
172,
1104,
296,
196,
332,
45,
164,
43,
151,
259,
250,
291,
172,
154,
87,
282,
260,
135,
182,
229,
291,
201,
175,
170,
47,
609,
200,
148,
147,
164,
138,
173,
235,
396,
347,
865,
169,
149,
203,
312,
148,
108,
149,
360,
309,
125,
126,
147,
349,
175,
364,
343,
146,
121,
336,
500,
91,
334,
356,
143,
503,
225,
134,
143,
347,
212,
142,
273,
218,
151,
306,
120,
142,
112,
142,
850,
40,
150,
197,
258,
368,
673,
223,
181,
367,
268,
366,
544,
363,
192,
337,
261,
399,
201,
180,
294,
259,
587,
372,
156,
210,
219,
340,
137,
373,
327,
263,
324,
320,
195,
309,
306,
206,
245,
691,
532,
203,
196,
348,
127,
304,
383,
114,
276,
383,
321,
215,
279,
355,
275,
164,
192,
289,
303,
43,
331,
229,
267,
74,
464,
323,
301,
279,
438,
272,
338,
43,
332,
506,
272,
255,
285,
237,
38,
213,
288,
287,
315,
327,
271,
329,
201,
349,
302,
235,
610,
313,
350,
605,
271,
247,
599,
156,
276,
296,
232,
430,
61,
598,
268,
425,
310,
272,
449,
346,
287,
146,
328,
285,
445,
424,
307,
208,
262,
561,
286,
233,
286,
156,
279,
321,
181,
559,
132,
215,
43,
332,
186,
231,
300,
319,
38,
338,
242,
266,
259,
855,
223,
284,
231,
208,
237,
241,
233,
240,
576,
885,
433,
235,
177,
246,
1195,
64,
55,
192,
575,
903,
196,
151,
39,
119,
236,
1188,
217,
116,
1007,
282,
210,
182,
143,
164,
579,
144,
42,
106,
130,
1167,
181,
502,
1016,
180,
103,
129,
669,
494,
108,
40,
854,
1164,
95,
163,
960,
864,
1006,
335,
79,
269,
348,
237,
461,
496,
434,
460,
989,
228,
486,
453,
620,
292,
481,
57,
228,
82,
360,
1048,
181,
49,
153,
96,
41,
286,
796,
1178,
1137,
163,
193,
191,
145,
1124,
1147,
44,
236,
80,
134,
227,
116,
178,
39,
130,
990,
199,
209,
113,
1110,
353,
186,
249,
202,
169,
184,
118,
174,
234,
101,
154,
158,
137,
41,
149,
656,
144,
133,
158,
131,
1063,
180,
167,
175,
453,
154,
169,
150,
889,
147,
353,
329,
444,
186,
301,
147,
295,
723,
246,
285,
240,
46,
137,
125,
294,
39,
141,
155,
128,
252,
47,
267,
260,
188,
76,
230,
45,
222,
58,
69,
153,
74,
153,
168,
39,
140,
177,
653,
338,
387,
181,
177,
268,
696,
338,
1016,
44,
151,
176,
299,
351,
334,
585,
995,
328,
191,
291,
338,
390,
138,
562,
312,
281,
324,
236,
155,
249,
267,
290,
159,
275,
286,
271,
228,
282,
231,
276,
158,
230,
229,
265,
163,
211,
284,
233,
275,
272,
196,
262,
267,
375,
132,
381,
347,
326,
295,
351,
41,
337,
181,
1180,
44,
41,
115,
55,
291,
1175,
225,
312,
211,
203,
43,
210,
447,
260,
681,
46,
250,
996,
41,
419,
281,
998,
173,
397,
146,
959,
391,
944,
170,
187,
238,
347,
45,
144,
406,
214,
153,
957,
40,
347,
354,
297,
920,
224,
364,
333,
340,
345,
327,
147,
121,
129,
1023,
362,
104,
299,
101,
408,
281,
1022,
130,
340,
441,
1213,
300,
156,
191,
181,
433,
307,
1079,
39,
290,
177,
958,
316,
316,
300,
135,
420,
207,
588,
264,
1157,
203,
1253,
288,
195,
920,
459,
312,
547,
41,
144,
168,
398,
454,
193,
180,
819,
458,
115,
173,
185,
217,
168,
261,
137,
926,
143,
131,
455,
115,
477,
263,
140,
308,
109,
256,
365,
200,
143,
260,
195,
169,
241,
295,
1218,
155,
267,
141,
917,
122,
127,
255,
122,
137,
499,
265,
133,
199,
912,
252,
232,
130,
293,
1041,
41,
333,
1187,
255,
90,
424,
247,
266,
294,
1036,
252,
235,
96,
246,
263,
331,
327,
267,
357,
1140,
273,
231,
267,
253,
280,
266,
243,
230,
239,
241,
1196,
1088,
139,
232,
1132,
220,
113,
42,
214,
244,
232,
128,
241,
682,
265,
231,
115,
1159,
271,
215,
386,
160,
382,
192,
316,
138,
118,
83,
364,
136,
174,
110,
219,
212,
702,
364,
93,
149,
398,
340,
179,
205,
330,
173,
42,
204,
259,
148,
150,
290,
740,
245,
217,
93,
1190,
243,
227,
182,
251,
43,
100,
454,
226,
146,
403,
65,
560,
392,
414,
64,
362,
375,
75,
381,
245,
414,
316,
361,
283,
306,
166,
86,
288,
270,
268,
284,
280,
579,
258,
322,
584,
251,
254,
472,
454,
46,
74,
656,
125,
41,
508,
313,
458,
567,
456,
42,
186,
43,
586,
526,
396,
228,
303,
281,
47,
258,
357,
238,
1116,
1204,
866,
297,
267,
276,
191,
235,
235,
1079,
1052,
279,
165,
208,
177,
245,
212,
220,
217,
1041,
237,
298,
197,
204,
151,
212,
143,
114,
334,
134,
329,
557,
141,
45,
155,
127,
115,
165,
537,
121,
116,
67,
330,
112,
180,
329,
178,
104,
1126,
192,
175,
1159,
149,
194,
105,
44,
175,
895,
121,
1165,
326,
194,
104,
173,
240,
215,
177,
600,
161,
1195,
325,
136,
46,
643,
214,
210,
164,
243,
136,
141,
146,
200,
234,
135,
333,
1156,
118,
202,
91,
885,
105,
203,
172,
716,
124,
1120,
141,
221,
183,
330,
47,
981,
168,
182,
168,
483,
321,
365,
714,
300,
1109,
48,
251,
225,
220,
193,
740,
1107,
44,
136,
216,
213,
1174,
44,
1107,
189,
42,
205,
1135,
204,
944,
44,
1175,
921,
170,
417,
225,
385,
412,
170,
1128,
340,
196,
360,
333,
63,
246,
198,
1083,
340,
246,
206,
325,
220,
324,
46,
144,
310,
315,
1107,
1104,
236,
164,
204,
144,
432,
319,
1092,
382,
362,
329,
392,
789,
321,
48,
408,
198,
400,
257,
1064,
318,
211,
170,
461,
632,
175,
630,
373,
41,
451,
300,
314,
38,
895,
150,
313,
319,
365,
361,
39,
305,
539,
319,
290,
632,
603,
295,
305,
338,
630,
307,
628,
41,
314,
670,
326,
524,
320,
415,
467,
234,
296,
298,
283,
143,
412,
345,
284,
550,
252,
131,
190,
308,
237,
301,
142,
376,
253,
392,
312,
44,
47,
276,
295,
283,
284,
41,
302,
259,
291,
274,
158,
477,
285,
41,
234,
205,
285,
275,
287,
334,
326,
470,
191,
359,
264,
278,
277,
92,
116,
255,
215,
396,
296,
540,
188,
213,
394,
331,
293,
219,
370,
469,
398,
520,
521,
293,
190,
469,
161,
426,
278,
195,
38,
142,
260,
282,
516,
37,
180,
129,
608,
142,
194,
166,
135,
157,
345,
122,
169,
129,
202,
198,
179,
124,
41,
636,
130,
404,
106,
113,
357,
489,
813,
121,
338,
888,
120,
189,
106,
177,
490,
229,
151,
257,
817,
135,
197,
163,
115,
642,
284,
155,
87,
1164,
214,
142,
157,
212,
878,
322,
1124,
271,
217,
106,
148,
163,
271,
193,
91,
179,
199,
94,
76,
1227,
220,
144,
93,
178,
285,
1067,
188,
1042,
180,
306,
1053,
315,
72,
1067,
207,
50,
72,
1046,
285,
151,
47,
81,
249,
1096,
39,
1205,
181,
144,
265,
257,
127,
1316,
203,
134,
39,
1202,
230,
215,
101,
1096,
222,
320,
142,
105,
1027,
99,
216,
345,
1256,
1103,
228,
645,
201,
162,
198,
152,
819,
210,
691,
142,
138,
1188,
118,
36,
351,
149,
1089,
236,
1048,
1100,
316,
198,
158,
1068,
319,
258,
324,
157,
174,
128,
209,
518,
347,
513,
540,
531,
44,
175,
65,
369,
524,
269,
534,
775,
371,
537,
646,
307,
272,
505,
1046,
311,
295,
533,
494,
45,
445,
955,
248,
493,
266,
637,
174,
311,
513,
168,
43,
1095,
457,
143,
1134,
1112,
216,
38,
170,
1235,
146,
167,
1146,
1183,
164,
795,
668,
132,
608,
1193,
147,
142,
215,
137,
166,
142,
374,
123,
81,
178,
182,
159,
147,
319,
196,
159,
253,
278,
275,
286,
318,
220,
154,
125,
113,
229,
408,
984,
750,
157,
238,
1065,
153,
776,
143,
43,
757,
115,
254,
39,
143,
217,
134,
521,
174,
121,
217,
181,
491,
183,
274,
189,
180,
198,
200,
932,
451,
189,
99,
244,
176,
425,
92,
186,
207,
137,
220,
291,
396,
184,
132,
158,
204,
357,
145,
144,
118,
114,
172,
164,
151,
52,
106,
246,
164,
104,
221,
40,
241,
632,
267,
826,
138,
303,
74,
822,
628,
820,
832,
241,
1157,
828,
320,
200,
314,
819,
144,
280,
198,
222,
265,
823,
39,
819,
817,
228,
304,
815,
302,
147,
139,
396,
804,
196,
157,
173,
243,
675,
148,
178,
818,
979,
328,
173,
117,
108,
614,
83,
243,
184,
46,
267,
147,
287,
284,
316,
273,
485,
220,
20,
198,
137,
189,
64,
273,
325,
21,
186,
136,
59,
308,
188,
221,
233,
45,
134,
1246,
449,
56,
217,
193,
161,
218,
44,
229,
1070,
315,
296,
43,
896,
319,
1263,
307,
339,
120,
242,
202,
262,
223,
166,
504,
190,
208,
140,
211,
451,
500,
1006,
41,
215,
47,
44,
148,
1132,
175,
43,
128,
201,
463,
493,
123,
234,
155,
503,
1130,
152,
395,
79,
906,
182,
331,
1117,
203,
754,
75,
321,
487,
154,
496,
1360,
329,
715,
161,
160,
1254,
209,
329,
45,
215,
78,
715,
526,
1112,
1200,
714,
39,
520,
156,
46,
160,
327,
1110,
44,
81,
1105,
128,
1111,
43,
260,
1219,
325,
566,
158,
264,
675,
330,
1087,
344,
117,
1376,
920,
36,
213,
345,
174,
1376,
1083,
164,
227,
1071,
155,
36,
161,
994,
199,
353,
178,
199,
385,
72,
95,
262,
47,
122,
159,
382,
122,
188,
80,
140,
65,
305,
193,
335,
400,
601,
346,
319,
719,
207,
1313,
353,
121,
330,
189,
44,
704,
467,
751,
180,
155,
768,
83,
180,
1093,
120,
282,
211,
37,
265,
244,
209,
227,
147,
490,
183,
43,
195,
463,
167,
40,
207,
357,
410,
176,
109,
280,
291,
41,
287,
545,
186,
248,
1146,
47,
210,
301,
186,
325,
287,
225,
303,
167,
227,
322,
647,
154,
178,
142,
280,
208,
289,
127,
272,
283,
188,
1187,
121,
327,
117,
114,
220,
106,
269,
269,
110,
559,
334,
255,
42,
1097,
114,
353,
212,
202,
429,
42,
460,
241,
46,
215,
308,
376,
196,
290,
112,
206,
111,
147,
71,
175,
191,
179,
280,
61,
92,
200,
1204,
41,
1095,
332,
55,
1135,
102,
178,
288,
198,
162,
93,
1362,
39,
55,
1060,
197,
1320,
196,
1149,
104,
137,
193,
232,
252,
570,
149,
1213,
170,
197,
201,
191,
210,
292,
161,
572,
1213,
591,
324,
435,
321,
570,
601,
253,
40,
291,
326,
558,
646,
554,
223,
343,
278,
192,
1205,
254,
583,
1177,
551,
166,
232,
179,
295,
1229,
531,
1201,
193,
192,
210,
540,
602,
526,
1329,
194,
1333,
550,
536,
563,
1322,
253,
528,
508,
572,
61,
565,
599,
1056,
47,
558,
1190,
647,
843,
1049,
550,
844,
243,
540,
84,
226,
1367,
204,
515,
225,
514,
221,
1182,
497,
842,
757,
166,
837,
1376,
520,
472,
851,
457,
138,
849,
740,
554,
211,
1196,
835,
501,
39,
600,
830,
861,
559,
847,
45,
835,
166,
561,
499,
282,
1052,
214,
843,
539,
369,
740,
832,
508,
148,
40,
190,
674,
677,
495,
144,
47,
832,
290,
596,
394,
829,
458,
552,
286,
466,
477,
551,
41,
54,
143,
74,
458,
171,
466,
519,
459,
521,
665,
833,
450,
570,
170,
438,
832,
484,
45,
680,
482,
156,
498,
502,
536,
39,
362,
519,
229,
562,
696,
471,
467,
107,
493,
476,
486,
489,
438,
200,
39,
501,
142,
483,
481,
166,
475,
173,
174,
474,
267,
485,
134,
474,
462,
250,
149,
114,
244,
116,
457,
468,
327,
125,
465,
93,
239,
181,
41,
461,
119,
323,
395,
321,
461,
296,
1050,
171,
246,
42,
278,
52,
1242,
43,
295,
256,
43,
241,
343,
107,
279,
230,
341,
208,
1252,
201,
287,
40,
1242,
198,
90,
497,
129,
407,
110,
104,
345,
306,
1072,
677,
227,
102,
101,
176,
395,
197,
161,
771,
1154,
673,
120,
281,
786,
1064,
222,
1262,
942,
221,
233,
170,
213,
879,
217,
44,
168,
243,
875,
174,
1270,
159,
203,
870,
174,
101,
1069,
148,
1267,
239,
535,
207,
162,
183,
147,
1268,
179,
37,
153,
120,
126,
1116,
37,
1045,
904,
78,
22,
155,
107,
52,
97,
1171,
195,
126,
82,
1292,
76,
249,
135,
119,
191,
287,
983,
317,
1134,
74,
449,
43,
70,
124,
1282,
36,
492,
426,
41,
175,
1289,
644,
1160,
193,
157,
401,
1307,
314,
387,
443,
1101,
376,
1299,
1029,
442,
362,
417,
179,
375,
497,
387,
189,
514,
1177,
274,
555,
175,
38,
1189,
548,
551,
1145,
176,
67,
224,
175,
755,
280,
169,
168,
167,
1164,
163,
409,
250,
243,
43,
1119,
405,
188,
40,
146,
1179,
249,
145,
656,
775,
567,
182,
41,
1139,
663,
186,
165,
370,
248,
224,
176,
1167,
159,
247,
271,
182,
239,
167,
515,
46,
45,
52,
283,
172,
461,
435,
642,
202,
392,
389,
42,
614,
638,
610,
370,
589,
312,
577,
310,
616,
629,
43,
588,
581,
386,
312,
571,
626,
528,
599,
1200,
552,
40,
572,
296,
47,
546,
589,
255,
579,
424,
561,
1218,
435,
589,
547,
578,
169,
587,
312,
545,
174,
417,
555,
42,
151,
92,
288,
552,
40,
466,
491,
516,
174,
533,
419,
38,
1202,
88,
277,
1176,
384,
148,
213,
103,
145,
496,
378,
164,
399,
168,
528,
1149,
1166,
166,
552,
156,
575,
68,
456,
119,
541,
114,
275,
43,
1376,
105,
524,
140,
163,
205,
448,
225,
508,
204,
214,
535,
105,
244,
271,
120,
539,
146,
517,
517,
438,
453,
94,
406,
346,
397,
428,
518,
446,
516,
176,
427,
571,
461,
460,
405,
394,
41,
354,
479,
340,
221,
167,
512,
327,
40,
319,
95,
157,
1386,
1124,
301,
547,
292,
528,
524,
166,
41,
495,
1127,
527,
527,
478,
497,
505,
289,
487,
116,
293,
481,
478,
1121,
474,
305,
484,
437,
532,
301,
368,
1199,
41,
470,
913,
450,
440,
528,
237,
1273,
653,
207,
1410,
577,
43,
177,
378,
485,
313,
1417,
495,
717,
245,
123,
1026,
273,
209,
1283,
251,
202,
174,
403,
1297,
45,
267,
194,
217,
784,
215,
1070,
41,
363,
293,
254,
943,
248,
245,
1169,
39,
207,
217,
715,
784,
868,
229,
231,
289,
211,
1260,
193,
272,
1140,
164,
219,
668,
41,
157,
209,
199,
1140,
174,
660,
194,
170,
164,
1161,
386,
553,
186,
494,
153,
254,
127,
125,
680,
1435,
101,
117,
1432,
286,
197,
647,
106,
150,
143,
1265,
369,
561,
123,
77,
491,
1336,
143,
191,
188,
122,
168,
108,
557,
144,
1320,
208,
176,
268,
536,
314,
811,
40,
50,
394,
196,
346,
529,
168,
486,
537,
165,
120,
42,
163,
952,
87,
375,
428,
110,
327,
370,
396,
259,
275,
502,
164,
184,
544,
413,
247,
38,
551,
388,
147,
107,
494,
360,
487,
505,
300,
357,
309,
39,
156,
300,
391,
423,
326,
267,
37,
382,
118,
424,
345,
124,
293,
534,
442,
172,
530,
297,
323,
394,
281,
473,
361,
342,
203,
551,
202,
413,
243,
450,
537,
226,
497,
330,
263,
1149,
737,
474,
1172,
37,
413,
422,
383,
437,
329,
404,
215,
272,
595,
287,
285,
535,
242,
256,
323,
249,
263,
214,
138,
916,
279,
246,
351,
235,
321,
267,
203,
58,
400,
321,
133,
349,
197,
43,
479,
180,
339,
42,
455,
1033,
209,
261,
833,
1088,
1092,
249,
637,
208,
41,
315,
1005,
766,
44,
248,
636,
228,
642,
319,
197,
41,
85,
274,
638,
345,
49,
204,
977,
287,
39,
175,
168,
323,
976,
40,
146,
1380,
216,
862,
41,
115,
1212,
1233,
1211,
219,
872,
106,
1207,
453,
1042,
565,
219,
214,
295,
559,
122,
501,
624,
173,
548,
523,
552,
879,
1019,
345,
549,
458,
538,
218,
658,
691,
947,
531,
170,
140,
296,
142,
515,
1094,
459,
216,
491,
656,
130,
453,
455,
957,
209,
118,
555,
288,
106,
1378,
657,
480,
286,
165,
173,
945,
581,
475,
209,
1026,
123,
211,
42,
285,
440,
185,
558,
438,
293,
710,
671,
674,
669,
944,
375,
634,
485,
160,
170,
667,
815,
662,
133,
233,
1273,
527,
194,
667,
152,
47,
1395,
491,
173,
778,
438,
115,
111,
618,
1274,
106,
45,
1153,
626,
95,
446,
470,
96,
394,
435,
171,
158,
157,
413,
601,
1261,
667,
660,
147,
469,
658,
666,
508,
485,
673,
1189,
1258,
429,
439,
651,
530,
46,
648,
376,
1240,
444,
514,
362,
413,
577,
205,
470,
520,
228,
583,
454,
480,
416,
106,
371,
683,
285,
62,
594,
41,
641,
123,
559,
606,
86,
117,
554,
398,
429,
607,
585,
580,
48,
469,
398,
42,
529,
604,
526,
218,
47,
634,
416,
184,
535,
199,
221,
149,
218,
589,
178,
43,
223,
521,
576,
515,
42,
163,
195,
201,
514,
257,
629,
164,
242,
208,
193,
487,
183,
145,
206,
521,
151,
148,
505,
196,
183,
45,
415,
259,
225,
154,
521,
121,
132,
172,
343,
308,
181,
355,
229,
150,
187,
137,
44,
151,
297,
263,
123,
493,
405,
221,
100,
116,
178,
179,
58,
267,
213,
120,
1139,
222,
287,
180,
100,
210,
143,
321,
107,
81,
960,
139,
39,
328,
87,
314,
397,
1000,
260,
134,
109,
239,
965,
570,
192,
252,
140,
1003,
412,
43,
250,
115,
653,
125,
477,
418,
722,
447,
906,
939,
535,
124,
225,
329,
251,
401,
699,
267,
368,
281,
398,
377,
40,
428,
337,
1295,
289,
415,
369,
1073,
885,
499,
42,
167,
1327,
345,
147,
429,
520,
42,
1071,
916,
74,
41,
412,
40,
1352,
371,
551,
289,
1194,
306,
46,
120,
1177,
44,
344,
336,
42,
75,
536,
1331,
104,
221,
543,
531,
1168,
378,
527,
536,
441,
509,
370,
248,
554,
575,
1317,
598,
82,
352,
568,
1185,
513,
1182,
696,
492,
585,
275,
724,
306,
430,
245,
345,
894,
816,
434,
443,
246,
507,
332,
21,
47,
571,
183,
533,
437,
343,
461,
60,
603,
400,
385,
302,
272,
358,
415,
194,
415,
621,
412,
391,
536,
1060,
231,
1088,
374,
608,
1376,
180,
308,
39,
386,
218,
468,
555,
232,
179,
41,
1352,
524,
268,
1335,
218,
245,
160,
589,
417,
41,
118,
135,
247,
1368,
43,
1218,
404,
508,
183,
451,
195,
294,
914,
524,
549,
197,
1363,
340,
659,
137,
221,
195,
299,
383,
381,
172,
321,
492,
333,
396,
479,
132,
276,
162,
172,
634,
197,
179,
171,
114,
371,
314,
150,
491,
319,
393,
553,
623,
110,
118,
168,
579,
399,
383,
286,
245,
639,
625,
120,
300,
390,
165,
154,
39,
622,
282,
296,
410,
349,
583,
185,
444,
40,
108,
37,
616,
164,
259,
473,
440,
227,
163,
551,
217,
625,
445,
427,
282,
382,
530,
216,
572,
553,
546,
155,
332,
41,
89,
355,
432,
578,
548,
420,
186,
564,
519,
158,
105,
547,
760,
630,
568,
48,
367,
106,
110,
436,
95,
501,
578,
43,
101,
466,
41,
347,
472,
248,
461,
380,
370,
453,
1056,
282,
171,
630,
458,
331,
44,
41,
517,
650,
301,
241,
259,
332,
631,
399,
215,
448,
472,
206,
256,
261,
672,
252,
447,
460,
328,
194,
241,
269,
453,
184,
280,
423,
126,
1008,
194,
46,
232,
419,
188,
405,
181,
656,
45,
186,
458,
390,
251,
150,
415,
589,
146,
38,
1080,
214,
152,
684,
604,
147,
185,
260,
171,
244,
229,
241,
372,
1292,
482,
425,
128,
179,
814,
223,
657,
41,
523,
215,
428,
580,
675,
436,
1441,
44,
394,
544,
583,
556,
591,
190,
565,
1452,
354,
162,
494,
389,
303,
543,
542,
620,
247,
859,
569,
510,
38,
365,
389,
389,
484,
301,
806,
38,
380,
457,
225,
297,
1098,
735,
596,
729,
252,
535,
630,
660,
560,
40,
624,
521,
205,
355,
220,
570,
508,
871,
354,
534,
244,
291,
392,
159,
356,
41,
324,
494,
542,
431,
357,
490,
358,
1139,
101,
438,
468,
273,
1102,
283,
543,
493,
300,
319,
958,
434,
48,
485,
366,
194,
54,
192,
556,
571,
405,
159,
960,
341,
253,
1113,
1020,
93,
865,
968,
288,
381,
328,
135,
1111,
374,
331,
311,
1117,
39,
87,
259,
407,
249,
1102,
310,
83,
234,
1108,
251,
410,
424,
258,
202,
233,
40,
822,
938,
553,
358,
216,
694,
739,
965,
141,
730,
320,
44,
556,
345,
234,
689,
531,
739,
385,
731,
327,
663,
313,
338,
730,
333,
649,
402,
129,
362,
717,
700,
142,
46,
193,
729,
699,
693,
727,
44,
337,
714,
41,
315,
554,
333,
179,
553,
270,
867,
579,
193,
74,
313,
571,
549,
207,
100,
202,
361,
562,
555,
377,
374,
362,
280,
185,
348,
357,
372,
295,
392,
600,
358,
361,
355,
338,
350,
310,
263,
41,
148,
354,
152,
286,
231,
354,
338,
182,
343,
276,
273,
189,
296,
195,
198,
302,
293,
55,
332,
221,
167,
176,
382,
114,
217,
360,
165,
207,
175,
99,
255,
124,
273,
128,
86,
132,
152,
175,
580,
145,
155,
112,
329,
168,
296,
344,
165,
265,
465,
284,
330,
1019,
670,
381,
284,
40,
95,
356,
135,
162,
584,
848,
201,
168,
258,
252,
161,
315,
602,
40,
749,
39,
507,
171,
231,
283,
158,
898,
605,
133,
155,
154,
43,
243,
698,
534,
233,
194,
235,
244,
268,
136,
147,
266,
200,
259,
1046,
261,
184,
177,
314,
183,
143,
143,
1215,
248,
214,
273,
1073,
576,
185,
289,
155,
155,
154,
148,
197,
169,
147,
174,
136,
1091,
1070,
147,
152,
511,
411,
464,
146,
374,
127,
216,
1119,
169,
121,
647,
1133,
537,
1079,
546,
1094,
613,
222,
139,
357,
39,
43,
709,
870,
559,
329,
146,
40,
633,
639,
569,
750,
698,
283,
646,
369,
697,
1095,
41,
238,
291,
1235,
618,
684,
144,
305,
615,
349,
97,
477,
38,
94,
477,
432,
523,
579,
633,
244,
266,
610,
1249,
707,
307,
577,
594,
169,
132,
644,
603,
386,
43,
553,
147,
175,
291,
573,
594,
159,
1097,
814,
187,
508,
539,
397,
593,
806,
551,
484,
214,
551,
247,
475,
438,
47,
459,
339,
1064,
455,
252,
511,
458,
643,
38,
267,
547,
247,
882,
384,
599,
454,
989,
247,
496,
510,
1191,
308,
470,
514,
536,
516,
1106,
338,
499,
581,
580,
456,
140,
438,
216,
553,
938,
220,
516,
487,
218,
39,
414,
218,
591,
375,
1106,
357,
524,
533,
42,
494,
407,
898,
309,
533,
477,
527,
518,
340,
485,
397,
325,
283,
203,
489,
651,
301,
729,
487,
573,
35,
247,
264,
500,
552,
858,
385,
343,
510,
473,
471,
361,
336,
38,
507,
435,
582,
488,
250,
399,
227,
468,
280,
476,
459,
491,
473,
470,
225,
466,
391,
410,
455,
42,
313,
329,
620,
454,
112,
418,
40,
309,
374,
482,
448,
321,
469,
467,
565,
313,
496,
320,
308,
386,
457,
204,
375,
314,
314,
389,
517,
309,
201,
306,
243,
323,
382,
135,
296,
303,
150,
352,
313,
289,
191,
151,
123,
296,
163,
156,
303,
309,
293,
268,
227,
294,
148,
299,
279,
305,
273,
400,
95,
290,
297,
124,
384,
41,
230,
399,
239,
289,
88,
170,
84,
293,
351,
285,
137,
406,
251,
364,
280,
239,
473,
301,
289,
347,
332,
285,
328,
280,
327,
86,
232,
81,
275,
41,
354,
282,
251,
299,
476,
293,
281,
256,
517,
324,
173,
1132,
328,
378,
296,
325,
165,
202,
1141,
43,
323,
320,
42,
45,
297,
1158,
316,
193,
307,
209,
268,
524,
231,
1156,
364,
292,
495,
287,
1146,
297,
49,
122,
44,
204,
363,
164,
110,
43,
353,
404,
272,
984,
237,
43,
518,
81,
372,
42,
257,
435,
740,
184,
1172,
73,
418,
41,
78,
108,
179,
470,
215,
82,
205,
1151,
176,
90,
342,
179,
161,
158,
194,
166,
600,
639,
211,
1072,
273,
298,
385,
201,
127,
250,
149,
536,
1068,
188,
1165,
145,
200,
887,
579,
407,
98,
147,
922,
346,
124,
437,
294,
146,
200,
865,
453,
486,
425,
484,
541,
48,
326,
263,
305,
74,
272,
386,
480,
250,
300,
250,
282,
205,
466,
218,
762,
1011,
142,
486,
235,
263,
118,
200,
491,
226,
804,
224,
643,
467,
502,
139,
158,
302,
208,
155,
536,
222,
133,
359,
1013,
168,
1194,
146,
190,
428,
382,
125,
129,
517,
464,
122,
905,
135,
581,
105,
99,
154,
344,
383,
184,
95,
857,
130,
165,
171,
184,
154,
107,
400,
391,
186,
113,
580,
162,
128,
206,
89,
886,
153,
909,
455,
125,
244,
142,
109,
380,
245,
203,
284,
110,
865,
562,
374,
102,
24,
125,
42,
275,
347,
840,
862,
158,
216,
41,
124,
339,
845,
365,
346,
251,
161,
825,
807,
404,
371,
280,
353,
46,
828,
224,
62,
755,
67,
896,
567,
123,
51,
595,
43,
870,
693,
455,
684,
45,
732,
460,
184,
402,
250,
46,
585,
283,
126,
320,
154,
545,
609,
325,
542,
417,
43,
161,
271,
335,
638,
241,
167,
648,
205,
300,
296,
320,
282,
567,
709,
248,
255,
220,
655,
195,
215,
44,
445,
368,
616,
347,
280,
568,
40,
247,
845,
493,
737,
358,
330,
260,
569,
273,
493,
575,
251,
610,
172,
168,
442,
261,
225,
268,
559,
465,
314,
429,
387,
251,
340,
428,
301,
266,
484,
567,
43,
193,
233,
240,
298,
407,
392,
231,
357,
121,
270,
629,
266,
280,
233,
491,
55,
284,
472,
856,
82,
319,
504,
274,
410,
280,
856,
47,
405,
1094,
240,
327,
532,
1088,
358,
627,
1086,
604,
554,
1076,
216,
376,
280,
561,
611,
185,
381,
208,
450,
229,
1071,
536,
185,
1083,
276,
428,
334,
566,
406,
583,
563,
563,
206,
220,
48,
350,
593,
304,
398,
228,
466,
578,
608,
900,
542,
548,
360,
272,
310,
283,
466,
186,
571,
325,
454,
275,
302,
1116,
265,
305,
274,
155,
463,
212,
1283,
197,
275,
54,
271,
163,
267,
178,
247,
178,
271,
277,
263,
1121,
434,
319,
261,
184,
165,
180,
857,
285,
306,
306,
274,
279,
140,
271,
409,
263,
184,
155,
1079,
170,
497,
1120,
154,
322,
46,
1077,
152,
221,
416,
266,
797,
44,
189,
119,
151,
759,
43,
742,
147,
180,
41,
77,
87,
85,
87,
676,
138,
205,
45,
205,
40,
173,
465,
72,
183,
1117,
163,
206,
148,
715,
134,
145,
145,
190,
130,
338,
344,
123,
301,
110,
323,
682,
828,
221,
207,
318,
119,
110,
331,
1123,
199,
189,
198,
910,
258,
174,
44,
195,
155,
201,
181,
127,
882,
135,
161,
181,
830,
88,
163,
142,
757,
177,
852,
108,
108,
495,
181,
214,
820,
578,
69,
174,
107,
764,
529,
546,
24,
317,
325,
72,
151,
598,
331,
71,
332,
543,
138,
679,
276,
721,
364,
324,
69,
45,
317,
62,
320,
334,
231,
41,
102,
237,
317,
108,
224,
323,
149,
206,
314,
286,
162,
497,
318,
313,
193,
439,
295,
613,
224,
162,
311,
42,
306,
200,
200,
185,
46,
152,
306,
231,
526,
163,
511,
161,
601,
260,
427,
216,
41,
483,
616,
494,
162,
296,
519,
258,
190,
295,
161,
298,
400,
312,
39,
601,
587,
342,
160,
290,
159,
437,
324,
131,
39,
420,
286,
265,
206,
311,
258,
563,
577,
399,
151,
224,
265,
307,
233,
455,
210,
188,
146,
256,
223,
144,
198,
289,
144,
251,
143,
568,
226,
42,
372,
66,
369,
41,
367,
135,
251,
758,
44,
586,
357,
505,
349,
940,
367,
371,
964,
794,
276,
366,
666,
282,
738,
364,
359,
567,
254,
357,
157,
277,
352,
689,
313,
349,
250,
251,
479,
248,
295,
113,
242,
429,
39,
575,
246,
241,
213,
244,
461,
178,
568,
222,
103,
668,
559,
194,
237,
240,
232,
247,
102,
183,
616,
142,
80,
189,
39,
699,
227,
129,
536,
293,
678,
419,
155,
158,
199,
234,
43,
240,
212,
1204,
135,
475,
392,
981,
659,
43,
42,
625,
222,
88,
917,
564,
42,
543,
348,
169,
166,
232,
221,
734,
260,
672,
306,
186,
210,
345,
140,
608,
722,
183,
265,
244,
728,
948,
118,
236,
531,
555,
118,
469,
178,
225,
486,
482,
696,
413,
457,
918,
934,
204,
692,
509,
211,
290,
922,
822,
280,
491,
227,
630,
222,
57,
128,
709,
218,
429,
519,
812,
374,
411,
288,
465,
786,
224,
232,
586,
583,
288,
503,
193,
812,
439,
437,
261,
316,
182,
205,
390,
258,
895,
470,
546,
310,
393,
882,
301,
688,
394,
479,
222,
381,
672,
379,
610,
445,
333,
454,
851,
578,
410,
229,
500,
1121,
669,
197,
438,
381,
407,
451,
378,
347,
238,
500,
119,
205,
359,
976,
1090,
699,
154,
438,
422,
286,
862,
547,
716,
119,
1254,
701,
308,
306,
334,
880,
617,
46,
398,
429,
624,
552,
306,
307,
147,
59,
44,
457,
84,
253,
254,
242,
42,
415,
253,
233,
570,
373,
238,
220,
237,
214,
907,
175,
253,
116,
157,
865,
877,
156,
194,
145,
207,
1124,
211,
175,
755,
155,
179,
174,
208,
111,
168,
144,
315,
136,
173,
321,
740,
696,
180,
139,
154,
311,
1139,
711,
178,
109,
45,
960,
273,
158,
130,
97,
143,
947,
948,
121,
137,
102,
301,
122,
114,
134,
151,
49,
277,
86,
180,
157,
101,
118,
182,
640,
298,
75,
288,
92,
293,
41,
537,
56,
556,
480,
827,
344,
498,
267,
128,
879,
143,
75,
834,
540,
217,
485,
314,
491,
311,
75,
465,
491,
139,
416,
299,
334,
37,
81,
202,
577,
470,
662,
200,
315,
330,
394,
52,
555,
334,
520,
263,
279,
412,
77,
257,
90,
279,
405,
77,
322,
343,
327,
339,
353,
379,
81,
292,
582,
290,
356,
166,
604,
310,
339,
496,
461,
315,
272,
272,
457,
312,
340,
159,
304,
623,
501,
700,
725,
344,
355,
40,
381,
472,
678,
401,
475,
258,
354,
295,
374,
157,
293,
376,
317,
266,
380,
569,
622,
38,
223,
271,
723,
470,
328,
267,
311,
292,
156,
50,
325,
320,
154,
153,
41,
152,
202,
148,
125,
79,
289,
37,
255,
318,
136,
145,
370,
428,
199,
1004,
215,
812,
167,
439,
369,
376,
175,
311,
204,
272,
172,
353,
310,
427,
320,
507,
996,
205,
885,
167,
166,
310,
351,
191,
42,
140,
230,
232,
656,
252,
548,
218,
320,
303,
557,
370,
39,
201,
578,
156,
492,
159,
184,
336,
504,
114,
139,
132,
497,
570,
158,
487,
265,
252,
438,
44,
162,
311,
566,
479,
367,
236,
641,
161,
199,
256,
191,
554,
108,
548,
646,
247,
44,
363,
133,
170,
260,
541,
479,
168,
127,
116,
171,
539,
109,
41,
987,
495,
218,
516,
45,
515,
790,
116,
1015,
507,
518,
443,
39,
474,
869,
849,
47,
528,
578,
144,
832,
826,
797,
844,
68,
484,
520,
604,
696,
528,
1079,
673,
196,
549,
245,
280,
1279,
506,
292,
683,
555,
526,
223,
271,
197,
867,
694,
249,
293,
547,
207,
241,
876,
478,
206,
503,
195,
229,
1073,
277,
186,
172,
692,
40,
292,
187,
788,
167,
474,
323,
184,
477,
257,
687,
700,
730,
155,
291,
270,
925,
765,
152,
262,
296,
492,
204,
443,
201,
645,
688,
892,
142,
691,
836,
287,
42,
345,
985,
915,
490,
612,
249,
40,
675,
951,
999,
610,
645,
813,
297,
945,
442,
696,
724,
630,
469,
662,
974,
38,
708,
452,
570,
967,
449,
788,
519,
446,
385,
919,
349,
263,
43,
832,
507,
526,
348,
338,
37,
203,
420,
370,
791,
339,
315,
481,
927,
199,
66,
204,
864,
178,
201,
347,
414,
335,
282,
315,
240,
164,
803,
437,
157,
309,
336,
201,
299,
302,
323,
135,
336,
139,
318,
136,
299,
735,
262,
367,
471,
337,
433,
526,
345,
260,
317,
283,
43,
202,
297,
290,
36,
36,
177,
292,
332,
239,
79,
329,
181,
927,
954,
355,
325,
173,
255,
191,
967,
213,
1015,
307,
72,
43,
492,
270,
347,
339,
557,
199,
198,
198,
237,
179,
178,
207,
464,
139,
987,
75,
930,
180,
130,
135,
935,
248,
305,
198,
131,
149,
974,
127,
892,
487,
158,
131,
493,
256,
500,
251,
227,
291,
49,
998,
264,
229,
928,
106,
446,
226,
428,
170,
114,
169,
314,
252,
553,
192,
248,
170,
520,
194,
210,
163,
155,
383,
560,
160,
180,
629,
1025,
202,
164,
102,
880,
159,
62,
636,
240,
39,
662,
336,
98,
112,
986,
302,
234,
586,
328,
162,
592,
74,
980,
333,
279,
254,
87,
161,
446,
321,
779,
154,
976,
73,
359,
405,
145,
442,
968,
321,
161,
538,
267,
328,
291,
157,
147,
426,
893,
235,
232,
549,
884,
867,
268,
251,
157,
695,
263,
194,
153,
243,
488,
1039,
199,
244,
207,
1023,
153,
464,
183,
548,
222,
966,
186,
1049,
477,
220,
183,
153,
143,
1176,
417,
369,
473,
705,
194,
125,
259,
537,
454,
597,
976,
235,
814,
454,
188,
421,
813,
702,
451,
486,
188,
604,
771,
1000,
45,
42,
977,
502,
156,
500,
437,
203,
139,
577,
219,
619,
501,
480,
426,
284,
192,
342,
704,
152,
711,
682,
364,
259,
530,
630,
740,
409,
192,
426,
636,
589,
481,
549,
502,
376,
572,
42,
676,
318,
421,
602,
52,
755,
624,
474,
142,
951,
39,
52,
649,
624,
554,
591,
651,
191,
537,
46,
543,
425,
177,
952,
977,
142,
545,
165,
431,
649,
418,
465,
613,
900,
274,
401,
677,
359,
311,
231,
176,
565,
667,
536,
45,
337,
581,
324,
207,
565,
43,
415,
363,
268,
197,
780,
267,
529,
658,
468,
625,
325,
91,
311,
494,
585,
770,
511,
611,
127,
57,
479,
318,
509,
942,
287,
488,
522,
398,
542,
527,
581,
806,
374,
353,
373,
611,
903,
636,
539,
141,
656,
641,
529,
920,
85,
606,
535,
974,
326,
566,
503,
126,
368,
500,
599,
467,
312,
523,
550,
479,
408,
319,
597,
797,
430,
517,
555,
509,
249,
662,
43,
43,
302,
240,
1001,
279,
774,
186,
271,
168,
1104,
990,
186,
291,
212,
245,
197,
191,
963,
228,
170,
44,
922,
191,
197,
316,
161,
194,
867,
189,
177,
204,
222,
161,
277,
123,
189,
328,
121,
145,
130,
502,
1007,
160,
174,
813,
127,
511,
1103,
141,
238,
1117,
80,
101,
155,
287,
79,
871,
78,
67,
352,
1013,
74,
332,
84,
66,
939,
481,
78,
453,
65,
751,
875,
698,
64,
781,
62,
71,
60,
152,
87,
81,
303,
416,
240,
52,
83,
279,
67,
164,
883,
764,
57,
371,
198,
314,
227,
256,
68,
259,
332,
230,
288,
256,
753,
284,
240,
992,
177,
1057,
626,
206,
154,
340,
224,
81,
115,
301,
995,
146,
465,
466,
255,
481,
243,
236,
872,
133,
110,
458,
301,
542,
511,
309,
863,
187,
519,
867,
769,
996,
301,
471,
575,
988,
488,
385,
431,
379,
750,
290,
742,
993,
246,
804,
535,
199,
308,
223,
742,
458,
508,
262,
528,
332,
229,
446,
227,
284,
383,
297,
224,
135,
159,
171,
148,
144,
278,
353,
166,
419,
208,
197,
721,
246,
534,
114,
161,
135,
141,
124,
250,
390,
408,
405,
371,
537,
636,
365,
329,
314,
328,
75,
395,
44,
387,
383,
322,
394,
451,
44,
313,
269,
58,
393,
239,
372,
174,
306,
399,
197,
352,
226,
607,
274,
170,
357,
225,
581,
169,
516,
570,
724,
1022,
353,
578,
648,
631,
640,
655,
644,
247,
680,
635,
198,
614,
643,
111,
140,
619,
1024,
445,
358,
668,
510,
476,
281,
782,
528,
1027,
545,
473,
654,
596,
519,
1028,
592,
641,
586,
242,
474,
784,
1113,
660,
247,
847,
324,
630,
1046,
166,
518,
269,
415,
426,
544,
410,
483,
418,
533,
603,
396,
548,
835,
563,
537,
545,
411,
401,
391,
311,
683,
759,
547,
141,
555,
173,
331,
1032,
480,
93,
349,
466,
575,
590,
566,
490,
504,
98,
92,
462,
169,
1045,
90,
459,
398,
1026,
451,
621,
399,
818,
654,
474,
39,
77,
624,
249,
449,
602,
73,
532,
380,
420,
1010,
572,
77,
65,
448,
579,
477,
611,
421,
149,
782,
419,
421,
611,
550,
65,
546,
425,
569,
366,
398,
757,
565,
457,
514,
152,
376,
399,
838,
475,
423,
83,
491,
1078,
861,
238,
438,
526,
718,
68,
477,
262,
546,
803,
828,
567,
39,
1076,
480,
434,
286,
402,
581,
691,
220,
37,
706,
199,
54,
251,
371,
537,
868,
424,
409,
310,
193,
810,
323,
981,
966,
38,
186,
164,
531,
943,
97,
1136,
89,
282,
929,
272,
902,
1132,
42,
157,
746,
1066,
40,
502,
740,
221,
174,
74,
338,
294,
289,
561,
205,
953,
435,
740,
296,
275,
294,
428,
733,
432,
205,
475,
1081,
399,
1119,
210,
391,
345,
236,
349,
235,
228,
1124,
149,
340,
383,
413,
294,
186,
352,
374,
45,
177,
657,
296,
1137,
435,
467,
394,
193,
769,
355,
166,
150,
159,
1110,
704,
175,
161,
133,
361,
192,
197,
152,
44,
142,
169,
145,
149,
400,
112,
1120,
156,
44,
253,
334,
140,
717,
203,
265,
141,
77,
156,
632,
123,
358,
305,
268,
128,
277,
319,
736,
409,
325,
279,
741,
578,
381,
267,
46,
335,
361,
358,
328,
236,
275,
289,
171,
44,
226,
188,
556,
263,
234,
76,
411,
237,
248,
284,
71,
762,
457,
413,
38,
290,
721,
461,
426,
391,
385,
361,
424,
391,
636,
231,
357,
361,
413,
183,
361,
612,
439,
927,
441,
321,
500,
458,
303,
315,
180,
730,
1136,
492,
261,
533,
326,
448,
349,
409,
645,
324,
394,
689,
308,
343,
1199,
254,
54,
256,
1211,
287,
267,
276,
292,
367,
317,
44,
440,
49,
305,
368,
226,
321,
414,
455,
163,
1164,
313,
326,
723,
137,
838,
322,
1010,
372,
401,
201,
1168,
368,
429,
344,
1134,
283,
393,
360,
79,
980,
272,
811,
814,
1253,
194,
235,
201,
593,
187,
348,
957,
188,
358,
319,
1066,
198,
240,
1252,
49,
44,
1061,
134,
272,
760,
42,
240,
863,
568,
456,
572,
39,
553,
310,
622,
291,
820,
1250,
129,
283,
267,
182,
346,
1053,
560,
409,
568,
43,
962,
552,
549,
863,
182,
522,
1267,
681,
192,
181,
593,
141,
587,
864,
568,
43,
613,
662,
171,
594,
1192,
1176,
135,
512,
656,
493,
614,
531,
568,
499,
155,
592,
626,
476,
580,
436,
456,
651,
154,
295,
413,
133,
451,
262,
1125,
257,
251,
498,
440,
130,
152,
489,
373,
456,
1124,
1104,
464,
178,
436,
468,
454,
97,
856,
613,
570,
265,
860,
852,
1200,
847,
844,
97,
538,
856,
877,
1090,
412,
665,
428,
593,
1048,
828,
75,
1054,
390,
409,
305,
435,
978,
203,
838,
289,
921,
789,
937,
248,
543,
45,
543,
1018,
541,
149,
920,
882,
533,
422,
100,
144,
533,
282,
271,
317,
547,
226,
519,
769,
633,
279,
500,
524,
355,
278,
508,
749,
869,
646,
236,
632,
872,
157,
292,
198,
478,
502,
473,
228,
177,
163,
274,
273,
190,
210,
193,
453,
204,
600,
188,
704,
167,
887,
200,
229,
251,
450,
236,
210,
193,
486,
108,
689,
382,
325,
536,
187,
287,
720,
205,
506,
149,
471,
251,
439,
482,
490,
634,
269,
40,
265,
35,
239,
293,
184,
848,
186,
140,
371,
112,
219,
165,
161,
105,
120,
81,
169,
142,
185,
111,
112,
229,
226,
151,
343,
986,
201,
143,
410,
585,
201,
158,
142,
190,
181,
405,
178,
320,
119,
185,
108,
170,
297,
475,
409,
286,
249,
320,
141,
315,
947,
124,
276,
93,
107,
379,
214,
97,
313,
193,
999,
359,
551,
379,
627,
341,
497,
170,
84,
291,
313,
306,
423,
447,
78,
263,
319,
648,
282,
375,
288,
77,
283,
198,
1124,
589,
76,
316,
369,
477,
338,
74,
292,
70,
95,
121,
268,
81,
85,
594,
81,
601,
316,
81,
450,
61,
77,
1049,
1120,
332,
335,
214,
412,
273,
816,
666,
329,
540,
337,
676,
365,
234,
442,
440,
337,
437,
413,
320,
214,
87,
537,
747,
246,
289,
535,
461,
434,
352,
402,
839,
458,
181,
591,
345,
348,
323,
421,
174,
898,
181,
603,
598,
404,
360,
450,
475,
320,
298,
310,
763,
603,
648,
734,
367,
588,
273,
421,
228,
293,
576,
464,
287,
296,
269,
398,
300,
450,
368,
312,
394,
488,
420,
502,
387,
500,
373,
497,
364,
450,
1143,
372,
208,
1156,
205,
187,
371,
376,
447,
328,
702,
1103,
393,
416,
1249,
267,
316,
676,
364,
926,
286,
248,
270,
187,
229,
112,
267,
365,
140,
178,
846,
1229,
517,
186,
1226,
277,
338,
1281,
164,
159,
200,
128,
976,
219,
209,
1192,
42,
192,
816,
329,
233,
1249,
162,
237,
1150,
34,
231,
1250,
183,
1183,
1063,
232,
166,
585,
223,
229,
1150,
576,
185,
626,
192,
545,
1224,
184,
737,
1036,
538,
996,
376,
1008,
362,
180,
1154,
587,
287,
388,
539,
357,
567,
736,
370,
322,
144,
328,
716,
333,
1023,
361,
193,
690,
309,
591,
998,
268,
130,
198,
617,
263,
211,
525,
136,
315,
1046,
285,
195,
229,
292,
1075,
206,
184,
511,
283,
612,
505,
928,
171,
1016,
264,
132,
164,
539,
1224,
363,
115,
155,
494,
160,
324,
235,
88,
827,
484,
106,
576,
198,
114,
142,
833,
174,
723,
530,
481,
103,
732,
251,
471,
646,
547,
341,
466,
675,
145,
371,
106,
1017,
973,
284,
287,
101,
914,
274,
1071,
512,
528,
443,
954,
463,
347,
168,
432,
806,
322,
710,
586,
104,
661,
781,
430,
1084,
102,
543,
476,
103,
103,
425,
589,
189,
377,
857,
719,
662,
197,
934,
415,
609,
429,
681,
852,
716,
758,
156,
521,
1052,
228,
532,
988,
90,
21,
447,
107,
489,
567,
372,
495,
205,
658,
476,
646,
554,
131,
213,
602,
74,
566,
363,
460,
162,
566,
948,
371,
214,
602,
189,
776,
551,
330,
494,
722,
523,
913,
521,
172,
291,
253,
657,
102,
310,
859,
290,
250,
336,
301,
766,
154,
416,
322,
622,
246,
295,
985,
455,
213,
539,
334,
223,
346,
238,
359,
596,
296,
214,
204,
275,
180,
618,
267,
295,
192,
182,
126,
738,
209,
184,
421,
169,
181,
173,
283,
200,
425,
454,
394,
453,
101,
217,
219,
253,
114,
111,
313,
343,
387,
102,
276,
371,
804,
362,
164,
372,
227,
919,
82,
330,
323,
350,
377,
78,
63,
63,
79,
41,
144,
294,
257,
1072,
640,
404,
79,
446,
147,
308,
324,
298,
423,
230,
282,
271,
315,
241,
220,
276,
231,
203,
388,
385,
159,
199,
39,
326,
310,
110,
248,
41,
1308,
493,
38,
1188,
327,
37,
1145,
587,
1158,
278,
1155,
1153,
443,
330,
396,
309,
762,
1212,
358,
781,
320,
378,
1271,
1146,
1154,
758,
753,
329,
786,
1401,
1247,
603,
597,
239,
544,
295,
1147,
754,
1010,
392,
1218,
368,
603,
549,
1393,
614,
533,
1157,
1148,
327,
1171,
954,
455,
520,
1146,
386,
998,
325,
1144,
551,
318,
1142,
560,
37,
417,
1199,
1140,
533,
1138,
932,
1136,
1133,
657,
271,
1331,
584,
1031,
407,
1131,
323,
922,
358,
364,
76,
1033,
572,
187,
1151,
613,
269,
780,
453,
294,
259,
1193,
942,
183,
601,
248,
1021,
613,
273,
999,
292,
1170,
256,
452,
289,
270,
305,
236,
478,
285,
287,
1183,
176,
267,
649,
353,
1073,
222,
149,
529,
1078,
180,
455,
39,
241,
189,
190,
176,
121,
380,
1078,
211,
242,
225,
41,
124,
421,
535,
439,
176,
97,
271,
174,
1051,
471,
331,
478,
183,
530,
464,
283,
307,
349,
243,
1210,
357,
624,
306,
1151,
45,
295,
219,
568,
1238,
197,
473,
365,
172,
167,
233,
1326,
393,
251,
210,
1126,
105,
232,
166,
214,
228,
992,
1263,
292,
200,
914,
217,
161,
145,
166,
140,
173,
587,
209,
487,
182,
227,
520,
1301,
1289,
242,
126,
94,
224,
187,
48,
173,
421,
153,
159,
245,
129,
219,
1287,
257,
895,
104,
163,
44,
594,
494,
1098,
195,
205,
273,
196,
1094,
164,
279,
158,
499,
759,
161,
676,
277,
92,
247,
569,
107,
102,
217,
421,
95,
149,
202,
565,
224,
136,
548,
45,
1005,
1077,
286,
548,
163,
129,
873,
1105,
238,
407,
544,
40,
170,
260,
609,
155,
330,
714,
651,
608,
496,
125,
645,
550,
894,
776,
897,
426,
486,
1065,
670,
528,
1104,
769,
553,
248,
492,
877,
421,
459,
630,
287,
441,
543,
519,
724,
554,
486,
437,
1092,
727,
569,
304,
321,
634,
640,
526,
448,
928,
281,
920,
490,
577,
716,
692,
614,
308,
581,
521,
387,
603,
286,
476,
540,
1048,
894,
234,
185,
784,
666,
597,
325,
198,
506,
467,
499,
917,
840,
477,
207,
1014,
168,
365,
136,
484,
583,
367,
69,
399,
82,
534,
480,
1095,
573,
203,
492,
614,
1074,
1017,
570,
537,
315,
419,
1068,
53,
57,
178,
574,
548,
724,
436,
287,
52,
512,
471,
412,
496,
572,
748,
247,
578,
206,
419,
699,
702,
440,
353,
340,
190,
507,
567,
44,
276,
562,
185,
332,
569,
227,
407,
387,
352,
917,
213,
347,
546,
197,
723,
717,
530,
491,
519,
566,
387,
269,
278,
339,
194,
400,
298,
282,
733,
190,
374,
379,
422,
310,
371,
182,
327,
299,
295,
166,
275,
320,
325,
332,
291,
283,
122,
730,
294,
474,
115,
335,
258,
482,
505,
85,
468,
343,
413,
352,
75,
322,
354,
378,
349,
38,
147,
305,
244,
407,
40,
110,
1299,
130,
169,
1318,
200,
599,
238,
962,
132,
1298,
1372,
1189,
41,
210,
946,
922,
185,
746,
1192,
46,
75,
1175,
362,
915,
479,
1114,
912,
464,
540,
311,
487,
210,
381,
375,
445,
1003,
251,
950,
160,
208,
1115,
157,
328,
1334,
162,
755,
140,
263,
1289,
154,
262,
83,
131,
1332,
164,
218,
136,
183,
1115,
1173,
127,
39,
296,
1198,
447,
856,
185,
339,
652,
155,
146,
109,
93,
897,
171,
389,
1293,
190,
387,
537,
171,
397,
473,
582,
260,
225,
378,
170,
382,
1338,
156,
256,
137,
202,
170,
343,
644,
669,
90,
277,
283,
165,
463,
161,
524,
242,
627,
441,
463,
293,
350,
163,
1041,
246,
183,
161,
1162,
220,
355,
926,
206,
446,
478,
166,
153,
292,
209,
218,
1155,
228,
518,
1143,
483,
347,
160,
568,
194,
456,
658,
279,
978,
158,
457,
154,
454,
245,
157,
1390,
265,
414,
158,
203,
162,
1404,
220,
180,
280,
583,
404,
154,
99,
314,
572,
172,
313,
154,
1190,
188,
692,
112,
186,
139,
150,
635,
185,
908,
133,
148,
1154,
139,
289,
230,
507,
147,
912,
181,
107,
176,
1467,
270,
208,
209,
151,
174,
1391,
149,
148,
314,
123,
330,
144,
254,
469,
1382,
144,
124,
277,
143,
265,
1132,
646,
269,
901,
901,
101,
372,
703,
572,
538,
79,
660,
354,
1195,
158,
504,
85,
605,
669,
610,
494,
87,
121,
432,
1002,
432,
77,
607,
332,
589,
97,
281,
62,
664,
270,
494,
885,
592,
646,
692,
608,
845,
55,
619,
1223,
651,
374,
827,
222,
675,
606,
573,
561,
163,
559,
391,
36,
604,
349,
243,
576,
585,
66,
472,
551,
354,
344,
574,
783,
548,
216,
71,
415,
528,
148,
1124,
322,
255,
563,
473,
502,
460,
497,
40,
693,
585,
573,
515,
442,
498,
462,
490,
184,
300,
615,
329,
496,
265,
461,
314,
620,
385,
169,
266,
485,
394,
671,
260,
504,
455,
1071,
506,
587,
575,
401,
447,
319,
529,
483,
433,
512,
361,
624,
486,
540,
399,
417,
168,
544,
668,
395,
708,
621,
576,
294,
521,
428,
980,
521,
553,
418,
311,
607,
575,
528,
337,
39,
532,
523,
1000,
492,
461,
475,
710,
509,
966,
529,
461,
421,
456,
639,
445,
517,
486,
572,
349,
503,
269,
481,
471,
413,
460,
507,
305,
426,
445,
515,
494,
502,
83,
513,
418,
237,
488,
1142,
534,
531,
1146,
393,
341,
431,
561,
1142,
533,
509,
43,
394,
93,
146,
156,
52,
1141,
330,
430,
333,
490,
206,
595,
922,
485,
190,
195,
481,
509,
490,
902,
175,
507,
471,
486,
318,
489,
484,
305,
189,
468,
471,
555,
365,
321,
43,
374,
410,
746,
416,
487,
437,
42,
434,
386,
176,
432,
200,
698,
488,
480,
175,
264,
336,
525,
634,
647,
241,
140,
133,
588,
263,
512,
606,
366,
340,
569,
552,
129,
210,
708,
472,
355,
377,
139,
257,
115,
551,
1386,
465,
456,
926,
345,
444,
469,
538,
477,
247,
45,
916,
224,
490,
85,
281,
177,
202,
221,
133,
182,
342,
481,
223,
229,
223,
449,
352,
175,
246,
169,
360,
221,
344,
710,
351,
86,
164,
179,
456,
271,
344,
311,
392,
398,
247,
385,
340,
331,
1577,
567,
470,
359,
1540,
246,
554,
434,
1417,
159,
304,
209,
1371,
332,
1258,
189,
266,
259,
223,
1162,
342,
192,
232,
1178,
313,
354,
201,
931,
791,
186,
164,
1212,
1367,
192,
326,
314,
197,
482,
161,
193,
429,
1349,
1181,
357,
1181,
297,
617,
242,
189,
187,
207,
360,
381,
170,
258,
362,
245,
203,
116,
220,
189,
188,
165,
184,
443,
1234,
1582,
178,
367,
1327,
417,
184,
478,
374,
151,
318,
1557,
456,
121,
375,
501,
529,
510,
273,
609,
509,
1555,
431,
181,
187,
401,
341,
475,
266,
159,
777,
182,
119,
290,
143,
876,
295,
370,
360,
322,
543,
155,
897,
1038,
646,
271,
443,
324,
170,
537,
658,
336,
486,
441,
88,
218,
172,
102,
450,
166,
329,
1173,
101,
86,
1292,
311,
168,
410,
82,
120,
788,
81,
529,
372,
93,
1102,
70,
1245,
1275,
92,
1412,
1220,
86,
53,
564,
46,
503,
1212,
44,
441,
865,
43,
382,
41,
1039,
501,
218,
370,
412,
298,
1025,
356,
427,
205,
1129,
1017,
297,
43,
420,
310,
568,
800,
583,
169,
1127,
481,
256,
598,
214,
343,
702,
653,
549,
636,
555,
261,
44,
143,
578,
635,
802,
146,
558,
539,
1140,
659,
230,
414,
718,
557,
322,
652,
174,
299,
191,
557,
761,
736,
386,
167,
120,
669,
185,
190,
1256,
39,
257,
305,
95,
594,
38,
633,
566,
398,
1235,
356,
890,
1218,
558,
339,
585,
531,
458,
306,
573,
527,
264,
423,
698,
272,
1052,
721,
491,
205,
451,
640,
399,
431,
196,
542,
482,
444,
266,
536,
442,
451,
418,
488,
1028,
710,
473,
265,
233,
736,
898,
199,
419,
697,
473,
187,
673,
607,
468,
946,
1231,
396,
457,
548,
1207,
552,
470,
551,
535,
37,
185,
531,
327,
600,
203,
199,
642,
390,
279,
504,
503,
449,
682,
202,
488,
307,
253,
655,
133,
314,
495,
515,
201,
603,
485,
214,
182,
490,
598,
540,
270,
598,
266,
405,
265,
213,
283,
328,
593,
164,
183,
610,
573,
266,
312,
189,
293,
235,
457,
185,
578,
179,
477,
172,
215,
41,
171,
1186,
521,
351,
284,
487,
478,
386,
486,
108,
478,
379,
45,
376,
1492,
169,
194,
147,
402,
376,
43,
130,
419,
1152,
923,
447,
129,
160,
179,
119,
101,
125,
1358,
117,
1142,
165,
421,
107,
268,
183,
92,
368,
1330,
1139,
387,
132,
116,
184,
349,
74,
255,
371,
259,
309,
1144,
640,
266,
91,
310,
1133,
1004,
107,
635,
80,
105,
1383,
1127,
370,
263,
908,
691,
605,
250,
172,
272,
196,
151,
688,
489,
273,
188,
682,
366,
164,
142,
653,
125,
79,
101,
620,
89,
83,
69,
228,
64,
491,
259,
341,
514,
431,
378,
237,
78,
368,
551,
63,
921,
819,
284,
367,
133,
54,
103,
1227,
301,
367,
1613,
43,
522,
458,
533,
414,
308,
1067,
367,
896,
1063,
311,
569,
380,
37,
671,
1285,
450,
800,
514,
565,
1586,
559,
484,
554,
988,
970,
114,
500,
1599,
658,
464,
1141,
536,
270,
1598,
873,
463,
1082,
561,
240,
428,
870,
553,
489,
209,
396,
567,
152,
425,
982,
972,
571,
513,
186,
589,
581,
563,
304,
1163,
437,
1169,
482,
144,
826,
148,
110,
211,
165,
60,
371,
39,
439,
442,
272,
286,
370,
382,
266,
365,
314,
432,
1009,
257,
69,
782,
1374,
568,
243,
164,
391,
114,
312,
340,
240,
165,
402,
332,
521,
272,
376,
558,
272,
1199,
542,
419,
268,
418,
163,
652,
490,
281,
456,
254,
272,
430,
250,
345,
42,
392,
338,
211,
511,
531,
343,
261,
474,
547,
254,
772,
180,
461,
504,
205,
195,
523,
215,
67,
69,
473,
477,
592,
596,
546,
865,
576,
556,
506,
538,
606,
846,
561,
648,
514,
648,
551,
308,
631,
472,
656,
647,
481,
462,
630,
443,
844,
467,
582,
1364,
265,
643,
288,
437,
531,
870,
224,
202,
191,
773,
736,
461,
573,
854,
1223,
197,
475,
775,
792,
339,
235,
525,
604,
174,
171,
409,
575,
372,
406,
592,
159,
375,
362,
183,
581,
315,
404,
1168,
247,
492,
211,
703,
518,
319,
592,
44,
316,
390,
605,
372,
335,
575,
255,
1306,
268,
609,
299,
41,
505,
331,
287,
614,
220,
469,
1036,
498,
766,
701,
282,
512,
480,
490,
397,
279,
293,
487,
603,
267,
511,
519,
521,
179,
460,
613,
327,
1212,
479,
721,
483,
504,
158,
205,
142,
191,
589,
522,
175,
118,
650,
252,
643,
579,
475,
455,
517,
555,
450,
132,
461,
287,
435,
105,
874,
466,
423,
221,
201,
99,
551,
425,
260,
179,
184,
127,
591,
524,
280,
224,
411,
197,
1403,
248,
502,
135,
184,
1231,
197,
336,
227,
144,
519,
122,
1178,
104,
244,
103,
129,
356,
109,
351,
1247,
325,
289,
346,
128,
392,
54,
1211,
1238,
699,
109,
157,
328,
188,
263,
1180,
684,
165,
145,
749,
312,
252,
245,
99,
1174,
250,
898,
257,
331,
477,
494,
874,
191,
146,
447,
1677,
175,
1343,
502,
205,
460,
136,
443,
502,
1311,
556,
167,
418,
87,
182,
612,
176,
416,
413,
120,
107,
1182,
165,
436,
565,
471,
687,
413,
208,
96,
1093,
352,
231,
219,
215,
418,
79,
393,
410,
77,
360,
370,
985,
401,
76,
1730,
218,
357,
352,
558,
555,
73,
331,
456,
438,
542,
972,
586,
518,
1385,
64,
284,
539,
1266,
347,
422,
47,
260,
1543,
257,
605,
42,
259,
238,
1552,
233,
944,
382,
437,
87,
460,
513,
1567,
258,
678,
1190,
648,
566,
694,
1561,
625,
226,
1044,
565,
231,
419,
1176,
178,
576,
432,
189,
1185,
226,
169,
418,
571,
163,
187,
189,
212,
372,
964,
181,
355,
1749,
108,
231,
676,
1173,
38,
1058,
278,
74,
459,
188,
73,
656,
632,
483,
545,
543,
383,
545,
908,
105,
510,
745,
109,
650,
544,
539,
1427,
820,
428,
575,
1484,
760,
537,
367,
466,
433,
495,
77,
607,
702,
480,
540,
365,
44,
526,
504,
732,
539,
38,
383,
537,
933,
885,
629,
392,
160,
537,
348,
641,
742,
234,
375,
534,
340,
360,
1018,
569,
412,
119,
311,
459,
868,
1010,
1023,
449,
72,
1016,
357,
409,
125,
577,
238,
39,
443,
383,
99,
404,
466,
200,
419,
524,
377,
244,
303,
405,
458,
399,
280,
383,
345,
447,
553,
322,
299,
255,
190,
616,
196,
309,
440,
417,
304,
199,
280,
313,
313,
464,
207,
220,
311,
385,
219,
254,
488,
204,
354,
212,
299,
186,
193,
426,
160,
237,
219,
609,
175,
770,
188,
467,
732,
218,
182,
147,
702,
145,
542,
235,
258,
525,
214,
215,
795,
514,
871,
66,
561,
180,
144,
298,
218,
552,
42,
115,
413,
462,
454,
351,
1481,
470,
147,
222,
476,
478,
41,
141,
129,
335,
518,
105,
510,
505,
237,
498,
575,
363,
43,
478,
119,
568,
84,
508,
528,
112,
536,
88,
432,
605,
400,
80,
418,
216,
432,
427,
383,
121,
1085,
513,
702,
1548,
717,
610,
99,
449,
762,
555,
478,
1273,
984,
676,
1186,
182,
664,
1233,
742,
584,
652,
388,
674,
478,
342,
645,
478,
823,
1703,
445,
525,
351,
409,
1372,
336,
375,
1245,
398,
390,
819,
56,
613,
502,
1471,
356,
1221,
118,
999,
145,
1522,
1231,
390,
596,
102,
958,
1219,
159,
528,
1210,
358,
796,
242,
216,
1717,
451,
486,
277,
357,
70,
304,
1322,
806,
1190,
362,
314,
827,
647,
364,
1188,
1706,
69,
705,
341,
288,
543,
280,
380,
1181,
64,
389,
116,
60,
113,
328,
261,
286,
44,
256,
332,
658,
98,
211,
263,
310,
271,
333,
216,
176,
284,
195,
322,
519,
319,
177,
273,
193,
506,
195,
231,
1890,
1236,
408,
177,
67,
250,
149,
1770,
53,
44,
573,
394,
171,
1263,
43,
352,
298,
1170,
186,
396,
383,
554,
405,
1765,
173,
1036,
383,
232,
172,
563,
166,
360,
42,
138,
1311,
363,
142,
1219,
343,
284,
350,
297,
727,
232,
719,
125,
1210,
723,
85,
98,
718,
114,
283,
1921,
625,
399,
1207,
1918,
42,
273,
899,
270,
37,
1338,
1108,
414,
629,
299,
179,
739,
1785,
1770,
80,
37,
429,
420,
887,
206,
48,
623,
241,
142,
252,
367,
214,
194,
214,
72,
150,
222,
487,
38,
507,
202,
184,
746,
465,
169,
322,
450,
580,
588,
206,
207,
132,
232,
210,
100,
167,
576,
97,
199,
153,
217,
1534,
166,
167,
233,
203,
186,
511,
213,
1176,
166,
920,
436,
185,
203,
530,
434,
493,
671,
828,
585,
1186,
750,
178,
162,
730,
670,
896,
449,
511,
446,
1194,
161,
454,
410,
794,
486,
379,
402,
1617,
1049,
160,
442,
57,
488,
538,
344,
302,
159,
614,
176,
322,
1181,
448,
1190,
283,
284,
224,
146,
291,
677,
824,
147,
777,
154,
151,
128,
175,
1202,
511,
144,
1158,
154,
1154,
1182,
1176,
561,
1195,
1175,
115,
1067,
121,
148,
1183,
1188,
1169,
264,
147,
1177,
146,
1176,
492,
350,
421,
602,
598,
1039,
474,
410,
1036,
210,
462,
621,
1031,
573,
132,
1026,
89,
422,
418,
1036,
419,
466,
180,
559,
1016,
141,
392,
434,
420,
1033,
1029,
414,
139,
1028,
103,
138,
384,
1026,
383,
109,
137,
348,
101,
132,
402,
188,
98,
802,
280,
112,
151,
269,
1168,
51,
389,
126,
98,
1553,
478,
569,
771,
566,
461,
1653,
36,
159,
296,
1591,
552,
421,
533,
38,
448,
81,
1528,
236,
193,
645,
343,
1462,
332,
604,
1266,
881,
40,
39,
759,
1053,
91,
763,
85,
83,
985,
588,
1404,
70,
38,
104,
654,
751,
456,
84,
433,
1403,
97,
182,
571,
399,
954,
42,
363,
59,
500,
851,
471,
940,
680,
1674,
460,
224,
433,
509,
371,
981,
374,
814,
359,
451,
58,
214,
603,
452,
283,
833,
423,
439,
305,
37,
452,
1634,
328,
535,
951,
375,
209,
533,
361,
862,
402,
850,
353,
384,
204,
698,
263,
263,
271,
169,
231,
1588,
178,
1251,
227,
421,
680,
1650,
101,
215,
391,
324,
598,
252,
209,
760,
151,
321,
1144,
458,
112,
502,
293,
306,
1699,
1162,
494,
288,
97,
491,
280,
561,
147,
226,
489,
783,
634,
373,
134,
530,
750,
543,
836,
401,
632,
634,
482,
323,
599,
1676,
1455,
383,
812,
547,
999,
746,
764,
742,
962,
768,
468,
40,
753,
427,
440,
753,
918,
544,
1634,
1565,
435,
491,
1508,
703,
43,
422,
393,
1565,
473,
110,
663,
1563,
345,
539,
1087,
39,
985,
153,
316,
346,
393,
1330,
337,
196,
273,
224,
39,
585,
363,
870,
333,
1339,
1280,
371,
307,
164,
151,
196,
416,
202,
1298,
596,
394,
250,
486,
580,
1120,
1509,
1518,
306,
239,
133,
