35,
34,
46,
64,
69,
80,
68,
43,
68,
77,
45,
43,
65,
96,
53,
84,
46,
44,
116,
115,
44,
78,
117,
85,
39,
112,
128,
95,
121,
98,
30,
121,
126,
90,
125,
113,
110,
134,
120,
113,
88,
82,
146,
32,
148,
120,
76,
154,
148,
139,
134,
62,
117,
126,
133,
149,
46,
141,
121,
42,
107,
37,
155,
35,
106,
139,
121,
76,
113,
119,
155,
126,
154,
38,
149,
136,
78,
37,
148,
128,
75,
127,
160,
129,
141,
138,
121,
161,
124,
142,
116,
150,
141,
114,
174,
155,
123,
150,
131,
182,
95,
115,
182,
99,
48,
37,
183,
134,
124,
128,
96,
115,
171,
152,
79,
127,
168,
126,
127,
107,
119,
122,
67,
182,
36,
184,
147,
68,
198,
187,
148,
97,
159,
35,
178,
193,
140,
122,
139,
196,
117,
199,
122,
40,
205,
180,
152,
184,
163,
181,
180,
143,
161,
46,
180,
164,
45,
75,
138,
131,
151,
81,
216,
82,
198,
137,
208,
190,
37,
170,
180,
181,
131,
154,
158,
182,
150,
174,
134,
114,
217,
190,
160,
126,
231,
198,
49,
33,
212,
128,
161,
207,
76,
198,
209,
206,
242,
66,
151,
109,
95,
180,
222,
209,
189,
176,
43,
37,
232,
128,
66,
214,
239,
207,
193,
119,
38,
189,
238,
197,
194,
216,
190,
38,
261,
184,
196,
166,
239,
249,
161,
190,
171,
199,
146,
177,
192,
224,
211,
66,
260,
150,
150,
199,
180,
238,
239,
179,
224,
184,
232,
217,
141,
200,
184,
241,
252,
190,
165,
238,
155,
106,
194,
183,
138,
168,
177,
162,
172,
184,
166,
249,
247,
197,
239,
139,
273,
177,
122,
261,
35,
272,
217,
150,
246,
194,
139,
186,
260,
149,
147,
43,
209,
240,
171,
216,
200,
140,
162,
144,
175,
169,
208,
123,
204,
147,
195,
127,
180,
127,
114,
152,
172,
118,
130,
166,
169,
135,
253,
219,
188,
209,
187,
230,
59,
162,
64,
245,
184,
187,
175,
204,
163,
168,
217,
191,
128,
166,
189,
205,
162,
228,
36,
43,
227,
242,
166,
190,
182,
194,
226,
158,
41,
154,
136,
30,
237,
128,
195,
159,
154,
138,
237,
124,
219,
173,
183,
169,
215,
167,
247,
187,
191,
163,
212,
141,
205,
261,
108,
165,
147,
237,
256,
190,
159,
146,
242,
140,
250,
246,
131,
199,
176,
232,
228,
93,
149,
183,
199,
85,
143,
191,
180,
113,
219,
85,
46,
182,
324,
209,
163,
181,
90,
154,
175,
143,
191,
89,
333,
222,
190,
130,
282,
161,
269,
45,
154,
299,
129,
216,
40,
144,
226,
296,
197,
134,
157,
210,
53,
174,
307,
156,
127,
160,
117,
179,
43,
291,
50,
226,
185,
142,
38,
59,
161,
184,
51,
172,
37,
173,
299,
129,
267,
263,
166,
254,
160,
31,
77,
260,
227,
310,
297,
204,
211,
162,
204,
197,
33,
161,
337,
189,
146,
158,
45,
102,
146,
251,
155,
102,
336,
162,
39,
124,
147,
309,
348,
97,
324,
313,
211,
366,
116,
307,
239,
275,
99,
106,
304,
34,
319,
223,
248,
285,
221,
151,
294,
141,
225,
202,
169,
347,
342,
182,
192,
175,
227,
186,
42,
166,
244,
171,
192,
164,
41,
332,
143,
34,
207,
128,
205,
113,
132,
137,
270,
274,
145,
320,
145,
175,
180,
301,
153,
117,
265,
176,
241,
143,
35,
39,
141,
161,
250,
269,
199,
259,
139,
124,
161,
210,
132,
154,
243,
146,
323,
299,
229,
193,
298,
341,
223,
221,
45,
155,
235,
32,
48,
165,
329,
154,
31,
318,
229,
354,
273,
40,
183,
243,
95,
235,
32,
127,
271,
93,
279,
163,
267,
297,
244,
226,
164,
150,
160,
137,
215,
122,
229,
98,
345,
281,
93,
121,
214,
203,
213,
181,
359,
301,
251,
252,
209,
172,
304,
214,
102,
121,
198,
260,
281,
189,
88,
175,
35,
197,
229,
188,
262,
247,
257,
291,
183,
250,
262,
162,
262,
178,
229,
296,
242,
62,
39,
241,
286,
196,
240,
183,
46,
266,
163,
45,
201,
207,
253,
178,
164,
149,
182,
174,
189,
199,
174,
345,
274,
255,
241,
181,
288,
166,
185,
221,
246,
172,
44,
187,
239,
153,
237,
141,
231,
145,
222,
143,
308,
169,
144,
168,
345,
176,
210,
143,
207,
344,
209,
45,
212,
183,
245,
192,
149,
43,
172,
304,
203,
254,
159,
204,
220,
138,
145,
201,
154,
152,
216,
159,
175,
153,
199,
318,
135,
109,
126,
283,
340,
108,
120,
215,
351,
159,
252,
289,
209,
204,
339,
114,
185,
113,
330,
106,
184,
145,
123,
119,
341,
118,
111,
141,
163,
231,
148,
407,
185,
108,
357,
401,
237,
190,
113,
313,
74,
41,
101,
91,
349,
268,
147,
411,
216,
288,
167,
231,
172,
320,
261,
272,
291,
248,
320,
288,
145,
37,
386,
332,
277,
288,
209,
189,
47,
277,
319,
373,
165,
312,
273,
292,
40,
417,
436,
193,
254,
186,
235,
280,
265,
423,
111,
168,
304,
300,
296,
156,
232,
186,
153,
170,
275,
294,
152,
316,
240,
196,
220,
263,
293,
201,
280,
334,
316,
193,
180,
210,
262,
105,
351,
154,
95,
145,
255,
222,
333,
205,
280,
175,
228,
226,
193,
202,
252,
313,
181,
38,
158,
126,
440,
312,
208,
97,
254,
106,
358,
182,
94,
162,
132,
46,
126,
152,
385,
301,
270,
220,
351,
256,
383,
134,
381,
228,
125,
256,
227,
149,
34,
174,
96,
224,
88,
414,
368,
351,
43,
39,
244,
253,
186,
409,
255,
377,
216,
205,
281,
318,
449,
354,
206,
222,
76,
232,
462,
56,
104,
309,
398,
370,
250,
450,
233,
285,
143,
216,
468,
390,
385,
195,
56,
271,
194,
448,
231,
139,
194,
425,
289,
409,
126,
250,
326,
342,
188,
402,
209,
405,
191,
261,
36,
160,
45,
207,
181,
305,
190,
198,
171,
235,
369,
299,
412,
43,
184,
475,
361,
183,
260,
246,
409,
230,
165,
333,
414,
148,
297,
109,
189,
139,
282,
422,
429,
176,
133,
436,
350,
392,
378,
211,
306,
94,
92,
88,
332,
222,
281,
161,
159,
274,
248,
490,
277,
439,
398,
249,
299,
174,
312,
308,
182,
234,
225,
348,
190,
387,
169,
245,
316,
147,
143,
290,
303,
163,
226,
192,
160,
281,
163,
324,
204,
424,
512,
274,
43,
259,
39,
260,
401,
431,
437,
181,
240,
221,
149,
362,
121,
454,
175,
40,
286,
196,
229,
150,
243,
183,
500,
437,
194,
303,
271,
288,
414,
306,
469,
114,
506,
227,
42,
403,
312,
180,
148,
193,
154,
323,
399,
160,
50,
198,
126,
150,
276,
47,
128,
117,
100,
44,
92,
269,
342,
40,
363,
258,
328,
253,
482,
238,
365,
202,
289,
248,
245,
339,
278,
72,
170,
122,
71,
68,
295,
242,
299,
169,
223,
298,
181,
309,
195,
271,
417,
297,
40,
272,
173,
102,
197,
260,
210,
323,
305,
189,
336,
230,
184,
176,
368,
547,
157,
136,
60,
307,
256,
352,
425,
289,
137,
280,
400,
428,
221,
182,
284,
204,
73,
273,
124,
276,
238,
423,
182,
304,
252,
272,
121,
121,
64,
280,
277,
270,
237,
244,
140,
421,
237,
208,
439,
311,
254,
199,
347,
263,
209,
273,
408,
66,
241,
256,
243,
158,
436,
254,
261,
413,
96,
227,
416,
225,
187,
159,
34,
149,
286,
396,
32,
233,
261,
90,
222,
254,
156,
179,
209,
411,
372,
246,
213,
198,
80,
339,
176,
201,
246,
70,
192,
307,
161,
211,
172,
278,
406,
247,
195,
163,
40,
415,
78,
140,
207,
211,
196,
177,
101,
443,
152,
286,
421,
233,
194,
245,
393,
166,
423,
156,
240,
376,
227,
237,
298,
345,
166,
204,
43,
330,
175,
384,
395,
229,
311,
214,
402,
175,
277,
259,
239,
388,
224,
299,
362,
355,
190,
311,
381,
394,
349,
236,
390,
223,
156,
176,
180,
338,
286,
373,
353,
347,
217,
277,
252,
243,
258,
356,
369,
43,
173,
194,
348,
284,
299,
236,
210,
241,
186,
248,
359,
211,
309,
245,
225,
540,
301,
445,
39,
278,
526,
195,
360,
219,
197,
292,
319,
286,
256,
301,
195,
240,
295,
220,
179,
238,
245,
270,
521,
284,
242,
239,
170,
429,
215,
46,
131,
231,
209,
171,
315,
383,
201,
226,
241,
289,
359,
134,
145,
311,
149,
137,
105,
126,
387,
196,
123,
468,
208,
313,
183,
143,
312,
174,
213,
302,
164,
461,
244,
33,
120,
392,
44,
210,
234,
457,
176,
193,
332,
41,
387,
290,
101,
173,
172,
190,
196,
191,
349,
177,
311,
245,
353,
149,
313,
337,
134,
498,
198,
217,
363,
443,
169,
264,
338,
225,
459,
33,
413,
237,
286,
325,
171,
91,
143,
472,
360,
634,
93,
92,
35,
430,
199,
537,
388,
279,
178,
254,
175,
530,
414,
83,
135,
149,
113,
65,
256,
108,
39,
419,
64,
230,
169,
377,
265,
45,
203,
294,
411,
207,
184,
341,
89,
165,
620,
145,
182,
376,
37,
278,
161,
563,
138,
379,
47,
36,
539,
192,
73,
314,
32,
364,
121,
545,
195,
482,
514,
353,
171,
500,
241,
41,
182,
35,
459,
228,
48,
453,
242,
36,
337,
197,
193,
237,
464,
334,
316,
457,
155,
485,
39,
166,
325,
163,
415,
317,
278,
74,
276,
37,
355,
404,
234,
48,
519,
79,
58,
47,
57,
267,
248,
72,
395,
43,
66,
230,
71,
48,
199,
372,
517,
96,
34,
373,
515,
189,
360,
283,
41,
190,
350,
388,
209,
90,
190,
140,
315,
286,
224,
278,
507,
83,
318,
499,
175,
148,
478,
309,
184,
413,
212,
485,
559,
207,
251,
493,
205,
202,
112,
83,
45,
288,
265,
511,
262,
250,
239,
40,
239,
288,
192,
73,
36,
423,
70,
208,
361,
289,
427,
38,
263,
444,
257,
278,
48,
36,
213,
41,
366,
52,
333,
147,
49,
218,
360,
378,
206,
225,
249,
358,
324,
194,
227,
106,
389,
455,
280,
462,
331,
317,
190,
329,
38,
282,
306,
401,
225,
382,
201,
250,
338,
249,
215,
34,
46,
188,
344,
440,
214,
272,
303,
331,
163,
291,
288,
314,
342,
408,
237,
202,
201,
195,
169,
268,
315,
217,
213,
314,
231,
465,
412,
194,
239,
448,
225,
144,
190,
225,
221,
171,
244,
41,
202,
437,
255,
184,
197,
362,
41,
280,
395,
283,
156,
454,
256,
213,
324,
321,
275,
181,
232,
251,
235,
209,
249,
309,
156,
476,
265,
211,
316,
265,
155,
185,
319,
35,
141,
222,
455,
140,
184,
267,
183,
228,
330,
268,
36,
453,
246,
129,
156,
178,
281,
185,
209,
307,
218,
179,
231,
240,
187,
268,
178,
204,
121,
71,
253,
442,
102,
267,
196,
265,
94,
217,
204,
229,
214,
223,
184,
276,
428,
197,
231,
137,
177,
398,
215,
289,
200,
362,
302,
207,
206,
354,
203,
236,
268,
32,
200,
211,
205,
168,
214,
171,
450,
162,
39,
228,
245,
185,
226,
217,
41,
171,
198,
420,
221,
234,
162,
280,
172,
133,
446,
319,
409,
293,
181,
256,
392,
244,
163,
277,
310,
421,
317,
357,
426,
150,
184,
85,
33,
206,
242,
409,
148,
222,
141,
219,
297,
284,
602,
197,
244,
441,
228,
308,
360,
43,
41,
274,
244,
319,
111,
161,
301,
445,
614,
504,
361,
183,
51,
91,
431,
334,
295,
206,
244,
327,
44,
191,
204,
167,
41,
313,
112,
178,
410,
198,
253,
330,
239,
177,
343,
180,
46,
198,
225,
280,
147,
80,
384,
269,
168,
188,
370,
129,
277,
351,
657,
49,
625,
50,
266,
359,
59,
75,
43,
67,
35,
313,
68,
361,
323,
539,
515,
34,
222,
305,
88,
157,
201,
232,
279,
116,
705,
133,
515,
664,
42,
529,
307,
36,
611,
294,
281,
183,
623,
262,
271,
83,
176,
609,
83,
477,
314,
75,
226,
580,
502,
181,
155,
182,
185,
567,
259,
288,
241,
32,
574,
222,
534,
638,
673,
481,
198,
57,
291,
672,
557,
557,
233,
465,
606,
40,
42,
501,
204,
525,
308,
217,
90,
536,
695,
199,
244,
491,
428,
259,
66,
200,
409,
43,
256,
92,
200,
270,
199,
706,
94,
645,
503,
579,
644,
310,
135,
167,
574,
581,
75,
257,
201,
308,
522,
197,
143,
95,
78,
454,
33,
297,
473,
468,
187,
152,
447,
441,
44,
485,
153,
366,
83,
86,
484,
152,
268,
357,
82,
421,
344,
454,
306,
122,
89,
41,
235,
272,
431,
37,
85,
72,
495,
186,
225,
179,
212,
413,
185,
189,
213,
406,
44,
208,
421,
324,
276,
114,
45,
318,
349,
271,
338,
425,
176,
211,
46,
305,
229,
362,
337,
417,
275,
235,
47,
280,
284,
284,
252,
276,
227,
329,
203,
344,
248,
293,
400,
245,
411,
416,
281,
242,
540,
301,
238,
374,
286,
279,
410,
329,
250,
386,
454,
380,
362,
351,
500,
387,
43,
428,
282,
291,
166,
254,
500,
326,
458,
166,
266,
44,
316,
209,
482,
224,
416,
208,
201,
252,
398,
220,
400,
225,
221,
301,
371,
455,
253,
379,
388,
315,
259,
386,
240,
343,
673,
324,
241,
205,
244,
354,
442,
657,
422,
575,
361,
233,
316,
354,
274,
255,
383,
246,
496,
260,
361,
391,
316,
543,
655,
247,
370,
354,
308,
221,
307,
315,
216,
216,
256,
257,
293,
441,
40,
353,
303,
443,
221,
339,
243,
330,
232,
504,
283,
239,
200,
274,
308,
440,
534,
266,
389,
195,
559,
318,
307,
169,
193,
264,
400,
263,
372,
358,
260,
241,
95,
226,
322,
649,
342,
265,
327,
575,
181,
567,
304,
88,
229,
403,
300,
297,
465,
319,
253,
309,
181,
330,
197,
228,
464,
309,
411,
571,
259,
296,
33,
582,
452,
336,
241,
228,
156,
328,
235,
581,
208,
81,
90,
246,
186,
330,
285,
102,
587,
283,
473,
215,
279,
278,
301,
59,
447,
466,
201,
253,
445,
54,
322,
286,
284,
208,
209,
513,
563,
603,
51,
48,
388,
283,
44,
548,
242,
441,
658,
549,
469,
84,
211,
411,
485,
474,
528,
404,
184,
42,
338,
403,
93,
328,
289,
41,
395,
561,
136,
336,
426,
214,
378,
343,
438,
136,
133,
545,
343,
335,
272,
540,
45,
516,
119,
41,
240,
430,
504,
374,
187,
396,
194,
530,
445,
676,
399,
135,
719,
552,
45,
360,
118,
469,
300,
292,
41,
358,
213,
303,
436,
792,
37,
284,
656,
119,
300,
798,
656,
320,
664,
334,
623,
46,
720,
266,
634,
662,
309,
601,
238,
607,
394,
283,
748,
266,
42,
280,
587,
277,
362,
232,
346,
692,
213,
582,
707,
445,
675,
222,
227,
130,
492,
269,
357,
295,
196,
63,
45,
183,
162,
266,
240,
243,
91,
136,
295,
550,
167,
48,
509,
278,
382,
47,
81,
489,
272,
244,
73,
287,
298,
370,
89,
130,
271,
197,
280,
239,
87,
162,
86,
493,
737,
49,
556,
350,
76,
306,
566,
529,
84,
312,
212,
289,
126,
487,
214,
233,
43,
274,
726,
39,
80,
286,
284,
76,
365,
261,
40,
278,
733,
73,
229,
187,
499,
395,
58,
531,
41,
188,
337,
180,
284,
165,
177,
150,
474,
172,
177,
513,
294,
41,
345,
616,
182,
228,
357,
552,
145,
437,
90,
200,
218,
34,
599,
522,
421,
509,
121,
158,
35,
757,
325,
341,
453,
594,
572,
545,
757,
151,
547,
664,
559,
541,
137,
752,
43,
411,
368,
147,
122,
497,
129,
274,
776,
93,
44,
91,
460,
397,
78,
375,
71,
37,
777,
434,
38,
485,
341,
79,
330,
43,
352,
428,
323,
737,
410,
299,
571,
407,
59,
382,
387,
100,
251,
63,
55,
577,
399,
326,
44,
605,
334,
83,
755,
818,
93,
584,
513,
328,
293,
360,
292,
345,
351,
819,
545,
595,
404,
257,
315,
606,
279,
293,
250,
291,
355,
402,
296,
334,
538,
44,
336,
422,
544,
316,
280,
305,
783,
485,
80,
271,
289,
320,
464,
273,
311,
837,
307,
37,
483,
240,
515,
792,
396,
75,
438,
359,
244,
479,
297,
579,
521,
232,
256,
324,
362,
341,
206,
319,
41,
319,
283,
402,
353,
345,
301,
625,
40,
216,
275,
389,
282,
233,
615,
274,
303,
256,
380,
414,
245,
269,
389,
309,
274,
376,
373,
255,
69,
329,
225,
407,
252,
270,
269,
247,
304,
80,
189,
311,
598,
317,
245,
219,
458,
409,
272,
218,
522,
266,
360,
247,
379,
488,
250,
300,
204,
411,
41,
237,
338,
163,
213,
193,
240,
261,
167,
319,
288,
528,
389,
216,
159,
395,
43,
279,
157,
379,
133,
478,
276,
374,
212,
129,
230,
326,
269,
380,
196,
264,
217,
691,
109,
661,
68,
332,
383,
161,
316,
424,
270,
295,
350,
79,
320,
659,
609,
46,
350,
190,
348,
43,
314,
497,
641,
256,
543,
303,
237,
293,
94,
442,
193,
807,
203,
175,
592,
38,
528,
344,
203,
677,
610,
547,
542,
387,
314,
257,
526,
234,
184,
267,
248,
230,
547,
222,
226,
599,
212,
258,
317,
344,
465,
397,
204,
494,
269,
424,
328,
161,
551,
443,
374,
316,
146,
188,
135,
83,
312,
176,
158,
354,
515,
345,
915,
169,
449,
357,
908,
539,
279,
268,
200,
850,
339,
440,
204,
529,
504,
258,
80,
507,
68,
503,
549,
837,
335,
224,
280,
45,
484,
98,
932,
303,
355,
535,
829,
342,
33,
316,
499,
825,
738,
138,
469,
440,
137,
164,
196,
414,
173,
574,
707,
121,
693,
845,
670,
203,
43,
101,
223,
961,
766,
294,
429,
288,
207,
695,
453,
833,
420,
212,
429,
520,
42,
263,
296,
249,
653,
120,
948,
548,
440,
292,
895,
274,
420,
531,
513,
127,
276,
469,
356,
412,
559,
143,
278,
144,
476,
504,
116,
274,
43,
403,
311,
123,
221,
391,
116,
560,
42,
504,
682,
43,
217,
539,
476,
354,
891,
442,
755,
485,
291,
531,
363,
396,
742,
543,
305,
287,
382,
66,
98,
342,
274,
369,
366,
557,
392,
906,
457,
44,
265,
489,
441,
487,
470,
798,
442,
477,
475,
299,
370,
367,
445,
95,
459,
403,
397,
306,
510,
179,
551,
362,
444,
320,
42,
443,
435,
455,
391,
318,
176,
278,
775,
384,
155,
263,
200,
258,
249,
199,
255,
145,
319,
47,
350,
310,
197,
45,
176,
447,
95,
825,
309,
383,
213,
334,
198,
298,
376,
132,
441,
381,
402,
835,
155,
189,
356,
844,
319,
187,
296,
302,
161,
325,
478,
123,
388,
175,
211,
332,
154,
115,
402,
192,
148,
174,
298,
82,
84,
128,
247,
78,
405,
40,
305,
299,
472,
495,
174,
488,
166,
463,
166,
432,
457,
124,
295,
419,
396,
373,
278,
268,
408,
44,
525,
131,
477,
252,
407,
365,
500,
115,
416,
688,
221,
234,
520,
400,
211,
177,
413,
244,
319,
417,
59,
408,
167,
322,
687,
372,
203,
317,
380,
189,
489,
306,
274,
335,
351,
264,
548,
611,
413,
84,
304,
621,
500,
86,
605,
387,
75,
330,
402,
547,
706,
77,
760,
482,
379,
477,
660,
694,
327,
484,
408,
620,
547,
313,
466,
496,
539,
333,
352,
696,
701,
246,
239,
363,
706,
396,
435,
223,
646,
670,
457,
471,
727,
450,
508,
266,
278,
383,
598,
610,
424,
707,
523,
704,
288,
218,
91,
627,
579,
478,
317,
521,
395,
648,
364,
420,
351,
347,
514,
312,
539,
587,
323,
517,
280,
489,
302,
659,
295,
404,
483,
224,
491,
457,
572,
551,
474,
326,
401,
1004,
316,
542,
451,
149,
339,
459,
1044,
549,
513,
582,
531,
411,
277,
159,
415,
591,
363,
142,
383,
575,
346,
538,
373,
350,
132,
435,
293,
401,
566,
363,
353,
302,
254,
415,
359,
558,
336,
386,
133,
543,
359,
309,
110,
427,
428,
458,
150,
308,
109,
381,
107,
660,
468,
337,
377,
362,
275,
308,
430,
1009,
561,
272,
280,
430,
122,
577,
422,
337,
102,
272,
235,
97,
700,
421,
421,
1028,
387,
84,
322,
344,
417,
417,
279,
337,
269,
95,
630,
296,
759,
996,
606,
519,
110,
196,
345,
420,
665,
486,
685,
960,
401,
86,
640,
230,
418,
838,
625,
273,
387,
558,
443,
175,
900,
348,
829,
317,
355,
414,
74,
299,
105,
618,
387,
369,
373,
357,
897,
479,
86,
982,
431,
72,
604,
301,
562,
421,
364,
592,
63,
648,
155,
81,
560,
574,
336,
54,
551,
529,
66,
617,
441,
259,
257,
330,
169,
428,
190,
651,
559,
130,
169,
487,
129,
435,
664,
472,
269,
182,
437,
495,
97,
77,
304,
737,
752,
259,
294,
264,
572,
424,
470,
255,
401,
291,
346,
369,
290,
425,
338,
399,
81,
278,
468,
677,
475,
282,
161,
278,
411,
281,
165,
214,
317,
160,
260,
404,
461,
178,
262,
155,
399,
260,
155,
160,
267,
151,
222,
301,
609,
235,
750,
152,
483,
240,
350,
145,
144,
253,
359,
296,
41,
414,
114,
248,
136,
116,
287,
209,
102,
104,
401,
227,
400,
447,
575,
439,
544,
393,
614,
45,
230,
562,
450,
365,
561,
565,
469,
444,
440,
395,
203,
502,
508,
499,
607,
379,
429,
409,
479,
511,
402,
631,
410,
432,
223,
464,
209,
411,
391,
74,
416,
187,
627,
380,
791,
452,
637,
386,
397,
443,
714,
362,
360,
315,
442,
157,
343,
376,
330,
730,
437,
249,
377,
357,
542,
755,
262,
69,
688,
194,
345,
531,
405,
588,
538,
323,
713,
287,
359,
315,
375,
693,
664,
277,
554,
704,
262,
520,
643,
236,
482,
561,
180,
800,
212,
647,
339,
397,
500,
479,
185,
748,
384,
389,
357,
637,
75,
665,
574,
796,
478,
652,
569,
673,
469,
707,
611,
499,
512,
417,
383,
579,
844,
415,
516,
487,
253,
398,
538,
736,
627,
792,
425,
212,
537,
762,
543,
1035,
381,
445,
361,
1031,
366,
646,
341,
725,
482,
344,
390,
765,
517,
670,
371,
552,
526,
606,
322,
479,
401,
517,
638,
518,
283,
468,
806,
572,
1028,
485,
691,
343,
345,
1121,
389,
705,
968,
269,
335,
403,
450,
550,
578,
382,
542,
640,
996,
401,
549,
390,
781,
384,
376,
573,
371,
320,
518,
387,
237,
317,
321,
225,
1148,
299,
319,
619,
378,
303,
356,
371,
650,
291,
318,
349,
498,
301,
639,
485,
314,
324,
328,
621,
357,
612,
294,
473,
227,
1209,
522,
293,
307,
764,
491,
411,
250,
264,
902,
447,
349,
1132,
426,
747,
355,
309,
321,
282,
559,
500,
1205,
321,
384,
1196,
325,
206,
151,
1202,
489,
200,
470,
748,
375,
153,
114,
477,
200,
231,
773,
304,
1196,
826,
148,
288,
175,
480,
205,
281,
178,
124,
204,
149,
208,
208,
181,
329,
429,
201,
73,
451,
533,
169,
191,
185,
222,
208,
171,
150,
166,
192,
137,
120,
530,
183,
529,
186,
341,
506,
513,
346,
137,
1088,
117,
115,
124,
547,
326,
249,
408,
325,
332,
111,
184,
292,
366,
492,
272,
106,
279,
355,
536,
211,
284,
156,
134,
201,
233,
73,
532,
105,
90,
514,
318,
229,
316,
571,
113,
368,
198,
184,
171,
200,
178,
198,
111,
552,
90,
176,
381,
439,
104,
142,
156,
90,
93,
564,
531,
680,
353,
93,
695,
500,
493,
564,
510,
638,
502,
517,
360,
485,
452,
935,
396,
426,
576,
500,
391,
420,
621,
386,
375,
366,
590,
812,
189,
203,
639,
477,
560,
365,
476,
372,
343,
391,
318,
326,
744,
408,
515,
1230,
582,
401,
1204,
490,
484,
479,
329,
607,
462,
77,
473,
541,
454,
479,
476,
440,
86,
392,
991,
328,
632,
82,
443,
944,
448,
454,
936,
1260,
711,
458,
639,
539,
707,
367,
552,
911,
719,
863,
556,
883,
436,
1087,
1251,
794,
494,
680,
879,
577,
790,
1163,
641,
423,
595,
879,
208,
1197,
702,
785,
607,
548,
453,
489,
514,
307,
434,
1197,
873,
571,
190,
460,
464,
404,
794,
865,
285,
431,
159,
424,
546,
534,
1044,
435,
499,
560,
267,
622,
274,
412,
266,
1119,
449,
846,
713,
471,
395,
305,
889,
655,
733,
480,
541,
387,
811,
279,
298,
192,
594,
790,
361,
453,
492,
189,
396,
447,
448,
296,
512,
293,
812,
597,
292,
290,
265,
483,
344,
259,
804,
605,
685,
455,
415,
288,
428,
262,
337,
304,
583,
962,
329,
281,
733,
329,
620,
353,
788,
1140,
596,
651,
457,
330,
956,
1070,
536,
1136,
273,
603,
156,
206,
277,
740,
903,
289,
633,
227,
921,
505,
585,
345,
561,
342,
670,
1114,
320,
536,
329,
273,
364,
563,
930,
330,
261,
921,
612,
826,
434,
337,
276,
230,
253,
310,
1266,
845,
741,
617,
248,
529,
580,
886,
241,
301,
808,
437,
214,
210,
1051,
646,
658,
234,
429,
959,
217,
494,
456,
223,
799,
649,
839,
853,
662,
204,
641,
712,
1141,
349,
691,
327,
1478,
513,
428,
200,
608,
441,
659,
422,
175,
678,
1107,
668,
967,
197,
485,
797,
704,
1092,
413,
701,
527,
628,
659,
522,
192,
360,
1520,
737,
187,
237,
203,
420,
488,
433,
190,
391,
199,
1221,
150,
194,
386,
138,
193,
322,
779,
135,
999,
126,
102,
1216,
509,
506,
83,
991,
169,
113,
1318,
481,
175,
1424,
436,
344,
78,
1394,
275,
789,
304,
1369,
87,
1303,
294,
179,
231,
397,
855,
751,
235,
734,
512,
416,
660,
468,
1387,
676,
633,
817,
986,
384,
390,
957,
980,
146,
977,
778,
1367,
970,
494,
222,
667,
1253,
384,
495,
468,
95,
453,
218,
589,
193,
333,
750,
510,
535,
85,
410,
72,
373,
247,
1004,
427,
688,
209,
522,
700,
583,
435,
462,
1037,
545,
401,
436,
492,
1024,
235,
657,
621,
614,
504,
975,
634,
717,
185,
620,
824,
690,
1045,
158,
456,
666,
545,
166,
436,
719,
686,
362,
343,
733,
379,
224,
885,
339,
378,
523,
436,
412,
753,
359,
98,
512,
709,
698,
519,
374,
402,
129,
144,
898,
307,
137,
301,
95,
421,
185,
408,
1057,
529,
987,
885,
137,
459,
484,
894,
461,
1284,
472,
1063,
711,
365,
233,
880,
379,
140,
899,
1346,
340,
182,
960,
746,
553,
1326,
451,
636,
1067,
553,
398,
531,
854,
140,
349,
742,
808,
702,
410,
438,
1041,
996,
676,
1290,
1012,
421,
132,
482,
361,
805,
435,
606,
466,
804,
971,
379,
386,
429,
509,
446,
1338,
445,
74,
866,
973,
333,
674,
751,
801,
1261,
1228,
733,
788,
725,
783,
1007,
1287,
308,
618,
749,
965,
701,
504,
1134,
511,
1321,
243,
747,
596,
594,
1028,
495,
270,
411,
719,
1282,
554,
558,
712,
444,
450,
573,
666,
769,
693,
823,
222,
396,
934,
937,
356,
958,
818,
940,
951,
785,
393,
401,
732,
235,
924,
646,
504,
279,
412,
1422,
239,
538,
578,
897,
728,
435,
936,
652,
555,
416,
363,
967,
344,
362,
666,
507,
395,
802,
626,
903,
548,
346,
812,
799,
674,
1236,
323,
703,
895,
681,
315,
573,
1120,
783,
539,
772,
285,
933,
1083,
343,
780,
455,
340,
343,
498,
371,
461,
323,
586,
557,
811,
742,
628,
627,
308,
436,
1422,
515,
876,
799,
532,
357,
1095,
887,
492,
511,
370,
363,
961,
937,
791,
274,
507,
883,
836,
381,
493,
661,
226,
504,
556,
225,
332,
346,
521,
327,
306,
243,
218,
157,
188,
335,
306,
92,
286,
143,
217,
99,
491,
431,
829,
620,
438,
405,
437,
431,
95,
295,
521,
597,
603,
247,
649,
272,
640,
667,
481,
538,
323,
697,
456,
832,
552,
994,
435,
527,
617,
860,
476,
598,
439,
499,
477,
251,
428,
593,
410,
1296,
296,
83,
708,
853,
866,
725,
304,
283,
79,
336,
83,
339,
430,
449,
275,
391,
268,
215,
354,
863,
345,
1392,
330,
1008,
995,
330,
218,
354,
812,
327,
1100,
492,
1036,
229,
1070,
621,
933,
1048,
440,
1052,
440,
1041,
241,
884,
310,
919,
596,
166,
1041,
146,
360,
471,
1040,
927,
443,
110,
883,
986,
99,
291,
289,
979,
619,
307,
303,
92,
1131,
277,
78,
976,
268,
1222,
1116,
273,
926,
867,
224,
1424,
604,
268,
587,
895,
263,
485,
877,
484,
861,
861,
465,
853,
692,
1484,
496,
1476,
665,
427,
1067,
346,
977,
973,
1118,
388,
490,
342,
487,
598,
367,
1431,
1006,
882,
520,
869,
137,
519,
1003,
846,
499,
853,
327,
858,
1560,
1057,
305,
1081,
1557,
845,
675,
1054,
850,
1119,
890,
758,
137,
1570,
644,
446,
462,
734,
404,
999,
200,
422,
666,
764,
889,
890,
1529,
1063,
85,
752,
943,
639,
968,
494,
386,
1540,
601,
822,
606,
475,
367,
420,
959,
626,
790,
333,
909,
754,
570,
367,
1370,
678,
682,
753,
716,
1193,
788,
430,
1020,
700,
709,
437,
639,
452,
631,
1004,
844,
815,
1162,
713,
796,
726,
922,
850,
925,
861,
711,
1039,
886,
426,
784,
449,
787,
783,
646,
409,
886,
548,
779,
1086,
645,
756,
308,
711,
473,
1041,
262,
930,
351,
592,
734,
370,
682,
837,
363,
1156,
1012,
897,
337,
1574,
942,
402,
277,
1028,
891,
729,
937,
738,
942,
830,
722,
370,
1178,
891,
391,
836,
618,
390,
545,
1068,
750,
777,
285,
579,
352,
376,
368,
403,
522,
349,
609,
979,
396,
171,
392,
988,
604,
857,
270,
477,
892,
379,
755,
684,
523,
462,
750,
851,
943,
402,
372,
173,
1070,
421,
380,
210,
594,
684,
1005,
364,
356,
1132,
994,
192,
567,
1097,
562,
572,
753,
349,
1403,
341,
1562,
199,
54,
336,
562,
568,
1600,
636,
325,
519,
181,
123,
1489,
560,
138,
367,
554,
638,
327,
566,
784,
363,
522,
94,
384,
561,
325,
125,
750,
87,
540,
201,
519,
209,
786,
544,
660,
247,
504,
428,
534,
641,
190,
576,
1625,
185,
87,
428,
269,
510,
181,
161,
180,
193,
1553,
188,
530,
963,
413,
154,
759,
830,
44,
779,
905,
37,
784,
821,
457,
336,
681,
601,
658,
441,
142,
439,
358,
1526,
401,
691,
1235,
38,
174,
526,
395,
261,
388,
561,
368,
816,
402,
281,
374,
894,
86,
271,
419,
1471,
75,
365,
587,
1224,
1145,
341,
1000,
774,
549,
1027,
872,
85,
1445,
1200,
1336,
971,
1048,
838,
70,
1585,
1062,
536,
776,
251,
864,
1455,
1526,
1629,
1365,
825,
560,
1617,
1088,
1219,
248,
766,
934,
1437,
1377,
1062,
923,
791,
1046,
738,
867,
453,
1246,
597,
826,
588,
481,
1651,
481,
502,
1077,
653,
625,
852,
468,
379,
285,
665,
804,
1118,
186,
193,
670,
463,
224,
1011,
1634,
335,
1647,
655,
1508,
154,
223,
1500,
532,
355,
529,
857,
842,
199,
1624,
296,
152,
626,
531,
535,
542,
498,
232,
403,
94,
137,
843,
541,
1480,
478,
118,
78,
510,
618,
445,
541,
475,
395,
445,
375,
379,
354,
489,
731,
1655,
670,
1650,
533,
1655,
1675,
511,
696,
492,
297,
351,
539,
1500,
1484,
80,
351,
488,
457,
501,
485,
483,
342,
1508,
110,
341,
99,
650,
157,
156,
107,
73,
341,
204,
315,
1692,
100,
457,
941,
296,
314,
595,
441,
420,
110,
1680,
421,
109,
552,
281,
586,
728,
1683,
812,
540,
983,
683,
1673,
1092,
869,
527,
990,
520,
602,
486,
597,
462,
441,
695,
598,
1667,
919,
597,
817,
937,
422,
902,
1199,
983,
810,
557,
348,
186,
356,
593,
335,
1069,
592,
497,
465,
388,
329,
933,
1238,
1675,
185,
1103,
738,
906,
590,
382,
349,
884,
1127,
1130,
1152,
917,
1713,
824,
647,
197,
182,
641,
395,
967,
701,
584,
172,
1742,
583,
517,
406,
469,
1171,
673,
330,
190,
176,
831,
961,
1158,
1125,
151,
274,
538,
164,
873,
945,
418,
171,
576,
1943,
162,
758,
1131,
821,
130,
1803,
1171,
1120,
518,
1218,
654,
983,
359,
954,
625,
539,
1079,
837,
689,
1208,
1540,
982,
1194,
151,
520,
436,
1192,
1212,
530,
978,
131,
553,
698,
1227,
1208,
483,
810,
513,
1132,
978,
146,
176,
682,
537,
1775,
1196,
977,
121,
522,
202,
131,
512,
1159,
678,
114,
1148,
785,
977,
674,
1177,
814,
523,
1817,
972,
114,
559,
827,
471,
538,
1372,
110,
398,
455,
540,
771,
1696,
1212,
362,
1604,
489,
102,
751,
694,
552,
916,
209,
100,
786,
106,
766,
496,
1348,
96,
348,
486,
642,
409,
389,
479,
164,
865,
74,
474,
1731,
698,
454,
472,
696,
156,
287,
73,
86,
331,
539,
1535,
1515,
695,
353,
1373,
132,
1232,
1562,
729,
1215,
104,
866,
211,
68,
402,
1436,
1443,
1471,
1420,
88,
42,
551,
1677,
1109,
703,
1433,
83,
204,
1166,
1525,
196,
615,
1660,
1639,
1112,
1143,
45,
585,
1507,
274,
1192,
44,
729,
43,
1566,
1127,
218,
349,
630,
641,
263,
371,
1549,
810,
468,
469,
460,
462,
1533,
325,
995,
314,
225,
1404,
288,
291,
1148,
543,
296,
1440,
231,
1252,
1174,
377,
501,
203,
1525,
201,
414,
1160,
553,
76,
311,
1621,
473,
1515,
550,
471,
453,
988,
1474,
405,
1156,
43,
195,
227,
372,
1360,
1792,
600,
551,
211,
202,
159,
1796,
1260,
1203,
142,
197,
191,
442,
469,
151,
1230,
1105,
119,
549,
1128,
917,
548,
140,
326,
1175,
1593,
1822,
437,
82,
1203,
453,
543,
256,
271,
337,
263,
247,
320,
253,
542,
559,
225,
244,
1841,
270,
256,
248,
1767,
1063,
164,
244,
893,
211,
581,
85,
766,
538,
526,
756,
526,
924,
755,
525,
536,
754,
490,
514,
747,
1766,
743,
1765,
742,
465,
481,
1188,
334,
219,
1170,
1168,
1754,
1816,
1222,
1345,
1545,
1734,
1835,
1365,
1265,
1263,
292,
1587,
1273,
956,
1294,
1252,
1307,
826,
1538,
1086,
1296,
1245,
1522,
1552,
1285,
1352,
740,
1200,
78,
1222,
838,
1187,
810,
842,
494,
1419,
193,
1174,
1217,
1289,
812,
558,
826,
481,
1203,
714,
641,
825,
810,
516,
637,
1158,
1326,
565,
819,
1159,
1151,
528,
1341,
1133,
816,
703,
1916,
812,
692,
581,
506,
801,
1045,
553,
1313,
245,
792,
530,
805,
240,
1178,
1263,
1229,
519,
1947,
1974,
1318,
1304,
801,
1199,
173,
1616,
588,
947,
1319,
1407,
789,
1808,
511,
910,
1195,
855,
899,
475,
144,
515,
243,
616,
1318,
509,
1196,
753,
504,
1319,
137,
464,
949,
897,
603,
794,
509,
1164,
411,
418,
401,
948,
518,
139,
411,
445,
1800,
419,
139,
1233,
454,
1804,
382,
372,
1210,
137,
798,
338,
323,
207,
1542,
789,
514,
135,
138,
486,
141,
936,
521,
505,
677,
257,
822,
1572,
135,
492,
791,
256,
568,
1362,
237,
134,
867,
375,
356,
99,
1293,
535,
513,
1964,
130,
1226,
763,
355,
887,
128,
1784,
412,
525,
1303,
617,
532,
127,
355,
1335,
1313,
1521,
1602,
124,
1359,
554,
366,
852,
926,
1226,
94,
355,
124,
849,
101,
89,
1146,
121,
530,
909,
87,
537,
901,
549,
51,
1409,
112,
350,
105,
167,
48,
154,
298,
101,
473,
49,
105,
857,
807,
61,
337,
497,
530,
330,
77,
60,
367,
72,
382,
53,
314,
931,
709,
289,
86,
702,
1359,
701,
790,
371,
615,
495,
560,
1675,
1277,
697,
836,
372,
1252,
1172,
239,
584,
371,
1351,
788,
1151,
696,
1513,
837,
589,
530,
608,
837,
369,
1385,
496,
696,
1577,
366,
898,
78,
692,
357,
367,
494,
619,
363,
468,
563,
491,
444,
550,
1588,
369,
729,
522,
355,
698,
620,
311,
284,
697,
612,
283,
696,
456,
885,
638,
397,
584,
296,
348,
501,
1498,
441,
563,
1957,
349,
288,
1262,
77,
283,
425,
573,
425,
356,
1255,
463,
188,
832,
876,
1991,
1849,
1974,
1951,
486,
1958,
483,
1674,
538,
482,
1404,
1463,
1246,
279,
329,
228,
1821,
451,
1434,
284,
1808,
264,
1756,
500,
388,
1255,
668,
419,
130,
2048,
351,
274,
1113,
1962,
398,
599,
1823,
835,
1050,
1955,
591,
429,
437,
881,
232,
405,
646,
167,
385,
541,
1555,
908,
486,
384,
955,
226,
1781,
153,
889,
169,
578,
1179,
440,
1170,
658,
568,
565,
940,
2072,
1608,
912,
559,
549,
1282,
998,
212,
1181,
1689,
632,
213,
1275,
1075,
184,
401,
337,
1117,
216,
95,
1153,
144,
1611,
1240,
254,
1566,
1220,
340,
631,
211,
1180,
1008,
312,
248,
200,
1018,
638,
575,
1146,
95,
194,
130,
1279,
1010,
130,
550,
338,
441,
94,
1028,
1543,
436,
401,
1386,
1367,
1349,
561,
1543,
1251,
1353,
1526,
2118,
913,
741,
1048,
367,
476,
509,
455,
713,
363,
700,
451,
1388,
584,
362,
925,
694,
1276,
1628,
699,
1266,
1975,
473,
998,
483,
186,
348,
623,
179,
1326,
1437,
514,
374,
178,
689,
500,
432,
1557,
151,
497,
713,
988,
493,
712,
1641,
1431,
643,
452,
1633,
624,
457,
406,
1569,
1624,
1267,
1272,
1600,
402,
722,
1505,
1255,
125,
1209,
918,
371,
1247,
363,
637,
713,
702,
695,
263,
740,
348,
1389,
403,
664,
591,
736,
342,
327,
120,
402,
577,
770,
736,
1216,
682,
1009,
401,
1665,
571,
695,
726,
493,
370,
401,
1019,
1430,
117,
1051,
612,
259,
1673,
112,
1221,
380,
750,
612,
743,
105,
1529,
111,
590,
1291,
233,
282,
599,
1064,
998,
110,
873,
1135,
882,
760,
570,
582,
731,
748,
558,
289,
1922,
742,
1422,
234,
1195,
702,
483,
1147,
105,
1757,
630,
1200,
1555,
570,
1047,
576,
1124,
102,
392,
716,
704,
98,
401,
1735,
1430,
713,
1367,
603,
393,
99,
581,
1479,
320,
1056,
40,
208,
636,
83,
612,
1655,
573,
314,
584,
1052,
461,
1138,
1199,
566,
412,
136,
1271,
369,
155,
1649,
428,
557,
1436,
384,
139,
1551,
371,
474,
730,
97,
2100,
639,
307,
300,
1475,
79,
1287,
96,
476,
322,
319,
1459,
1219,
730,
1472,
349,
797,
514,
1232,
1360,
1316,
341,
506,
1139,
268,
1438,
1402,
1383,
486,
2166,
303,
40,
244,
297,
1240,
301,
524,
514,
691,
1076,
292,
269,
290,
273,
516,
2073,
806,
898,
651,
2014,
684,
1250,
2001,
281,
422,
382,
288,
276,
367,
1427,
300,
2110,
628,
366,
80,
268,
78,
1638,
452,
507,
279,
835,
532,
486,
564,
270,
240,
1265,
1107,
491,
322,
248,
1746,
687,
1172,
293,
501,
483,
1298,
74,
78,
302,
464,
700,
2188,
323,
1280,
1262,
241,
920,
2144,
471,
134,
1132,
2006,
310,
1252,
1236,
2122,
1121,
1643,
611,
279,
871,
615,
830,
1235,
1579,
1446,
310,
1569,
500,
478,
2106,
2112,
1235,
786,
1583,
326,
240,
476,
662,
2035,
675,
798,
686,
704,
1167,
1371,
707,
785,
414,
699,
725,
332,
1310,
740,
1065,
668,
592,
151,
727,
681,
688,
2139,
690,
583,
677,
147,
668,
651,
365,
582,
183,
197,
147,
372,
264,
741,
332,
431,
112,
273,
658,
255,
324,
626,
289,
266,
644,
633,
1726,
86,
304,
230,
1679,
92,
1665,
2207,
609,
2206,
2203,
1110,
83,
731,
857,
688,
695,
791,
658,
536,
509,
526,
1411,
613,
1182,
799,
85,
556,
1811,
1404,
855,
782,
871,
874,
853,
810,
882,
782,
694,
751,
1428,
507,
629,
708,
801,
630,
788,
621,
187,
823,
654,
647,
475,
771,
436,
755,
869,
802,
1163,
477,
184,
849,
191,
352,
565,
153,
183,
720,
169,
577,
358,
478,
330,
1393,
1220,
752,
776,
1235,
394,
631,
475,
1243,
360,
787,
801,
722,
724,
1396,
1589,
416,
680,
2250,
1071,
143,
1046,
765,
358,
1123,
147,
331,
749,
742,
329,
745,
1242,
664,
1461,
917,
409,
596,
1174,
143,
945,
1711,
922,
307,
268,
1373,
1363,
919,
367,
1614,
403,
433,
779,
751,
131,
477,
753,
326,
747,
417,
266,
291,
721,
1376,
432,
388,
364,
274,
383,
439,
438,
298,
777,
127,
1314,
424,
345,
698,
340,
401,
366,
306,
482,
413,
409,
388,
299,
262,
1358,
662,
1394,
117,
435,
284,
384,
115,
421,
289,
403,
762,
482,
419,
365,
692,
761,
729,
631,
1842,
1430,
712,
116,
722,
996,
1678,
761,
105,
2083,
256,
663,
290,
635,
1406,
1435,
698,
679,
645,
751,
690,
837,
1211,
541,
320,
1231,
688,
1422,
965,
524,
1284,
414,
470,
384,
45,
766,
389,
1596,
558,
2268,
382,
447,
2078,
672,
1005,
252,
590,
1603,
557,
440,
457,
438,
302,
1456,
423,
437,
1229,
421,
198,
185,
881,
427,
36,
470,
292,
627,
418,
437,
1648,
1239,
1501,
686,
549,
231,
158,
1525,
2004,
395,
569,
154,
452,
595,
439,
447,
1683,
430,
149,
477,
139,
1546,
419,
134,
1314,
584,
380,
449,
38,
446,
281,
970,
343,
120,
99,
319,
484,
458,
36,
1566,
1544,
1578,
718,
1575,
1393,
445,
77,
1390,
1573,
1419,
1544,
1391,
466,
1077,
77,
121,
118,
1634,
731,
746,
510,
1157,
758,
720,
1562,
462,
1585,
532,
2237,
748,
472,
460,
719,
804,
486,
209,
223,
133,
745,
1212,
177,
1542,
180,
1233,
148,
109,
1427,
1270,
1222,
75,
1208,
1215,
1212,
389,
385,
1194,
1212,
379,
364,
213,
212,
1905,
1892,
1812,
1891,
305,
288,
73,
682,
775,
763,
583,
280,
1528,
1534,
214,
688,
876,
1552,
1123,
1499,
265,
1157,
1780,
178,
817,
1767,
714,
577,
198,
265,
1584,
790,
166,
565,
665,
596,
189,
558,
1439,
554,
633,
239,
617,
453,
1541,
1031,
547,
827,
749,
598,
150,
452,
477,
596,
450,
447,
545,
585,
631,
816,
174,
442,
440,
610,
565,
145,
584,
574,
447,
507,
1666,
365,
571,
567,
145,
139,
534,
360,
161,
1490,
603,
385,
144,
1483,
622,
876,
254,
357,
1600,
328,
347,
160,
613,
1291,
270,
527,
573,
735,
1429,
138,
388,
1418,
664,
780,
185,
429,
811,
321,
597,
293,
1248,
742,
401,
574,
453,
1109,
582,
343,
569,
502,
302,
126,
334,
505,
474,
143,
314,
1743,
110,
333,
1437,
438,
325,
449,
801,
600,
793,
423,
306,
433,
1503,
666,
347,
439,
457,
999,
1498,
622,
558,
293,
424,
592,
818,
285,
522,
371,
586,
87,
111,
336,
417,
1581,
1575,
544,
118,
541,
617,
285,
372,
400,
1272,
100,
80,
353,
415,
1657,
468,
592,
561,
94,
307,
395,
83,
608,
1798,
404,
979,
617,
1133,
537,
81,
566,
594,
369,
581,
71,
45,
86,
665,
489,
356,
659,
421,
45,
576,
345,
599,
475,
590,
636,
560,
627,
298,
48,
543,
630,
47,
536,
2306,
639,
1602,
606,
655,
179,
588,
669,
634,
625,
2309,
548,
474,
162,
158,
1288,
42,
1925,
566,
138,
579,
825,
623,
136,
522,
729,
573,
623,
129,
40,
465,
468,
504,
429,
1406,
1295,
614,
929,
324,
41,
451,
394,
607,
911,
398,
1731,
1247,
318,
663,
1096,
75,
933,
913,
315,
355,
908,
1776,
441,
306,
348,
297,
77,
81,
332,
78,
76,
1770,
942,
1267,
956,
1381,
1910,
370,
704,
1212,
550,
1907,
587,
508,
529,
516,
994,
346,
1555,
1020,
1874,
1283,
1842,
1878,
1777,
390,
1034,
679,
1842,
1866,
1263,
533,
531,
729,
657,
1226,
1472,
200,
1788,
193,
1802,
137,
1739,
190,
1762,
181,
110,
1733,
1691,
1739,
77,
1733,
1657,
82,
1654,
1627,
101,
143,
1011,
1012,
1625,
1132,
1688,
431,
1591,
1665,
1567,
1552,
458,
1563,
600,
90,
434,
434,
719,
508,
601,
447,
485,
429,
344,
1527,
479,
277,
603,
1546,
237,
715,
473,
232,
1889,
366,
370,
482,
1545,
471,
462,
447,
457,
517,
1528,
600,
1746,
510,
522,
522,
1829,
1319,
595,
79,
472,
627,
302,
803,
321,
576,
697,
727,
555,
729,
741,
544,
607,
560,
1714,
1688,
1900,
1141,
611,
334,
1136,
572,
175,
579,
1561,
1429,
596,
774,
579,
1173,
812,
718,
311,
1920,
272,
1720,
1213,
811,
440,
1146,
526,
286,
556,
1741,
801,
147,
501,
236,
513,
718,
329,
345,
536,
619,
301,
1714,
446,
609,
213,
249,
131,
1855,
569,
401,
127,
1337,
286,
390,
557,
592,
579,
761,
437,
693,
643,
1208,
1546,
721,
622,
119,
489,
579,
743,
119,
95,
557,
378,
494,
569,
457,
601,
723,
595,
530,
456,
53,
645,
451,
1440,
404,
93,
454,
524,
490,
472,
467,
637,
93,
535,
291,
2342,
75,
1787,
1144,
516,
336,
467,
89,
1431,
1677,
643,
382,
341,
369,
68,
1243,
517,
78,
549,
459,
85,
65,
349,
483,
1366,
300,
1329,
382,
515,
43,
1777,
1274,
435,
502,
1460,
1926,
620,
425,
1189,
511,
1856,
594,
462,
42,
401,
514,
370,
489,
479,
459,
1716,
202,
41,
639,
199,
185,
355,
1633,
1270,
1472,
1147,
481,
1624,
468,
396,
1862,
1198,
180,
1517,
2589,
690,
1652,
168,
1637,
688,
172,
1894,
79,
850,
327,
81,
848,
551,
714,
717,
44,
1378,
1313,
309,
2136,
840,
835,
440,
485,
65,
50,
1949,
1955,
566,
88,
1360,
500,
1373,
1388,
1899,
1517,
1885,
102,
430,
1884,
1516,
763,
150,
756,
1700,
752,
545,
524,
458,
530,
138,
582,
517,
1542,
531,
488,
475,
1412,
1516,
1537,
599,
458,
1394,
469,
147,
137,
121,
191,
224,
917,
115,
796,
440,
1617,
75,
181,
170,
658,
326,
317,
1028,
763,
306,
432,
311,
445,
769,
337,
316,
285,
443,
412,
308,
306,
259,
189,
506,
1920,
778,
255,
2427,
174,
353,
229,
200,
399,
81,
212,
484,
515,
226,
1930,
373,
496,
735,
502,
460,
1928,
175,
354,
522,
475,
185,
383,
498,
452,
438,
513,
511,
491,
446,
506,
473,
1471,
229,
466,
492,
327,
609,
679,
305,
466,
421,
172,
657,
1591,
100,
1319,
2082,
587,
494,
1915,
438,
352,
313,
791,
586,
1417,
351,
2061,
307,
663,
350,
2035,
305,
163,
142,
578,
1827,
312,
349,
328,
553,
1841,
476,
204,
1479,
171,
1805,
1768,
439,
1606,
152,
851,
319,
518,
555,
478,
300,
615,
305,
591,
309,
492,
133,
124,
2105,
312,
251,
364,
294,
499,
496,
332,
292,
244,
2636,
1443,
828,
2047,
243,
126,
1462,
1597,
411,
315,
2000,
1653,
307,
547,
358,
239,
1556,
539,
227,
1933,
962,
1425,
598,
1358,
624,
1437,
353,
105,
1760,
713,
553,
694,
1855,
2063,
1444,
831,
2003,
405,
601,
692,
1812,
417,
103,
559,
558,
531,
515,
599,
899,
96,
1870,
687,
482,
1188,
524,
645,
2637,
492,
2021,
1903,
1908,
458,
519,
1681,
479,
96,
1489,
1484,
334,
482,
1522,
461,
1532,
376,
390,
2063,
320,
1761,
1393,
445,
455,
93,
488,
897,
1393,
1533,
1556,
329,
2077,
1600,
554,
523,
824,
73,
335,
394,
823,
536,
581,
482,
542,
387,
796,
671,
1805,
1370,
1553,
613,
1773,
772,
420,
397,
426,
562,
771,
468,
1876,
558,
755,
409,
393,
1638,
737,
464,
390,
765,
2085,
592,
642,
1062,
619,
370,
545,
578,
43,
600,
1648,
555,
1643,
500,
429,
41,
174,
184,
497,
1668,
382,
1623,
2136,
402,
605,
379,
162,
358,
2617,
596,
1638,
85,
167,
1634,
126,
996,
41,
292,
297,
39,
283,
828,
1684,
40,
164,
266,
39,
2059,
873,
2204,
262,
2174,
39,
496,
197,
40,
173,
927,
243,
2045,
594,
2119,
2075,
177,
2038,
268,
77,
1997,
1717,
1936,
1674,
1668,
617,
271,
1659,
1568,
595,
1648,
210,
433,
593,
810,
2012,
449,
447,
1646,
460,
482,
1680,
1684,
247,
776,
584,
1625,
557,
534,
1710,
197,
1716,
2072,
498,
216,
168,
524,
225,
288,
139,
511,
136,
254,
511,
145,
83,
1151,
256,
281,
513,
485,
256,
270,
484,
1601,
438,
84,
432,
239,
493,
2026,
2131,
505,
1078,
1810,
512,
404,
728,
701,
213,
380,
276,
79,
461,
260,
613,
300,
247,
735,
328,
215,
854,
719,
478,
727,
360,
301,
85,
469,
2356,
410,
1529,
609,
278,
385,
265,
1154,
1965,
526,
477,
2099,
427,
1614,
413,
35,
460,
408,
439,
2163,
433,
1992,
315,
1934,
78,
373,
343,
395,
1720,
532,
336,
820,
1706,
2127,
393,
982,
548,
76,
123,
501,
2302,
1948,
119,
2301,
2320,
383,
482,
497,
2318,
2301,
116,
107,
326,
533,
917,
394,
98,
1628,
463,
354,
309,
414,
278,
411,
448,
367,
488,
2348,
300,
274,
1766,
413,
2331,
93,
689,
565,
1523,
341,
515,
479,
411,
1031,
87,
153,
610,
715,
336,
416,
307,
275,
390,
1999,
283,
392,
1778,
338,
418,
361,
2338,
398,
422,
435,
310,
2057,
348,
320,
392,
447,
549,
382,
410,
326,
351,
290,
361,
1028,
387,
304,
394,
61,
81,
654,
376,
354,
57,
376,
1268,
253,
187,
389,
56,
321,
284,
397,
310,
383,
250,
283,
341,
290,
390,
1329,
290,
216,
397,
1626,
326,
352,
1793,
366,
177,
2072,
117,
86,
166,
343,
86,
342,
265,
94,
384,
86,
674,
366,
294,
2383,
680,
80,
359,
253,
561,
2341,
394,
485,
225,
261,
499,
2298,
279,
286,
79,
365,
2752,
178,
74,
148,
349,
411,
975,
2101,
934,
133,
132,
529,
417,
448,
629,
422,
132,
573,
430,
1951,
2385,
121,
698,
407,
2317,
572,
2370,
116,
781,
2080,
2017,
216,
2116,
502,
175,
114,
99,
2161,
500,
578,
499,
484,
358,
2228,
512,
2430,
309,
516,
490,
237,
496,
234,
337,
224,
220,
297,
215,
464,
13,
2248,
255,
453,
406,
90,
2042,
446,
234,
65,
179,
579,
2597,
439,
327,
173,
242,
1563,
192,
1444,
173,
2033,
204,
388,
183,
203,
398,
182,
423,
1933,
2315,
773,
770,
1444,
490,
540,
176,
515,
162,
1424,
538,
2207,
167,
489,
834,
202,
521,
753,
131,
438,
2221,
525,
2479,
511,
2283,
508,
2344,
165,
201,
670,
501,
163,
2440,
2333,
494,
489,
2202,
481,
510,
466,
1748,
120,
498,
2320,
265,
822,
539,
471,
744,
287,
546,
634,
61,
2314,
492,
524,
489,
781,
117,
532,
323,
521,
2231,
104,
1249,
140,
502,
138,
319,
295,
308,
722,
170,
267,
705,
1711,
104,
128,
2303,
168,
402,
284,
291,
263,
119,
521,
147,
1254,
225,
222,
411,
2899,
658,
60,
643,
469,
117,
1187,
617,
1193,
104,
1738,
786,
487,
1422,
1936,
1790,
2210,
47,
1191,
373,
490,
285,
1199,
1538,
1964,
89,
664,
1759,
1741,
47,
87,
832,
2206,
2255,
1472,
332,
1973,
1961,
677,
798,
1962,
2315,
437,
55,
1464,
1234,
1745,
2086,
385,
726,
733,
2461,
232,
1766,
368,
3058,
498,
386,
2311,
1807,
359,
1218,
418,
1801,
1448,
1784,
825,
1760,
2239,
384,
2439,
442,
789,
1775,
340,
2090,
2306,
42,
356,
209,
1555,
428,
1765,
422,
466,
712,
438,
120,
422,
1961,
432,
2326,
114,
109,
2104,
106,
106,
309,
355,
2095,
85,
897,
36,
420,
428,
248,
418,
41,
300,
3051,
296,
295,
782,
307,
260,
395,
649,
410,
594,
645,
259,
44,
322,
634,
302,
520,
284,
607,
268,
511,
588,
237,
627,
227,
224,
719,
509,
1176,
1235,
2483,
176,
595,
268,
740,
2560,
220,
976,
305,
339,
718,
176,
408,
276,
643,
701,
725,
354,
44,
206,
427,
606,
229,
334,
653,
413,
280,
569,
258,
506,
259,
126,
2140,
2194,
164,
55,
557,
366,
2043,
147,
54,
608,
141,
225,
128,
463,
685,
2376,
523,
892,
280,
68,
203,
497,
306,
524,
741,
116,
123,
472,
490,
455,
485,
618,
108,
106,
123,
114,
99,
86,
103,
93,
874,
167,
326,
95,
74,
473,
2211,
2240,
54,
62,
49,
2441,
282,
48,
47,
166,
46,
1704,
42,
1968,
2082,
175,
173,
171,
117,
46,
164,
55,
87,
84,
1975,
556,
560,
679,
549,
1504,
1767,
852,
45,
2523,
81,
588,
781,
787,
1947,
447,
59,
3247,
510,
540,
529,
49,
2258,
554,
524,
521,
570,
46,
3448,
1328,
537,
1941,
42,
806,
544,
1905,
869,
39,
430,
2427,
536,
2325,
760,
1330,
707,
44,
486,
1938,
504,
769,
504,
353,
571,
342,
523,
1363,
338,
1081,
308,
2409,
800,
545,
338,
549,
2908,
807,
431,
1386,
351,
523,
768,
409,
398,
330,
325,
444,
698,
774,
492,
429,
424,
343,
1201,
450,
80,
418,
468,
517,
361,
469,
499,
416,
371,
1396,
460,
776,
405,
533,
335,
353,
832,
432,
523,
350,
278,
2601,
431,
335,
1665,
408,
300,
548,
724,
1068,
535,
34,
423,
547,
806,
2597,
525,
349,
457,
370,
783,
789,
371,
854,
361,
438,
832,
382,
2572,
345,
407,
816,
517,
421,
335,
382,
369,
428,
378,
364,
831,
340,
825,
388,
403,
386,
2602,
378,
391,
461,
403,
356,
992,
348,
793,
887,
508,
797,
534,
410,
365,
279,
354,
405,
2340,
344,
160,
81,
776,
2586,
1820,
433,
1747,
113,
425,
339,
446,
449,
113,
76,
332,
388,
591,
75,
322,
327,
261,
1422,
445,
311,
618,
77,
288,
284,
2443,
393,
428,
1334,
92,
434,
98,
433,
336,
376,
307,
300,
2633,
382,
79,
906,
512,
3193,
496,
2628,
439,
1369,
795,
489,
429,
830,
1490,
92,
79,
647,
55,
636,
432,
790,
1240,
1720,
889,
1217,
452,
645,
657,
22,
639,
310,
632,
80,
1210,
194,
1163,
193,
311,
171,
622,
3149,
633,
2474,
2676,
621,
619,
215,
1511,
304,
829,
170,
160,
208,
156,
2546,
792,
177,
267,
100,
140,
168,
682,
124,
71,
172,
165,
316,
2554,
743,
71,
159,
106,
165,
155,
123,
636,
116,
99,
636,
111,
95,
107,
334,
248,
95,
244,
626,
194,
1473,
183,
219,
307,
223,
173,
55,
224,
59,
173,
53,
318,
1829,
334,
51,
158,
538,
506,
166,
586,
1482,
552,
159,
598,
155,
126,
301,
514,
456,
531,
625,
2776,
144,
569,
259,
426,
395,
1858,
475,
513,
571,
2213,
130,
760,
229,
1004,
123,
545,
511,
968,
119,
889,
2747,
605,
117,
698,
1000,
569,
886,
625,
101,
106,
950,
569,
327,
520,
116,
766,
1593,
497,
488,
99,
453,
995,
546,
427,
552,
437,
994,
529,
290,
105,
534,
523,
45,
392,
570,
757,
259,
212,
550,
478,
523,
353,
490,
495,
221,
211,
47,
601,
1583,
178,
46,
290,
487,
304,
542,
302,
552,
505,
308,
469,
541,
513,
495,
535,
706,
405,
529,
559,
722,
389,
2484,
544,
68,
477,
577,
180,
440,
429,
509,
448,
2141,
513,
559,
594,
274,
562,
2572,
1098,
457,
2393,
606,
393,
758,
2401,
530,
494,
2445,
374,
542,
710,
482,
193,
40,
721,
596,
243,
533,
382,
409,
2371,
337,
2194,
2319,
208,
2288,
161,
456,
2343,
796,
2784,
2006,
672,
162,
2021,
400,
2634,
120,
1616,
2004,
2591,
2000,
102,
454,
1997,
530,
1986,
322,
1984,
2783,
369,
2314,
559,
3058,
711,
227,
96,
3019,
509,
465,
356,
229,
71,
277,
2627,
716,
265,
2981,
301,
3058,
530,
2671,
305,
454,
2919,
66,
2654,
3706,
754,
734,
2789,
794,
724,
473,
366,
743,
76,
3490,
57,
3276,
303,
418,
1546,
2809,
3176,
1544,
1542,
2951,
2683,
3304,
2796,
3123,
3150,
3003,
480,
2679,
148,
78,
2893,
511,
2959,
148,
421,
361,
3337,
2749,
39,
1659,
133,
717,
970,
126,
634,
126,
655,
218,
2855,
156,
110,
707,
96,
103,
709,
144,
3133,
825,
400,
136,
91,
92,
1584,
176,
1608,
1576,
2641,
47,
2120,
1752,
2135,
894,
2415,
1635,
1625,
187,
68,
186,
295,
293,
67,
178,
164,
728,
1772,
63,
69,
535,
712,
164,
78,
1758,
76,
157,
58,
1084,
441,
1154,
622,
436,
1756,
397,
620,
3417,
432,
653,
315,
303,
832,
1133,
1771,
143,
445,
709,
440,
1185,
388,
693,
1879,
529,
387,
337,
563,
609,
543,
2728,
407,
2912,
1527,
365,
701,
536,
543,
391,
333,
423,
500,
419,
443,
1260,
424,
592,
127,
2924,
544,
533,
548,
667,
780,
1496,
1238,
493,
276,
318,
639,
562,
581,
579,
146,
650,
572,
568,
136,
1164,
685,
603,
33,
1188,
717,
1811,
446,
648,
402,
884,
336,
605,
413,
1006,
587,
603,
536,
338,
2789,
750,
1274,
491,
575,
572,
261,
601,
357,
398,
407,
2346,
195,
517,
256,
250,
285,
479,
2668,
468,
500,
865,
482,
456,
590,
375,
619,
598,
622,
526,
2237,
527,
1325,
579,
290,
1913,
2383,
1190,
578,
1906,
254,
499,
466,
517,
2537,
852,
496,
1901,
1288,
463,
2089,
2483,
560,
1917,
190,
2532,
2130,
592,
528,
1950,
1704,
2810,
1963,
314,
520,
519,
1708,
1110,
2501,
1222,
3021,
1822,
2243,
527,
289,
563,
2878,
1890,
2242,
334,
510,
1638,
2229,
1543,
1738,
2671,
764,
1528,
543,
517,
1850,
1879,
626,
1808,
1788,
2322,
1892,
45,
1975,
1742,
1315,
1765,
2245,
1208,
1884,
153,
1346,
136,
1335,
862,
1551,
1332,
454,
1736,
164,
1067,
880,
1330,
531,
134,
1272,
894,
1271,
188,
1770,
198,
2558,
1252,
480,
1727,
79,
1243,
1228,
3418,
1212,
893,
527,
1178,
523,
1177,
474,
1173,
711,
1154,
710,
1688,
77,
1593,
721,
350,
2428,
2193,
705,
1611,
1634,
454,
1675,
76,
1669,
2388,
927,
524,
1760,
916,
907,
34,
742,
894,
3470,
738,
603,
887,
39,
512,
909,
587,
78,
457,
540,
172,
451,
1603,
173,
166,
813,
159,
80,
435,
154,
162,
147,
173,
112,
147,
99,
1786,
3595,
1788,
135,
33,
2646,
323,
136,
131,
127,
108,
2336,
2713,
2538,
109,
726,
2824,
2535,
460,
1056,
2043,
292,
2822,
2555,
2822,
283,
301,
290,
41,
1643,
44,
272,
2937,
2954,
3120,
267,
196,
966,
1873,
645,
1901,
937,
2357,
2261,
2937,
793,
771,
2930,
2995,
57,
2053,
2064,
601,
895,
620,
1462,
224,
875,
2072,
193,
994,
1976,
2023,
209,
739,
681,
3002,
556,
547,
1099,
1014,
540,
2763,
620,
2870,
789,
556,
583,
488,
2002,
797,
602,
706,
427,
1006,
370,
764,
419,
665,
369,
674,
785,
573,
588,
1973,
443,
1760,
461,
1818,
716,
1733,
569,
2408,
426,
409,
536,
686,
1011,
513,
772,
698,
1815,
853,
498,
356,
3135,
583,
2545,
1017,
498,
2335,
1001,
1831,
3854,
573,
582,
657,
3125,
1868,
888,
974,
957,
625,
3168,
736,
579,
2331,
88,
2320,
3274,
2481,
3096,
806,
688,
724,
3113,
739,
774,
433,
1143,
1883,
409,
451,
567,
1798,
1949,
93,
699,
2498,
3909,
2557,
2338,
1177,
772,
441,
2324,
1776,
474,
423,
1916,
576,
530,
532,
384,
375,
435,
3180,
529,
412,
387,
474,
436,
2502,
670,
207,
421,
2462,
3014,
621,
221,
189,
705,
2388,
140,
504,
2445,
155,
543,
154,
40,
542,
1057,
142,
498,
580,
142,
188,
2509,
589,
132,
454,
3106,
143,
482,
1286,
420,
129,
137,
542,
2458,
3990,
975,
533,
2974,
134,
124,
104,
1229,
363,
2828,
102,
2020,
717,
633,
382,
547,
86,
1863,
346,
749,
98,
2367,
369,
342,
148,
613,
89,
3999,
257,
553,
2431,
494,
922,
597,
518,
554,
75,
539,
536,
779,
65,
537,
418,
543,
769,
3254,
2405,
682,
452,
2567,
2052,
60,
595,
2795,
916,
1296,
3019,
60,
3002,
1942,
670,
33,
502,
391,
671,
29,
220,
179,
2050,
781,
30,
84,
418,
432,
154,
267,
135,
75,
791,
27,
464,
104,
42,
471,
396,
903,
31,
199,
137,
30,
429,
41,
301,
901,
31,
461,
321,
48,
88,
48,
690,
1590,
1845,
43,
305,
476,
376,
458,
372,
407,
453,
2026,
775,
476,
510,
1882,
359,
505,
463,
356,
355,
84,
480,
1645,
2055,
699,
334,
449,
1627,
333,
851,
391,
331,
872,
2062,
450,
325,
781,
54,
2056,
476,
1392,
630,
1602,
1922,
488,
442,
2697,
2092,
3772,
2471,
2083,
2027,
1991,
273,
425,
2360,
3773,
719,
491,
1913,
747,
324,
418,
1866,
636,
218,
737,
2678,
2669,
298,
1907,
223,
217,
608,
2256,
296,
719,
1680,
959,
381,
704,
680,
305,
448,
547,
707,
679,
443,
680,
440,
916,
681,
381,
700,
1968,
737,
391,
1941,
716,
490,
932,
899,
583,
45,
565,
700,
951,
680,
581,
731,
913,
893,
493,
740,
484,
914,
453,
43,
40,
1599,
731,
4037,
611,
476,
838,
713,
516,
641,
472,
750,
594,
612,
721,
512,
1051,
604,
527,
799,
1154,
608,
764,
664,
475,
1068,
591,
890,
365,
766,
643,
1195,
421,
976,
718,
3137,
974,
725,
727,
448,
612,
464,
616,
413,
751,
509,
554,
2633,
479,
1157,
932,
1006,
476,
675,
530,
1035,
407,
47,
481,
834,
397,
45,
670,
791,
467,
948,
363,
353,
43,
1109,
709,
347,
628,
326,
316,
313,
505,
423,
522,
587,
648,
120,
200,
301,
918,
334,
161,
378,
328,
467,
3170,
525,
160,
3105,
577,
134,
360,
391,
511,
1741,
301,
319,
353,
488,
3255,
595,
476,
345,
87,
345,
1530,
3350,
447,
2900,
392,
689,
369,
1521,
413,
975,
569,
492,
485,
549,
852,
49,
464,
1040,
488,
348,
416,
479,
512,
326,
321,
953,
517,
419,
310,
3198,
489,
317,
587,
776,
307,
889,
127,
1048,
1047,
342,
472,
328,
1045,
581,
586,
468,
536,
324,
345,
303,
459,
320,
368,
134,
524,
3452,
340,
81,
3263,
542,
381,
612,
547,
282,
489,
415,
2702,
951,
923,
2937,
1108,
29,
644,
1120,
470,
201,
387,
591,
514,
182,
492,
510,
3321,
2826,
2811,
630,
382,
588,
130,
2720,
410,
140,
378,
662,
349,
139,
372,
121,
345,
125,
86,
382,
569,
519,
3138,
331,
372,
350,
342,
417,
769,
2332,
334,
3213,
3093,
328,
275,
299,
3210,
300,
3062,
317,
284,
302,
161,
153,
2272,
143,
162,
140,
2266,
78,
437,
136,
131,
1932,
130,
79,
124,
735,
1176,
123,
493,
421,
928,
617,
120,
110,
1161,
790,
864,
1929,
477,
615,
470,
1159,
484,
112,
121,
752,
104,
110,
498,
1182,
37,
1324,
1008,
112,
511,
515,
549,
935,
737,
442,
90,
670,
489,
638,
463,
84,
1027,
784,
1082,
1214,
46,
544,
1258,
854,
46,
1594,
623,
792,
729,
46,
52,
87,
536,
724,
668,
721,
760,
3042,
3352,
463,
842,
38,
519,
624,
765,
641,
485,
2877,
673,
771,
818,
3055,
457,
466,
633,
1027,
2164,
3304,
1969,
958,
3351,
668,
3322,
3289,
479,
4330,
596,
3326,
1020,
804,
1224,
649,
589,
629,
791,
1015,
211,
912,
999,
407,
620,
978,
624,
850,
626,
1024,
3345,
3093,
314,
1034,
454,
1011,
994,
2180,
1246,
607,
50,
493,
41,
2174,
654,
35,
995,
3447,
1008,
698,
4226,
3318,
301,
374,
655,
2010,
3318,
604,
365,
657,
1994,
1395,
669,
1197,
597,
46,
1185,
478,
2305,
295,
637,
2258,
1184,
1033,
45,
1671,
206,
194,
2011,
1206,
1183,
1186,
889,
884,
284,
174,
803,
1199,
792,
676,
1206,
800,
1186,
646,
99,
839,
816,
2006,
820,
524,
522,
1207,
828,
801,
2754,
516,
92,
432,
818,
678,
81,
91,
810,
829,
426,
800,
839,
301,
4061,
838,
276,
600,
3466,
92,
597,
636,
552,
2818,
2818,
3360,
522,
407,
431,
829,
535,
477,
687,
295,
2044,
317,
460,
73,
730,
215,
3386,
526,
861,
641,
1702,
665,
325,
228,
537,
215,
532,
2834,
672,
192,
202,
176,
58,
174,
712,
268,
495,
159,
2267,
2207,
267,
558,
320,
317,
169,
517,
278,
277,
163,
3919,
160,
1146,
159,
307,
497,
2082,
334,
108,
2518,
155,
346,
1987,
541,
612,
540,
2839,
765,
2481,
586,
214,
1922,
527,
511,
276,
137,
702,
2332,
186,
174,
762,
136,
176,
530,
122,
3326,
1248,
132,
477,
141,
116,
196,
173,
142,
312,
3403,
1215,
128,
1250,
109,
600,
112,
1246,
108,
1082,
97,
225,
88,
1164,
301,
79,
70,
65,
1093,
77,
186,
2922,
354,
1947,
135,
45,
89,
373,
910,
940,
3856,
1804,
57,
374,
129,
120,
124,
3512,
120,
563,
3574,
654,
3627,
44,
42,
894,
650,
121,
1321,
1337,
1272,
78,
45,
568,
71,
429,
895,
98,
789,
44,
105,
894,
2346,
3579,
100,
891,
3209,
708,
2335,
90,
950,
2310,
2308,
908,
901,
81,
72,
1921,
897,
2590,
628,
895,
3605,
633,
916,
521,
81,
797,
468,
92,
72,
1300,
732,
658,
2361,
738,
1106,
772,
1010,
1180,
1301,
1207,
817,
441,
46,
1026,
707,
783,
1388,
614,
399,
1308,
705,
38,
519,
999,
413,
409,
650,
679,
703,
803,
2324,
291,
2913,
932,
673,
2918,
1049,
511,
719,
949,
2866,
1101,
41,
704,
1424,
1090,
1062,
230,
1009,
702,
879,
528,
504,
553,
319,
690,
355,
432,
660,
974,
972,
2561,
432,
3550,
1417,
338,
3110,
680,
2411,
2927,
400,
689,
538,
45,
693,
658,
3296,
651,
899,
429,
539,
674,
1190,
81,
335,
330,
3662,
403,
348,
331,
438,
691,
61,
321,
211,
197,
461,
185,
357,
2960,
535,
351,
728,
346,
176,
426,
461,
458,
408,
180,
333,
357,
337,
2370,
468,
174,
682,
326,
342,
371,
208,
307,
332,
602,
1216,
607,
285,
177,
355,
148,
360,
688,
120,
135,
311,
52,
424,
1120,
1220,
602,
135,
594,
98,
257,
1382,
615,
2687,
97,
74,
1182,
1219,
33,
593,
310,
471,
1005,
32,
2413,
353,
310,
310,
316,
171,
269,
2988,
148,
606,
327,
516,
639,
75,
151,
452,
53,
393,
648,
692,
657,
139,
76,
660,
74,
4303,
136,
627,
628,
655,
471,
316,
115,
322,
468,
80,
110,
341,
1481,
376,
1076,
187,
175,
127,
465,
155,
909,
103,
100,
397,
2009,
438,
659,
685,
2940,
77,
331,
184,
306,
31,
178,
153,
162,
1438,
1982,
39,
181,
148,
131,
123,
524,
466,
1096,
1586,
1095,
866,
1089,
974,
1085,
892,
1085,
1323,
593,
1081,
1076,
988,
2513,
1064,
1074,
967,
1064,
1052,
531,
1102,
58,
861,
1051,
1098,
1095,
1106,
1123,
4124,
64,
1127,
1110,
1117,
1090,
858,
587,
581,
811,
4542,
1035,
656,
340,
2585,
500,
1101,
195,
408,
378,
781,
824,
415,
678,
1128,
1155,
559,
656,
321,
443,
489,
711,
1589,
300,
352,
789,
515,
372,
794,
1176,
412,
1070,
732,
3236,
583,
410,
710,
650,
821,
346,
34,
488,
821,
308,
465,
1115,
341,
1602,
301,
782,
705,
667,
3816,
563,
689,
698,
333,
411,
291,
492,
302,
53,
380,
470,
488,
526,
459,
498,
1329,
575,
815,
3819,
526,
768,
725,
594,
489,
981,
1137,
1132,
262,
192,
402,
1613,
253,
481,
394,
889,
500,
519,
1278,
575,
403,
68,
466,
201,
440,
543,
765,
648,
1428,
3543,
359,
355,
487,
254,
442,
4942,
342,
4560,
293,
195,
486,
484,
194,
3794,
329,
630,
140,
126,
484,
3493,
691,
127,
105,
322,
122,
381,
3269,
108,
80,
482,
489,
301,
715,
315,
532,
227,
2070,
532,
470,
79,
75,
208,
255,
205,
523,
465,
3838,
258,
3521,
500,
248,
1351,
216,
3509,
2330,
3700,
230,
502,
2862,
487,
236,
3595,
779,
299,
197,
561,
223,
887,
35,
1698,
196,
2868,
224,
91,
234,
138,
223,
134,
99,
3594,
307,
210,
3300,
3423,
3509,
600,
214,
1706,
283,
278,
24,
71,
2709,
2707,
56,
2706,
252,
2705,
2703,
3821,
253,
2702,
58,
41,
2703,
215,
269,
200,
2702,
77,
2700,
2695,
1267,
2694,
2693,
599,
1261,
2689,
2693,
1259,
737,
1254,
692,
180,
794,
1783,
1261,
4946,
1271,
779,
1057,
50,
507,
646,
178,
1277,
818,
1316,
725,
1281,
1109,
378,
467,
226,
725,
29,
340,
257,
192,
961,
338,
28,
362,
380,
721,
634,
393,
4608,
67,
542,
194,
610,
623,
217,
658,
561,
1229,
693,
610,
465,
1801,
1174,
467,
1434,
194,
656,
186,
623,
662,
789,
394,
468,
178,
185,
1412,
409,
587,
446,
177,
352,
486,
790,
56,
583,
640,
268,
789,
629,
499,
406,
670,
367,
418,
704,
616,
617,
504,
643,
349,
1034,
582,
661,
636,
806,
703,
848,
404,
526,
482,
346,
609,
417,
2509,
305,
613,
652,
410,
3061,
808,
267,
682,
555,
609,
4529,
590,
327,
446,
740,
423,
1010,
48,
33,
634,
428,
4036,
2261,
46,
471,
229,
478,
1225,
397,
218,
612,
592,
400,
512,
407,
1186,
604,
439,
1381,
1842,
3365,
388,
836,
1805,
377,
589,
540,
781,
613,
225,
235,
1324,
681,
689,
574,
601,
1421,
405,
1286,
432,
589,
437,
459,
675,
218,
395,
329,
151,
502,
218,
2862,
396,
2850,
217,
203,
157,
178,
457,
437,
388,
155,
444,
135,
157,
360,
538,
110,
409,
551,
578,
3039,
345,
2898,
88,
421,
111,
368,
317,
540,
335,
206,
342,
530,
523,
174,
341,
376,
360,
2984,
309,
427,
2999,
4462,
435,
482,
2314,
51,
301,
54,
344,
77,
3455,
676,
509,
653,
3462,
676,
1268,
4730,
504,
598,
4457,
3977,
1618,
588,
512,
2186,
4457,
153,
907,
213,
4130,
489,
2175,
206,
4100,
2089,
525,
131,
4627,
2072,
4313,
1516,
85,
1916,
199,
196,
3169,
1551,
2071,
3942,
3576,
4240,
1256,
81,
1262,
191,
82,
1214,
563,
882,
225,
805,
795,
809,
774,
535,
803,
729,
1459,
697,
1467,
762,
1270,
1457,
1497,
3846,
1453,
1209,
1448,
1251,
813,
1514,
581,
1464,
4294,
1444,
1508,
2880,
1208,
1506,
1314,
1309,
1284,
1213,
552,
1305,
1486,
2600,
3162,
1499,
1467,
3994,
542,
673,
636,
598,
1482,
207,
522,
728,
1206,
202,
497,
201,
736,
586,
4916,
750,
143,
653,
733,
632,
651,
496,
626,
1557,
1386,
436,
503,
554,
797,
461,
4735,
583,
486,
525,
640,
1322,
602,
509,
769,
3982,
113,
426,
829,
570,
479,
473,
521,
1552,
3596,
1520,
774,
507,
691,
632,
446,
1561,
374,
756,
668,
566,
458,
455,
1490,
546,
766,
1509,
748,
482,
607,
651,
467,
492,
558,
536,
1375,
447,
3744,
1510,
602,
780,
483,
1355,
561,
404,
1372,
980,
586,
526,
559,
400,
436,
627,
1527,
1336,
710,
399,
1510,
389,
223,
889,
1648,
639,
622,
1494,
405,
1338,
682,
360,
529,
386,
2440,
678,
1367,
4208,
1259,
463,
321,
1513,
126,
602,
647,
473,
275,
299,
655,
789,
1240,
424,
573,
786,
282,
280,
637,
1310,
549,
320,
572,
517,
663,
1121,
360,
208,
510,
1326,
1597,
303,
1219,
292,
688,
262,
1299,
299,
406,
415,
274,
1605,
4288,
1289,
1095,
259,
195,
617,
252,
1514,
182,
251,
604,
293,
1290,
490,
250,
416,
535,
170,
590,
145,
603,
608,
414,
403,
455,
531,
459,
1643,
303,
520,
609,
525,
366,
1605,
319,
1614,
602,
3602,
312,
565,
75,
1608,
1588,
319,
1629,
1626,
1624,
1622,
1610,
262,
1607,
391,
471,
1602,
1606,
1599,
1588,
1585,
1361,
607,
396,
1260,
1541,
1563,
1299,
479,
1583,
1574,
1587,
1346,
1598,
391,
1543,
516,
1352,
1364,
387,
1607,
36,
376,
1288,
404,
401,
450,
344,
385,
43,
220,
392,
73,
286,
1340,
395,
1298,
391,
4529,
1338,
886,
1389,
1360,
3318,
179,
794,
583,
1269,
719,
3282,
546,
485,
166,
1342,
1283,
100,
154,
1622,
94,
1357,
142,
148,
210,
1311,
1613,
1626,
1724,
1348,
1599,
1603,
873,
133,
1624,
1330,
195,
133,
195,
350,
319,
314,
161,
304,
486,
294,
292,
286,
658,
366,
217,
335,
358,
449,
197,
204,
180,
283,
77,
322,
422,
1400,
149,
1166,
958,
181,
1396,
1391,
349,
1672,
1390,
437,
156,
1386,
2189,
3426,
147,
599,
144,
669,
1387,
710,
492,
479,
383,
3897,
1073,
420,
443,
1387,
419,
382,
1380,
743,
1399,
540,
1138,
640,
427,
423,
772,
1664,
1517,
135,
3630,
322,
585,
189,
1523,
358,
1428,
429,
1032,
481,
443,
500,
1422,
5067,
1408,
523,
1038,
1392,
644,
413,
1453,
1405,
1476,
502,
568,
1701,
614,
479,
192,
636,
1439,
1433,
621,
182,
463,
452,
186,
4158,
440,
731,
436,
194,
1045,
633,
505,
1614,
1414,
202,
467,
597,
1136,
1585,
554,
684,
2347,
660,
1157,
343,
197,
180,
831,
564,
1118,
502,
498,
477,
304,
585,
1448,
495,
524,
845,
4840,
443,
538,
1576,
908,
1136,
304,
360,
187,
993,
181,
680,
359,
683,
1789,
668,
570,
218,
818,
3426,
3363,
791,
1768,
1442,
626,
2326,
1651,
491,
205,
1444,
36,
2337,
536,
1720,
173,
250,
1734,
1731,
39,
1739,
433,
260,
39,
247,
251,
245,
94,
240,
243,
232,
235,
230,
1451,
259,
240,
481,
439,
41,
717,
511,
389,
1778,
397,
1777,
231,
4059,
239,
1535,
1206,
377,
1792,
433,
247,
230,
234,
431,
237,
226,
1516,
2900,
231,
3459,
223,
4297,
1495,
232,
212,
509,
222,
231,
501,
1468,
213,
221,
3947,
3937,
23,
1629,
88,
229,
214,
1773,
3542,
219,
329,
3898,
707,
208,
212,
206,
4269,
217,
198,
1545,
1123,
301,
3296,
885,
1014,
790,
1797,
583,
2451,
1621,
734,
786,
1055,
1885,
529,
1486,
157,
1522,
3568,
158,
373,
582,
1550,
149,
105,
231,
117,
396,
1204,
89,
84,
1610,
1739,
346,
62,
1964,
870,
1342,
88,
41,
81,
221,
1105,
534,
535,
87,
1571,
2875,
708,
803,
88,
1573,
1874,
370,
1122,
1393,
848,
1696,
1026,
1695,
729,
1923,
823,
1262,
1580,
418,
605,
1377,
946,
377,
761,
1049,
1576,
364,
557,
262,
1235,
484,
449,
256,
957,
480,
982,
567,
385,
249,
313,
541,
239,
560,
1900,
585,
602,
1943,
367,
1237,
446,
931,
1927,
629,
2491,
1925,
375,
352,
500,
389,
542,
638,
342,
334,
712,
766,
378,
868,
315,
578,
952,
1013,
685,
542,
958,
3584,
18,
556,
455,
1607,
371,
4011,
555,
636,
616,
48,
2229,
350,
1606,
3681,
629,
581,
279,
1604,
456,
559,
1743,
713,
1603,
1951,
434,
1960,
349,
910,
604,
592,
1319,
1974,
451,
1598,
546,
234,
271,
1738,
583,
2929,
599,
563,
560,
646,
275,
1726,
339,
917,
1738,
468,
988,
720,
593,
1737,
488,
2912,
312,
649,
1726,
799,
377,
569,
912,
354,
812,
411,
1642,
841,
349,
2910,
1727,
338,
1723,
406,
63,
1718,
457,
36,
332,
36,
1927,
372,
1678,
278,
286,
487,
658,
350,
413,
209,
586,
354,
358,
301,
344,
144,
431,
436,
205,
423,
134,
273,
344,
270,
705,
693,
507,
579,
462,
665,
668,
656,
608,
1226,
594,
614,
4032,
5731,
553,
137,
520,
130,
325,
365,
302,
324,
575,
297,
614,
5028,
120,
83,
291,
3483,
586,
283,
500,
278,
464,
301,
4140,
627,
1399,
328,
430,
538,
320,
1242,
209,
291,
207,
480,
244,
4111,
1745,
412,
690,
1816,
483,
301,
3662,
780,
479,
796,
461,
477,
1829,
202,
1744,
472,
182,
422,
136,
2022,
392,
185,
112,
386,
1782,
487,
467,
434,
474,
198,
485,
425,
416,
95,
363,
304,
208,
1537,
4274,
380,
386,
413,
379,
3728,
504,
81,
426,
518,
1548,
302,
1307,
1547,
370,
154,
714,
429,
558,
360,
1532,
478,
302,
1531,
1332,
510,
1330,
1324,
273,
1522,
1545,
173,
451,
116,
1551,
301,
1333,
504,
567,
187,
523,
242,
533,
3983,
1552,
170,
338,
360,
130,
354,
206,
339,
156,
510,
263,
335,
68,
200,
175,
539,
85,
4275,
525,
1862,
1775,
350,
130,
438,
1884,
415,
437,
1863,
1056,
436,
340,
3202,
434,
1380,
113,
3758,
827,
1849,
430,
4574,
233,
1894,
614,
419,
553,
450,
788,
1832,
913,
417,
1851,
598,
580,
822,
408,
573,
535,
551,
598,
2729,
251,
3505,
207,
594,
596,
220,
601,
598,
447,
206,
437,
596,
544,
592,
586,
1354,
595,
4207,
3025,
493,
574,
585,
3518,
529,
4576,
815,
618,
592,
613,
1201,
633,
576,
583,
600,
576,
500,
685,
183,
495,
732,
673,
509,
844,
4535,
718,
521,
745,
641,
639,
625,
661,
191,
506,
36,
617,
788,
674,
610,
628,
33,
609,
1045,
796,
63,
1424,
693,
610,
632,
599,
608,
506,
692,
528,
611,
635,
514,
641,
548,
1259,
631,
729,
626,
404,
820,
57,
1399,
1309,
651,
685,
626,
624,
496,
604,
419,
615,
694,
720,
1469,
598,
117,
864,
603,
591,
629,
128,
1530,
852,
599,
910,
2338,
619,
615,
828,
499,
177,
644,
1272,
537,
587,
469,
847,
1305,
545,
688,
650,
1286,
575,
389,
609,
271,
354,
217,
385,
338,
274,
320,
299,
308,
315,
256,
280,
301,
200,
205,
232,
591,
688,
303,
283,
191,
112,
244,
157,
940,
1429,
156,
934,
112,
625,
1282,
665,
107,
555,
77,
929,
624,
671,
918,
94,
1534,
858,
841,
670,
746,
636,
924,
688,
133,
241,
767,
42,
328,
319,
525,
76,
3619,
306,
291,
444,
450,
77,
2794,
4902,
308,
3622,
297,
292,
582,
296,
2403,
855,
225,
74,
309,
605,
874,
359,
748,
208,
216,
682,
121,
699,
202,
149,
501,
954,
157,
76,
495,
103,
490,
3805,
152,
437,
187,
137,
435,
186,
440,
125,
279,
118,
531,
609,
936,
607,
605,
301,
589,
540,
272,
539,
91,
105,
621,
537,
241,
77,
240,
273,
722,
1128,
374,
5228,
1118,
413,
94,
1337,
711,
521,
82,
244,
5785,
87,
705,
1373,
356,
36,
291,
757,
752,
1134,
346,
356,
620,
750,
943,
342,
37,
1142,
42,
370,
340,
623,
933,
304,
348,
367,
366,
741,
328,
758,
738,
359,
43,
321,
398,
372,
85,
337,
625,
1448,
749,
269,
359,
753,
37,
606,
203,
764,
321,
3777,
232,
612,
753,
4829,
199,
82,
346,
4388,
3325,
163,
268,
211,
723,
301,
334,
605,
602,
3136,
600,
333,
745,
772,
5005,
595,
145,
348,
1042,
755,
134,
399,
585,
248,
260,
40,
