35,
36,
35,
40,
34,
34,
35,
44,
33,
51,
76,
38,
35,
51,
32,
79,
31,
83,
76,
74,
97,
73,
101,
102,
42,
106,
93,
84,
88,
103,
104,
39,
37,
98,
98,
97,
33,
99,
98,
70,
40,
115,
118,
34,
32,
124,
61,
127,
35,
128,
127,
36,
113,
102,
104,
112,
106,
133,
45,
111,
131,
116,
76,
112,
130,
114,
122,
128,
136,
111,
99,
121,
94,
110,
39,
118,
100,
85,
66,
42,
77,
100,
125,
105,
93,
97,
140,
79,
147,
145,
115,
91,
37,
152,
103,
142,
112,
121,
112,
110,
121,
148,
31,
43,
155,
99,
157,
116,
96,
106,
129,
43,
145,
141,
106,
92,
164,
130,
147,
113,
149,
130,
109,
131,
112,
35,
122,
77,
140,
108,
146,
99,
75,
99,
97,
107,
138,
129,
167,
110,
148,
79,
48,
93,
91,
55,
63,
197,
112,
155,
102,
87,
122,
103,
58,
97,
150,
196,
134,
179,
125,
174,
127,
85,
178,
182,
83,
188,
121,
59,
159,
183,
71,
151,
143,
182,
159,
166,
170,
49,
153,
91,
202,
48,
128,
38,
196,
170,
207,
155,
153,
130,
33,
141,
116,
209,
157,
102,
200,
165,
93,
187,
76,
187,
34,
126,
141,
58,
33,
90,
202,
208,
228,
174,
158,
107,
101,
219,
159,
180,
218,
161,
218,
155,
132,
91,
195,
194,
122,
194,
192,
160,
157,
213,
135,
175,
175,
100,
78,
211,
160,
199,
157,
134,
123,
157,
172,
178,
174,
142,
170,
201,
39,
135,
219,
125,
154,
113,
173,
169,
194,
214,
88,
137,
132,
176,
167,
131,
228,
177,
152,
38,
161,
33,
123,
132,
130,
231,
127,
172,
60,
45,
197,
118,
36,
123,
183,
173,
181,
158,
244,
189,
147,
134,
242,
168,
138,
178,
144,
144,
146,
128,
186,
126,
136,
187,
135,
156,
144,
41,
170,
143,
154,
256,
133,
179,
159,
134,
131,
210,
112,
107,
271,
164,
159,
216,
168,
193,
205,
156,
165,
197,
201,
273,
224,
150,
159,
261,
140,
195,
157,
226,
207,
164,
151,
138,
40,
132,
219,
124,
131,
179,
158,
126,
129,
132,
102,
94,
45,
242,
203,
123,
141,
145,
133,
126,
163,
184,
138,
41,
104,
107,
93,
79,
213,
276,
231,
265,
102,
74,
255,
309,
78,
128,
134,
145,
97,
135,
89,
181,
278,
124,
297,
320,
142,
218,
152,
94,
126,
110,
93,
124,
185,
284,
62,
145,
139,
217,
90,
190,
139,
208,
300,
196,
163,
86,
165,
183,
181,
190,
199,
242,
48,
203,
187,
248,
43,
81,
190,
241,
308,
238,
76,
299,
132,
195,
207,
132,
170,
72,
174,
173,
197,
173,
297,
165,
82,
130,
296,
174,
72,
205,
286,
212,
180,
176,
273,
72,
159,
161,
267,
63,
67,
159,
65,
51,
169,
159,
182,
160,
317,
61,
194,
169,
168,
168,
159,
188,
151,
122,
140,
168,
275,
129,
54,
172,
169,
224,
307,
160,
260,
153,
123,
194,
217,
149,
141,
135,
261,
213,
270,
308,
246,
175,
44,
173,
203,
163,
132,
50,
255,
203,
157,
266,
220,
177,
306,
37,
140,
256,
233,
244,
315,
232,
230,
223,
142,
163,
183,
34,
121,
281,
177,
144,
209,
211,
137,
295,
36,
241,
287,
50,
167,
35,
165,
189,
236,
40,
281,
267,
157,
260,
229,
289,
129,
254,
221,
206,
177,
277,
193,
306,
44,
44,
231,
111,
40,
195,
271,
348,
93,
169,
194,
190,
108,
122,
251,
335,
235,
179,
113,
218,
104,
203,
108,
169,
159,
227,
175,
178,
167,
150,
149,
248,
165,
234,
170,
168,
177,
175,
104,
153,
38,
152,
354,
170,
103,
170,
240,
225,
150,
203,
141,
275,
190,
211,
189,
224,
123,
165,
112,
187,
216,
150,
93,
114,
87,
79,
209,
201,
346,
230,
134,
142,
129,
142,
132,
44,
135,
220,
239,
213,
139,
102,
247,
207,
200,
205,
261,
198,
180,
186,
89,
319,
265,
205,
190,
240,
89,
161,
173,
171,
126,
181,
169,
266,
201,
130,
118,
216,
137,
272,
199,
101,
142,
174,
296,
86,
135,
140,
215,
182,
82,
215,
164,
172,
164,
36,
156,
168,
288,
161,
174,
172,
317,
179,
133,
133,
148,
201,
190,
147,
208,
197,
142,
223,
278,
210,
126,
160,
215,
177,
336,
144,
134,
143,
157,
176,
121,
128,
113,
169,
181,
305,
125,
312,
126,
118,
215,
125,
122,
222,
194,
241,
166,
180,
191,
335,
108,
122,
178,
107,
193,
108,
312,
112,
123,
159,
107,
147,
190,
125,
344,
156,
127,
170,
152,
266,
324,
196,
154,
373,
236,
131,
194,
125,
308,
288,
198,
202,
343,
271,
219,
146,
168,
341,
296,
132,
200,
238,
128,
220,
286,
222,
134,
143,
277,
142,
250,
162,
230,
188,
121,
244,
144,
326,
107,
173,
128,
357,
120,
330,
127,
104,
97,
121,
85,
102,
105,
174,
203,
110,
141,
323,
94,
288,
298,
99,
265,
60,
126,
265,
175,
164,
271,
66,
216,
179,
214,
128,
116,
392,
97,
186,
141,
77,
150,
136,
317,
130,
210,
204,
172,
149,
153,
314,
176,
81,
123,
173,
145,
158,
162,
279,
119,
458,
124,
191,
322,
220,
373,
282,
319,
170,
152,
122,
143,
200,
254,
417,
146,
150,
355,
136,
234,
126,
389,
221,
367,
107,
116,
124,
227,
225,
80,
402,
124,
212,
134,
408,
104,
170,
161,
165,
103,
382,
127,
121,
213,
99,
70,
350,
84,
315,
44,
371,
51,
166,
306,
190,
225,
179,
181,
152,
226,
356,
249,
254,
352,
341,
221,
270,
244,
193,
148,
345,
286,
177,
241,
206,
260,
258,
222,
147,
74,
220,
151,
162,
328,
212,
244,
147,
239,
194,
276,
292,
209,
248,
67,
217,
225,
143,
153,
304,
219,
215,
149,
175,
207,
142,
185,
141,
54,
154,
188,
302,
181,
149,
288,
161,
281,
141,
183,
311,
195,
140,
172,
134,
36,
151,
292,
183,
130,
204,
187,
129,
179,
142,
165,
136,
121,
234,
288,
194,
243,
235,
122,
168,
191,
120,
233,
189,
109,
314,
164,
304,
147,
108,
192,
145,
146,
193,
281,
266,
158,
262,
280,
130,
172,
269,
104,
199,
249,
182,
128,
286,
196,
227,
178,
151,
98,
45,
175,
202,
411,
95,
88,
146,
155,
197,
151,
144,
158,
243,
190,
187,
156,
176,
130,
109,
127,
43,
102,
83,
112,
117,
123,
132,
44,
134,
82,
272,
120,
243,
167,
314,
183,
343,
286,
121,
43,
311,
187,
136,
97,
37,
179,
103,
295,
258,
170,
393,
145,
240,
109,
177,
147,
159,
157,
154,
268,
141,
262,
149,
199,
130,
210,
37,
218,
248,
245,
175,
97,
36,
305,
177,
312,
222,
299,
257,
246,
284,
309,
257,
273,
306,
315,
143,
273,
300,
137,
232,
210,
224,
155,
259,
288,
232,
250,
41,
460,
273,
232,
304,
244,
246,
160,
123,
334,
235,
306,
250,
207,
175,
139,
461,
376,
145,
329,
228,
231,
258,
334,
268,
259,
243,
235,
202,
167,
161,
237,
458,
239,
194,
204,
187,
354,
219,
128,
438,
462,
153,
246,
189,
135,
287,
129,
265,
434,
265,
222,
204,
106,
264,
195,
97,
288,
179,
230,
183,
213,
242,
228,
236,
209,
183,
296,
180,
192,
65,
192,
238,
42,
232,
209,
209,
191,
245,
349,
148,
239,
173,
214,
111,
280,
476,
185,
424,
190,
172,
522,
229,
35,
240,
223,
122,
393,
155,
217,
404,
238,
495,
115,
342,
114,
150,
490,
369,
42,
480,
238,
214,
419,
219,
236,
474,
191,
41,
469,
203,
78,
421,
198,
42,
476,
187,
78,
152,
420,
148,
184,
344,
460,
172,
79,
456,
276,
178,
429,
142,
143,
142,
90,
496,
176,
39,
132,
134,
451,
284,
288,
116,
481,
86,
474,
308,
91,
64,
181,
489,
432,
300,
281,
264,
455,
357,
251,
472,
285,
164,
277,
356,
250,
353,
82,
446,
342,
80,
287,
337,
323,
276,
297,
312,
297,
492,
281,
332,
447,
292,
268,
262,
245,
341,
281,
256,
241,
300,
244,
355,
296,
302,
233,
234,
271,
41,
233,
284,
227,
203,
246,
285,
232,
46,
186,
186,
39,
243,
212,
211,
210,
163,
289,
168,
105,
196,
270,
229,
237,
215,
177,
211,
165,
256,
238,
212,
157,
234,
296,
142,
210,
193,
80,
215,
174,
168,
250,
162,
162,
363,
130,
271,
270,
185,
45,
303,
140,
87,
213,
177,
201,
357,
263,
246,
262,
146,
269,
40,
166,
251,
80,
255,
266,
225,
202,
291,
68,
42,
265,
265,
310,
157,
217,
248,
156,
265,
262,
307,
228,
214,
168,
151,
156,
121,
268,
91,
248,
158,
153,
171,
163,
200,
351,
314,
153,
293,
219,
183,
46,
151,
180,
243,
142,
223,
81,
272,
252,
140,
167,
47,
46,
136,
350,
557,
325,
46,
319,
291,
269,
267,
505,
230,
250,
133,
247,
138,
378,
126,
290,
125,
200,
224,
116,
239,
222,
259,
228,
196,
189,
221,
228,
112,
211,
317,
302,
109,
529,
248,
283,
227,
222,
218,
185,
167,
322,
276,
351,
252,
262,
115,
197,
341,
288,
308,
142,
319,
333,
296,
333,
581,
355,
267,
299,
505,
570,
258,
394,
41,
282,
308,
246,
168,
216,
307,
276,
569,
100,
267,
228,
376,
239,
112,
151,
90,
306,
42,
298,
509,
313,
216,
508,
41,
204,
285,
301,
246,
295,
394,
203,
505,
324,
176,
563,
40,
273,
290,
281,
280,
324,
534,
280,
329,
150,
107,
139,
543,
41,
270,
273,
247,
162,
396,
385,
267,
157,
577,
292,
161,
341,
551,
515,
242,
263,
149,
268,
246,
213,
223,
515,
551,
258,
131,
304,
291,
262,
247,
245,
261,
330,
223,
311,
530,
247,
264,
508,
210,
268,
244,
151,
298,
257,
274,
273,
247,
302,
236,
250,
268,
205,
298,
512,
254,
195,
502,
267,
199,
226,
245,
191,
240,
309,
190,
295,
542,
211,
253,
40,
299,
291,
493,
294,
276,
298,
344,
284,
244,
39,
322,
278,
387,
243,
281,
565,
211,
198,
238,
215,
235,
337,
480,
179,
353,
303,
249,
277,
266,
284,
178,
311,
342,
163,
282,
289,
285,
554,
398,
161,
39,
267,
274,
293,
253,
180,
352,
277,
238,
260,
259,
499,
243,
139,
295,
418,
183,
251,
36,
240,
245,
85,
232,
218,
177,
256,
390,
208,
251,
227,
458,
198,
201,
204,
220,
305,
207,
206,
541,
219,
179,
472,
224,
366,
39,
235,
244,
208,
141,
279,
373,
291,
525,
295,
255,
220,
250,
504,
148,
251,
248,
233,
151,
265,
226,
230,
271,
270,
450,
323,
259,
215,
266,
313,
200,
247,
250,
231,
207,
198,
219,
413,
374,
237,
48,
236,
204,
276,
328,
148,
420,
69,
332,
221,
383,
395,
383,
321,
173,
325,
317,
179,
160,
281,
38,
231,
190,
59,
309,
170,
186,
317,
314,
312,
308,
52,
306,
146,
294,
173,
343,
272,
274,
321,
288,
270,
276,
268,
422,
284,
42,
418,
112,
266,
180,
261,
102,
283,
503,
259,
128,
411,
86,
228,
114,
44,
443,
480,
383,
234,
253,
270,
157,
217,
230,
396,
240,
281,
40,
272,
186,
297,
202,
328,
41,
469,
142,
409,
188,
54,
49,
410,
259,
140,
143,
74,
148,
230,
136,
249,
302,
156,
310,
259,
317,
135,
197,
282,
266,
229,
290,
215,
289,
383,
196,
271,
237,
176,
264,
337,
247,
174,
274,
150,
177,
146,
283,
289,
169,
613,
264,
87,
79,
212,
243,
165,
268,
193,
159,
260,
146,
206,
155,
159,
210,
118,
97,
135,
197,
202,
299,
172,
227,
98,
263,
287,
208,
299,
252,
111,
358,
42,
302,
231,
40,
350,
257,
245,
87,
710,
335,
235,
51,
198,
176,
465,
333,
675,
364,
601,
245,
107,
232,
149,
40,
376,
705,
321,
192,
271,
219,
307,
676,
101,
212,
144,
126,
230,
199,
193,
351,
89,
302,
343,
369,
659,
230,
144,
140,
665,
93,
143,
281,
139,
80,
349,
296,
166,
657,
225,
191,
248,
195,
242,
242,
138,
130,
92,
219,
218,
262,
296,
85,
51,
183,
131,
279,
181,
127,
97,
240,
126,
330,
252,
127,
219,
123,
126,
45,
117,
191,
223,
337,
403,
314,
41,
688,
190,
198,
284,
241,
116,
369,
52,
350,
672,
347,
582,
341,
36,
349,
361,
368,
43,
319,
340,
394,
382,
182,
682,
336,
187,
338,
299,
211,
452,
43,
363,
254,
611,
390,
379,
742,
42,
321,
257,
420,
344,
348,
691,
284,
356,
175,
561,
328,
273,
276,
320,
682,
379,
243,
318,
700,
323,
355,
403,
237,
272,
421,
200,
657,
666,
256,
225,
294,
39,
346,
177,
206,
287,
304,
284,
49,
433,
592,
339,
316,
277,
307,
351,
265,
315,
165,
562,
221,
357,
154,
45,
297,
40,
706,
339,
222,
311,
498,
283,
335,
280,
369,
322,
619,
223,
661,
364,
302,
276,
333,
353,
312,
467,
295,
620,
338,
281,
362,
269,
200,
337,
705,
276,
295,
473,
355,
364,
46,
353,
350,
284,
256,
181,
185,
257,
95,
159,
272,
281,
249,
190,
645,
279,
443,
291,
262,
284,
142,
211,
275,
287,
265,
222,
393,
671,
148,
135,
300,
226,
308,
256,
256,
337,
337,
359,
248,
123,
283,
253,
396,
274,
285,
212,
146,
115,
400,
246,
188,
273,
320,
235,
342,
525,
290,
346,
213,
227,
108,
267,
296,
245,
284,
483,
481,
309,
252,
102,
190,
149,
317,
386,
328,
161,
240,
39,
298,
407,
85,
142,
133,
393,
313,
293,
290,
450,
228,
198,
412,
238,
39,
307,
289,
283,
287,
281,
226,
273,
268,
212,
212,
311,
253,
288,
157,
275,
498,
267,
155,
388,
203,
295,
267,
152,
198,
227,
40,
236,
459,
266,
234,
131,
178,
240,
291,
185,
447,
311,
122,
175,
150,
292,
298,
296,
294,
45,
202,
37,
157,
365,
121,
289,
235,
266,
200,
455,
254,
243,
258,
262,
390,
278,
245,
238,
386,
245,
211,
182,
168,
477,
362,
343,
200,
186,
352,
289,
246,
158,
41,
213,
212,
200,
366,
137,
43,
316,
458,
238,
213,
324,
252,
200,
206,
164,
145,
158,
445,
254,
497,
202,
286,
150,
461,
185,
199,
155,
173,
152,
261,
149,
541,
102,
166,
450,
44,
316,
277,
82,
533,
246,
110,
355,
83,
43,
491,
42,
86,
175,
449,
351,
93,
213,
60,
169,
293,
80,
124,
394,
41,
243,
254,
257,
373,
387,
303,
185,
342,
270,
205,
516,
294,
443,
233,
225,
79,
353,
353,
304,
186,
77,
406,
240,
164,
163,
39,
390,
160,
297,
433,
225,
286,
163,
393,
274,
326,
350,
159,
392,
259,
370,
152,
171,
159,
387,
339,
489,
334,
248,
253,
316,
168,
144,
401,
151,
381,
339,
180,
160,
327,
368,
348,
104,
374,
281,
145,
317,
388,
105,
328,
114,
354,
156,
144,
385,
288,
99,
327,
279,
48,
257,
152,
232,
267,
453,
383,
336,
415,
245,
438,
317,
151,
407,
45,
211,
341,
150,
257,
336,
328,
46,
203,
331,
274,
237,
256,
267,
212,
292,
206,
229,
812,
198,
160,
245,
154,
120,
221,
833,
244,
198,
317,
142,
274,
158,
287,
808,
311,
117,
197,
500,
227,
830,
287,
798,
151,
342,
854,
798,
502,
398,
355,
40,
387,
374,
457,
396,
812,
790,
370,
153,
326,
383,
291,
377,
249,
312,
366,
785,
357,
856,
64,
361,
803,
81,
68,
156,
324,
386,
93,
404,
64,
270,
209,
255,
769,
383,
495,
411,
768,
409,
428,
859,
513,
572,
445,
483,
362,
452,
492,
268,
248,
433,
378,
286,
39,
440,
395,
776,
236,
409,
38,
383,
855,
386,
219,
480,
199,
274,
773,
348,
269,
220,
207,
189,
406,
295,
437,
361,
275,
253,
314,
361,
361,
215,
430,
403,
392,
374,
195,
279,
868,
288,
277,
284,
430,
300,
213,
777,
334,
380,
364,
401,
156,
322,
338,
331,
295,
46,
238,
261,
171,
763,
375,
367,
384,
245,
332,
346,
41,
318,
254,
42,
266,
84,
317,
366,
873,
217,
343,
387,
321,
391,
282,
43,
414,
387,
241,
253,
794,
453,
338,
169,
308,
837,
314,
809,
397,
336,
186,
858,
309,
370,
270,
355,
348,
298,
77,
261,
827,
228,
801,
214,
46,
52,
207,
249,
237,
305,
400,
76,
271,
192,
883,
206,
316,
375,
301,
258,
39,
41,
286,
306,
180,
206,
197,
193,
161,
210,
168,
192,
145,
231,
182,
178,
262,
348,
122,
188,
270,
195,
243,
92,
181,
267,
174,
41,
118,
233,
233,
81,
203,
127,
214,
137,
251,
119,
185,
179,
256,
153,
153,
172,
564,
147,
115,
136,
105,
207,
161,
206,
115,
166,
217,
41,
515,
155,
188,
151,
363,
235,
117,
107,
143,
192,
43,
105,
43,
339,
40,
183,
159,
40,
285,
338,
87,
94,
358,
325,
90,
87,
220,
77,
171,
45,
245,
289,
40,
146,
181,
505,
77,
120,
202,
133,
168,
586,
700,
150,
44,
233,
650,
81,
141,
646,
41,
80,
490,
247,
434,
418,
147,
182,
197,
484,
156,
160,
146,
153,
449,
603,
59,
537,
475,
440,
415,
167,
405,
466,
42,
418,
204,
832,
284,
311,
43,
136,
657,
267,
322,
129,
531,
806,
356,
40,
440,
353,
373,
651,
39,
531,
337,
130,
291,
360,
381,
795,
155,
416,
345,
641,
383,
409,
390,
350,
433,
335,
378,
393,
607,
382,
35,
289,
568,
277,
344,
757,
773,
394,
429,
439,
334,
347,
44,
315,
364,
311,
267,
364,
277,
44,
175,
347,
404,
328,
58,
319,
267,
296,
318,
287,
321,
280,
189,
122,
39,
215,
384,
45,
332,
42,
91,
252,
275,
40,
919,
297,
438,
436,
917,
922,
431,
377,
442,
452,
433,
198,
203,
259,
248,
447,
479,
402,
231,
187,
419,
484,
216,
414,
380,
253,
168,
448,
203,
48,
431,
234,
451,
316,
261,
407,
292,
386,
40,
446,
295,
416,
246,
468,
383,
353,
435,
444,
273,
424,
191,
363,
42,
166,
423,
404,
387,
426,
411,
382,
46,
987,
305,
378,
321,
370,
404,
271,
385,
398,
416,
374,
773,
386,
321,
403,
343,
434,
398,
915,
331,
377,
316,
417,
456,
468,
220,
316,
951,
358,
382,
235,
202,
424,
251,
271,
401,
381,
356,
296,
420,
379,
971,
239,
317,
494,
286,
960,
93,
376,
324,
451,
190,
407,
357,
237,
483,
371,
316,
362,
189,
216,
203,
391,
437,
219,
289,
224,
43,
479,
246,
492,
258,
438,
275,
496,
234,
413,
210,
193,
219,
455,
337,
190,
195,
361,
460,
849,
596,
134,
177,
451,
167,
782,
210,
192,
301,
941,
214,
173,
211,
185,
155,
184,
408,
216,
568,
130,
382,
409,
150,
200,
104,
410,
170,
397,
388,
426,
512,
246,
67,
350,
150,
137,
45,
213,
945,
217,
275,
285,
312,
38,
113,
154,
365,
327,
917,
239,
350,
79,
147,
1010,
954,
114,
141,
108,
1023,
105,
996,
221,
34,
329,
103,
212,
970,
157,
191,
92,
207,
184,
212,
403,
993,
106,
206,
907,
90,
449,
85,
190,
340,
958,
167,
39,
400,
443,
341,
396,
134,
874,
146,
401,
194,
200,
442,
145,
424,
959,
109,
364,
172,
699,
357,
364,
134,
194,
187,
316,
510,
197,
266,
205,
336,
134,
395,
155,
46,
179,
311,
124,
946,
297,
184,
290,
367,
163,
174,
257,
124,
140,
303,
285,
209,
237,
198,
174,
237,
360,
80,
128,
118,
474,
194,
208,
134,
898,
129,
224,
729,
289,
38,
187,
125,
414,
203,
692,
167,
112,
253,
131,
168,
180,
50,
72,
517,
48,
499,
544,
42,
334,
511,
316,
387,
428,
246,
490,
562,
41,
223,
84,
377,
589,
125,
425,
328,
487,
126,
404,
421,
576,
46,
548,
423,
45,
729,
860,
657,
368,
484,
388,
486,
622,
445,
482,
611,
401,
171,
377,
50,
363,
682,
304,
48,
387,
694,
512,
366,
506,
398,
514,
396,
530,
448,
355,
360,
688,
377,
336,
485,
488,
330,
382,
265,
466,
474,
448,
325,
448,
221,
39,
491,
415,
711,
496,
174,
360,
464,
140,
502,
607,
154,
167,
451,
37,
163,
404,
442,
244,
460,
506,
371,
320,
427,
476,
383,
39,
215,
38,
511,
835,
189,
371,
227,
494,
417,
195,
488,
403,
254,
342,
312,
372,
486,
410,
443,
405,
353,
342,
367,
348,
340,
346,
439,
374,
466,
353,
314,
567,
64,
483,
539,
49,
305,
447,
604,
458,
299,
463,
464,
100,
306,
431,
323,
346,
1075,
667,
343,
163,
415,
84,
378,
369,
1050,
72,
395,
598,
1065,
42,
70,
272,
277,
104,
382,
249,
428,
296,
144,
580,
61,
163,
312,
55,
445,
452,
416,
474,
244,
363,
377,
44,
363,
449,
599,
43,
166,
1059,
445,
529,
463,
313,
447,
465,
459,
41,
210,
439,
182,
1122,
412,
621,
168,
1084,
414,
144,
659,
471,
614,
390,
390,
120,
234,
519,
183,
409,
238,
476,
1079,
179,
170,
656,
510,
270,
169,
273,
185,
590,
469,
44,
214,
1089,
449,
163,
1086,
369,
227,
121,
211,
461,
80,
536,
386,
197,
154,
199,
196,
109,
182,
210,
369,
411,
132,
181,
217,
380,
117,
411,
105,
1098,
190,
252,
90,
428,
491,
141,
100,
208,
174,
433,
476,
1091,
444,
179,
462,
405,
334,
39,
870,
390,
1071,
374,
182,
164,
95,
63,
1067,
397,
1041,
451,
534,
145,
154,
697,
41,
490,
1096,
127,
693,
684,
497,
682,
697,
692,
678,
1072,
41,
133,
46,
1065,
1042,
42,
857,
1041,
716,
96,
256,
169,
478,
411,
343,
242,
852,
374,
400,
691,
366,
1024,
188,
371,
1130,
822,
330,
387,
43,
195,
1118,
373,
1006,
295,
426,
137,
109,
170,
336,
289,
505,
1063,
108,
156,
286,
134,
1028,
1098,
49,
201,
367,
100,
239,
291,
320,
209,
1082,
117,
375,
109,
95,
226,
40,
1087,
96,
328,
150,
218,
110,
247,
75,
216,
131,
79,
133,
287,
100,
120,
215,
245,
208,
205,
179,
102,
147,
296,
42,
82,
44,
209,
170,
90,
221,
164,
163,
49,
551,
80,
114,
119,
148,
263,
38,
463,
80,
127,
558,
566,
124,
492,
118,
41,
162,
169,
523,
163,
489,
188,
151,
204,
42,
111,
508,
500,
493,
706,
694,
46,
100,
885,
702,
452,
45,
533,
691,
47,
647,
683,
101,
494,
436,
321,
448,
420,
577,
688,
578,
878,
578,
456,
49,
501,
348,
582,
685,
535,
842,
587,
525,
381,
377,
471,
596,
396,
362,
42,
383,
307,
183,
562,
504,
492,
619,
657,
184,
387,
368,
284,
443,
246,
388,
586,
447,
908,
363,
491,
345,
543,
344,
499,
472,
226,
375,
285,
739,
175,
402,
798,
245,
740,
39,
358,
173,
424,
729,
517,
385,
708,
52,
1106,
695,
612,
373,
325,
67,
578,
345,
206,
40,
534,
170,
612,
214,
684,
471,
170,
1040,
457,
373,
480,
319,
449,
276,
347,
164,
474,
249,
147,
45,
525,
270,
435,
694,
138,
516,
498,
144,
160,
631,
447,
41,
109,
527,
243,
336,
499,
127,
835,
139,
164,
311,
561,
281,
631,
517,
489,
271,
271,
268,
156,
510,
102,
525,
593,
389,
201,
150,
239,
223,
338,
155,
124,
87,
160,
751,
437,
623,
123,
117,
436,
130,
47,
426,
153,
478,
125,
423,
150,
152,
415,
394,
321,
520,
571,
79,
163,
294,
348,
490,
395,
42,
473,
462,
91,
809,
271,
492,
427,
850,
368,
323,
264,
319,
558,
811,
351,
120,
349,
946,
478,
247,
345,
297,
646,
470,
593,
528,
1145,
349,
471,
296,
78,
449,
97,
532,
513,
447,
256,
95,
1046,
85,
525,
482,
1105,
126,
475,
511,
351,
382,
1105,
670,
481,
506,
468,
679,
682,
665,
417,
670,
653,
664,
652,
875,
659,
869,
664,
867,
42,
861,
643,
945,
640,
56,
47,
905,
541,
648,
857,
279,
852,
1253,
867,
260,
311,
315,
517,
274,
852,
526,
442,
850,
390,
43,
847,
262,
195,
246,
843,
188,
832,
261,
185,
847,
244,
169,
842,
172,
265,
1247,
544,
828,
831,
43,
560,
557,
175,
146,
888,
189,
181,
1000,
828,
198,
639,
699,
612,
821,
163,
1104,
383,
477,
198,
611,
148,
943,
190,
233,
1003,
42,
687,
690,
231,
653,
1207,
822,
829,
669,
716,
961,
92,
117,
625,
453,
712,
557,
721,
1212,
43,
835,
302,
660,
717,
1228,
923,
708,
551,
450,
700,
379,
713,
94,
659,
1249,
93,
223,
690,
1236,
378,
93,
657,
714,
377,
705,
526,
88,
537,
47,
704,
713,
455,
675,
1179,
964,
614,
322,
1125,
336,
327,
331,
605,
649,
151,
329,
539,
332,
337,
302,
324,
678,
1229,
323,
317,
332,
590,
206,
1254,
1194,
258,
1189,
1254,
327,
220,
1246,
178,
1244,
297,
253,
350,
168,
161,
559,
1092,
304,
297,
263,
221,
322,
368,
247,
1228,
203,
289,
156,
81,
178,
1207,
215,
160,
1126,
203,
211,
377,
80,
135,
124,
1207,
301,
286,
1177,
131,
327,
301,
439,
295,
149,
173,
301,
137,
38,
146,
240,
287,
119,
373,
454,
93,
352,
367,
549,
35,
230,
239,
475,
338,
454,
318,
121,
221,
373,
454,
218,
163,
371,
819,
333,
162,
680,
227,
219,
121,
157,
250,
674,
260,
285,
155,
251,
135,
191,
151,
228,
121,
374,
170,
102,
114,
546,
43,
249,
901,
146,
898,
638,
161,
567,
139,
651,
638,
209,
146,
146,
318,
579,
132,
142,
604,
130,
500,
146,
448,
137,
119,
44,
633,
125,
932,
606,
731,
37,
1079,
436,
167,
998,
166,
301,
861,
635,
603,
583,
70,
633,
667,
392,
138,
44,
167,
490,
387,
634,
41,
1013,
1151,
452,
450,
465,
43,
343,
39,
805,
42,
354,
339,
621,
94,
577,
574,
376,
694,
606,
579,
392,
324,
400,
418,
1154,
265,
676,
565,
399,
745,
416,
411,
688,
717,
44,
709,
561,
867,
1051,
392,
42,
623,
688,
653,
663,
301,
630,
48,
458,
593,
299,
292,
307,
482,
711,
858,
580,
282,
325,
621,
632,
294,
626,
708,
282,
562,
491,
265,
405,
255,
497,
237,
278,
194,
497,
610,
677,
672,
237,
248,
219,
593,
524,
235,
554,
248,
214,
220,
449,
40,
199,
210,
934,
553,
214,
320,
621,
144,
428,
454,
601,
700,
39,
226,
195,
750,
499,
608,
569,
643,
342,
569,
482,
202,
738,
526,
329,
678,
622,
580,
509,
556,
576,
491,
548,
566,
573,
39,
646,
256,
505,
588,
554,
644,
502,
527,
482,
692,
579,
623,
525,
566,
545,
686,
1295,
43,
438,
174,
418,
41,
787,
947,
39,
356,
567,
693,
586,
603,
749,
683,
681,
687,
619,
545,
632,
694,
563,
418,
451,
601,
666,
532,
188,
227,
46,
701,
478,
184,
403,
60,
682,
1403,
50,
193,
220,
400,
682,
1298,
179,
161,
1293,
1278,
609,
434,
334,
155,
44,
595,
163,
48,
1359,
46,
224,
609,
425,
140,
594,
84,
296,
454,
551,
1358,
574,
215,
422,
420,
623,
433,
317,
417,
386,
545,
325,
1337,
263,
289,
207,
173,
1266,
1356,
200,
174,
454,
1345,
51,
1371,
131,
192,
183,
1179,
424,
377,
174,
446,
113,
45,
75,
394,
1290,
45,
713,
1282,
40,
484,
1313,
438,
705,
38,
173,
205,
1259,
37,
78,
1129,
76,
1230,
1241,
1199,
247,
439,
145,
402,
1147,
1180,
159,
1378,
404,
917,
545,
1189,
234,
287,
259,
464,
1399,
207,
208,
324,
1233,
610,
375,
119,
124,
122,
151,
203,
370,
134,
142,
246,
239,
375,
98,
678,
357,
406,
702,
452,
696,
690,
619,
650,
44,
672,
724,
999,
42,
344,
402,
252,
565,
483,
236,
38,
400,
630,
318,
327,
601,
331,
209,
228,
734,
218,
383,
409,
246,
184,
432,
534,
330,
177,
309,
385,
285,
302,
304,
273,
197,
181,
288,
1090,
167,
569,
1258,
306,
266,
149,
42,
342,
316,
160,
582,
954,
321,
142,
335,
688,
289,
130,
175,
654,
198,
163,
674,
605,
336,
125,
309,
163,
873,
311,
321,
43,
125,
47,
132,
931,
258,
763,
45,
736,
119,
275,
43,
728,
564,
357,
841,
1092,
712,
603,
888,
566,
684,
581,
821,
121,
563,
393,
581,
586,
555,
921,
596,
574,
582,
306,
374,
299,
545,
707,
389,
434,
39,
825,
485,
352,
649,
788,
801,
542,
456,
763,
37,
565,
815,
775,
301,
313,
638,
288,
425,
665,
210,
795,
502,
477,
784,
604,
538,
310,
201,
553,
429,
700,
453,
90,
416,
748,
505,
1214,
235,
246,
475,
471,
102,
202,
149,
726,
765,
1166,
714,
649,
571,
671,
527,
539,
552,
735,
750,
682,
266,
699,
206,
665,
635,
745,
196,
123,
491,
692,
202,
658,
685,
505,
458,
604,
41,
684,
754,
329,
669,
629,
210,
959,
523,
696,
221,
46,
475,
547,
631,
699,
919,
902,
582,
697,
675,
681,
352,
95,
505,
635,
643,
41,
728,
196,
607,
470,
453,
660,
496,
606,
321,
98,
504,
458,
359,
511,
375,
943,
279,
524,
206,
218,
645,
440,
1521,
47,
111,
1405,
1521,
110,
145,
210,
66,
172,
551,
86,
460,
67,
436,
1505,
271,
57,
458,
189,
77,
56,
1476,
557,
171,
1481,
42,
259,
150,
170,
1416,
533,
271,
1460,
141,
466,
1514,
101,
97,
174,
1480,
158,
1505,
269,
294,
224,
693,
469,
244,
1479,
354,
45,
189,
98,
91,
1454,
1084,
175,
44,
1326,
473,
89,
304,
253,
232,
80,
262,
225,
885,
263,
1147,
1507,
1173,
208,
1506,
897,
196,
239,
124,
247,
45,
611,
216,
1434,
234,
265,
139,
176,
1481,
154,
45,
165,
146,
47,
292,
94,
1081,
1334,
1475,
860,
821,
881,
219,
1470,
1338,
302,
1305,
666,
79,
252,
1073,
1473,
248,
240,
274,
1297,
320,
1549,
228,
235,
1293,
1541,
286,
230,
240,
1141,
40,
208,
208,
240,
220,
195,
1133,
213,
231,
194,
259,
197,
37,
208,
974,
199,
193,
279,
488,
1184,
163,
191,
1363,
43,
339,
191,
143,
131,
243,
374,
136,
172,
552,
439,
191,
320,
137,
225,
1490,
689,
146,
145,
106,
444,
1288,
443,
136,
376,
1546,
176,
613,
560,
377,
431,
281,
507,
409,
529,
156,
443,
681,
115,
516,
688,
337,
281,
442,
352,
392,
45,
43,
181,
387,
448,
496,
42,
258,
40,
121,
434,
371,
407,
515,
312,
626,
359,
285,
869,
237,
350,
420,
233,
249,
232,
69,
447,
727,
872,
366,
472,
199,
360,
302,
1194,
188,
136,
39,
518,
525,
132,
744,
838,
443,
398,
384,
782,
709,
337,
135,
141,
647,
134,
422,
775,
120,
298,
653,
111,
446,
593,
549,
600,
793,
301,
514,
39,
762,
580,
737,
37,
619,
446,
40,
720,
676,
415,
653,
39,
1342,
655,
632,
428,
639,
441,
661,
477,
255,
418,
629,
516,
693,
467,
411,
442,
39,
45,
348,
44,
236,
460,
496,
562,
414,
409,
762,
430,
408,
255,
329,
488,
365,
390,
440,
428,
804,
625,
42,
383,
397,
342,
798,
407,
43,
388,
1344,
558,
706,
368,
801,
429,
401,
506,
745,
355,
454,
230,
527,
339,
723,
603,
353,
429,
201,
789,
371,
522,
401,
406,
463,
640,
1342,
268,
1145,
234,
303,
116,
890,
340,
403,
397,
45,
832,
371,
334,
393,
390,
510,
409,
188,
492,
416,
400,
648,
800,
398,
729,
333,
328,
191,
357,
534,
455,
216,
373,
658,
633,
688,
229,
233,
247,
632,
143,
357,
206,
662,
227,
612,
162,
454,
608,
389,
180,
859,
193,
600,
845,
193,
325,
85,
134,
885,
147,
181,
324,
895,
38,
159,
288,
166,
217,
474,
504,
145,
554,
120,
99,
897,
657,
890,
522,
39,
902,
83,
898,
559,
80,
293,
208,
890,
899,
216,
885,
45,
553,
890,
1009,
896,
302,
208,
180,
183,
883,
882,
1300,
155,
258,
878,
169,
882,
726,
892,
730,
725,
230,
156,
246,
182,
995,
168,
1289,
177,
186,
1142,
268,
876,
184,
190,
881,
869,
1034,
1155,
162,
195,
534,
160,
170,
143,
865,
408,
141,
878,
541,
921,
476,
42,
1317,
840,
729,
721,
112,
737,
110,
714,
708,
735,
700,
98,
1660,
1344,
696,
843,
83,
51,
810,
709,
42,
1644,
802,
820,
288,
84,
784,
685,
292,
884,
289,
244,
84,
1408,
256,
230,
756,
83,
225,
252,
40,
238,
277,
241,
84,
173,
698,
227,
691,
220,
208,
666,
691,
39,
231,
46,
868,
1640,
38,
748,
812,
745,
79,
1654,
764,
1690,
39,
868,
475,
984,
41,
75,
733,
567,
146,
259,
1470,
42,
1581,
756,
458,
368,
698,
36,
792,
965,
860,
492,
656,
1716,
391,
1721,
725,
101,
1665,
380,
384,
412,
339,
589,
1440,
865,
441,
95,
394,
1603,
380,
266,
1536,
410,
301,
1620,
898,
387,
170,
57,
1629,
743,
1373,
825,
823,
374,
526,
378,
1709,
727,
554,
1732,
940,
584,
537,
1695,
425,
1534,
599,
459,
1490,
1533,
598,
889,
597,
219,
372,
206,
506,
783,
469,
266,
424,
186,
441,
184,
1595,
570,
179,
416,
591,
41,
167,
160,
426,
1608,
793,
520,
706,
626,
506,
129,
331,
525,
589,
118,
588,
443,
960,
987,
590,
845,
96,
37,
742,
985,
409,
664,
644,
592,
692,
300,
777,
531,
1034,
957,
319,
593,
597,
468,
238,
425,
633,
489,
89,
755,
481,
502,
318,
231,
76,
301,
892,
615,
597,
382,
592,
236,
371,
735,
560,
379,
893,
39,
592,
263,
657,
435,
741,
235,
654,
370,
647,
218,
642,
249,
593,
590,
516,
266,
801,
550,
216,
732,
729,
627,
572,
175,
625,
724,
590,
606,
162,
195,
1000,
551,
603,
709,
590,
178,
765,
677,
814,
550,
134,
521,
41,
138,
603,
474,
1164,
148,
526,
456,
479,
468,
575,
63,
833,
41,
430,
807,
993,
560,
765,
985,
601,
38,
832,
831,
131,
1017,
599,
487,
55,
834,
142,
582,
600,
891,
948,
600,
777,
559,
842,
964,
656,
393,
1192,
604,
379,
630,
976,
807,
818,
704,
572,
831,
809,
1010,
841,
511,
750,
738,
364,
761,
578,
502,
512,
1166,
770,
552,
758,
714,
682,
1156,
991,
538,
1117,
602,
830,
506,
656,
1160,
134,
1113,
1182,
539,
763,
1110,
567,
1100,
454,
1103,
1375,
814,
1085,
717,
783,
489,
1519,
1041,
967,
833,
114,
1241,
1059,
854,
529,
40,
1323,
1080,
116,
144,
1028,
100,
483,
105,
1186,
1007,
98,
82,
340,
667,
641,
495,
306,
331,
1016,
742,
486,
1048,
337,
357,
273,
92,
1182,
1378,
1046,
472,
279,
349,
322,
224,
199,
290,
299,
216,
485,
376,
263,
331,
120,
262,
245,
192,
257,
319,
153,
477,
351,
1187,
76,
919,
542,
65,
1169,
574,
359,
235,
306,
343,
327,
1153,
131,
328,
315,
218,
1046,
219,
244,
303,
334,
210,
289,
133,
265,
555,
227,
619,
862,
601,
114,
104,
878,
861,
858,
485,
132,
451,
539,
109,
107,
51,
518,
46,
90,
106,
437,
346,
567,
90,
612,
483,
953,
550,
357,
349,
139,
78,
475,
564,
545,
803,
905,
726,
424,
883,
668,
653,
82,
489,
148,
77,
712,
719,
1765,
759,
951,
1116,
737,
83,
1124,
717,
347,
69,
44,
849,
811,
740,
105,
588,
89,
1057,
680,
239,
491,
74,
578,
270,
87,
51,
935,
1762,
1018,
370,
139,
946,
77,
608,
809,
69,
39,
67,
223,
235,
827,
625,
66,
658,
838,
726,
227,
65,
168,
61,
221,
65,
56,
716,
654,
949,
759,
49,
1698,
733,
562,
172,
733,
46,
1874,
130,
44,
829,
526,
1764,
537,
42,
1257,
617,
1531,
469,
140,
1154,
357,
40,
1591,
1668,
1531,
633,
1805,
44,
132,
771,
1072,
305,
487,
268,
712,
510,
763,
239,
189,
1095,
679,
908,
1019,
428,
599,
169,
1133,
854,
597,
957,
1015,
741,
890,
224,
713,
629,
701,
545,
807,
1508,
597,
145,
754,
748,
1091,
376,
739,
730,
1038,
357,
403,
698,
531,
402,
1024,
555,
555,
407,
352,
843,
1382,
1134,
548,
245,
1103,
358,
515,
530,
603,
1076,
718,
615,
457,
528,
364,
614,
488,
570,
819,
332,
235,
716,
308,
340,
664,
537,
319,
40,
374,
779,
714,
574,
284,
976,
286,
274,
188,
467,
39,
438,
410,
535,
693,
284,
603,
676,
432,
307,
310,
308,
661,
988,
458,
604,
272,
563,
367,
81,
262,
1696,
530,
682,
538,
335,
469,
1586,
650,
744,
1071,
378,
350,
560,
968,
475,
280,
466,
571,
600,
248,
289,
337,
460,
1168,
545,
260,
275,
308,
79,
758,
1044,
45,
453,
727,
301,
583,
237,
185,
1517,
1089,
615,
632,
241,
40,
357,
274,
448,
259,
537,
226,
1439,
519,
667,
232,
304,
491,
434,
584,
271,
164,
474,
605,
41,
245,
43,
48,
535,
203,
116,
349,
338,
336,
263,
343,
344,
507,
1068,
265,
44,
296,
319,
254,
286,
376,
332,
1022,
1077,
279,
200,
511,
214,
307,
293,
704,
45,
1635,
1167,
1991,
851,
267,
183,
306,
334,
340,
254,
1041,
169,
1491,
248,
178,
492,
894,
644,
140,
201,
508,
1018,
1935,
357,
131,
993,
123,
97,
91,
564,
989,
550,
1480,
56,
1443,
960,
966,
934,
127,
102,
870,
43,
118,
142,
116,
962,
1957,
584,
51,
779,
72,
1078,
64,
1504,
48,
52,
942,
901,
493,
46,
1955,
451,
651,
1056,
1928,
400,
676,
1933,
1286,
860,
1980,
434,
536,
1064,
91,
1980,
680,
682,
1942,
1993,
419,
1024,
1451,
1053,
281,
812,
1918,
40,
855,
1387,
50,
531,
451,
41,
741,
691,
354,
728,
42,
1736,
353,
1926,
541,
352,
1956,
458,
339,
1027,
533,
338,
613,
1179,
44,
1970,
57,
242,
93,
569,
118,
759,
1952,
231,
1872,
43,
43,
881,
318,
46,
39,
584,
232,
265,
780,
1005,
101,
1114,
208,
996,
1125,
2015,
585,
1132,
684,
988,
1872,
203,
474,
975,
202,
1138,
973,
2016,
265,
392,
2027,
194,
1522,
257,
42,
41,
1898,
972,
771,
200,
1761,
769,
658,
1921,
1325,
41,
19,
644,
365,
229,
1363,
1938,
975,
1773,
964,
622,
703,
1028,
634,
693,
1254,
837,
1836,
163,
151,
625,
675,
43,
628,
998,
864,
193,
665,
704,
923,
809,
807,
353,
701,
783,
726,
741,
853,
606,
168,
469,
1224,
726,
841,
545,
261,
281,
284,
44,
431,
218,
1246,
556,
210,
1233,
303,
254,
761,
493,
355,
386,
249,
884,
500,
45,
566,
187,
237,
348,
838,
185,
347,
199,
176,
521,
197,
371,
359,
766,
444,
754,
598,
760,
351,
277,
730,
1629,
975,
1247,
235,
1487,
532,
595,
678,
336,
739,
1327,
503,
798,
609,
243,
753,
967,
335,
733,
316,
813,
522,
1558,
716,
258,
917,
237,
348,
1493,
567,
310,
620,
192,
1932,
709,
244,
645,
1925,
759,
206,
705,
569,
495,
380,
689,
553,
942,
591,
489,
617,
211,
295,
544,
408,
354,
726,
771,
845,
572,
1275,
1203,
857,
439,
313,
795,
837,
310,
533,
307,
1287,
810,
453,
1256,
615,
558,
786,
862,
272,
652,
747,
1194,
459,
742,
845,
367,
1677,
297,
867,
261,
901,
596,
700,
269,
433,
459,
641,
694,
195,
786,
625,
952,
181,
778,
729,
1277,
699,
643,
622,
597,
853,
547,
408,
108,
855,
941,
325,
822,
675,
89,
735,
116,
761,
71,
671,
1275,
510,
618,
859,
438,
649,
453,
542,
367,
117,
930,
575,
872,
582,
764,
114,
549,
577,
42,
937,
112,
564,
714,
916,
806,
96,
634,
100,
641,
96,
43,
472,
92,
880,
87,
814,
623,
45,
809,
88,
82,
65,
860,
64,
201,
57,
135,
860,
919,
1962,
192,
152,
41,
149,
43,
148,
1323,
544,
329,
1317,
1326,
41,
559,
381,
720,
630,
987,
1326,
1314,
953,
2138,
1320,
138,
339,
1319,
939,
1885,
1310,
106,
41,
317,
1315,
524,
1400,
430,
1371,
343,
2150,
738,
387,
463,
39,
390,
402,
689,
1488,
672,
582,
312,
1345,
774,
855,
2173,
743,
587,
402,
571,
49,
459,
2148,
385,
1008,
635,
39,
76,
402,
359,
2020,
454,
204,
2141,
615,
75,
428,
2024,
664,
1166,
1277,
1963,
414,
41,
1337,
1335,
344,
213,
647,
1334,
1331,
1274,
1307,
2115,
44,
40,
364,
293,
274,
1956,
654,
1331,
1336,
1561,
1343,
2172,
1212,
1210,
352,
1208,
876,
1101,
933,
2169,
762,
701,
232,
1208,
800,
757,
1031,
2157,
1206,
770,
46,
833,
1342,
813,
715,
1205,
793,
192,
482,
802,
785,
698,
1284,
280,
462,
451,
2160,
780,
495,
161,
259,
49,
669,
189,
791,
1551,
312,
41,
391,
455,
491,
516,
43,
2137,
403,
830,
185,
336,
2161,
39,
1260,
400,
432,
351,
2163,
615,
749,
497,
1822,
2132,
1023,
720,
260,
1365,
840,
1368,
1373,
675,
143,
920,
1165,
184,
1162,
1376,
438,
1160,
1145,
1374,
671,
970,
373,
1144,
423,
378,
433,
667,
449,
360,
398,
177,
871,
378,
373,
409,
459,
339,
2172,
861,
551,
796,
706,
282,
336,
948,
380,
287,
278,
259,
240,
613,
285,
253,
327,
264,
171,
547,
205,
604,
259,
329,
514,
264,
288,
316,
1254,
614,
699,
171,
204,
1448,
155,
351,
209,
314,
258,
406,
414,
299,
235,
689,
172,
320,
899,
211,
674,
192,
206,
619,
205,
856,
820,
187,
727,
169,
852,
139,
684,
669,
279,
112,
657,
482,
509,
854,
616,
909,
848,
678,
900,
656,
114,
607,
1410,
1602,
112,
796,
822,
859,
108,
477,
897,
1610,
740,
673,
847,
846,
567,
597,
448,
1467,
1379,
521,
1758,
619,
726,
589,
791,
770,
511,
914,
2069,
612,
1334,
1406,
776,
565,
106,
297,
372,
787,
517,
91,
89,
770,
1002,
719,
277,
584,
102,
361,
771,
1806,
747,
712,
884,
1427,
1774,
788,
910,
792,
678,
735,
88,
1502,
591,
628,
362,
92,
851,
85,
244,
1484,
846,
608,
754,
635,
65,
489,
666,
1864,
860,
997,
702,
662,
673,
855,
46,
795,
844,
677,
51,
445,
734,
1843,
43,
628,
585,
678,
666,
39,
287,
1877,
823,
701,
614,
591,
871,
622,
529,
864,
737,
758,
457,
82,
551,
221,
459,
1666,
819,
467,
474,
608,
742,
1742,
244,
858,
678,
62,
725,
736,
516,
835,
650,
489,
725,
583,
368,
883,
426,
710,
606,
372,
715,
536,
908,
1364,
305,
574,
789,
456,
1020,
137,
507,
637,
45,
689,
346,
310,
1058,
1594,
113,
796,
1091,
2007,
51,
403,
386,
42,
1516,
1011,
130,
647,
696,
687,
515,
694,
622,
572,
466,
685,
45,
2011,
535,
919,
425,
202,
488,
921,
426,
198,
423,
571,
416,
652,
480,
722,
425,
177,
349,
190,
328,
363,
707,
320,
176,
598,
348,
311,
374,
551,
385,
318,
357,
308,
292,
600,
169,
549,
331,
646,
300,
592,
137,
861,
283,
330,
924,
816,
120,
898,
438,
818,
42,
816,
1345,
317,
116,
1341,
809,
488,
110,
1337,
1335,
1347,
1353,
97,
1342,
470,
1541,
76,
1538,
105,
1530,
467,
2176,
40,
698,
50,
708,
705,
46,
703,
71,
44,
731,
728,
2093,
46,
718,
2322,
917,
77,
698,
701,
845,
697,
41,
711,
2217,
696,
1348,
696,
1528,
78,
35,
569,
688,
578,
2157,
581,
651,
1113,
507,
549,
1542,
506,
43,
472,
442,
180,
139,
1912,
177,
2197,
2351,
1732,
1783,
2226,
2108,
177,
2202,
2201,
175,
174,
2052,
1125,
39,
1980,
406,
175,
1014,
398,
2194,
2223,
788,
764,
583,
2236,
1876,
975,
2203,
442,
2109,
174,
822,
2200,
1574,
252,
583,
173,
1003,
172,
2025,
1344,
531,
169,
2189,
2193,
888,
358,
2185,
148,
464,
836,
1943,
896,
825,
706,
979,
1809,
521,
1026,
309,
1853,
1826,
313,
279,
289,
583,
1020,
634,
162,
638,
615,
1832,
161,
380,
289,
286,
541,
296,
575,
161,
371,
246,
266,
241,
2184,
465,
271,
274,
251,
828,
495,
2259,
617,
1833,
682,
563,
160,
220,
819,
545,
490,
335,
237,
156,
698,
1600,
516,
608,
2130,
220,
1580,
578,
540,
577,
751,
595,
304,
237,
219,
811,
615,
204,
708,
188,
156,
497,
501,
606,
1128,
1616,
722,
714,
853,
488,
554,
1116,
313,
428,
773,
284,
546,
964,
232,
537,
507,
757,
557,
401,
223,
493,
222,
700,
281,
689,
188,
223,
951,
228,
689,
254,
445,
235,
667,
605,
310,
187,
915,
1032,
613,
238,
219,
203,
242,
507,
541,
1484,
212,
188,
697,
1038,
230,
610,
220,
185,
359,
733,
228,
240,
195,
1013,
266,
347,
184,
422,
614,
150,
609,
809,
164,
668,
178,
651,
196,
130,
599,
497,
207,
1030,
184,
616,
110,
764,
177,
579,
607,
129,
181,
600,
738,
555,
874,
412,
317,
714,
732,
567,
999,
182,
1072,
957,
549,
958,
565,
919,
639,
626,
670,
555,
114,
731,
591,
613,
643,
547,
642,
598,
544,
736,
632,
775,
646,
672,
548,
178,
832,
1767,
593,
564,
187,
1568,
721,
1539,
509,
2320,
147,
2178,
617,
1145,
662,
972,
940,
637,
312,
2282,
704,
885,
161,
357,
1267,
116,
844,
719,
903,
482,
115,
621,
589,
617,
1006,
550,
116,
483,
1335,
191,
592,
1075,
183,
605,
504,
508,
662,
182,
133,
481,
155,
540,
522,
484,
120,
422,
538,
480,
564,
449,
412,
246,
637,
460,
1529,
338,
438,
358,
413,
418,
585,
377,
326,
1530,
77,
418,
1224,
437,
418,
308,
492,
388,
918,
411,
1532,
383,
392,
76,
914,
359,
335,
914,
949,
457,
1928,
530,
1533,
910,
266,
391,
295,
905,
923,
1768,
2031,
254,
310,
916,
75,
895,
548,
529,
290,
524,
912,
74,
553,
906,
268,
528,
514,
437,
292,
503,
510,
550,
525,
514,
1238,
1933,
549,
1217,
1954,
1179,
1225,
547,
1055,
550,
2033,
1142,
1092,
543,
1086,
419,
554,
1592,
388,
547,
539,
306,
1587,
543,
531,
641,
541,
317,
533,
429,
557,
286,
532,
542,
531,
1843,
350,
1247,
396,
339,
1175,
443,
645,
538,
67,
531,
536,
585,
330,
340,
386,
381,
384,
466,
480,
381,
480,
459,
464,
301,
350,
483,
475,
2283,
541,
624,
2235,
802,
942,
2251,
990,
761,
540,
923,
616,
685,
635,
2337,
475,
595,
327,
532,
452,
2008,
540,
1101,
1172,
489,
633,
1657,
676,
408,
1637,
2435,
1059,
606,
567,
2398,
383,
1903,
571,
629,
2091,
267,
380,
2036,
1892,
533,
614,
684,
599,
670,
609,
536,
2027,
694,
1178,
1101,
642,
508,
2310,
703,
636,
689,
446,
707,
2011,
721,
631,
1032,
2349,
1494,
991,
488,
1005,
495,
546,
906,
2224,
645,
615,
1376,
2440,
930,
181,
488,
515,
1024,
324,
292,
2157,
277,
1839,
259,
324,
272,
336,
268,
1138,
340,
255,
2429,
2155,
1296,
230,
1317,
678,
254,
1208,
907,
1864,
771,
277,
245,
697,
775,
345,
1704,
834,
206,
203,
547,
726,
259,
163,
779,
1952,
842,
110,
195,
2428,
776,
2075,
900,
597,
290,
323,
413,
1151,
635,
239,
757,
782,
2107,
165,
217,
649,
582,
524,
2197,
585,
194,
1253,
1128,
893,
553,
760,
2130,
635,
237,
1027,
568,
554,
652,
215,
466,
219,
565,
286,
1179,
487,
1116,
958,
673,
401,
467,
405,
200,
741,
680,
283,
1140,
214,
751,
595,
1686,
243,
567,
1207,
1132,
627,
669,
1691,
246,
581,
494,
717,
605,
650,
571,
2038,
447,
680,
506,
1186,
766,
790,
659,
1206,
601,
600,
246,
590,
706,
650,
952,
629,
241,
617,
356,
575,
689,
197,
699,
522,
678,
540,
527,
352,
699,
192,
751,
434,
634,
781,
188,
563,
711,
186,
594,
183,
607,
693,
582,
598,
323,
554,
770,
501,
173,
366,
688,
596,
140,
588,
615,
284,
147,
759,
139,
484,
829,
324,
584,
568,
117,
550,
396,
305,
593,
115,
283,
268,
96,
837,
583,
288,
672,
440,
269,
463,
279,
543,
411,
997,
656,
703,
783,
273,
720,
260,
135,
160,
253,
244,
252,
215,
233,
238,
208,
2219,
2310,
203,
25,
2147,
183,
2269,
226,
218,
153,
216,
1335,
485,
226,
162,
215,
1287,
2056,
144,
369,
1310,
156,
215,
664,
139,
506,
213,
958,
191,
438,
741,
782,
195,
875,
189,
330,
642,
45,
131,
376,
128,
638,
773,
89,
786,
330,
44,
341,
634,
280,
700,
736,
733,
608,
423,
593,
482,
672,
688,
2132,
709,
44,
737,
590,
39,
644,
432,
621,
792,
409,
37,
547,
659,
329,
739,
1743,
640,
686,
127,
2128,
2072,
721,
289,
218,
582,
2266,
2125,
229,
2395,
514,
41,
613,
446,
211,
79,
158,
577,
647,
448,
43,
547,
47,
443,
193,
43,
1252,
229,
43,
157,
183,
149,
114,
36,
90,
405,
216,
44,
687,
1260,
42,
41,
1959,
2253,
1198,
455,
1203,
2035,
691,
1332,
622,
708,
681,
2031,
688,
554,
1847,
837,
384,
1364,
278,
1834,
1083,
788,
285,
340,
647,
2468,
779,
379,
552,
406,
808,
771,
361,
277,
1850,
717,
592,
342,
1718,
285,
245,
441,
284,
562,
221,
421,
515,
1226,
188,
201,
278,
2209,
196,
2206,
528,
270,
211,
158,
720,
1318,
202,
247,
2251,
2153,
1466,
148,
628,
198,
948,
1744,
266,
458,
1792,
1870,
2508,
438,
289,
379,
239,
1053,
359,
235,
782,
152,
455,
573,
1214,
774,
1206,
2420,
2258,
194,
358,
925,
608,
922,
665,
2459,
342,
1232,
1165,
842,
672,
588,
469,
916,
2566,
671,
1157,
827,
549,
1003,
406,
694,
1835,
1277,
1194,
672,
586,
542,
619,
2090,
579,
1848,
549,
644,
1233,
2090,
534,
882,
728,
1204,
643,
374,
753,
514,
1080,
2179,
2037,
495,
308,
1385,
2085,
2488,
1210,
1176,
965,
1204,
2552,
2546,
1191,
193,
1203,
138,
1250,
123,
587,
552,
1124,
672,
2540,
574,
618,
597,
585,
780,
753,
1252,
529,
667,
488,
2530,
1098,
987,
570,
560,
688,
2523,
523,
525,
594,
545,
2086,
95,
555,
2406,
559,
763,
477,
316,
798,
747,
379,
2480,
432,
265,
487,
272,
502,
518,
553,
250,
179,
453,
279,
159,
318,
531,
409,
120,
264,
405,
2264,
120,
493,
337,
866,
363,
119,
283,
511,
298,
2525,
479,
432,
214,
545,
133,
116,
2092,
531,
523,
381,
183,
460,
440,
604,
2259,
117,
470,
857,
462,
457,
386,
116,
1954,
113,
1950,
716,
437,
106,
187,
195,
1361,
377,
848,
1290,
102,
168,
101,
856,
150,
143,
122,
131,
90,
869,
437,
125,
87,
116,
105,
80,
97,
77,
704,
1301,
2372,
2532,
108,
77,
2347,
23,
114,
77,
79,
1744,
80,
74,
1401,
72,
882,
593,
1314,
68,
791,
1372,
722,
67,
581,
783,
739,
2290,
790,
62,
594,
519,
1672,
476,
594,
640,
614,
356,
420,
639,
455,
723,
76,
654,
42,
597,
717,
564,
606,
637,
557,
539,
727,
260,
524,
702,
2488,
563,
711,
252,
692,
510,
702,
561,
684,
589,
127,
765,
486,
448,
770,
565,
441,
494,
765,
436,
486,
761,
565,
450,
442,
768,
829,
419,
119,
561,
917,
435,
762,
101,
198,
390,
703,
758,
1109,
713,
417,
558,
765,
671,
359,
557,
625,
762,
698,
580,
777,
114,
760,
591,
425,
759,
556,
357,
400,
707,
553,
574,
552,
551,
549,
591,
863,
721,
770,
767,
543,
885,
862,
588,
763,
293,
600,
854,
544,
396,
546,
859,
698,
790,
544,
777,
842,
767,
315,
294,
2249,
650,
299,
277,
298,
287,
304,
316,
257,
542,
547,
808,
368,
420,
266,
295,
287,
232,
542,
807,
2001,
1538,
252,
250,
541,
539,
251,
259,
992,
206,
422,
199,
763,
210,
307,
421,
392,
227,
1986,
416,
408,
928,
1382,
443,
1396,
408,
830,
1371,
517,
248,
2372,
1401,
277,
1359,
305,
110,
478,
2220,
464,
136,
325,
559,
249,
263,
328,
1001,
368,
377,
2181,
439,
826,
693,
490,
697,
962,
274,
1018,
1365,
243,
321,
298,
2255,
747,
819,
279,
687,
2235,
339,
768,
1415,
480,
322,
309,
391,
141,
349,
877,
44,
295,
616,
288,
2606,
631,
895,
360,
216,
389,
840,
2233,
1429,
190,
197,
629,
395,
2605,
921,
898,
346,
2251,
213,
217,
609,
959,
288,
192,
569,
288,
157,
292,
408,
2713,
155,
922,
565,
1438,
298,
198,
509,
2445,
522,
258,
909,
931,
944,
836,
346,
656,
366,
550,
1022,
2502,
408,
1543,
2664,
471,
812,
702,
1451,
2239,
2455,
806,
760,
422,
338,
1048,
1372,
507,
633,
1537,
891,
584,
2241,
1442,
485,
2537,
1056,
1030,
1412,
847,
844,
931,
510,
759,
2612,
2243,
839,
634,
859,
726,
2107,
1150,
1327,
828,
950,
615,
2454,
718,
2609,
632,
1017,
1305,
2038,
843,
2600,
934,
839,
836,
2183,
620,
846,
1390,
992,
833,
292,
1175,
2161,
837,
249,
832,
1292,
589,
591,
2109,
166,
1312,
712,
705,
456,
725,
805,
156,
540,
809,
750,
482,
152,
1571,
2237,
876,
2304,
503,
2481,
673,
1543,
155,
1436,
479,
1416,
143,
2100,
476,
2259,
714,
816,
705,
431,
633,
148,
513,
2469,
593,
716,
765,
2107,
151,
708,
461,
142,
1683,
2318,
1028,
747,
352,
137,
116,
131,
268,
415,
2391,
126,
659,
746,
124,
534,
104,
583,
2472,
216,
115,
1220,
945,
117,
278,
177,
579,
128,
210,
615,
118,
388,
634,
214,
193,
180,
425,
115,
109,
174,
114,
107,
99,
92,
106,
173,
152,
104,
463,
568,
439,
147,
63,
494,
110,
465,
515,
514,
2560,
383,
354,
707,
110,
2285,
891,
390,
2078,
46,
99,
87,
361,
688,
381,
833,
336,
77,
215,
43,
2468,
1931,
787,
243,
186,
39,
83,
699,
75,
112,
910,
1769,
916,
209,
1447,
169,
167,
416,
77,
43,
727,
42,
166,
629,
445,
40,
268,
484,
460,
768,
422,
39,
120,
38,
269,
1540,
78,
176,
340,
1683,
236,
116,
363,
1477,
329,
252,
324,
597,
584,
790,
600,
1142,
1044,
370,
297,
996,
616,
332,
875,
486,
377,
431,
266,
1009,
1018,
1011,
274,
409,
904,
265,
404,
299,
330,
303,
409,
328,
591,
299,
228,
297,
295,
1206,
290,
245,
2205,
82,
1001,
295,
78,
417,
289,
204,
1491,
284,
2213,
185,
1562,
288,
2203,
2221,
283,
196,
2245,
2192,
354,
2198,
961,
2187,
213,
2191,
411,
233,
957,
710,
2181,
199,
288,
2211,
788,
261,
2206,
716,
2219,
196,
371,
66,
288,
1475,
266,
541,
573,
686,
1197,
341,
274,
246,
1449,
281,
453,
888,
766,
1676,
1794,
527,
600,
1815,
722,
196,
355,
829,
267,
282,
438,
196,
607,
403,
222,
725,
311,
427,
321,
296,
716,
263,
967,
267,
375,
340,
1362,
127,
373,
222,
1626,
351,
1331,
282,
285,
258,
1437,
884,
230,
2408,
1432,
822,
962,
1255,
103,
1056,
1519,
582,
866,
1225,
1026,
590,
206,
1322,
1036,
2525,
1708,
1190,
823,
1194,
1577,
589,
1287,
962,
845,
1371,
2365,
1286,
797,
1666,
1552,
492,
2191,
932,
2482,
790,
750,
1628,
1657,
2275,
1559,
589,
551,
881,
878,
2295,
2228,
1172,
663,
590,
2235,
508,
859,
179,
1196,
154,
1157,
885,
921,
1187,
1676,
432,
2247,
1620,
841,
783,
1629,
780,
1242,
111,
585,
1400,
2472,
871,
166,
707,
1616,
1475,
1356,
131,
856,
891,
703,
2230,
697,
584,
238,
1736,
894,
2240,
126,
150,
902,
822,
130,
875,
2713,
720,
126,
2775,
534,
593,
910,
788,
2542,
123,
2287,
1613,
489,
1629,
793,
437,
120,
677,
704,
1578,
470,
2603,
2707,
1533,
2303,
655,
1457,
1018,
1142,
1818,
721,
500,
464,
370,
670,
1559,
552,
2453,
2732,
317,
121,
711,
1587,
683,
411,
931,
1206,
120,
846,
646,
333,
371,
1576,
2144,
1293,
294,
112,
2470,
695,
332,
455,
980,
561,
370,
922,
108,
1645,
295,
132,
525,
1056,
2333,
906,
509,
85,
99,
932,
764,
1241,
446,
2568,
89,
259,
85,
657,
601,
94,
932,
85,
2604,
489,
955,
82,
513,
508,
745,
497,
1705,
604,
2358,
1731,
466,
1943,
301,
111,
1185,
537,
85,
401,
336,
2751,
286,
374,
394,
393,
388,
514,
590,
380,
450,
1533,
72,
429,
2609,
44,
188,
200,
508,
203,
468,
394,
439,
307,
178,
194,
516,
474,
483,
164,
170,
422,
331,
757,
2739,
197,
1501,
477,
459,
1459,
1429,
458,
591,
106,
163,
88,
1408,
127,
44,
497,
250,
43,
78,
1518,
489,
269,
281,
1695,
45,
1451,
983,
76,
879,
492,
1213,
1441,
1075,
376,
946,
170,
1199,
1231,
1632,
954,
945,
949,
1208,
1567,
463,
1456,
946,
940,
1227,
938,
945,
1522,
341,
934,
915,
938,
930,
925,
934,
469,
930,
318,
333,
78,
1401,
922,
1384,
2547,
288,
915,
346,
2405,
1389,
922,
1357,
930,
1054,
1043,
337,
2008,
1041,
344,
330,
520,
515,
309,
137,
1055,
122,
1051,
114,
172,
268,
301,
1205,
292,
324,
299,
280,
291,
276,
298,
250,
341,
266,
254,
2116,
1205,
258,
340,
224,
388,
245,
1212,
236,
2443,
340,
518,
276,
193,
2414,
480,
339,
239,
490,
207,
252,
189,
1707,
174,
339,
223,
187,
601,
467,
2606,
205,
78,
168,
208,
513,
67,
455,
510,
518,
433,
539,
2615,
372,
205,
1346,
2378,
1987,
2434,
337,
2399,
397,
2659,
333,
478,
315,
194,
2434,
183,
2482,
333,
1714,
414,
179,
290,
376,
332,
2177,
2484,
317,
400,
2120,
327,
1774,
634,
1152,
2027,
535,
2422,
107,
2590,
1028,
1037,
1018,
1034,
1913,
1041,
2625,
103,
1304,
72,
1016,
2431,
1319,
1335,
255,
2410,
1006,
1433,
1278,
1741,
1243,
534,
414,
1494,
1332,
547,
1629,
1263,
1997,
357,
199,
1147,
1431,
2863,
298,
538,
536,
544,
329,
493,
504,
525,
370,
389,
1640,
419,
285,
419,
1625,
1622,
403,
2441,
559,
389,
2432,
407,
2420,
328,
299,
62,
2486,
285,
931,
399,
379,
335,
542,
506,
823,
1050,
255,
644,
1730,
1061,
876,
2428,
437,
785,
595,
1623,
611,
381,
1786,
1312,
2267,
283,
370,
432,
533,
381,
1656,
1808,
484,
1541,
2870,
636,
551,
174,
328,
1510,
646,
256,
2384,
304,
323,
875,
2510,
257,
1364,
1787,
1231,
252,
238,
318,
1716,
233,
313,
553,
361,
306,
377,
687,
249,
1268,
1262,
260,
1799,
1256,
1539,
1642,
1166,
654,
155,
158,
676,
307,
648,
253,
2765,
2477,
151,
1594,
613,
285,
1793,
2473,
1110,
1255,
646,
983,
1143,
2756,
1220,
1775,
1055,
597,
1128,
1071,
1293,
1071,
645,
950,
663,
161,
947,
1008,
582,
712,
959,
156,
500,
599,
1756,
580,
622,
147,
1048,
761,
1060,
143,
880,
141,
148,
904,
140,
1732,
1760,
123,
567,
849,
559,
1043,
134,
849,
618,
430,
2006,
2803,
117,
1695,
116,
117,
1389,
673,
664,
111,
271,
379,
1657,
308,
409,
1049,
770,
340,
104,
784,
777,
1383,
103,
1563,
1554,
1683,
328,
1686,
1790,
1583,
586,
635,
541,
1658,
684,
1310,
543,
325,
223,
102,
613,
1644,
98,
915,
224,
295,
368,
1636,
1564,
427,
643,
42,
652,
1295,
98,
678,
649,
691,
1672,
608,
646,
467,
706,
715,
450,
894,
442,
645,
610,
325,
1406,
2927,
1048,
1564,
450,
428,
283,
41,
287,
334,
329,
2558,
197,
41,
285,
714,
465,
424,
42,
1461,
196,
193,
2784,
190,
645,
522,
293,
553,
571,
189,
349,
259,
1182,
482,
1293,
252,
295,
46,
239,
269,
42,
189,
424,
269,
293,
193,
498,
180,
175,
270,
307,
191,
725,
247,
63,
297,
40,
279,
38,
1933,
271,
1533,
157,
1137,
147,
449,
280,
2182,
144,
156,
230,
544,
39,
217,
218,
577,
212,
2570,
145,
1252,
152,
2553,
619,
138,
142,
574,
621,
578,
1130,
573,
129,
43,
194,
139,
42,
2104,
187,
105,
2967,
1833,
59,
2547,
1478,
41,
2574,
2287,
94,
83,
2712,
2481,
111,
441,
78,
124,
81,
1545,
639,
1963,
389,
81,
1224,
1235,
703,
1234,
336,
378,
701,
2490,
82,
326,
417,
297,
414,
350,
2099,
1959,
355,
98,
1603,
396,
309,
311,
254,
1672,
292,
74,
2470,
251,
410,
504,
237,
266,
364,
635,
267,
1184,
418,
421,
1431,
1006,
438,
2305,
115,
374,
271,
340,
408,
1976,
250,
365,
317,
2041,
370,
323,
116,
514,
243,
114,
414,
1890,
2300,
623,
238,
165,
301,
97,
1161,
1173,
1023,
1015,
1024,
1035,
1016,
791,
635,
642,
876,
633,
367,
471,
469,
1563,
618,
451,
395,
399,
338,
421,
773,
457,
432,
377,
1248,
350,
381,
352,
349,
333,
383,
351,
1010,
320,
375,
1249,
297,
1468,
377,
1649,
247,
387,
382,
274,
289,
344,
392,
837,
372,
422,
378,
284,
281,
1634,
318,
266,
1965,
416,
949,
1202,
429,
328,
1186,
258,
396,
239,
2610,
1860,
1179,
244,
410,
181,
1021,
185,
226,
1764,
2860,
1843,
260,
208,
276,
317,
252,
1765,
483,
837,
1158,
1140,
980,
1682,
1219,
758,
1458,
1386,
701,
1212,
921,
1418,
1399,
2268,
957,
191,
1300,
53,
929,
752,
909,
1589,
965,
722,
859,
919,
1332,
721,
688,
166,
1421,
2162,
704,
182,
1192,
840,
871,
619,
1977,
736,
137,
684,
1545,
655,
724,
127,
1960,
1433,
627,
451,
796,
128,
790,
574,
1168,
634,
848,
1672,
835,
127,
125,
119,
619,
705,
489,
1768,
861,
531,
1326,
566,
561,
119,
605,
516,
679,
769,
118,
757,
889,
1491,
858,
599,
1437,
647,
117,
657,
1505,
863,
116,
996,
859,
635,
1634,
489,
109,
853,
907,
693,
108,
980,
716,
97,
429,
565,
1699,
1487,
241,
757,
1814,
373,
92,
719,
904,
55,
120,
1582,
605,
976,
94,
857,
1570,
86,
1506,
590,
84,
1842,
74,
484,
848,
108,
739,
1696,
1570,
721,
69,
586,
557,
56,
128,
119,
887,
448,
1606,
43,
705,
877,
39,
131,
291,
2581,
563,
467,
751,
209,
452,
459,
278,
569,
180,
458,
681,
352,
2093,
45,
367,
163,
354,
154,
323,
287,
606,
162,
920,
679,
150,
1268,
307,
330,
315,
42,
2555,
317,
320,
742,
1359,
467,
2115,
153,
142,
108,
298,
726,
1413,
2387,
279,
358,
514,
863,
425,
2478,
38,
368,
242,
453,
104,
372,
2711,
88,
2436,
1363,
1493,
1438,
103,
1574,
701,
2098,
154,
1587,
312,
2391,
92,
42,
269,
416,
522,
92,
690,
266,
1726,
88,
2454,
139,
91,
1565,
1464,
2353,
318,
1063,
834,
1353,
317,
350,
774,
2231,
396,
1331,
1585,
744,
652,
1299,
1532,
1705,
2359,
2133,
1560,
2146,
783,
2379,
2364,
1350,
779,
2400,
755,
236,
777,
1110,
2375,
662,
1567,
2536,
749,
770,
3016,
2372,
766,
769,
796,
740,
2220,
234,
1327,
747,
744,
2020,
2359,
1113,
2183,
2192,
1321,
868,
506,
2210,
2359,
744,
786,
322,
433,
571,
785,
76,
247,
1108,
2145,
631,
338,
592,
558,
377,
569,
115,
440,
351,
1436,
582,
392,
335,
207,
411,
2112,
416,
240,
356,
350,
339,
345,
378,
1809,
318,
343,
612,
320,
352,
616,
208,
3156,
835,
259,
428,
603,
884,
364,
340,
303,
340,
200,
353,
335,
2153,
319,
233,
333,
286,
2214,
323,
339,
293,
475,
128,
454,
491,
184,
260,
320,
291,
1114,
306,
154,
113,
331,
335,
163,
323,
246,
189,
140,
103,
167,
137,
450,
435,
154,
1145,
804,
298,
1200,
1043,
88,
1027,
570,
316,
641,
783,
400,
398,
436,
220,
568,
276,
760,
392,
72,
343,
246,
566,
315,
1457,
563,
1409,
410,
1455,
1402,
969,
410,
1377,
408,
1247,
949,
1210,
3072,
496,
1015,
1460,
1889,
211,
1155,
674,
2289,
3037,
1268,
79,
3050,
1293,
1299,
2467,
1243,
1013,
1644,
1293,
3167,
717,
1174,
3153,
748,
34,
3133,
1001,
735,
1149,
1861,
1005,
1414,
597,
1438,
723,
879,
534,
394,
865,
859,
1170,
1828,
968,
477,
632,
1028,
1180,
91,
351,
563,
798,
738,
727,
2015,
135,
1737,
1003,
722,
392,
134,
384,
770,
141,
713,
127,
505,
125,
1006,
609,
804,
572,
1621,
671,
1052,
1525,
836,
128,
529,
124,
1886,
1735,
123,
920,
1705,
122,
685,
633,
1839,
607,
988,
573,
529,
98,
467,
416,
376,
1749,
574,
880,
99,
1652,
1647,
345,
90,
1007,
703,
82,
979,
1489,
372,
391,
81,
621,
1582,
52,
648,
549,
343,
80,
489,
330,
1573,
2042,
1052,
438,
80,
562,
1501,
728,
567,
1212,
596,
80,
1515,
546,
1448,
972,
559,
437,
1838,
353,
1207,
80,
1948,
1234,
72,
586,
319,
1568,
296,
1180,
616,
64,
680,
458,
186,
59,
186,
520,
1540,
494,
657,
57,
99,
1455,
1455,
384,
549,
151,
588,
601,
1490,
1516,
660,
1326,
57,
595,
845,
743,
709,
1356,
40,
1017,
1551,
590,
632,
274,
111,
1059,
3268,
1697,
2384,
411,
757,
1037,
427,
585,
2324,
1694,
789,
41,
1681,
2314,
474,
2321,
2310,
3282,
1762,
2307,
41,
2302,
841,
39,
2306,
197,
1682,
401,
186,
329,
1696,
38,
1453,
611,
2584,
186,
476,
860,
184,
1515,
164,
115,
3275,
181,
1502,
2314,
527,
923,
1489,
172,
1754,
349,
472,
947,
1926,
142,
562,
209,
508,
157,
183,
2379,
515,
145,
101,
3266,
118,
492,
122,
418,
296,
2646,
107,
790,
307,
116,
1228,
297,
281,
128,
1225,
303,
3234,
508,
1920,
494,
1773,
41,
684,
1215,
488,
458,
1127,
101,
111,
91,
1769,
43,
89,
498,
84,
1768,
1217,
1060,
2362,
1206,
2132,
38,
272,
1123,
84,
1228,
974,
192,
1940,
1790,
971,
37,
776,
921,
723,
2211,
77,
2211,
2202,
1985,
301,
276,
389,
231,
77,
293,
795,
989,
346,
1397,
176,
2204,
528,
682,
2216,
344,
338,
140,
330,
336,
2203,
327,
641,
1956,
122,
321,
316,
1949,
314,
337,
107,
1972,
302,
308,
93,
313,
271,
572,
225,
933,
332,
1627,
296,
207,
84,
205,
677,
225,
204,
91,
109,
357,
204,
434,
1822,
392,
329,
59,
623,
510,
727,
314,
758,
1441,
307,
1204,
1980,
365,
312,
638,
631,
1393,
551,
515,
702,
972,
542,
1446,
1010,
643,
640,
446,
1009,
367,
625,
362,
634,
611,
1020,
624,
1012,
585,
1604,
585,
584,
524,
1504,
631,
516,
525,
515,
414,
957,
2488,
967,
2281,
1329,
415,
2271,
2479,
227,
2029,
1320,
1339,
964,
1329,
1993,
1318,
532,
223,
2037,
1314,
891,
223,
682,
1207,
2271,
93,
1677,
194,
1139,
614,
117,
436,
2036,
1327,
103,
164,
1391,
66,
1185,
1589,
222,
1185,
1613,
92,
1183,
1184,
585,
68,
1578,
2048,
1369,
100,
1312,
1377,
1181,
91,
1180,
100,
1176,
223,
90,
691,
842,
377,
1164,
713,
1149,
861,
852,
2159,
79,
445,
614,
448,
55,
51,
2140,
851,
612,
834,
1674,
450,
1064,
45,
449,
619,
464,
805,
518,
3366,
431,
49,
733,
668,
636,
333,
45,
241,
601,
447,
1179,
488,
494,
2123,
210,
499,
523,
675,
697,
660,
187,
503,
335,
671,
540,
669,
666,
38,
787,
466,
952,
260,
666,
430,
305,
2215,
738,
665,
922,
397,
664,
665,
496,
1168,
663,
424,
412,
255,
909,
756,
802,
2173,
942,
662,
419,
902,
653,
310,
1312,
666,
257,
2011,
2128,
385,
638,
897,
324,
2129,
434,
1344,
849,
51,
844,
810,
786,
908,
895,
315,
343,
1011,
150,
147,
2721,
896,
446,
461,
45,
507,
307,
207,
466,
179,
362,
199,
178,
199,
268,
314,
177,
131,
2091,
47,
108,
138,
1888,
286,
107,
213,
138,
144,
810,
304,
234,
127,
495,
202,
108,
1947,
300,
2117,
412,
35,
137,
99,
1930,
164,
162,
281,
141,
1939,
175,
2399,
120,
3392,
153,
2784,
143,
2033,
150,
196,
1951,
149,
1962,
142,
120,
1948,
141,
138,
1937,
3363,
125,
371,
109,
866,
856,
365,
1795,
219,
127,
1054,
650,
1001,
645,
110,
79,
380,
567,
2642,
367,
323,
659,
359,
362,
1126,
2019,
375,
357,
354,
952,
813,
660,
347,
353,
565,
1927,
345,
378,
340,
383,
640,
335,
330,
387,
657,
987,
393,
561,
991,
943,
320,
374,
996,
1955,
376,
649,
366,
319,
325,
529,
333,
668,
997,
535,
1669,
1727,
79,
959,
100,
379,
662,
323,
320,
347,
315,
158,
320,
172,
347,
570,
1001,
250,
355,
260,
354,
256,
149,
349,
346,
350,
825,
1615,
87,
312,
69,
321,
1590,
1171,
1002,
336,
1408,
117,
1380,
545,
872,
1713,
1636,
651,
1001,
345,
502,
1686,
1379,
1402,
546,
2136,
1374,
1416,
347,
1174,
1188,
68,
557,
1210,
2264,
385,
677,
191,
742,
147,
750,
1205,
124,
368,
122,
298,
689,
121,
108,
1333,
1640,
842,
1237,
287,
102,
1229,
1045,
1041,
111,
506,
93,
658,
382,
1889,
319,
509,
492,
648,
317,
1294,
91,
813,
1036,
87,
2043,
1859,
1002,
1739,
818,
1032,
604,
1027,
227,
74,
72,
457,
1029,
293,
570,
55,
1036,
42,
1027,
1043,
2090,
41,
1046,
805,
1284,
48,
499,
2051,
523,
822,
1756,
2184,
820,
1210,
1714,
1517,
819,
1263,
1069,
43,
2147,
1714,
818,
494,
614,
48,
803,
1793,
451,
1713,
590,
1795,
1065,
1458,
2029,
1081,
1737,
1255,
1753,
633,
301,
1817,
1259,
1711,
817,
1023,
404,
800,
382,
1917,
439,
367,
564,
463,
41,
2140,
637,
1827,
1274,
1721,
1056,
469,
1042,
1322,
406,
290,
862,
1717,
278,
493,
2178,
1036,
1710,
370,
353,
1893,
2462,
1325,
1242,
3169,
841,
1806,
500,
507,
492,
1052,
572,
1698,
342,
369,
311,
1068,
1686,
2104,
759,
2363,
2123,
635,
1272,
289,
3389,
454,
1345,
694,
38,
853,
1113,
1736,
1795,
1096,
570,
611,
1045,
124,
1812,
728,
302,
2156,
328,
698,
41,
85,
1724,
1026,
566,
413,
700,
2043,
1893,
42,
920,
90,
1266,
1916,
1890,
1032,
41,
271,
219,
514,
1008,
1282,
220,
214,
218,
213,
103,
208,
1310,
981,
1328,
205,
407,
401,
978,
181,
186,
580,
173,
385,
397,
344,
401,
390,
397,
376,
502,
168,
386,
172,
366,
370,
358,
356,
366,
3389,
340,
151,
331,
1215,
313,
330,
172,
354,
2800,
127,
309,
113,
334,
368,
2563,
329,
320,
146,
123,
362,
347,
213,
423,
347,
353,
112,
879,
340,
776,
249,
106,
725,
903,
105,
112,
337,
681,
710,
853,
877,
772,
680,
89,
498,
244,
733,
677,
86,
884,
675,
556,
699,
673,
1166,
689,
671,
694,
635,
571,
669,
667,
640,
557,
1165,
665,
529,
663,
380,
535,
169,
661,
640,
487,
532,
510,
164,
659,
364,
657,
357,
655,
460,
641,
120,
653,
539,
576,
651,
543,
504,
458,
352,
155,
1706,
528,
85,
332,
472,
304,
319,
318,
240,
216,
435,
224,
112,
512,
433,
709,
223,
123,
660,
127,
198,
316,
2007,
263,
1790,
2792,
488,
723,
1783,
1409,
119,
1781,
2017,
1997,
1780,
1418,
1775,
1799,
966,
1410,
344,
942,
1771,
1410,
1809,
934,
1405,
968,
311,
1778,
156,
1421,
786,
139,
793,
1774,
1593,
1770,
1404,
357,
782,
110,
1207,
955,
1403,
2651,
774,
356,
101,
780,
1412,
1818,
100,
1401,
355,
98,
1420,
2655,
2012,
1400,
1033,
1408,
1206,
87,
2005,
1397,
2148,
1254,
1249,
2014,
1260,
87,
1855,
278,
2220,
64,
2245,
2009,
2373,
63,
2242,
641,
1891,
366,
425,
1877,
365,
393,
594,
2061,
909,
652,
863,
1868,
367,
118,
1955,
521,
1843,
1936,
2243,
670,
417,
686,
1854,
367,
1692,
1170,
897,
664,
646,
538,
642,
872,
1055,
586,
1508,
1071,
1062,
619,
2079,
1841,
1505,
281,
1287,
243,
2076,
2947,
1010,
649,
1047,
1014,
1008,
2262,
1831,
1584,
852,
881,
618,
1517,
563,
888,
677,
874,
851,
1259,
2229,
563,
1326,
850,
677,
3080,
1898,
848,
881,
2133,
1949,
1464,
892,
521,
1258,
468,
961,
1518,
2560,
3515,
3096,
562,
1215,
1218,
2137,
662,
379,
546,
536,
565,
384,
2033,
391,
703,
379,
2342,
431,
2375,
390,
371,
1993,
1091,
678,
657,
2211,
875,
558,
1087,
653,
364,
638,
881,
1248,
854,
369,
373,
2096,
1962,
2346,
2221,
1688,
380,
850,
554,
359,
605,
702,
357,
888,
876,
526,
460,
320,
702,
295,
292,
19,
507,
408,
851,
657,
614,
2338,
883,
697,
1998,
691,
1227,
573,
152,
309,
294,
695,
416,
2588,
540,
533,
1525,
899,
574,
2653,
150,
597,
384,
1034,
524,
1085,
429,
1998,
2331,
341,
620,
308,
459,
519,
411,
2205,
544,
468,
2226,
613,
1969,
2295,
2261,
614,
630,
2030,
1357,
2520,
681,
2111,
621,
1241,
646,
508,
675,
621,
710,
597,
514,
211,
707,
214,
705,
208,
212,
612,
516,
640,
208,
492,
656,
1181,
212,
2973,
767,
1056,
632,
390,
210,
641,
1878,
197,
121,
892,
196,
559,
691,
180,
549,
540,
543,
162,
538,
536,
176,
1871,
1494,
535,
2374,
645,
141,
1901,
146,
645,
762,
1875,
806,
1321,
127,
238,
764,
643,
661,
105,
1203,
217,
116,
756,
202,
105,
110,
1193,
761,
981,
1347,
96,
243,
87,
724,
1260,
2001,
515,
1274,
233,
216,
178,
776,
1193,
3218,
1181,
1635,
661,
128,
492,
1206,
791,
78,
492,
799,
779,
509,
771,
74,
3220,
211,
580,
1197,
580,
1011,
1210,
758,
577,
799,
516,
2137,
189,
783,
573,
380,
571,
758,
1203,
577,
1381,
900,
75,
503,
244,
744,
3670,
1247,
188,
367,
683,
458,
3686,
195,
1096,
3681,
367,
1103,
140,
209,
1647,
3688,
1140,
455,
433,
187,
739,
458,
3677,
197,
672,
1650,
366,
61,
584,
579,
175,
583,
435,
421,
458,
590,
400,
576,
472,
170,
369,
667,
475,
169,
346,
370,
368,
427,
588,
354,
164,
350,
417,
347,
164,
317,
301,
79,
78,
287,
276,
442,
842,
736,
244,
240,
695,
1350,
577,
2342,
739,
1216,
2545,
596,
738,
1028,
1543,
3750,
1008,
829,
2142,
821,
654,
864,
353,
717,
1037,
599,
289,
665,
1036,
780,
793,
636,
2567,
643,
883,
531,
322,
693,
746,
763,
293,
776,
294,
686,
675,
478,
1339,
1456,
806,
665,
292,
2252,
761,
288,
1521,
705,
641,
3765,
498,
787,
288,
779,
1523,
329,
288,
542,
657,
804,
287,
553,
568,
598,
3736,
1497,
284,
903,
708,
796,
687,
2384,
3304,
657,
3164,
622,
653,
278,
746,
707,
269,
596,
646,
3133,
792,
2430,
603,
3768,
2000,
2351,
2267,
692,
603,
1339,
1078,
1344,
2041,
780,
2227,
2243,
2408,
2179,
779,
646,
672,
1076,
759,
1710,
2340,
3739,
2515,
3748,
2376,
2823,
1071,
2708,
608,
1084,
1357,
2333,
937,
1971,
954,
2181,
1076,
905,
1074,
2315,
2176,
1524,
666,
2491,
612,
2003,
2423,
531,
1090,
1464,
1102,
2056,
561,
698,
594,
2423,
623,
2029,
593,
788,
2219,
627,
2375,
557,
794,
1680,
1178,
788,
593,
406,
1234,
550,
517,
810,
448,
430,
436,
2165,
1188,
508,
408,
600,
1212,
543,
577,
516,
398,
394,
515,
909,
492,
478,
2162,
190,
2196,
426,
824,
398,
436,
801,
263,
1715,
154,
358,
1260,
508,
355,
776,
307,
367,
762,
357,
163,
657,
263,
619,
331,
2105,
151,
290,
133,
276,
635,
1406,
310,
1310,
1506,
126,
2171,
1279,
969,
259,
2169,
125,
1230,
1269,
1273,
110,
1258,
942,
108,
612,
619,
612,
1805,
729,
1202,
1982,
491,
610,
982,
728,
103,
1214,
621,
594,
524,
577,
610,
605,
581,
591,
1094,
535,
768,
870,
522,
87,
623,
426,
507,
695,
1038,
502,
2455,
2458,
1255,
93,
669,
999,
597,
832,
89,
781,
87,
311,
565,
722,
291,
1818,
494,
76,
2131,
715,
678,
734,
695,
720,
470,
2158,
251,
1239,
710,
155,
705,
79,
547,
3840,
1183,
718,
117,
698,
738,
2249,
107,
698,
656,
711,
716,
99,
1817,
2249,
559,
1750,
402,
811,
3861,
669,
3855,
1829,
637,
580,
754,
752,
759,
3863,
591,
856,
2282,
1367,
330,
765,
593,
3851,
756,
1051,
252,
2461,
3252,
226,
594,
165,
111,
591,
636,
167,
103,
3872,
323,
584,
206,
1835,
103,
599,
202,
464,
394,
451,
397,
370,
322,
393,
167,
787,
201,
1031,
392,
386,
1870,
770,
765,
374,
321,
197,
1818,
388,
334,
360,
346,
293,
290,
345,
3853,
350,
2254,
341,
581,
3876,
334,
416,
3494,
3477,
194,
402,
1784,
328,
320,
354,
191,
352,
501,
2518,
565,
190,
742,
337,
327,
620,
387,
3287,
2458,
319,
1448,
1226,
1355,
611,
175,
885,
917,
174,
379,
3094,
3278,
170,
372,
2569,
1250,
2468,
703,
1221,
166,
936,
310,
2619,
164,
1226,
697,
520,
492,
1224,
837,
655,
673,
564,
1223,
697,
695,
864,
1277,
257,
167,
532,
1223,
165,
468,
2361,
759,
1220,
1488,
166,
1224,
162,
591,
1246,
2380,
153,
3338,
1467,
68,
2448,
184,
2623,
792,
49,
57,
225,
2285,
528,
2435,
666,
2496,
664,
207,
268,
3290,
2417,
544,
786,
2386,
3331,
664,
1675,
2683,
2321,
2625,
2502,
855,
793,
532,
774,
3306,
2430,
1309,
488,
2392,
849,
1864,
642,
848,
2266,
575,
2376,
562,
2268,
2882,
514,
1207,
847,
1888,
1253,
866,
665,
2263,
2465,
1151,
2540,
1887,
2234,
2331,
1240,
582,
700,
1085,
706,
518,
864,
1152,
2438,
600,
659,
622,
533,
1906,
1151,
779,
905,
634,
589,
232,
1096,
1148,
2482,
2652,
1163,
772,
693,
627,
1147,
1473,
740,
2023,
613,
757,
748,
737,
805,
741,
1411,
556,
715,
749,
1243,
726,
944,
1094,
567,
1330,
867,
566,
782,
790,
854,
674,
563,
1357,
742,
1575,
726,
1283,
781,
741,
731,
711,
804,
55,
721,
706,
697,
778,
668,
820,
1928,
532,
850,
618,
697,
570,
62,
695,
1975,
712,
1938,
200,
584,
780,
711,
930,
172,
1058,
689,
1431,
196,
785,
3987,
164,
243,
721,
1005,
1969,
976,
3984,
163,
237,
3979,
950,
142,
3984,
709,
671,
3567,
685,
3587,
138,
132,
210,
130,
3437,
1168,
1166,
105,
1176,
464,
106,
839,
692,
3428,
94,
719,
92,
492,
1741,
692,
1319,
87,
571,
3208,
3988,
86,
76,
612,
483,
73,
321,
495,
1627,
4001,
46,
599,
627,
669,
112,
3992,
619,
3407,
593,
2012,
318,
3630,
81,
323,
1327,
3625,
500,
2009,
287,
169,
1408,
1130,
163,
1205,
812,
1462,
154,
632,
3629,
3420,
162,
147,
3628,
4033,
544,
604,
814,
953,
3439,
228,
3060,
2038,
146,
122,
27,
143,
4034,
211,
464,
773,
470,
769,
188,
142,
125,
674,
128,
460,
141,
157,
81,
137,
3041,
58,
77,
455,
143,
124,
134,
112,
111,
79,
108,
1469,
310,
2353,
77,
2406,
106,
67,
105,
277,
2824,
632,
114,
104,
650,
661,
955,
104,
743,
319,
100,
812,
98,
593,
1132,
93,
2843,
776,
92,
40,
310,
1415,
1237,
1277,
1152,
681,
1073,
725,
795,
681,
1057,
297,
42,
756,
882,
320,
40,
929,
963,
692,
2270,
928,
1409,
254,
821,
2036,
618,
1000,
285,
654,
1422,
2336,
1325,
952,
223,
1020,
576,
1324,
391,
1323,
725,
660,
1321,
1316,
1479,
2812,
2807,
900,
243,
303,
969,
896,
754,
2068,
1686,
951,
709,
871,
2650,
1512,
2737,
2303,
375,
870,
2723,
868,
47,
908,
708,
902,
2214,
775,
687,
408,
1300,
2502,
431,
869,
704,
568,
571,
686,
2666,
595,
657,
708,
864,
686,
863,
1294,
943,
821,
926,
577,
1344,
441,
572,
771,
1251,
1456,
200,
949,
1342,
564,
1008,
864,
749,
701,
3360,
808,
559,
1341,
604,
684,
588,
754,
688,
659,
1337,
709,
2190,
1336,
766,
681,
436,
602,
867,
685,
1903,
971,
1335,
425,
594,
508,
733,
812,
600,
495,
2690,
847,
267,
461,
232,
681,
864,
925,
379,
1336,
810,
391,
631,
530,
389,
1748,
595,
384,
344,
485,
1366,
944,
330,
530,
611,
3537,
1229,
1175,
2739,
328,
489,
335,
1365,
559,
630,
261,
860,
368,
1474,
478,
1679,
154,
771,
618,
388,
2689,
1489,
851,
269,
502,
2119,
1459,
380,
344,
323,
758,
1488,
1435,
1473,
574,
1110,
779,
709,
398,
455,
3770,
617,
1444,
1335,
160,
617,
2540,
522,
1220,
265,
1463,
1371,
1213,
545,
861,
1470,
1330,
528,
138,
405,
143,
800,
97,
101,
215,
88,
458,
629,
3161,
2126,
1309,
3155,
939,
973,
25,
1130,
2109,
188,
210,
1746,
24,
72,
941,
183,
1575,
845,
861,
26,
1783,
24,
3770,
2114,
182,
2163,
176,
414,
836,
731,
2979,
816,
801,
1003,
948,
1812,
156,
816,
2975,
126,
1060,
2158,
124,
824,
1075,
2975,
108,
450,
355,
106,
682,
817,
882,
454,
2593,
720,
2558,
1970,
86,
105,
2791,
2030,
88,
3608,
177,
176,
1971,
2193,
72,
169,
2779,
73,
1129,
1977,
140,
492,
139,
499,
2198,
135,
1811,
139,
131,
862,
774,
354,
627,
129,
297,
644,
126,
166,
118,
137,
346,
1309,
107,
133,
971,
115,
158,
103,
816,
1278,
136,
103,
102,
1772,
101,
550,
99,
81,
1297,
161,
83,
1180,
96,
136,
306,
1324,
1069,
87,
98,
96,
1320,
1867,
1306,
1842,
818,
95,
609,
91,
1123,
378,
81,
1074,
82,
64,
72,
1842,
42,
241,
321,
42,
1259,
41,
84,
1868,
479,
41,
1898,
551,
411,
2750,
396,
1447,
2706,
40,
211,
377,
2673,
37,
1485,
1866,
1036,
977,
1374,
2652,
1481,
1625,
1232,
2256,
421,
1481,
1448,
1161,
968,
1004,
2708,
607,
885,
1477,
383,
909,
1509,
1128,
297,
1801,
864,
908,
407,
1428,
559,
1127,
1889,
614,
2287,
961,
1452,
961,
1037,
1480,
892,
1840,
2646,
854,
545,
717,
557,
2275,
834,
1019,
532,
2123,
1839,
649,
2262,
991,
638,
997,
2261,
2103,
449,
447,
569,
2145,
441,
483,
487,
796,
2269,
437,
423,
1290,
2103,
899,
441,
920,
420,
940,
2262,
2801,
2267,
433,
430,
484,
753,
420,
1026,
426,
2278,
964,
403,
1478,
1052,
471,
1719,
484,
399,
426,
168,
1487,
1273,
1345,
2259,
455,
410,
203,
419,
980,
953,
417,
308,
1960,
753,
1481,
199,
445,
399,
377,
648,
1330,
1953,
2288,
313,
317,
1026,
451,
415,
2110,
935,
1499,
1275,
299,
576,
1043,
167,
432,
367,
3564,
1510,
1400,
1495,
531,
59,
424,
442,
1712,
1395,
169,
1168,
431,
1371,
422,
1491,
2796,
1191,
1047,
349,
414,
1490,
526,
1490,
3117,
1488,
330,
426,
159,
435,
318,
315,
555,
1079,
492,
489,
1614,
1062,
174,
1802,
966,
524,
1407,
1226,
408,
2101,
1891,
426,
1010,
1730,
348,
962,
473,
1032,
979,
522,
911,
965,
1032,
1393,
935,
1751,
2325,
588,
996,
994,
922,
1220,
933,
1915,
918,
1497,
2331,
1155,
927,
445,
962,
996,
1069,
532,
649,
1729,
1056,
442,
1004,
995,
304,
1032,
970,
1380,
1970,
279,
3357,
231,
1411,
211,
220,
1397,
488,
1027,
144,
1651,
419,
204,
1122,
768,
1344,
2329,
1481,
1414,
475,
93,
1122,
1328,
1761,
1988,
1983,
1397,
139,
1969,
1757,
1413,
1955,
1771,
1966,
1315,
782,
1406,
1320,
206,
1777,
251,
203,
1138,
1401,
2350,
985,
208,
1705,
1044,
205,
203,
2911,
997,
418,
567,
174,
191,
184,
3180,
169,
1303,
183,
1403,
487,
1181,
155,
1216,
2853,
128,
157,
367,
134,
125,
1922,
134,
121,
138,
120,
116,
116,
4624,
1669,
645,
1496,
122,
117,
1418,
112,
138,
103,
105,
121,
1416,
100,
98,
96,
87,
89,
958,
956,
964,
1423,
363,
955,
87,
93,
80,
77,
83,
2351,
955,
76,
963,
955,
75,
1410,
3034,
950,
953,
948,
333,
946,
944,
942,
74,
934,
1347,
61,
1160,
105,
659,
338,
101,
344,
117,
80,
949,
50,
1379,
48,
1344,
1385,
43,
83,
1500,
531,
1356,
1458,
1207,
1776,
515,
228,
1377,
1943,
1377,
277,
2054,
1951,
685,
452,
711,
444,
448,
525,
436,
719,
251,
2488,
390,
259,
1159,
1878,
43,
247,
47,
1737,
1149,
314,
233,
43,
145,
42,
1275,
36,
1156,
35,
1998,
1124,
1518,
2891,
2265,
1143,
634,
942,
160,
1514,
39,
2733,
2280,
1430,
633,
2862,
961,
918,
852,
1977,
938,
41,
143,
806,
579,
1524,
3458,
439,
926,
710,
2791,
100,
532,
1997,
585,
43,
916,
2676,
640,
922,
1026,
2777,
936,
602,
913,
1045,
923,
285,
918,
1449,
589,
51,
1050,
1507,
528,
808,
1467,
1038,
882,
434,
1044,
645,
546,
155,
1130,
709,
1134,
1479,
2291,
2079,
1844,
1149,
1032,
2775,
1839,
1375,
1119,
1159,
2142,
2127,
1883,
528,
322,
425,
422,
1839,
925,
1512,
386,
2764,
1145,
1099,
839,
357,
865,
1515,
1277,
3603,
1230,
329,
856,
1481,
1673,
3546,
322,
351,
904,
2716,
3104,
1671,
825,
410,
499,
505,
2330,
444,
2132,
417,
500,
1230,
358,
162,
856,
343,
1606,
2630,
1603,
440,
787,
332,
339,
2037,
826,
580,
914,
396,
328,
379,
814,
476,
1227,
331,
1603,
326,
487,
1073,
1708,
321,
2488,
1228,
319,
313,
1602,
805,
1069,
485,
347,
809,
893,
477,
312,
1601,
1471,
318,
1074,
758,
765,
755,
343,
424,
388,
476,
418,
1133,
1597,
737,
762,
443,
102,
307,
396,
330,
354,
756,
414,
403,
1593,
305,
715,
344,
375,
412,
1597,
735,
1373,
2046,
298,
420,
387,
1590,
335,
430,
412,
397,
1752,
288,
419,
1589,
635,
1486,
325,
1294,
963,
397,
179,
941,
388,
348,
624,
380,
795,
221,
469,
420,
321,
579,
325,
240,
296,
641,
309,
513,
743,
446,
499,
715,
411,
450,
301,
293,
2042,
266,
613,
634,
255,
663,
251,
316,
641,
1247,
1176,
595,
470,
206,
2066,
1346,
2036,
297,
293,
1196,
822,
2025,
911,
2187,
464,
173,
306,
709,
322,
1822,
2490,
981,
452,
948,
1807,
331,
1504,
1758,
304,
306,
486,
2039,
465,
307,
1689,
1334,
1328,
1132,
2184,
1169,
1358,
762,
2178,
1131,
1015,
520,
1147,
1819,
1352,
1689,
973,
1753,
1135,
273,
2504,
271,
81,
248,
235,
1574,
1328,
218,
213,
1040,
207,
211,
188,
424,
1145,
330,
135,
2969,
178,
1847,
253,
1733,
1285,
1173,
135,
132,
215,
1245,
1061,
197,
122,
1056,
129,
23,
112,
2923,
1025,
1196,
170,
126,
98,
103,
135,
133,
1522,
125,
3385,
557,
111,
1015,
133,
1730,
83,
98,
80,
4025,
851,
982,
1320,
79,
1217,
514,
374,
1222,
962,
91,
4024,
80,
110,
1008,
87,
78,
571,
861,
816,
3055,
84,
355,
458,
3304,
3513,
2098,
804,
1477,
103,
82,
397,
859,
2461,
833,
78,
455,
998,
435,
76,
3325,
433,
76,
429,
61,
1352,
57,
3861,
427,
838,
3320,
64,
380,
59,
3651,
663,
396,
53,
3019,
50,
396,
47,
2639,
391,
3232,
2359,
596,
381,
382,
2457,
625,
393,
480,
43,
3034,
365,
348,
502,
165,
1488,
359,
339,
38,
911,
1075,
319,
3208,
559,
538,
362,
3191,
1658,
399,
339,
314,
335,
493,
2153,
398,
331,
398,
415,
394,
393,
331,
338,
286,
44,
143,
624,
179,
287,
157,
390,
360,
1084,
427,
75,
383,
39,
401,
240,
1799,
400,
233,
441,
220,
296,
421,
403,
40,
1769,
408,
1655,
400,
143,
260,
397,
434,
242,
395,
77,
187,
221,
237,
389,
179,
2282,
2074,
393,
1658,
158,
222,
2652,
384,
306,
455,
377,
455,
309,
2262,
362,
515,
389,
276,
361,
503,
147,
1107,
384,
1661,
2207,
831,
1656,
2275,
297,
1604,
1671,
276,
1597,
780,
355,
1031,
1688,
1669,
785,
573,
523,
1772,
1516,
1687,
2214,
550,
602,
345,
1074,
3153,
1684,
737,
709,
2483,
1044,
735,
1541,
2116,
782,
945,
1758,
399,
1512,
2361,
1665,
1812,
1629,
1058,
338,
675,
498,
1322,
2120,
1758,
615,
1132,
1665,
734,
350,
638,
1564,
1436,
276,
315,
1834,
794,
339,
1074,
1413,
948,
972,
565,
1322,
1558,
366,
3078,
730,
1603,
355,
946,
1342,
1040,
3103,
336,
342,
404,
1032,
304,
334,
3098,
2188,
510,
905,
356,
782,
328,
1049,
333,
339,
332,
342,
327,
944,
779,
316,
317,
922,
1688,
897,
356,
1682,
1347,
2081,
327,
313,
1188,
905,
317,
776,
281,
2065,
3136,
306,
309,
448,
944,
289,
1665,
299,
942,
553,
200,
365,
1707,
303,
280,
498,
1296,
295,
189,
3125,
1289,
1492,
624,
353,
1433,
1679,
1068,
291,
2353,
659,
926,
1002,
445,
2129,
190,
353,
588,
1663,
390,
1149,
2707,
1149,
1079,
1661,
1780,
1426,
2364,
1332,
1779,
1360,
1297,
1346,
370,
1775,
527,
389,
1213,
508,
963,
1335,
1774,
358,
220,
1540,
1773,
425,
2101,
1291,
388,
916,
1301,
496,
1443,
1462,
1773,
2544,
308,
1653,
489,
456,
1773,
1771,
551,
1669,
1434,
475,
914,
1770,
2377,
500,
293,
1662,
290,
1769,
2919,
1912,
1113,
1765,
1119,
1313,
1016,
426,
1457,
674,
1762,
410,
1462,
2934,
242,
1085,
103,
232,
228,
2014,
1602,
932,
1314,
93,
200,
1106,
306,
193,
190,
217,
188,
147,
1098,
1868,
634,
210,
1872,
1093,
170,
3167,
220,
2000,
1814,
169,
1545,
1838,
2209,
159,
1786,
196,
334,
1780,
1624,
206,
2942,
1707,
225,
182,
1536,
145,
1351,
1043,
780,
1559,
144,
2029,
176,
1359,
988,
1715,
2187,
143,
1762,
1740,
1344,
1341,
3189,
1608,
139,
1627,
1722,
137,
151,
1699,
1341,
1020,
2003,
136,
251,
1387,
150,
182,
128,
571,
1777,
116,
121,
112,
263,
114,
78,
113,
111,
110,
73,
103,
102,
1396,
101,
94,
97,
97,
75,
1248,
97,
316,
95,
1085,
40,
416,
75,
290,
267,
69,
301,
43,
394,
292,
286,
384,
282,
116,
117,
384,
94,
49,
43,
468,
42,
280,
715,
453,
467,
463,
41,
276,
467,
427,
417,
40,
459,
37,
440,
691,
1480,
1841,
38,
432,
919,
463,
312,
730,
1662,
39,
276,
270,
1432,
302,
1118,
656,
45,
2302,
83,
279,
665,
1783,
1162,
1166,
661,
1162,
1627,
338,
1096,
345,
1079,
1049,
667,
1073,
432,
343,
1065,
424,
350,
1044,
1289,
1524,
420,
1777,
338,
400,
318,
1777,
1058,
683,
409,
329,
316,
1567,
1024,
416,
1345,
314,
231,
336,
1045,
675,
687,
932,
325,
345,
949,
361,
409,
629,
1592,
313,
668,
1279,
407,
295,
1919,
187,
305,
417,
461,
312,
367,
294,
625,
223,
925,
463,
307,
266,
759,
291,
457,
374,
763,
1639,
305,
302,
473,
1181,
432,
765,
2196,
418,
308,
759,
203,
784,
463,
301,
1669,
408,
1611,
287,
1165,
468,
466,
441,
783,
1308,
1726,
1668,
443,
1365,
590,
377,
494,
520,
1108,
757,
446,
1780,
1482,
1886,
293,
1458,
1163,
1104,
698,
782,
2098,
175,
2198,
204,
299,
163,
1662,
777,
306,
764,
1731,
1666,
259,
275,
455,
271,
1258,
1660,
292,
265,
241,
290,
270,
1873,
257,
926,
1501,
1077,
1639,
146,
1611,
264,
253,
262,
976,
771,
293,
256,
1450,
503,
3080,
251,
1456,
996,
245,
1384,
715,
250,
240,
741,
702,
1464,
2431,
1607,
769,
1510,
2069,
1661,
456,
245,
3082,
484,
369,
310,
124,
2468,
769,
1411,
1315,
128,
1575,
314,
1311,
380,
360,
1628,
727,
1584,
3042,
541,
118,
115,
2487,
2496,
1052,
1311,
3058,
1663,
1305,
1049,
640,
1097,
499,
80,
1095,
114,
594,
1093,
477,
79,
3024,
1343,
467,
1092,
755,
961,
1199,
465,
1180,
2256,
1325,
1195,
1092,
752,
660,
2234,
929,
1618,
652,
2527,
911,
1094,
1192,
1029,
2459,
719,
3030,
652,
2539,
2475,
1085,
751,
755,
1851,
1098,
2531,
1327,
1115,
1088,
2086,
2452,
955,
437,
793,
433,
975,
886,
74,
73,
194,
199,
1041,
177,
154,
756,
281,
154,
758,
153,
150,
334,
1227,
814,
139,
3408,
1878,
151,
94,
132,
130,
125,
1010,
130,
124,
123,
99,
109,
97,
95,
1570,
125,
91,
86,
124,
99,
2005,
86,
98,
1946,
82,
1221,
77,
1690,
1682,
79,
397,
1408,
75,
386,
556,
383,
580,
579,
312,
430,
394,
285,
83,
245,
79,
340,
311,
401,
405,
360,
330,
976,
390,
277,
897,
392,
333,
474,
231,
849,
215,
1022,
896,
2439,
417,
958,
202,
2116,
220,
1136,
153,
208,
166,
150,
139,
904,
121,
2282,
895,
93,
87,
639,
86,
891,
2521,
85,
886,
3514,
2371,
3121,
628,
3085,
1366,
504,
2215,
1695,
3077,
731,
575,
1880,
413,
26,
709,
410,
