38,
40,
42,
54,
39,
56,
72,
44,
39,
75,
77,
35,
32,
40,
74,
78,
53,
84,
92,
32,
73,
46,
44,
39,
111,
36,
105,
40,
52,
107,
83,
87,
103,
115,
122,
102,
95,
123,
44,
108,
106,
112,
118,
116,
124,
71,
74,
43,
42,
62,
75,
136,
70,
49,
152,
52,
51,
46,
36,
114,
105,
159,
127,
139,
169,
159,
116,
91,
49,
169,
109,
168,
78,
67,
133,
51,
158,
132,
155,
170,
166,
171,
182,
178,
162,
40,
119,
29,
157,
189,
160,
134,
135,
161,
173,
184,
174,
184,
199,
159,
161,
184,
172,
87,
147,
184,
139,
151,
194,
136,
158,
139,
41,
50,
127,
130,
157,
146,
96,
77,
209,
163,
203,
59,
183,
85,
163,
109,
171,
152,
74,
38,
185,
43,
72,
161,
39,
214,
142,
165,
169,
207,
42,
180,
163,
180,
150,
114,
191,
165,
116,
204,
222,
214,
160,
169,
214,
159,
132,
159,
40,
146,
148,
190,
225,
173,
157,
96,
207,
100,
232,
119,
128,
205,
161,
206,
99,
227,
145,
231,
72,
106,
250,
188,
210,
223,
47,
45,
35,
202,
225,
210,
219,
77,
216,
192,
205,
195,
196,
191,
203,
190,
248,
84,
47,
200,
137,
195,
164,
190,
227,
135,
175,
197,
231,
218,
211,
88,
83,
210,
198,
154,
229,
199,
168,
139,
178,
113,
128,
204,
254,
170,
162,
32,
135,
233,
162,
141,
253,
109,
47,
142,
146,
111,
219,
163,
125,
150,
202,
145,
116,
286,
149,
207,
108,
278,
222,
34,
232,
140,
200,
122,
236,
40,
91,
277,
188,
240,
223,
175,
190,
287,
134,
116,
127,
208,
249,
176,
150,
243,
143,
192,
126,
35,
41,
237,
111,
101,
117,
222,
229,
103,
170,
94,
147,
155,
185,
120,
299,
185,
104,
101,
190,
124,
89,
151,
129,
218,
306,
37,
263,
249,
168,
247,
254,
36,
280,
238,
217,
192,
162,
96,
277,
316,
101,
281,
84,
301,
245,
42,
305,
93,
195,
242,
169,
86,
280,
209,
291,
84,
270,
83,
197,
224,
90,
267,
257,
186,
234,
197,
116,
266,
164,
114,
100,
41,
303,
270,
208,
191,
214,
249,
221,
257,
233,
245,
294,
123,
340,
210,
314,
246,
308,
161,
312,
199,
252,
304,
327,
103,
181,
233,
238,
133,
124,
44,
225,
293,
123,
129,
45,
165,
34,
70,
255,
151,
313,
339,
286,
167,
151,
321,
107,
218,
207,
94,
137,
190,
39,
46,
163,
83,
250,
208,
303,
41,
200,
111,
141,
200,
50,
320,
264,
174,
194,
41,
43,
190,
364,
63,
237,
245,
215,
148,
363,
175,
206,
367,
242,
272,
365,
155,
259,
204,
342,
174,
41,
229,
214,
145,
391,
174,
352,
94,
228,
250,
90,
238,
88,
117,
273,
364,
134,
272,
298,
299,
281,
229,
335,
290,
98,
358,
309,
178,
291,
167,
366,
266,
290,
198,
222,
257,
164,
186,
376,
172,
267,
228,
332,
381,
357,
217,
195,
204,
195,
247,
319,
311,
289,
202,
154,
346,
120,
175,
348,
321,
176,
264,
180,
209,
208,
162,
42,
244,
174,
172,
192,
295,
373,
349,
187,
43,
241,
329,
185,
121,
175,
280,
384,
97,
315,
175,
49,
421,
111,
194,
386,
97,
172,
122,
223,
97,
212,
147,
75,
282,
178,
88,
200,
323,
226,
55,
263,
88,
309,
235,
48,
224,
375,
291,
193,
64,
314,
197,
55,
338,
43,
394,
176,
202,
172,
153,
206,
131,
218,
160,
77,
74,
152,
228,
421,
215,
178,
342,
246,
356,
236,
287,
413,
315,
324,
48,
41,
288,
302,
358,
36,
202,
53,
352,
337,
343,
314,
301,
441,
90,
228,
240,
180,
101,
186,
265,
259,
220,
258,
44,
263,
116,
359,
111,
192,
339,
427,
87,
282,
217,
363,
142,
299,
285,
39,
88,
102,
134,
243,
209,
204,
395,
384,
404,
343,
84,
157,
188,
394,
227,
222,
180,
197,
123,
399,
39,
388,
359,
69,
30,
321,
373,
371,
156,
247,
150,
259,
340,
270,
286,
252,
161,
124,
226,
230,
250,
36,
360,
146,
271,
122,
218,
252,
246,
110,
242,
123,
221,
345,
221,
248,
37,
243,
365,
214,
190,
275,
359,
270,
76,
193,
189,
328,
201,
186,
339,
174,
474,
199,
489,
161,
145,
398,
44,
41,
145,
398,
133,
129,
371,
215,
145,
100,
226,
382,
488,
213,
46,
196,
190,
160,
214,
97,
122,
190,
79,
81,
121,
172,
231,
120,
48,
91,
120,
156,
141,
345,
253,
155,
171,
211,
132,
319,
150,
114,
86,
227,
107,
102,
106,
193,
185,
43,
419,
41,
236,
40,
77,
202,
184,
226,
426,
569,
222,
170,
381,
314,
78,
167,
44,
188,
152,
210,
48,
143,
75,
95,
133,
281,
124,
183,
156,
392,
125,
107,
412,
115,
148,
393,
105,
137,
298,
181,
516,
85,
602,
229,
222,
126,
132,
105,
131,
151,
259,
480,
186,
139,
96,
173,
80,
546,
105,
143,
163,
35,
194,
162,
105,
98,
52,
263,
95,
208,
176,
103,
126,
205,
404,
82,
156,
122,
229,
414,
151,
314,
34,
83,
88,
108,
594,
141,
108,
162,
682,
113,
312,
97,
256,
31,
102,
556,
94,
102,
494,
32,
582,
46,
82,
581,
567,
187,
117,
83,
70,
35,
666,
563,
33,
45,
558,
348,
43,
389,
532,
86,
295,
206,
239,
556,
68,
197,
266,
669,
499,
251,
251,
39,
34,
695,
762,
512,
162,
31,
37,
510,
275,
274,
732,
756,
423,
212,
300,
206,
40,
197,
523,
496,
195,
40,
347,
318,
433,
371,
319,
222,
362,
571,
134,
340,
84,
638,
367,
625,
522,
420,
78,
420,
747,
742,
424,
303,
193,
159,
628,
340,
209,
355,
420,
636,
460,
281,
307,
279,
76,
100,
73,
785,
449,
205,
358,
59,
458,
724,
677,
86,
353,
609,
79,
639,
70,
158,
462,
775,
856,
288,
254,
72,
634,
610,
214,
605,
223,
81,
361,
610,
101,
278,
276,
363,
598,
708,
102,
100,
84,
479,
855,
214,
241,
68,
767,
338,
243,
726,
571,
213,
921,
531,
527,
719,
216,
527,
215,
785,
802,
232,
723,
632,
338,
250,
452,
697,
155,
261,
319,
640,
338,
735,
157,
79,
351,
72,
614,
585,
366,
646,
250,
326,
327,
228,
486,
615,
813,
519,
139,
740,
760,
592,
93,
134,
943,
795,
806,
81,
709,
723,
326,
793,
879,
687,
858,
341,
650,
786,
796,
692,
772,
82,
818,
769,
631,
179,
94,
401,
708,
857,
521,
853,
816,
722,
585,
431,
81,
1002,
1026,
803,
711,
710,
240,
114,
800,
119,
354,
434,
131,
774,
232,
856,
784,
696,
229,
94,
443,
834,
768,
700,
454,
106,
803,
744,
774,
1067,
615,
78,
743,
867,
711,
1026,
825,
74,
659,
719,
707,
1080,
867,
871,
645,
776,
689,
104,
785,
832,
91,
761,
672,
837,
733,
794,
775,
1113,
866,
468,
96,
894,
706,
597,
351,
753,
778,
775,
806,
688,
434,
707,
656,
1052,
736,
107,
748,
786,
791,
338,
699,
387,
669,
382,
691,
930,
734,
327,
717,
78,
699,
686,
694,
677,
496,
497,
699,
639,
652,
144,
91,
894,
1103,
505,
786,
128,
494,
158,
693,
868,
114,
679,
21,
844,
1148,
940,
641,
18,
752,
902,
982,
512,
937,
126,
496,
124,
884,
446,
1042,
829,
935,
772,
843,
79,
173,
406,
16,
530,
926,
742,
829,
1172,
774,
956,
413,
709,
762,
750,
1000,
795,
159,
398,
889,
1155,
529,
438,
1016,
1112,
942,
109,
125,
1053,
972,
101,
847,
973,
970,
442,
748,
1087,
1137,
1147,
921,
1119,
414,
1018,
990,
1213,
680,
268,
1158,
435,
414,
587,
1182,
1015,
999,
995,
80,
719,
642,
949,
1195,
690,
1030,
280,
289,
998,
524,
263,
602,
76,
279,
1184,
994,
967,
169,
1220,
146,
166,
145,
635,
865,
876,
792,
96,
86,
393,
393,
584,
571,
568,
567,
632,
805,
132,
751,
74,
628,
92,
406,
395,
394,
743,
320,
500,
395,
291,
768,
376,
76,
80,
85,
380,
141,
1091,
73,
433,
606,
723,
589,
591,
461,
180,
590,
706,
764,
615,
158,
552,
596,
1113,
586,
859,
355,
736,
388,
772,
654,
757,
307,
116,
582,
92,
745,
585,
585,
86,
942,
109,
817,
988,
994,
974,
720,
886,
80,
114,
802,
951,
911,
1324,
997,
1148,
1001,
1344,
638,
54,
838,
432,
1347,
426,
1126,
424,
569,
1341,
88,
1305,
1387,
1303,
648,
886,
595,
77,
1181,
796,
499,
931,
1013,
969,
1355,
692,
1358,
1166,
1375,
651,
890,
1222,
1013,
1157,
939,
956,
633,
1156,
968,
98,
966,
945,
1266,
990,
998,
974,
98,
1241,
927,
88,
585,
1165,
949,
1110,
1226,
1226,
88,
1159,
924,
1157,
1112,
1507,
583,
1084,
1031,
1026,
1210,
1461,
1365,
79,
991,
575,
909,
1408,
82,
569,
1180,
966,
1216,
973,
1267,
1215,
642,
751,
1217,
282,
509,
1428,
832,
820,
843,
1049,
1340,
739,
771,
840,
1238,
711,
84,
1386,
77,
1392,
1127,
1436,
1358,
1399,
763,
660,
753,
1497,
1272,
1102,
595,
1145,
995,
1230,
1142,
1075,
1067,
1160,
1071,
1035,
548,
1425,
1215,
1253,
127,
1008,
1228,
1561,
1234,
1411,
1299,
992,
1030,
1279,
1378,
1016,
1297,
117,
985,
121,
85,
1331,
1203,
733,
352,
720,
865,
557,
787,
843,
667,
1319,
688,
1379,
818,
1187,
484,
998,
1287,
317,
916,
333,
1399,
305,
1025,
539,
1057,
1006,
1447,
1077,
1254,
675,
969,
1091,
999,
1081,
1033,
602,
1150,
125,
194,
126,
1091,
986,
1319,
1151,
1333,
1148,
1005,
980,
1587,
974,
97,
541,
944,
88,
1043,
1408,
1294,
1467,
1376,
1385,
1072,
1383,
1294,
577,
75,
1018,
1392,
578,
1069,
1139,
1453,
1339,
1121,
1297,
980,
1250,
1525,
1235,
1504,
1497,
1415,
587,
1082,
1452,
961,
1258,
1319,
819,
1394,
1207,
1270,
1507,
1402,
968,
1316,
1319,
1511,
110,
566,
1474,
1087,
87,
85,
996,
1056,
763,
81,
1130,
336,
1134,
1514,
682,
1365,
1590,
1292,
81,
334,
1317,
1057,
1218,
176,
1518,
742,
1151,
771,
1384,
92,
1183,
1473,
1511,
1538,
85,
987,
415,
1607,
84,
1096,
567,
783,
1335,
781,
1511,
758,
1379,
1510,
1296,
1537,
1190,
1079,
1057,
1266,
753,
1400,
1044,
1682,
1043,
183,
1035,
1351,
992,
950,
786,
372,
1497,
212,
829,
1646,
1530,
757,
406,
1239,
1079,
1201,
1346,
997,
518,
845,
99,
1156,
1351,
1038,
1596,
1279,
1001,
797,
80,
1588,
778,
476,
1097,
1556,
1236,
835,
1510,
301,
829,
111,
1535,
1144,
1266,
810,
767,
210,
786,
1075,
943,
870,
624,
611,
746,
840,
778,
720,
77,
724,
692,
1367,
1309,
1298,
394,
715,
690,
1266,
1261,
872,
1557,
136,
704,
155,
1280,
919,
1387,
1108,
1393,
809,
761,
675,
135,
781,
747,
656,
1379,
570,
1360,
1127,
919,
847,
1249,
1356,
136,
519,
845,
629,
618,
99,
943,
1101,
1188,
1539,
1174,
1368,
1070,
1123,
453,
1356,
150,
1400,
1486,
1290,
1136,
1412,
1130,
1438,
449,
1416,
139,
321,
127,
1008,
625,
982,
618,
549,
1276,
133,
830,
534,
1370,
91,
1383,
1364,
1323,
107,
1319,
106,
145,
811,
107,
111,
1340,
1243,
1343,
72,
1304,
1450,
107,
495,
110,
93,
86,
944,
495,
472,
1371,
1304,
605,
1365,
545,
1150,
1197,
1681,
967,
972,
882,
800,
1187,
911,
1174,
1250,
909,
227,
715,
190,
156,
267,
133,
144,
1522,
881,
755,
1069,
994,
631,
700,
1449,
1102,
99,
1414,
1197,
1225,
701,
1148,
720,
82,
581,
576,
799,
1014,
1219,
81,
749,
748,
1423,
71,
106,
960,
959,
119,
916,
103,
946,
157,
601,
115,
1216,
83,
80,
1363,
1213,
80,
1301,
1383,
305,
289,
1218,
1269,
1235,
80,
1344,
642,
722,
80,
1493,
1157,
1224,
1141,
1238,
605,
913,
1125,
1526,
1242,
918,
1142,
1545,
80,
1522,
990,
1137,
1512,
1623,
1214,
1676,
1048,
1689,
1583,
1067,
700,
987,
690,
72,
241,
260,
1371,
1008,
971,
942,
943,
73,
1524,
1362,
1703,
851,
1614,
1048,
81,
753,
1620,
1135,
1575,
16,
1048,
810,
768,
1045,
909,
1143,
1513,
121,
990,
1651,
90,
119,
1028,
1656,
87,
751,
1615,
1504,
1553,
77,
1693,
1532,
1570,
1039,
1132,
1685,
77,
1682,
1087,
1613,
1639,
938,
1618,
1878,
1134,
1033,
1648,
1169,
1581,
821,
991,
1566,
1706,
129,
1565,
94,
1623,
1054,
1190,
1193,
1595,
791,
85,
810,
1553,
1156,
1661,
1549,
1681,
103,
788,
1283,
719,
1556,
1341,
1698,
1259,
1659,
845,
1664,
1210,
1496,
1019,
1265,
1843,
1005,
1988,
1264,
1562,
1583,
1714,
1535,
1740,
1300,
1440,
1956,
2034,
977,
1447,
83,
632,
1183,
1047,
958,
1758,
1942,
1497,
178,
1840,
1972,
1737,
1967,
861,
1721,
1739,
117,
1063,
1596,
534,
1935,
813,
1178,
965,
963,
749,
701,
709,
1691,
994,
1062,
1065,
99,
1961,
1751,
98,
665,
1255,
89,
1127,
1084,
1029,
1243,
1135,
1915,
1720,
1620,
1611,
1676,
1194,
1121,
1239,
1196,
1611,
1455,
1594,
1752,
1759,
1430,
1175,
1523,
1198,
1116,
1554,
1173,
1520,
1962,
1533,
1194,
1018,
533,
71,
1189,
495,
82,
577,
91,
644,
1679,
593,
1968,
1673,
1173,
1091,
463,
119,
1697,
154,
1306,
1990,
1342,
1094,
834,
947,
801,
377,
1562,
854,
1603,
371,
1725,
1539,
880,
390,
1767,
2015,
2073,
1729,
1677,
1025,
88,
2014,
2086,
97,
532,
1227,
2175,
1526,
82,
755,
2001,
916,
411,
1482,
1821,
754,
2048,
1975,
1231,
1458,
398,
1848,
1507,
566,
1219,
2080,
1146,
730,
675,
1718,
1574,
1814,
1716,
202,
1699,
1558,
1912,
1655,
1093,
1608,
200,
1144,
1803,
1845,
1673,
1141,
1108,
1125,
1067,
1424,
1892,
2100,
1680,
108,
1701,
1384,
1725,
978,
1703,
1125,
1060,
91,
1117,
1804,
1527,
1879,
1535,
1591,
1031,
1798,
1526,
1066,
840,
88,
2032,
93,
1939,
96,
1443,
99,
96,
1064,
1383,
89,
2087,
230,
77,
98,
1870,
73,
1242,
1931,
1760,
1850,
1699,
1994,
1163,
475,
1175,
1694,
916,
1696,
2005,
1162,
988,
1771,
1794,
1108,
1096,
1615,
1362,
778,
470,
1430,
704,
1409,
475,
462,
1643,
951,
1713,
1760,
1520,
95,
1900,
1986,
78,
1822,
1233,
1708,
1250,
1566,
1581,
1594,
452,
1544,
1851,
1946,
685,
1858,
775,
1702,
1595,
453,
1982,
1175,
103,
1108,
1243,
102,
2009,
810,
2075,
1095,
90,
1077,
1593,
1999,
84,
1913,
772,
1333,
1764,
1820,
680,
1123,
2027,
1231,
528,
99,
1167,
98,
1498,
832,
1082,
1751,
2029,
1780,
1207,
1765,
1191,
1205,
1061,
1220,
1241,
1919,
1733,
1843,
1342,
1994,
1211,
513,
1947,
1245,
473,
1155,
1122,
525,
1936,
1994,
1189,
1302,
2065,
1185,
1802,
2080,
2003,
1306,
814,
1781,
1191,
1857,
1009,
1093,
747,
1811,
1917,
1973,
2065,
1375,
1120,
1327,
1767,
738,
1311,
1410,
2147,
1782,
1929,
449,
479,
467,
462,
2334,
1058,
1680,
1259,
1951,
851,
607,
853,
520,
1250,
1453,
1704,
1660,
457,
1267,
555,
672,
483,
1981,
1997,
2024,
1879,
1267,
2013,
1250,
1084,
543,
1260,
431,
2180,
1083,
507,
2034,
439,
1831,
2292,
1594,
1030,
1065,
1738,
103,
1720,
2202,
2001,
727,
119,
2087,
2008,
126,
2285,
1773,
1859,
1829,
1570,
513,
2207,
1589,
2329,
1664,
392,
2002,
853,
1773,
1829,
1535,
1256,
455,
1811,
1869,
2193,
1896,
2003,
1743,
1655,
2177,
1254,
1360,
1961,
597,
801,
2350,
97,
2104,
383,
1152,
1618,
1635,
1720,
86,
1177,
2068,
2113,
2237,
1245,
1964,
1980,
2049,
601,
1717,
1665,
1266,
1676,
1768,
622,
1863,
1029,
2307,
2030,
2158,
1820,
1036,
2045,
2021,
1866,
1269,
481,
1891,
2112,
245,
2163,
1103,
731,
1280,
1478,
1905,
417,
2245,
119,
1732,
79,
94,
1994,
1827,
224,
2130,
1774,
59,
409,
2080,
1662,
1744,
1690,
1731,
1947,
1639,
1767,
1703,
44,
2155,
2038,
330,
2087,
1725,
1754,
1838,
1634,
2134,
487,
1910,
1626,
324,
483,
1953,
1255,
1858,
2009,
2117,
77,
307,
1211,
1168,
1709,
602,
488,
1379,
559,
1385,
559,
1930,
1941,
340,
580,
1211,
489,
606,
425,
2195,
2041,
585,
469,
2181,
1928,
1220,
421,
1786,
2359,
1765,
1936,
2332,
1613,
590,
2167,
2205,
1007,
617,
1306,
1857,
1752,
1683,
1953,
1826,
2016,
1603,
592,
2012,
1305,
1159,
1603,
1496,
2110,
1882,
2059,
1821,
2196,
1026,
1895,
1760,
316,
1894,
428,
1774,
398,
2012,
1974,
1816,
2260,
2077,
1895,
82,
1792,
758,
1815,
121,
2028,
757,
124,
2132,
1935,
2058,
1817,
1243,
2217,
485,
491,
1912,
85,
2332,
2079,
1289,
314,
2262,
327,
2301,
586,
84,
340,
1897,
1349,
2011,
73,
1901,
1053,
1883,
1972,
1363,
1920,
1799,
1873,
1053,
1813,
2205,
1784,
572,
139,
1184,
1932,
131,
121,
1069,
1631,
1817,
2039,
1902,
1900,
543,
1181,
1304,
1192,
1664,
1805,
1349,
601,
1788,
1990,
2178,
115,
2105,
2013,
1172,
1954,
1843,
1326,
1866,
1675,
301,
2323,
1787,
1943,
1251,
1816,
1981,
2437,
1782,
947,
2237,
1896,
2293,
2252,
1072,
1772,
2343,
2060,
375,
414,
717,
1412,
304,
1926,
1823,
1798,
2065,
1073,
1919,
1907,
2221,
1592,
1890,
2337,
1645,
1404,
2268,
2055,
238,
1900,
2002,
1401,
231,
1186,
1903,
1951,
1797,
1677,
2229,
1749,
1795,
172,
1201,
1191,
138,
1649,
1932,
2266,
1141,
1816,
1646,
1429,
1733,
1913,
1065,
1753,
1605,
1960,
128,
1742,
1872,
2116,
1815,
1117,
1362,
97,
1072,
104,
1862,
1564,
1942,
1065,
1653,
1967,
1893,
1935,
106,
104,
889,
2027,
1742,
98,
1029,
540,
1940,
2125,
1031,
2352,
1843,
113,
1420,
2452,
99,
1901,
906,
1121,
624,
1919,
95,
1977,
1828,
199,
1974,
1756,
2306,
1716,
2513,
1789,
1311,
1823,
1641,
142,
2072,
93,
2233,
1856,
1975,
469,
85,
97,
2004,
368,
2404,
422,
256,
1297,
331,
852,
270,
1369,
224,
198,
367,
308,
1860,
1874,
195,
1245,
216,
1178,
41,
1577,
1891,
1752,
1120,
880,
1012,
449,
1853,
774,
95,
831,
2061,
2098,
915,
1808,
1796,
1214,
1990,
1933,
2044,
1060,
2251,
936,
80,
1924,
1966,
1398,
1744,
1939,
278,
2351,
1984,
1436,
1108,
371,
496,
1909,
2022,
1362,
1198,
1839,
362,
940,
2378,
2416,
2403,
2213,
1365,
2185,
2356,
1785,
1681,
857,
2084,
278,
1728,
1623,
1439,
2492,
1899,
2012,
274,
1336,
1825,
1802,
955,
2370,
2308,
389,
1757,
1198,
991,
1320,
1326,
264,
444,
402,
1041,
1034,
1678,
1682,
1883,
1157,
1762,
1671,
1155,
2545,
86,
1667,
1302,
1871,
881,
1331,
450,
1775,
1121,
1904,
1105,
83,
1349,
185,
1481,
1853,
1884,
454,
108,
1962,
1810,
2053,
433,
1660,
1547,
1855,
1864,
1713,
105,
1756,
104,
1653,
1879,
1456,
2145,
1441,
1654,
1240,
1409,
1654,
1548,
1500,
1804,
1836,
2622,
1896,
340,
1873,
87,
749,
2589,
359,
1715,
87,
2191,
2023,
1606,
1983,
1526,
86,
250,
2194,
674,
1576,
70,
1778,
2054,
1431,
564,
86,
1629,
1894,
1579,
2255,
1586,
1664,
1899,
1897,
1692,
513,
1813,
1856,
1072,
1754,
587,
242,
1550,
1022,
1548,
1594,
2095,
2019,
84,
1498,
2006,
1525,
1716,
1124,
1068,
2048,
2015,
1673,
516,
2088,
1979,
2032,
1605,
1690,
1146,
1934,
2201,
899,
1128,
1814,
933,
1900,
673,
396,
267,
430,
262,
146,
95,
88,
407,
270,
115,
74,
155,
1842,
1459,
794,
774,
1302,
1172,
1839,
83,
77,
2160,
80,
1408,
1429,
1256,
2214,
1964,
1302,
2108,
1196,
1622,
1474,
1977,
1779,
79,
1613,
2184,
1027,
1452,
1571,
1119,
309,
1877,
2129,
1914,
924,
2182,
1031,
1277,
1988,
1934,
2046,
1014,
1782,
1246,
922,
1728,
1955,
1014,
1033,
2042,
1858,
1051,
1049,
1996,
522,
266,
2531,
1233,
641,
2324,
2279,
1881,
2039,
1787,
1461,
92,
306,
549,
457,
958,
1775,
1056,
1770,
276,
1141,
1988,
1741,
2094,
118,
1939,
1158,
1464,
1526,
1540,
336,
2140,
1725,
1751,
1883,
1148,
2104,
1539,
1964,
89,
506,
1156,
1820,
2014,
1521,
2490,
1802,
1896,
1856,
1626,
2026,
2026,
2385,
1054,
1517,
2708,
287,
376,
1512,
97,
324,
2058,
575,
1213,
1867,
1953,
1829,
1995,
1487,
93,
1693,
2074,
1620,
891,
1423,
1103,
1889,
1216,
211,
88,
1907,
1570,
2071,
75,
334,
2073,
2123,
79,
155,
1206,
2145,
2494,
1523,
1739,
807,
2206,
1568,
376,
977,
157,
339,
1665,
2259,
2099,
1164,
1560,
1674,
1118,
1641,
1207,
1117,
547,
2372,
1962,
1124,
540,
2150,
687,
104,
218,
2653,
668,
1659,
1214,
151,
1699,
2526,
1973,
686,
1699,
1791,
1123,
1883,
136,
133,
827,
1690,
976,
2526,
1777,
1249,
824,
810,
85,
131,
2036,
90,
78,
1686,
402,
558,
228,
2141,
1110,
663,
2344,
1292,
2351,
1868,
1075,
154,
1968,
2653,
2413,
1047,
1537,
144,
2345,
1808,
392,
1929,
137,
2532,
1464,
456,
1191,
407,
2330,
1208,
1264,
401,
1867,
1421,
226,
1903,
1868,
567,
1655,
567,
226,
1020,
285,
1867,
117,
2599,
576,
1250,
53,
1629,
2736,
1899,
2031,
548,
1878,
1912,
1241,
1978,
2484,
708,
1280,
1047,
1278,
816,
1051,
343,
2345,
1772,
724,
2131,
652,
2716,
1757,
2269,
722,
713,
1706,
1874,
1264,
721,
2180,
709,
1380,
2606,
1874,
474,
2513,
1575,
1804,
2603,
86,
1873,
2389,
656,
474,
2648,
1710,
670,
1384,
88,
488,
591,
514,
1367,
1184,
1696,
1291,
2320,
794,
1859,
529,
275,
1853,
432,
1898,
1185,
2000,
1892,
742,
613,
2003,
737,
732,
2039,
2514,
529,
1978,
1627,
363,
2138,
1335,
502,
1201,
2036,
1641,
1989,
2143,
1268,
1907,
1831,
1298,
602,
2065,
546,
2264,
165,
407,
736,
188,
103,
1763,
2553,
99,
1174,
140,
2259,
110,
2451,
1114,
2019,
2663,
2242,
1887,
99,
96,
1824,
2073,
2114,
2625,
463,
95,
656,
2462,
99,
81,
2072,
2469,
81,
636,
2346,
73,
671,
630,
108,
668,
79,
1385,
422,
581,
1377,
86,
491,
1024,
57,
2198,
1739,
924,
1942,
2298,
409,
56,
2549,
1973,
83,
2212,
1748,
1045,
43,
1051,
774,
991,
771,
1351,
1451,
1340,
42,
1944,
2065,
1156,
2665,
2560,
2270,
2596,
2393,
106,
840,
563,
417,
1247,
654,
1948,
1998,
2605,
39,
1831,
1325,
449,
488,
1365,
2056,
1887,
500,
2032,
805,
556,
449,
890,
635,
451,
431,
444,
87,
83,
1210,
47,
1313,
1337,
789,
1399,
1553,
447,
948,
513,
1069,
445,
747,
510,
497,
1512,
507,
1354,
1521,
441,
2277,
2806,
561,
722,
1712,
2200,
1844,
1782,
654,
2177,
1345,
723,
838,
2407,
1253,
508,
609,
849,
572,
1688,
1291,
1704,
387,
311,
545,
701,
2630,
1330,
1987,
840,
1590,
2125,
393,
706,
1323,
2637,
645,
2001,
699,
1793,
889,
900,
1719,
1279,
694,
1385,
65,
1316,
2498,
1447,
2686,
2544,
595,
1790,
1753,
2291,
304,
2110,
453,
2284,
2545,
532,
2319,
1009,
115,
130,
888,
479,
981,
121,
1105,
1732,
849,
904,
105,
859,
451,
686,
871,
1684,
641,
489,
579,
2717,
87,
1630,
94,
1569,
401,
1696,
1552,
455,
2423,
1396,
338,
1281,
1563,
508,
2506,
532,
493,
140,
1134,
1298,
2225,
621,
102,
129,
1543,
114,
1698,
1542,
1262,
1042,
590,
106,
1503,
82,
1463,
921,
827,
442,
765,
700,
440,
80,
844,
1467,
1117,
1468,
701,
437,
629,
1726,
1973,
647,
1928,
515,
655,
646,
436,
834,
644,
432,
1469,
1902,
1421,
608,
1405,
455,
2316,
1021,
1057,
588,
838,
248,
1363,
548,
543,
2311,
655,
501,
670,
602,
1632,
536,
1687,
468,
93,
2637,
134,
1468,
615,
482,
678,
610,
514,
619,
351,
345,
689,
2351,
1553,
485,
304,
744,
513,
29,
585,
121,
133,
962,
1579,
940,
81,
93,
2358,
507,
953,
812,
131,
92,
1473,
641,
2622,
2622,
810,
809,
89,
769,
98,
491,
2602,
90,
282,
366,
73,
67,
72,
733,
825,
1795,
77,
787,
1839,
96,
469,
2215,
1779,
2607,
1762,
717,
596,
818,
799,
594,
222,
606,
506,
650,
522,
594,
582,
223,
852,
1320,
593,
1453,
98,
591,
2575,
578,
2682,
911,
590,
479,
186,
2214,
721,
717,
939,
811,
69,
465,
571,
921,
2486,
709,
585,
2655,
939,
504,
796,
909,
1625,
476,
675,
684,
500,
1669,
920,
672,
483,
567,
942,
798,
1332,
491,
591,
1460,
713,
453,
1018,
1481,
535,
687,
459,
671,
432,
450,
87,
116,
180,
581,
274,
761,
110,
80,
282,
119,
580,
513,
177,
2661,
959,
78,
2568,
577,
517,
974,
67,
545,
689,
507,
2642,
697,
703,
486,
68,
585,
2656,
461,
662,
667,
697,
2473,
674,
586,
1887,
678,
345,
624,
676,
643,
469,
2471,
651,
553,
623,
93,
647,
2693,
500,
2570,
2426,
2200,
493,
2403,
716,
592,
665,
665,
799,
740,
192,
2320,
804,
704,
382,
182,
2729,
2134,
581,
178,
2442,
75,
884,
90,
637,
752,
516,
141,
510,
635,
452,
356,
377,
2759,
2560,
180,
1273,
770,
2613,
2755,
118,
1057,
2431,
2598,
277,
2895,
104,
99,
825,
433,
118,
80,
2744,
733,
161,
95,
160,
120,
618,
2426,
703,
615,
750,
1009,
2144,
614,
137,
2613,
2580,
2670,
480,
1682,
634,
584,
1438,
1557,
1224,
444,
127,
753,
114,
588,
1773,
330,
1503,
58,
531,
610,
700,
676,
1574,
583,
1162,
171,
312,
1555,
638,
648,
433,
653,
718,
1150,
1432,
635,
746,
312,
1821,
2893,
693,
633,
2569,
157,
1871,
349,
1859,
633,
2773,
752,
521,
648,
180,
756,
119,
1714,
2832,
1585,
2822,
750,
755,
2807,
785,
1564,
650,
101,
494,
2482,
119,
180,
860,
669,
144,
1180,
183,
133,
66,
171,
463,
133,
2110,
138,
125,
102,
1036,
2219,
2490,
70,
110,
566,
2295,
103,
98,
2541,
2102,
2412,
92,
632,
131,
85,
127,
79,
2522,
2626,
718,
658,
535,
530,
733,
656,
2523,
493,
800,
795,
853,
499,
835,
1963,
1571,
2201,
788,
557,
730,
830,
828,
155,
492,
507,
836,
845,
113,
103,
154,
130,
92,
1511,
1003,
630,
113,
115,
82,
508,
1954,
1526,
126,
841,
2538,
379,
235,
2877,
2539,
1802,
679,
1613,
962,
368,
848,
82,
2199,
88,
847,
61,
139,
1613,
2473,
861,
1372,
883,
603,
495,
890,
1149,
1630,
97,
436,
301,
761,
1244,
2809,
2751,
795,
732,
2281,
79,
875,
838,
719,
728,
1824,
116,
2732,
978,
777,
983,
1908,
1881,
582,
980,
2302,
928,
850,
33,
559,
1881,
366,
1408,
820,
567,
819,
932,
996,
969,
1818,
2711,
791,
1859,
788,
2703,
1661,
823,
706,
622,
1134,
1685,
821,
729,
676,
747,
374,
746,
902,
665,
670,
918,
105,
896,
509,
941,
1691,
635,
939,
911,
430,
652,
2643,
333,
99,
308,
579,
311,
2613,
842,
1436,
332,
841,
773,
1311,
2882,
2915,
1289,
161,
429,
850,
2356,
433,
1838,
1486,
81,
233,
858,
1835,
228,
843,
915,
897,
837,
1559,
2066,
2644,
201,
196,
587,
163,
356,
1824,
854,
814,
849,
198,
860,
848,
901,
1497,
301,
1663,
925,
301,
530,
200,
134,
1044,
935,
2936,
807,
498,
1732,
863,
2968,
803,
792,
103,
651,
823,
972,
455,
677,
2808,
401,
892,
787,
296,
933,
721,
1326,
290,
2750,
1005,
1294,
702,
299,
813,
1067,
1730,
1547,
845,
1074,
748,
1738,
2620,
77,
988,
2665,
76,
2807,
717,
1306,
1841,
939,
613,
1820,
739,
1814,
748,
944,
2822,
934,
89,
1312,
857,
1749,
744,
917,
382,
775,
889,
912,
305,
1772,
745,
821,
1007,
626,
1771,
798,
876,
737,
1000,
911,
264,
342,
789,
934,
937,
988,
297,
954,
343,
258,
627,
562,
268,
2549,
730,
764,
954,
847,
423,
84,
924,
1360,
82,
2798,
863,
806,
856,
966,
1080,
561,
1768,
2445,
541,
646,
700,
116,
88,
278,
106,
95,
570,
119,
1035,
1630,
1391,
1273,
250,
2280,
2288,
250,
309,
534,
997,
357,
1246,
2255,
540,
533,
352,
952,
1952,
2116,
2334,
1268,
217,
83,
869,
1312,
844,
807,
339,
509,
337,
728,
1158,
84,
1115,
1235,
769,
339,
765,
1477,
502,
1116,
1433,
738,
1485,
996,
1042,
2563,
671,
96,
988,
821,
1306,
2487,
2781,
1011,
829,
1008,
994,
697,
584,
716,
467,
174,
171,
1091,
916,
251,
972,
986,
1696,
840,
2635,
978,
536,
573,
152,
641,
90,
984,
1001,
712,
646,
977,
698,
593,
696,
712,
301,
855,
601,
705,
615,
569,
584,
700,
711,
1007,
639,
700,
1018,
228,
583,
399,
639,
662,
310,
991,
630,
659,
386,
544,
288,
631,
792,
581,
600,
573,
558,
136,
575,
589,
128,
118,
1872,
833,
839,
480,
672,
997,
2966,
1878,
454,
1174,
1223,
1157,
578,
2783,
473,
1104,
830,
1230,
561,
1218,
441,
1143,
666,
1113,
702,
937,
2718,
555,
2752,
585,
1943,
1332,
673,
1304,
1113,
97,
650,
359,
684,
1064,
90,
104,
849,
2119,
367,
818,
619,
2486,
81,
1891,
836,
68,
1056,
1053,
301,
74,
1383,
1897,
449,
699,
418,
248,
279,
509,
828,
267,
521,
692,
426,
628,
400,
259,
670,
831,
767,
722,
667,
427,
868,
581,
461,
420,
418,
608,
694,
416,
859,
560,
899,
924,
598,
913,
777,
621,
279,
641,
637,
413,
727,
593,
967,
563,
520,
418,
501,
1205,
757,
901,
673,
274,
473,
692,
702,
1335,
2931,
296,
894,
950,
917,
562,
482,
321,
684,
730,
965,
394,
522,
314,
455,
691,
452,
633,
609,
677,
1202,
616,
827,
286,
739,
707,
27,
1141,
561,
753,
715,
866,
112,
448,
656,
1258,
265,
928,
1248,
1344,
472,
896,
1152,
253,
760,
3017,
747,
704,
529,
166,
568,
2933,
515,
476,
696,
777,
256,
276,
176,
757,
623,
1217,
105,
578,
771,
747,
91,
804,
106,
714,
87,
91,
2942,
761,
1463,
790,
2945,
437,
166,
2894,
765,
314,
589,
3013,
751,
2739,
2930,
178,
2939,
187,
583,
160,
747,
1277,
1576,
1281,
1205,
142,
645,
628,
162,
589,
177,
782,
593,
786,
795,
703,
172,
517,
908,
618,
161,
3018,
1397,
586,
3055,
157,
496,
919,
61,
2654,
883,
3272,
930,
658,
1125,
3091,
879,
477,
682,
136,
695,
336,
3100,
1044,
962,
43,
82,
711,
925,
878,
82,
474,
2786,
988,
549,
1593,
470,
469,
3000,
341,
1396,
144,
650,
1413,
1212,
1528,
79,
492,
608,
49,
1412,
336,
1528,
628,
875,
85,
1204,
693,
3186,
2802,
545,
36,
291,
499,
647,
94,
2602,
772,
1452,
1623,
91,
1622,
1062,
2134,
525,
94,
1454,
91,
2744,
632,
564,
787,
681,
650,
3042,
557,
976,
696,
120,
533,
709,
1368,
708,
163,
840,
445,
261,
2748,
315,
172,
80,
116,
268,
988,
101,
987,
266,
1865,
256,
1758,
83,
980,
57,
928,
1362,
1751,
271,
800,
238,
552,
986,
550,
213,
906,
63,
595,
511,
872,
783,
996,
65,
1027,
142,
845,
1506,
545,
477,
1295,
140,
1290,
547,
138,
882,
472,
62,
903,
711,
600,
603,
337,
819,
73,
839,
59,
815,
142,
900,
832,
288,
940,
286,
694,
3280,
1498,
3134,
3142,
74,
1439,
610,
1329,
1450,
70,
1328,
696,
715,
1283,
888,
330,
308,
1520,
644,
2800,
640,
435,
1502,
589,
2795,
1518,
430,
239,
964,
948,
3091,
542,
1092,
534,
1379,
515,
534,
910,
263,
87,
912,
185,
1440,
1596,
67,
338,
152,
66,
174,
925,
172,
219,
480,
1044,
1282,
147,
1553,
837,
811,
473,
1072,
718,
1054,
1284,
622,
700,
227,
1297,
1381,
2020,
849,
717,
616,
744,
838,
875,
740,
360,
1340,
1346,
212,
1284,
1374,
779,
105,
506,
3010,
1409,
1364,
2781,
799,
1007,
1522,
1227,
1080,
607,
1005,
2222,
1012,
877,
2733,
89,
1443,
941,
615,
87,
2704,
2783,
680,
602,
935,
607,
969,
452,
1357,
1089,
1357,
850,
996,
2937,
163,
653,
1370,
574,
88,
615,
122,
1576,
1033,
489,
84,
278,
967,
1088,
771,
702,
656,
569,
977,
1009,
666,
3099,
197,
1590,
851,
196,
888,
837,
492,
859,
1027,
195,
1106,
3291,
70,
89,
3341,
580,
1372,
1165,
1510,
3270,
1161,
284,
78,
669,
1550,
927,
404,
219,
561,
1037,
1338,
1022,
606,
574,
665,
1363,
549,
775,
183,
1520,
534,
695,
196,
661,
1361,
582,
1082,
190,
1073,
483,
34,
1051,
1042,
894,
940,
107,
739,
602,
571,
1084,
609,
1063,
738,
1096,
1547,
1290,
190,
1471,
81,
637,
606,
189,
3016,
27,
3432,
3231,
1153,
172,
242,
1037,
136,
1031,
1026,
175,
158,
132,
1057,
1303,
1087,
570,
999,
840,
43,
1006,
1080,
3394,
3199,
3417,
636,
695,
1400,
28,
766,
51,
11,
756,
665,
3353,
593,
20,
2747,
1058,
273,
2917,
1115,
307,
3350,
83,
218,
467,
2858,
517,
2102,
1068,
217,
1099,
562,
991,
221,
956,
217,
3488,
1096,
1093,
134,
154,
135,
1790,
114,
126,
215,
1047,
587,
215,
125,
103,
1649,
208,
820,
197,
312,
1229,
75,
642,
1217,
1571,
94,
847,
2861,
2589,
969,
229,
100,
188,
313,
186,
550,
680,
179,
33,
1234,
144,
712,
103,
94,
36,
1256,
1006,
971,
86,
151,
1181,
39,
39,
716,
1254,
593,
683,
208,
207,
1097,
722,
3634,
33,
1181,
574,
1755,
1763,
1580,
105,
113,
1241,
847,
91,
37,
536,
904,
88,
520,
213,
220,
1324,
1323,
490,
280,
1364,
78,
1563,
89,
2211,
278,
1904,
1713,
2303,
279,
86,
1640,
3478,
462,
2046,
53,
3517,
3487,
3573,
3466,
2026,
1462,
28,
123,
2096,
121,
224,
227,
81,
81,
3666,
1429,
82,
153,
76,
824,
78,
4101,
769,
3525,
3578,
3427,
1973,
586,
517,
4148,
674,
77,
3574,
3134,
1720,
1730,
3312,
107,
1547,
301,
1543,
3078,
79,
3763,
3328,
3571,
3744,
3554,
2737,
70,
1532,
3395,
96,
1500,
1488,
1451,
3276,
3318,
3265,
2146,
425,
638,
2101,
2095,
3016,
476,
880,
3002,
2088,
79,
94,
1946,
1865,
1869,
451,
442,
40,
434,
1465,
1462,
77,
433,
104,
3750,
79,
906,
91,
1017,
1680,
75,
779,
1340,
1541,
1488,
1259,
748,
812,
1342,
580,
721,
1206,
1891,
1379,
516,
2023,
652,
1299,
663,
2549,
3333,
960,
1167,
1346,
628,
1499,
924,
66,
1404,
803,
878,
789,
1057,
738,
1542,
963,
1530,
1511,
3601,
1238,
2188,
1629,
608,
1209,
1063,
104,
609,
1304,
114,
85,
1864,
606,
85,
598,
808,
596,
1239,
580,
822,
1517,
773,
1125,
2203,
836,
983,
1534,
1422,
99,
1276,
1587,
78,
92,
3793,
1139,
1175,
75,
821,
769,
1343,
44,
1209,
806,
1616,
74,
1833,
812,
774,
953,
74,
75,
1468,
989,
1288,
1720,
1210,
974,
1005,
1538,
1527,
1103,
971,
1342,
874,
871,
2009,
492,
551,
1303,
85,
95,
547,
1009,
51,
546,
489,
1070,
1022,
1375,
880,
1386,
2032,
1229,
1230,
1048,
1004,
2143,
1180,
505,
2046,
538,
1052,
1335,
1413,
1083,
1513,
1556,
1038,
1354,
1020,
1739,
1158,
1391,
1190,
121,
1401,
1527,
103,
676,
1023,
1792,
1021,
94,
97,
1637,
522,
1573,
1165,
1059,
1115,
1032,
1457,
1461,
1307,
51,
645,
1468,
1791,
1360,
1575,
1582,
1790,
101,
1046,
92,
1036,
1384,
1643,
76,
1458,
1107,
1202,
70,
994,
75,
73,
1190,
75,
1044,
1807,
4446,
1002,
3240,
999,
301,
1128,
3976,
1863,
1000,
1221,
995,
3968,
4297,
1237,
1027,
1679,
113,
3905,
1387,
979,
1138,
3708,
1596,
1234,
993,
2104,
3831,
3596,
118,
1501,
946,
3479,
1496,
3656,
3800,
2290,
109,
1133,
97,
2499,
1037,
577,
1420,
1012,
1588,
1864,
1861,
1031,
410,
1857,
3944,
1476,
1854,
957,
1149,
3891,
953,
1045,
1168,
943,
921,
180,
599,
895,
1651,
1603,
1099,
1089,
1117,
928,
1247,
1052,
70,
94,
1044,
1426,
1098,
141,
1000,
987,
988,
77,
2415,
898,
1069,
1116,
3635,
965,
978,
3509,
2346,
1515,
204,
1059,
916,
1048,
1504,
1503,
3218,
1007,
1131,
3060,
960,
123,
124,
125,
102,
120,
93,
97,
202,
1017,
1214,
1072,
1060,
1553,
1011,
93,
1025,
1047,
1093,
1980,
1040,
1024,
1211,
3962,
76,
1425,
1020,
1559,
946,
1460,
1323,
1546,
1089,
1776,
1051,
1095,
3497,
1236,
1783,
78,
1038,
1073,
1142,
1209,
30,
1068,
29,
1062,
1793,
675,
117,
691,
1410,
125,
1072,
3804,
106,
1574,
37,
114,
1146,
1579,
1766,
666,
994,
36,
675,
1759,
1539,
1074,
1581,
974,
1066,
89,
1568,
1165,
58,
1372,
2093,
1814,
846,
1120,
1593,
847,
1815,
1049,
1449,
850,
833,
1428,
815,
2153,
810,
1034,
74,
807,
790,
2099,
778,
2505,
68,
774,
1114,
1651,
231,
72,
1727,
501,
75,
1012,
1645,
32,
1917,
1122,
4033,
4268,
978,
1414,
740,
1095,
4144,
1047,
1189,
334,
743,
1905,
235,
1067,
3504,
2204,
3871,
1913,
3580,
2094,
1653,
1586,
1693,
1266,
1333,
1640,
1649,
828,
88,
28,
363,
671,
1636,
1604,
248,
670,
133,
3204,
1435,
1828,
120,
353,
3108,
648,
121,
226,
645,
1305,
1294,
1603,
123,
1628,
469,
86,
29,
2073,
84,
1372,
1292,
1078,
1024,
695,
1371,
1120,
1454,
4291,
1476,
2658,
1684,
695,
1120,
1382,
1167,
1036,
694,
1689,
1600,
2395,
1645,
123,
1506,
138,
1073,
1299,
1149,
1930,
1647,
1420,
966,
1182,
1150,
1185,
1507,
1423,
985,
1169,
1516,
1385,
2583,
1420,
1061,
2618,
2577,
1109,
1084,
1456,
1722,
1075,
1229,
1161,
1708,
1656,
1371,
1005,
278,
1053,
4223,
4243,
1024,
1184,
1131,
1185,
31,
1158,
106,
2689,
1162,
1263,
1237,
1920,
1176,
1383,
1010,
1154,
1353,
963,
1067,
1920,
1915,
1128,
1071,
1197,
1144,
1060,
4038,
956,
301,
1121,
1125,
648,
1030,
1227,
2504,
1161,
1736,
1028,
2022,
77,
2346,
4270,
1362,
1045,
1167,
1136,
447,
2197,
258,
1164,
1432,
4611,
3553,
3536,
2110,
4533,
1131,
1045,
2110,
78,
3886,
1154,
1826,
76,
361,
1017,
1170,
2112,
106,
1417,
1195,
1222,
1484,
2645,
1757,
108,
84,
1517,
1232,
82,
3732,
174,
1055,
1416,
1192,
76,
1016,
4201,
1210,
1124,
1173,
2660,
1184,
687,
1013,
1141,
4698,
1191,
1109,
2088,
1517,
1142,
1273,
1596,
1186,
1526,
1802,
1294,
1000,
1750,
82,
1005,
3517,
3503,
1398,
4627,
3525,
1048,
3481,
3396,
3521,
3381,
2919,
2783,
3396,
4228,
329,
453,
1545,
1305,
1140,
1217,
1095,
1187,
2897,
1165,
3132,
110,
2803,
1813,
1201,
105,
1061,
1436,
101,
394,
1256,
1828,
1114,
1340,
1264,
1353,
1120,
1626,
1512,
1241,
1317,
1549,
1159,
1145,
1298,
311,
1318,
1157,
461,
1325,
1253,
1278,
1068,
2107,
461,
1542,
1558,
1672,
1185,
1297,
1120,
98,
397,
263,
399,
936,
259,
307,
507,
261,
535,
386,
259,
113,
117,
951,
1102,
1727,
250,
261,
491,
1402,
1104,
101,
40,
1734,
1148,
38,
1087,
1296,
1113,
1235,
1869,
469,
1647,
1198,
2457,
1586,
1209,
87,
1354,
1121,
1820,
1211,
1135,
1381,
1713,
528,
2807,
1105,
1226,
1175,
1181,
1970,
85,
1197,
1157,
476,
1129,
1092,
4391,
83,
1249,
1145,
517,
1248,
1225,
1126,
1140,
80,
1117,
1347,
1154,
2169,
4645,
1187,
1231,
1481,
1886,
1516,
1099,
1010,
1894,
1522,
51,
1484,
1190,
1059,
78,
1241,
1175,
1038,
834,
1129,
460,
98,
61,
1175,
483,
1124,
1149,
1144,
616,
1061,
1168,
470,
1258,
1097,
468,
1151,
1169,
1159,
1587,
1109,
85,
1079,
1115,
2404,
1228,
1191,
888,
1144,
1103,
430,
877,
78,
1440,
1955,
1348,
1924,
2350,
1358,
1255,
3290,
1240,
2411,
384,
4655,
1951,
576,
430,
73,
583,
404,
29,
2421,
1463,
1170,
421,
424,
1167,
435,
634,
364,
1287,
1170,
2010,
1300,
1214,
100,
584,
1331,
647,
1257,
3554,
36,
1211,
1098,
3320,
1341,
2197,
1302,
1216,
584,
2249,
1462,
1300,
88,
930,
1053,
820,
3343,
1369,
444,
1330,
3257,
1262,
107,
272,
1466,
301,
101,
302,
631,
1253,
1209,
590,
4447,
1476,
1212,
85,
551,
2478,
2125,
1813,
4581,
1381,
1367,
2235,
478,
494,
1806,
1767,
2041,
490,
1247,
516,
596,
1301,
515,
1238,
1395,
1347,
4000,
84,
1246,
505,
2493,
1628,
2202,
682,
1628,
857,
1530,
310,
2837,
1235,
1197,
1238,
1388,
856,
925,
612,
1269,
3774,
1162,
490,
1424,
3373,
2259,
1498,
4671,
653,
1270,
469,
1231,
1650,
850,
2006,
1215,
636,
1976,
393,
404,
4509,
1268,
277,
1094,
390,
763,
2481,
400,
1218,
1164,
1260,
407,
1816,
1335,
385,
376,
1268,
4727,
362,
360,
89,
1097,
478,
287,
444,
273,
601,
1366,
416,
28,
4490,
3025,
1320,
257,
4080,
271,
2875,
1458,
1664,
1371,
4034,
1363,
1122,
1221,
848,
3795,
1520,
1328,
270,
1645,
1748,
1767,
269,
826,
1746,
460,
1717,
1189,
922,
460,
1364,
1620,
1262,
267,
1524,
1629,
1483,
839,
1364,
1004,
829,
1767,
269,
3089,
834,
462,
3838,
3089,
3738,
3088,
469,
272,
248,
113,
486,
391,
1393,
151,
2321,
99,
1036,
1263,
103,
419,
603,
79,
1431,
1335,
73,
647,
94,
431,
566,
76,
852,
415,
863,
4425,
1139,
1720,
676,
77,
1309,
1396,
859,
4728,
486,
668,
76,
852,
708,
465,
4369,
451,
1283,
1323,
50,
604,
45,
1313,
394,
478,
80,
721,
631,
1328,
4572,
80,
44,
1284,
48,
43,
1327,
78,
681,
1835,
81,
663,
32,
613,
40,
431,
340,
2742,
168,
3078,
74,
2690,
741,
76,
494,
728,
766,
709,
504,
547,
791,
751,
453,
1362,
731,
438,
1635,
856,
475,
914,
744,
588,
1443,
472,
873,
109,
144,
666,
712,
833,
1390,
4141,
885,
117,
1758,
2813,
1731,
875,
1435,
413,
1533,
1367,
1492,
97,
2060,
2003,
89,
103,
71,
101,
94,
87,
2328,
753,
371,
714,
77,
74,
1482,
294,
704,
760,
778,
1379,
466,
72,
527,
724,
808,
1789,
734,
488,
1789,
955,
132,
90,
3793,
4251,
1237,
343,
406,
1788,
229,
667,
771,
4971,
2735,
149,
1445,
291,
393,
25,
29,
76,
4960,
32,
5040,
76,
34,
448,
2380,
4460,
1470,
1432,
539,
1821,
2534,
2526,
448,
3079,
89,
783,
841,
3389,
365,
154,
363,
1815,
111,
1419,
2958,
811,
123,
3301,
1417,
421,
762,
817,
618,
409,
413,
2847,
346,
816,
724,
5035,
350,
362,
720,
333,
301,
4612,
1985,
303,
3454,
478,
4926,
4930,
321,
2873,
4319,
1847,
2122,
386,
1863,
516,
492,
4876,
607,
369,
1132,
4320,
961,
1058,
892,
1526,
781,
4870,
1809,
115,
1533,
2001,
870,
1709,
3925,
1939,
1544,
498,
1850,
394,
1067,
1002,
907,
3224,
2863,
999,
324,
1489,
102,
3287,
1599,
1578,
4595,
1052,
966,
138,
2411,
79,
2887,
1695,
2004,
1558,
995,
892,
2897,
1539,
319,
73,
2862,
97,
2859,
808,
1441,
1534,
1886,
2615,
386,
2607,
2551,
1165,
805,
1013,
1786,
2411,
1590,
788,
1057,
911,
1576,
916,
4707,
1582,
4232,
1514,
1019,
89,
390,
2013,
1657,
2665,
1598,
2678,
4585,
975,
1541,
320,
1674,
4719,
536,
2576,
2690,
2543,
829,
1526,
841,
779,
2648,
2542,
1076,
759,
747,
1131,
538,
1069,
744,
2600,
950,
640,
534,
526,
4831,
2633,
447,
4742,
2677,
336,
334,
323,
2672,
298,
333,
402,
258,
77,
287,
299,
243,
300,
1076,
180,
276,
74,
2571,
88,
73,
277,
858,
874,
745,
1147,
703,
5033,
735,
673,
4575,
89,
841,
283,
821,
881,
667,
665,
764,
4469,
4815,
776,
1120,
664,
1131,
1119,
860,
78,
693,
1120,
1167,
81,
4545,
430,
296,
578,
1652,
475,
1127,
491,
208,
514,
4418,
583,
431,
108,
1718,
3125,
844,
89,
83,
2576,
1822,
2113,
3235,
549,
1679,
477,
1720,
1684,
3109,
1200,
2079,
116,
1196,
551,
1602,
754,
1159,
822,
3042,
55,
485,
105,
2098,
1964,
808,
1698,
95,
1208,
3372,
1991,
2102,
86,
4552,
70,
564,
610,
84,
72,
1979,
456,
595,
561,
3327,
2018,
494,
2619,
394,
623,
70,
61,
87,
626,
3307,
82,
407,
86,
580,
428,
344,
4523,
80,
4116,
339,
4958,
4639,
5307,
586,
580,
192,
56,
132,
2024,
79,
79,
4494,
2952,
315,
548,
908,
1793,
2102,
85,
91,
34,
539,
1831,
1732,
1008,
410,
1838,
770,
798,
3062,
349,
536,
2968,
419,
86,
3662,
363,
2807,
2804,
421,
76,
92,
199,
36,
1749,
1474,
936,
440,
196,
425,
815,
1104,
284,
814,
922,
816,
966,
87,
1041,
609,
1003,
805,
153,
1240,
99,
4170,
408,
304,
150,
606,
543,
850,
1827,
287,
4741,
884,
1061,
62,
950,
697,
1281,
878,
723,
1075,
4604,
707,
795,
1947,
901,
716,
1050,
838,
5210,
824,
267,
812,
1974,
612,
488,
774,
665,
86,
3189,
853,
4546,
772,
92,
732,
607,
758,
5234,
1839,
415,
1062,
1098,
2353,
847,
634,
437,
4268,
639,
623,
1022,
461,
2434,
1016,
850,
82,
1949,
580,
480,
1569,
82,
743,
511,
77,
188,
685,
1215,
860,
5099,
2004,
935,
4277,
734,
592,
1826,
707,
746,
2557,
789,
2021,
793,
2795,
720,
4144,
111,
789,
658,
662,
108,
454,
213,
661,
648,
5081,
212,
700,
1878,
984,
1837,
202,
2031,
3470,
1878,
550,
109,
635,
656,
828,
1043,
4798,
990,
1100,
969,
664,
1137,
945,
595,
5043,
526,
522,
225,
1154,
516,
168,
5099,
515,
514,
2064,
5460,
2548,
2032,
752,
1116,
710,
1909,
605,
1880,
4818,
594,
242,
235,
228,
527,
225,
1115,
2064,
588,
5380,
431,
96,
912,
910,
96,
1125,
657,
600,
679,
609,
646,
705,
708,
76,
911,
77,
158,
1167,
987,
90,
1931,
1009,
3269,
578,
1047,
2446,
748,
796,
272,
794,
658,
1072,
373,
714,
712,
1923,
595,
666,
817,
668,
1939,
638,
882,
662,
97,
1006,
3647,
657,
810,
748,
2900,
2239,
1112,
99,
1146,
2898,
2325,
1710,
1155,
940,
234,
1320,
147,
1970,
1943,
1788,
1917,
121,
984,
1483,
1889,
1116,
453,
1933,
636,
1349,
2420,
592,
659,
81,
644,
1971,
623,
1957,
671,
122,
357,
331,
410,
340,
1517,
905,
490,
824,
322,
890,
314,
1861,
272,
807,
1294,
5251,
705,
654,
5184,
2041,
2170,
866,
730,
2022,
701,
878,
735,
872,
641,
680,
700,
778,
1039,
88,
603,
809,
510,
629,
1976,
1063,
1364,
1052,
826,
711,
1284,
225,
1282,
1414,
5476,
708,
5345,
4995,
549,
74,
1579,
593,
1134,
55,
2029,
32,
136,
756,
942,
4653,
1327,
700,
5046,
846,
1028,
1063,
732,
294,
623,
566,
4769,
3161,
630,
2021,
575,
4969,
530,
1697,
2047,
4749,
2073,
1709,
344,
1215,
344,
443,
299,
1761,
339,
280,
219,
882,
5475,
890,
2053,
877,
1095,
1093,
580,
122,
28,
213,
907,
1094,
1304,
25,
2195,
305,
5212,
4930,
21,
123,
304,
225,
3597,
96,
102,
3685,
215,
88,
582,
4477,
210,
4158,
710,
251,
736,
801,
206,
2051,
863,
3024,
1285,
1063,
903,
49,
4736,
2134,
931,
892,
799,
4835,
1064,
1348,
33,
748,
1483,
2044,
2156,
909,
585,
1646,
161,
1333,
795,
519,
1769,
526,
3920,
726,
1327,
2144,
718,
1361,
418,
1345,
3469,
148,
866,
1312,
741,
532,
107,
637,
4550,
870,
1470,
1576,
2043,
5497,
338,
84,
511,
875,
337,
822,
826,
232,
499,
1149,
807,
229,
75,
237,
701,
734,
1183,
192,
684,
219,
734,
566,
74,
494,
4096,
208,
482,
916,
207,
744,
200,
1157,
201,
1242,
2556,
78,
570,
4834,
5112,
469,
632,
1115,
2894,
625,
131,
1635,
3975,
1689,
1432,
99,
1341,
1356,
111,
782,
96,
5212,
650,
1378,
775,
450,
4863,
456,
93,
557,
1540,
717,
567,
3811,
1984,
4946,
808,
1248,
1356,
1820,
1205,
1396,
232,
2266,
771,
163,
724,
468,
435,
372,
1415,
928,
876,
95,
744,
3819,
137,
751,
90,
826,
1417,
1116,
1183,
1029,
29,
1386,
27,
707,
480,
710,
646,
738,
468,
830,
42,
77,
745,
720,
127,
119,
467,
498,
606,
449,
81,
461,
78,
27,
1754,
1425,
747,
1748,
64,
1004,
1514,
729,
505,
913,
1473,
3972,
3177,
757,
76,
843,
731,
1687,
173,
1550,
751,
569,
173,
5578,
1479,
171,
486,
3572,
927,
3555,
154,
1235,
87,
370,
368,
3948,
152,
2393,
113,
362,
3941,
533,
1397,
99,
120,
650,
662,
432,
583,
4443,
3211,
1518,
3210,
515,
1281,
3952,
3642,
2037,
1004,
3970,
713,
885,
776,
584,
4152,
49,
1494,
1347,
755,
720,
441,
1388,
584,
3794,
1122,
582,
935,
1476,
437,
1317,
732,
432,
1149,
694,
5711,
701,
1790,
584,
850,
718,
560,
1103,
816,
5689,
627,
1294,
781,
2435,
960,
2943,
522,
5795,
779,
774,
555,
1129,
548,
830,
84,
555,
545,
1539,
1026,
1074,
5485,
1030,
26,
401,
1000,
3551,
678,
148,
1407,
5563,
635,
1701,
986,
866,
873,
1396,
2288,
3558,
1505,
72,
984,
1444,
149,
748,
2096,
715,
2043,
2042,
1381,
3839,
440,
4281,
1125,
690,
107,
4207,
1505,
4077,
1053,
119,
589,
134,
869,
98,
1565,
1735,
373,
107,
2384,
626,
5743,
82,
883,
893,
629,
418,
3510,
33,
1163,
645,
1594,
3509,
352,
4041,
97,
4077,
1520,
1541,
89,
5150,
2802,
908,
1373,
1007,
916,
896,
893,
846,
922,
1034,
2496,
656,
1571,
470,
5387,
727,
1535,
1432,
1347,
366,
890,
1598,
882,
434,
176,
158,
80,
907,
5483,
811,
896,
965,
30,
632,
593,
3750,
4970,
496,
577,
4004,
570,
92,
95,
5780,
356,
1056,
914,
4888,
3046,
999,
1358,
871,
1415,
596,
516,
539,
1439,
1452,
989,
556,
741,
1460,
5229,
554,
835,
577,
758,
4057,
809,
1003,
522,
695,
1137,
937,
878,
577,
5827,
1002,
664,
914,
912,
1413,
996,
1154,
570,
903,
1496,
1397,
901,
1523,
944,
924,
5490,
1454,
5796,
2176,
1943,
1122,
902,
1253,
1124,
435,
1026,
948,
118,
1720,
5773,
1438,
578,
575,
728,
1105,
859,
752,
104,
516,
2176,
1003,
125,
102,
5338,
3193,
97,
169,
73,
194,
181,
95,
140,
182,
145,
459,
178,
190,
169,
5736,
176,
2778,
458,
74,
162,
648,
186,
561,
257,
700,
1456,
1425,
151,
135,
1473,
1483,
1443,
408,
1466,
1463,
435,
132,
1423,
1414,
1421,
580,
1420,
931,
437,
1439,
3400,
4064,
752,
5553,
374,
1464,
3388,
708,
1413,
1343,
5731,
80,
1423,
680,
777,
5713,
1316,
1309,
5694,
419,
535,
487,
5671,
5639,
745,
1646,
850,
5541,
1774,
445,
1779,
482,
116,
914,
647,
759,
1228,
1160,
511,
447,
774,
777,
1493,
770,
1336,
5925,
221,
1292,
870,
247,
1237,
92,
1147,
98,
178,
916,
93,
161,
3297,
599,
248,
1032,
5604,
514,
127,
241,
23,
765,
909,
85,
627,
655,
237,
235,
231,
227,
226,
208,
519,
1858,
155,
1188,
139,
622,
81,
137,
138,
397,
675,
1209,
668,
211,
775,
1196,
3873,
5737,
212,
855,
820,
3488,
140,
196,
4251,
684,
1279,
1076,
1757,
850,
858,
93,
73,
80,
1181,
485,
1622,
673,
585,
815,
1683,
479,
1573,
560,
732,
459,
688,
1330,
1657,
2319,
159,
556,
844,
420,
198,
200,
348,
75,
195,
192,
1314,
729,
702,
165,
676,
855,
899,
998,
722,
1399,
829,
1424,
155,
840,
155,
1368,
355,
1309,
767,
1120,
619,
80,
3778,
515,
153,
173,
1649,
364,
708,
1036,
463,
541,
833,
615,
704,
176,
174,
364,
1661,
694,
687,
693,
1324,
612,
1219,
1695,
159,
1202,
22,
1341,
3789,
509,
1684,
1336,
482,
1380,
1077,
3676,
1756,
3659,
1735,
1473,
3801,
1249,
1290,
515,
726,
1382,
575,
713,
742,
1162,
1471,
1397,
867,
1263,
716,
4312,
5582,
1432,
865,
1285,
1314,
5532,
5384,
1492,
686,
886,
1405,
717,
1421,
5713,
77,
579,
720,
159,
3121,
718,
25,
6048,
994,
1277,
81,
72,
3016,
1284,
989,
2865,
1451,
81,
78,
4979,
4487,
1381,
4051,
4064,
1349,
4049,
1809,
89,
493,
6082,
80,
4784,
474,
1417,
6253,
1538,
2142,
525,
1015,
1513,
706,
1117,
963,
2436,
17,
708,
843,
639,
916,
694,
702,
704,
46,
482,
752,
1303,
31,
593,
637,
566,
242,
597,
217,
214,
75,
3810,
3702,
214,
595,
3791,
588,
517,
2761,
2958,
1826,
1340,
1177,
982,
1920,
754,
3052,
983,
687,
672,
1209,
3155,
3859,
5995,
871,
1369,
668,
1186,
1879,
3841,
518,
1197,
88,
484,
806,
827,
1748,
18,
5897,
77,
1850,
823,
240,
245,
333,
205,
479,
85,
84,
78,
4407,
5769,
714,
43,
5790,
208,
1489,
1015,
351,
148,
286,
30,
5914,
167,
1375,
6082,
160,
36,
78,
156,
154,
24,
137,
1310,
1404,
20,
185,
1308,
1446,
205,
849,
853,
22,
75,
3822,
77,
937,
2055,
944,
137,
183,
163,
1120,
1130,
1117,
948,
133,
936,
1553,
623,
947,
2990,
61,
934,
630,
189,
6235,
989,
86,
578,
902,
929,
81,
930,
1565,
1528,
4553,
1446,
1103,
1304,
1364,
105,
4689,
1370,
1044,
892,
86,
5650,
5063,
1001,
83,
1117,
74,
1024,
1499,
2329,
3890,
1477,
992,
3887,
3585,
5943,
2621,
1130,
1446,
1035,
5560,
978,
731,
1011,
108,
3131,
5452,
1602,
123,
96,
5607,
597,
1050,
757,
5581,
5653,
1159,
938,
91,
91,
810,
5414,
826,
406,
946,
1767,
1766,
987,
825,
301,
751,
807,
1775,
392,
771,
880,
5766,
5697,
1919,
4717,
1194,
915,
1181,
1123,
6132,
302,
6506,
814,
761,
641,
1587,
2700,
891,
1475,
637,
