32,
33,
36,
34,
41,
43,
33,
33,
47,
32,
46,
38,
31,
37,
34,
93,
33,
43,
32,
40,
33,
99,
32,
98,
111,
41,
87,
115,
45,
37,
31,
97,
41,
35,
111,
35,
105,
33,
133,
138,
117,
125,
112,
134,
112,
130,
109,
134,
128,
138,
106,
129,
115,
102,
43,
120,
38,
127,
111,
135,
88,
102,
87,
136,
75,
124,
117,
140,
74,
121,
69,
40,
78,
129,
137,
37,
162,
40,
166,
131,
103,
58,
141,
95,
138,
156,
165,
124,
128,
159,
138,
105,
145,
171,
154,
161,
165,
171,
130,
139,
146,
147,
137,
134,
146,
117,
143,
180,
178,
154,
163,
132,
180,
165,
167,
152,
135,
155,
150,
155,
190,
67,
147,
119,
189,
192,
64,
38,
181,
184,
63,
118,
63,
105,
169,
155,
145,
173,
187,
139,
205,
169,
201,
200,
204,
214,
179,
177,
196,
174,
170,
167,
77,
166,
195,
40,
205,
133,
185,
194,
156,
112,
183,
189,
152,
208,
187,
174,
163,
61,
162,
180,
158,
191,
139,
156,
136,
133,
151,
218,
137,
129,
44,
172,
142,
52,
67,
107,
152,
130,
202,
160,
90,
214,
49,
177,
199,
69,
194,
183,
231,
130,
237,
165,
245,
108,
82,
222,
196,
69,
40,
82,
149,
68,
183,
133,
91,
167,
94,
63,
255,
228,
206,
63,
230,
236,
89,
158,
70,
229,
59,
218,
225,
229,
208,
59,
159,
241,
160,
206,
59,
214,
235,
188,
162,
220,
244,
142,
132,
197,
199,
216,
175,
185,
196,
191,
178,
180,
172,
59,
188,
173,
179,
189,
58,
44,
217,
172,
228,
156,
162,
152,
43,
206,
178,
143,
43,
163,
161,
215,
201,
198,
42,
168,
256,
208,
130,
52,
148,
130,
177,
166,
236,
136,
172,
188,
115,
161,
176,
188,
107,
152,
75,
242,
105,
52,
218,
210,
166,
49,
53,
156,
246,
52,
244,
227,
250,
248,
161,
172,
228,
260,
233,
155,
256,
259,
57,
253,
238,
170,
185,
252,
275,
129,
290,
288,
264,
212,
146,
156,
154,
178,
49,
184,
243,
173,
148,
262,
164,
263,
161,
159,
252,
239,
247,
151,
200,
303,
161,
95,
198,
243,
211,
172,
47,
217,
278,
240,
211,
253,
247,
206,
249,
261,
275,
323,
218,
166,
220,
110,
251,
311,
150,
209,
142,
158,
164,
231,
58,
157,
160,
142,
223,
140,
193,
108,
151,
155,
171,
155,
271,
114,
167,
109,
55,
153,
269,
133,
48,
71,
47,
258,
209,
140,
133,
171,
121,
44,
41,
206,
226,
299,
259,
230,
134,
283,
146,
258,
250,
171,
275,
46,
123,
41,
155,
168,
138,
285,
237,
224,
111,
221,
148,
248,
99,
174,
172,
267,
226,
272,
271,
188,
37,
270,
186,
253,
184,
159,
36,
227,
153,
319,
151,
42,
286,
262,
292,
257,
176,
269,
298,
149,
285,
54,
236,
345,
33,
125,
53,
207,
65,
281,
168,
117,
202,
291,
34,
260,
282,
116,
208,
42,
43,
221,
38,
50,
171,
47,
216,
162,
168,
167,
138,
111,
194,
36,
129,
246,
149,
301,
274,
282,
242,
294,
271,
251,
266,
264,
217,
261,
269,
107,
352,
240,
333,
247,
35,
301,
226,
151,
247,
177,
237,
292,
230,
133,
129,
119,
288,
359,
324,
279,
337,
310,
279,
295,
245,
266,
43,
213,
101,
218,
357,
235,
36,
210,
190,
124,
96,
53,
81,
232,
32,
343,
285,
253,
98,
271,
185,
204,
39,
225,
85,
231,
200,
297,
160,
154,
292,
201,
243,
261,
174,
229,
111,
276,
159,
265,
184,
191,
208,
126,
281,
184,
197,
32,
364,
193,
205,
310,
225,
289,
160,
149,
217,
254,
172,
147,
192,
109,
240,
282,
36,
174,
249,
304,
256,
395,
41,
402,
39,
223,
195,
354,
138,
225,
334,
42,
160,
284,
234,
202,
40,
300,
248,
365,
187,
263,
157,
316,
200,
320,
267,
336,
181,
322,
38,
361,
286,
218,
340,
176,
377,
217,
178,
97,
133,
39,
336,
216,
83,
333,
405,
361,
297,
40,
331,
117,
223,
246,
211,
236,
186,
378,
162,
96,
375,
159,
287,
193,
173,
379,
160,
320,
249,
287,
344,
240,
267,
282,
266,
303,
171,
271,
141,
254,
363,
373,
270,
280,
46,
214,
116,
79,
190,
41,
203,
267,
308,
73,
177,
382,
168,
127,
399,
340,
203,
39,
167,
165,
236,
71,
319,
166,
146,
43,
210,
420,
380,
214,
114,
195,
426,
192,
181,
34,
178,
267,
422,
358,
377,
258,
223,
334,
110,
96,
229,
374,
41,
383,
420,
288,
201,
186,
36,
177,
35,
36,
186,
134,
173,
389,
297,
353,
273,
331,
233,
384,
123,
343,
290,
262,
334,
286,
242,
172,
170,
407,
144,
163,
46,
234,
272,
38,
260,
159,
194,
176,
151,
386,
140,
45,
155,
195,
154,
160,
128,
450,
146,
192,
175,
210,
81,
157,
365,
420,
288,
470,
280,
81,
185,
148,
137,
392,
53,
129,
324,
147,
301,
276,
134,
317,
357,
297,
231,
304,
328,
182,
188,
320,
296,
420,
97,
198,
200,
38,
238,
289,
143,
354,
306,
370,
268,
288,
286,
304,
142,
150,
229,
360,
138,
272,
411,
209,
289,
133,
176,
299,
296,
136,
154,
266,
316,
228,
123,
371,
436,
404,
96,
202,
299,
139,
339,
214,
316,
335,
94,
322,
321,
107,
286,
139,
145,
343,
298,
131,
301,
158,
268,
67,
286,
133,
296,
231,
243,
145,
418,
274,
257,
275,
279,
306,
39,
267,
273,
266,
256,
208,
251,
242,
286,
204,
295,
256,
241,
422,
230,
167,
114,
295,
427,
250,
434,
269,
302,
137,
107,
438,
292,
154,
138,
313,
159,
278,
137,
102,
319,
194,
225,
329,
267,
299,
133,
142,
119,
167,
243,
281,
153,
342,
203,
356,
267,
49,
121,
281,
296,
331,
315,
268,
218,
330,
298,
87,
299,
500,
424,
178,
415,
316,
397,
364,
197,
101,
153,
410,
169,
101,
131,
97,
216,
115,
73,
96,
95,
131,
112,
184,
63,
415,
128,
95,
258,
91,
245,
260,
281,
249,
164,
81,
265,
496,
151,
232,
437,
230,
237,
227,
241,
331,
481,
223,
326,
215,
123,
303,
199,
133,
460,
370,
341,
213,
425,
203,
334,
197,
273,
189,
511,
202,
342,
451,
300,
126,
423,
295,
242,
268,
190,
453,
289,
162,
94,
275,
276,
282,
209,
167,
191,
281,
255,
332,
302,
230,
382,
184,
431,
279,
510,
169,
371,
243,
454,
463,
429,
381,
256,
328,
181,
448,
359,
242,
329,
205,
251,
290,
421,
115,
357,
357,
296,
167,
167,
171,
315,
250,
177,
157,
155,
232,
514,
185,
367,
237,
344,
174,
341,
323,
175,
253,
495,
508,
282,
221,
404,
216,
328,
291,
392,
273,
319,
240,
379,
532,
98,
458,
112,
262,
452,
437,
205,
489,
125,
435,
483,
366,
492,
55,
141,
499,
391,
513,
324,
37,
375,
141,
518,
425,
383,
40,
130,
263,
279,
511,
259,
325,
125,
343,
71,
337,
232,
323,
310,
132,
395,
488,
95,
232,
558,
112,
324,
236,
228,
184,
255,
291,
119,
436,
200,
401,
343,
320,
362,
477,
284,
356,
262,
472,
247,
310,
555,
319,
45,
451,
226,
428,
315,
256,
254,
374,
285,
218,
271,
204,
428,
238,
195,
329,
111,
332,
47,
210,
54,
342,
346,
109,
310,
224,
305,
43,
128,
207,
202,
288,
237,
232,
236,
229,
231,
38,
201,
261,
204,
298,
196,
232,
216,
238,
573,
303,
209,
409,
132,
264,
331,
326,
205,
360,
216,
135,
516,
105,
314,
225,
431,
315,
162,
252,
368,
342,
199,
153,
207,
462,
131,
200,
212,
379,
315,
115,
111,
261,
353,
117,
323,
121,
168,
170,
408,
458,
178,
368,
137,
131,
137,
99,
297,
385,
386,
340,
428,
369,
155,
298,
417,
205,
222,
198,
185,
164,
152,
240,
313,
220,
298,
189,
156,
418,
375,
551,
119,
506,
311,
258,
537,
295,
516,
289,
352,
361,
473,
183,
551,
350,
43,
278,
517,
135,
537,
49,
398,
44,
326,
330,
506,
164,
334,
163,
154,
254,
141,
390,
205,
148,
203,
236,
235,
112,
135,
353,
295,
39,
200,
119,
131,
141,
233,
343,
136,
179,
387,
351,
516,
272,
140,
166,
115,
140,
494,
245,
478,
40,
242,
120,
318,
264,
88,
318,
518,
349,
303,
465,
95,
365,
95,
295,
366,
107,
363,
359,
192,
422,
140,
316,
281,
236,
80,
139,
432,
570,
506,
164,
388,
301,
316,
140,
336,
364,
340,
402,
496,
238,
509,
500,
479,
114,
604,
165,
298,
478,
297,
133,
303,
437,
308,
305,
103,
508,
93,
336,
313,
502,
94,
438,
73,
258,
496,
281,
43,
203,
512,
104,
424,
245,
210,
327,
276,
131,
271,
154,
455,
266,
343,
169,
302,
420,
370,
405,
369,
259,
197,
418,
88,
293,
89,
316,
462,
47,
342,
52,
127,
492,
589,
380,
124,
187,
301,
115,
367,
323,
384,
154,
213,
367,
507,
359,
383,
127,
105,
155,
496,
141,
69,
381,
369,
36,
70,
247,
331,
271,
101,
272,
360,
331,
163,
40,
113,
55,
73,
379,
161,
82,
133,
252,
111,
215,
132,
45,
130,
143,
306,
358,
83,
473,
476,
107,
398,
180,
426,
442,
519,
106,
297,
412,
247,
258,
403,
81,
405,
79,
323,
187,
533,
315,
244,
286,
290,
45,
434,
44,
406,
374,
337,
380,
80,
387,
317,
414,
647,
309,
89,
349,
379,
270,
550,
85,
87,
315,
203,
94,
351,
573,
324,
386,
163,
40,
43,
337,
319,
278,
42,
351,
347,
393,
417,
157,
230,
287,
459,
274,
237,
500,
383,
310,
417,
464,
408,
506,
461,
546,
575,
402,
432,
44,
399,
145,
384,
605,
344,
129,
82,
570,
637,
116,
368,
417,
371,
349,
529,
326,
423,
526,
112,
363,
507,
425,
461,
109,
416,
105,
92,
346,
606,
295,
357,
338,
367,
368,
306,
103,
415,
330,
413,
40,
268,
145,
131,
436,
592,
154,
159,
331,
279,
520,
119,
128,
110,
360,
129,
429,
442,
79,
340,
82,
416,
278,
411,
351,
129,
577,
386,
383,
113,
526,
308,
216,
593,
354,
424,
41,
77,
309,
350,
53,
142,
91,
137,
44,
42,
428,
142,
126,
43,
76,
744,
411,
112,
405,
41,
42,
801,
344,
113,
121,
610,
120,
101,
432,
95,
46,
364,
411,
421,
465,
411,
380,
251,
351,
405,
630,
373,
420,
303,
123,
383,
381,
126,
116,
606,
224,
220,
565,
394,
112,
218,
106,
445,
447,
199,
293,
218,
638,
73,
216,
370,
505,
475,
709,
587,
377,
80,
350,
567,
411,
368,
445,
46,
376,
412,
316,
311,
574,
709,
358,
452,
265,
296,
317,
316,
335,
616,
623,
269,
170,
289,
115,
76,
377,
379,
325,
76,
359,
149,
429,
432,
147,
359,
308,
539,
39,
327,
693,
268,
144,
143,
291,
293,
461,
655,
409,
425,
140,
367,
400,
599,
606,
139,
436,
236,
343,
271,
132,
571,
136,
39,
274,
235,
262,
510,
489,
677,
132,
400,
252,
39,
175,
594,
459,
540,
128,
683,
124,
630,
563,
654,
40,
402,
44,
81,
314,
696,
120,
279,
308,
411,
119,
304,
665,
539,
290,
79,
331,
76,
428,
442,
347,
339,
112,
307,
42,
63,
470,
85,
377,
113,
634,
52,
79,
355,
550,
390,
83,
377,
591,
623,
76,
130,
582,
299,
300,
610,
457,
195,
566,
258,
457,
472,
164,
879,
291,
502,
139,
158,
82,
338,
733,
609,
731,
42,
641,
616,
41,
518,
871,
459,
465,
553,
75,
651,
512,
136,
464,
247,
165,
231,
90,
115,
314,
261,
112,
103,
246,
123,
451,
87,
110,
633,
46,
102,
86,
48,
107,
365,
77,
229,
239,
70,
249,
206,
658,
505,
520,
352,
645,
492,
531,
79,
542,
891,
446,
217,
264,
185,
881,
160,
261,
64,
568,
469,
253,
472,
886,
488,
461,
138,
869,
167,
487,
81,
456,
460,
449,
49,
89,
880,
86,
730,
867,
533,
163,
430,
622,
153,
463,
540,
410,
492,
73,
128,
123,
595,
312,
565,
458,
515,
71,
398,
78,
391,
40,
584,
77,
598,
378,
279,
474,
47,
44,
246,
76,
191,
471,
352,
458,
47,
374,
334,
118,
742,
75,
607,
74,
439,
375,
474,
359,
127,
623,
694,
269,
167,
361,
312,
107,
115,
614,
44,
137,
115,
146,
79,
474,
411,
410,
109,
793,
631,
447,
332,
357,
42,
102,
406,
429,
353,
165,
597,
631,
130,
575,
373,
340,
365,
327,
307,
355,
587,
155,
324,
327,
693,
527,
142,
512,
253,
301,
316,
296,
379,
88,
101,
45,
502,
685,
44,
385,
283,
460,
401,
631,
357,
92,
322,
512,
41,
916,
114,
355,
246,
505,
318,
369,
708,
142,
275,
101,
898,
233,
350,
385,
887,
510,
358,
702,
292,
882,
211,
357,
121,
340,
83,
569,
421,
94,
529,
126,
432,
270,
430,
142,
541,
119,
364,
100,
475,
87,
158,
121,
123,
896,
317,
531,
292,
396,
535,
162,
46,
41,
175,
193,
546,
127,
736,
864,
319,
565,
593,
234,
724,
140,
365,
332,
890,
156,
857,
364,
143,
389,
419,
154,
362,
140,
343,
321,
330,
554,
386,
662,
315,
44,
620,
536,
334,
251,
329,
523,
371,
250,
244,
102,
540,
725,
243,
566,
729,
521,
123,
507,
541,
602,
117,
950,
590,
145,
116,
135,
320,
447,
129,
115,
458,
45,
953,
44,
119,
735,
602,
119,
144,
342,
822,
313,
753,
595,
573,
735,
321,
513,
771,
414,
801,
530,
880,
355,
891,
575,
444,
713,
668,
74,
40,
113,
440,
463,
38,
107,
372,
517,
701,
310,
405,
303,
130,
597,
766,
310,
942,
169,
318,
100,
165,
41,
490,
169,
890,
81,
114,
72,
890,
113,
42,
41,
45,
508,
386,
470,
344,
45,
99,
641,
382,
156,
488,
156,
163,
153,
391,
108,
151,
405,
359,
144,
150,
46,
588,
612,
287,
185,
297,
104,
386,
152,
48,
571,
273,
262,
201,
265,
164,
727,
79,
142,
278,
214,
274,
115,
321,
178,
557,
570,
303,
139,
344,
279,
436,
539,
758,
194,
226,
343,
841,
167,
287,
146,
237,
330,
478,
152,
165,
692,
234,
161,
146,
117,
95,
86,
158,
154,
789,
248,
335,
155,
265,
114,
96,
430,
404,
513,
224,
311,
401,
467,
482,
436,
135,
161,
156,
181,
485,
122,
147,
799,
297,
145,
587,
873,
605,
591,
162,
129,
324,
285,
270,
138,
776,
563,
569,
109,
264,
81,
106,
212,
489,
126,
297,
262,
575,
102,
100,
100,
148,
116,
207,
216,
270,
214,
957,
553,
269,
565,
513,
799,
144,
85,
520,
191,
535,
525,
810,
101,
968,
101,
259,
256,
100,
263,
525,
77,
152,
267,
295,
79,
179,
506,
544,
583,
258,
148,
86,
296,
204,
257,
158,
380,
510,
108,
375,
261,
922,
297,
223,
482,
288,
866,
600,
626,
502,
265,
530,
600,
108,
147,
1001,
106,
104,
130,
325,
564,
70,
295,
97,
855,
469,
849,
71,
621,
520,
61,
889,
252,
944,
274,
241,
281,
226,
236,
268,
281,
812,
251,
1016,
776,
44,
928,
511,
534,
84,
130,
98,
77,
517,
221,
263,
130,
1058,
134,
391,
167,
134,
444,
562,
550,
131,
94,
161,
167,
776,
576,
122,
46,
49,
476,
850,
172,
345,
124,
41,
477,
338,
108,
120,
129,
129,
325,
211,
101,
479,
119,
39,
651,
439,
482,
471,
74,
962,
467,
325,
729,
447,
299,
259,
269,
267,
854,
602,
274,
32,
573,
41,
262,
326,
357,
300,
52,
76,
34,
835,
92,
324,
103,
75,
138,
227,
328,
164,
451,
172,
40,
111,
126,
445,
325,
291,
166,
108,
44,
44,
444,
671,
1083,
351,
345,
493,
614,
106,
86,
406,
78,
398,
726,
930,
608,
229,
902,
129,
264,
336,
919,
135,
225,
567,
234,
244,
191,
437,
622,
417,
41,
229,
102,
251,
467,
221,
153,
168,
427,
201,
153,
462,
117,
415,
111,
261,
139,
115,
256,
1024,
132,
270,
949,
910,
129,
113,
112,
94,
177,
801,
840,
1072,
62,
281,
403,
189,
620,
1043,
376,
567,
105,
300,
1019,
427,
879,
609,
358,
80,
399,
112,
295,
176,
435,
405,
267,
284,
913,
373,
620,
294,
35,
333,
514,
364,
941,
441,
648,
184,
275,
205,
264,
999,
273,
640,
901,
663,
67,
999,
595,
607,
239,
460,
236,
590,
439,
580,
801,
434,
345,
228,
559,
44,
43,
909,
41,
752,
120,
140,
189,
89,
87,
1128,
161,
92,
223,
119,
822,
222,
749,
668,
88,
555,
146,
79,
893,
473,
37,
576,
864,
77,
522,
685,
289,
180,
351,
595,
434,
553,
426,
40,
77,
97,
405,
249,
1084,
849,
437,
620,
158,
452,
205,
1017,
241,
200,
421,
415,
581,
1005,
372,
170,
190,
213,
139,
348,
58,
954,
448,
140,
209,
74,
960,
111,
636,
957,
430,
75,
669,
34,
428,
230,
357,
257,
168,
120,
971,
654,
231,
391,
637,
324,
43,
282,
325,
317,
207,
81,
33,
113,
568,
382,
490,
118,
104,
693,
149,
36,
495,
370,
339,
377,
972,
981,
229,
137,
437,
37,
547,
519,
411,
365,
221,
240,
325,
339,
355,
94,
315,
332,
275,
236,
617,
81,
521,
268,
662,
429,
341,
669,
611,
656,
36,
315,
541,
316,
213,
529,
636,
165,
489,
295,
250,
326,
275,
211,
187,
157,
584,
620,
1007,
78,
322,
360,
614,
648,
759,
511,
851,
99,
36,
333,
842,
271,
1027,
96,
133,
658,
99,
96,
1054,
1132,
182,
181,
176,
186,
443,
95,
443,
469,
177,
176,
76,
481,
90,
94,
973,
420,
1045,
420,
90,
153,
167,
1044,
89,
81,
1076,
622,
1114,
649,
126,
40,
668,
660,
573,
650,
556,
577,
561,
235,
813,
415,
516,
426,
42,
79,
62,
53,
500,
52,
50,
192,
184,
48,
214,
667,
160,
480,
480,
481,
490,
441,
383,
460,
435,
527,
1049,
42,
52,
977,
934,
52,
1252,
777,
51,
106,
975,
792,
808,
50,
1128,
745,
50,
809,
714,
955,
49,
486,
458,
1173,
424,
766,
1117,
893,
40,
176,
36,
213,
1030,
408,
364,
428,
563,
221,
425,
1312,
103,
213,
1056,
193,
220,
189,
378,
204,
418,
1036,
200,
477,
192,
401,
418,
502,
721,
134,
382,
209,
627,
190,
149,
323,
168,
336,
417,
139,
453,
376,
334,
260,
310,
1189,
1133,
157,
398,
337,
1173,
387,
394,
349,
347,
325,
145,
990,
557,
337,
142,
446,
435,
345,
150,
314,
392,
113,
1081,
361,
721,
1324,
36,
79,
339,
333,
360,
200,
286,
984,
1250,
380,
282,
1223,
1218,
369,
216,
490,
1006,
1098,
285,
342,
391,
186,
555,
204,
1209,
565,
197,
710,
339,
373,
80,
1190,
90,
1208,
1021,
1220,
476,
264,
1182,
248,
1178,
1298,
89,
552,
1366,
40,
87,
1293,
98,
86,
671,
84,
649,
667,
581,
88,
379,
84,
41,
87,
86,
45,
41,
325,
1181,
236,
137,
297,
40,
1176,
282,
221,
218,
266,
140,
178,
1112,
243,
929,
345,
78,
308,
175,
391,
549,
216,
334,
295,
1192,
77,
374,
152,
44,
746,
556,
1143,
115,
770,
437,
611,
1049,
215,
220,
82,
74,
718,
1043,
327,
38,
1371,
1265,
569,
105,
74,
1053,
1033,
71,
1065,
512,
1033,
70,
41,
1096,
1076,
1078,
126,
913,
248,
41,
392,
148,
617,
1265,
750,
1044,
249,
1247,
750,
1340,
44,
487,
270,
285,
41,
739,
310,
146,
1239,
1292,
1402,
1301,
140,
789,
316,
501,
1080,
494,
196,
43,
431,
289,
301,
767,
224,
212,
117,
38,
1203,
117,
763,
712,
624,
70,
774,
762,
295,
307,
188,
103,
424,
83,
618,
117,
39,
599,
785,
81,
451,
117,
37,
1066,
80,
112,
1060,
85,
115,
278,
210,
39,
273,
358,
96,
45,
42,
450,
91,
41,
798,
189,
604,
80,
270,
445,
253,
528,
261,
524,
207,
78,
638,
1296,
168,
626,
84,
1523,
78,
49,
1490,
78,
44,
273,
1403,
995,
982,
605,
43,
443,
70,
643,
601,
579,
269,
383,
956,
1313,
749,
568,
235,
521,
1052,
216,
247,
1000,
933,
975,
237,
222,
229,
959,
1056,
1008,
390,
791,
90,
739,
730,
615,
782,
625,
761,
1142,
235,
370,
1043,
955,
369,
704,
799,
555,
1375,
645,
1262,
613,
645,
1429,
253,
296,
1110,
295,
80,
1075,
1131,
99,
329,
245,
1157,
1372,
807,
967,
88,
857,
330,
369,
257,
236,
1436,
124,
127,
567,
1412,
299,
1093,
555,
1469,
315,
1215,
72,
665,
282,
280,
601,
1178,
1010,
298,
270,
1172,
755,
362,
833,
252,
410,
1178,
281,
1211,
244,
423,
248,
194,
506,
1396,
198,
424,
677,
1051,
285,
292,
284,
255,
733,
866,
1370,
226,
157,
1099,
970,
1093,
861,
1093,
667,
137,
584,
128,
1423,
780,
145,
725,
1023,
915,
125,
703,
713,
538,
591,
119,
696,
117,
330,
208,
1436,
1011,
88,
748,
1199,
721,
1311,
1193,
1501,
912,
985,
1595,
343,
330,
1338,
157,
632,
1249,
819,
81,
713,
1097,
1114,
182,
1456,
348,
61,
173,
85,
70,
104,
985,
79,
705,
185,
26,
213,
703,
182,
1506,
187,
31,
743,
179,
298,
448,
38,
338,
818,
612,
338,
259,
279,
79,
1506,
268,
1274,
681,
882,
1301,
1232,
354,
322,
601,
989,
316,
1276,
387,
1599,
285,
1401,
1484,
1187,
772,
1234,
1384,
760,
1370,
713,
263,
795,
231,
1603,
1558,
220,
25,
120,
267,
124,
226,
1603,
1582,
1291,
105,
1655,
628,
1060,
1583,
1375,
1388,
102,
416,
1301,
1294,
1741,
744,
197,
600,
487,
1084,
1674,
198,
414,
624,
990,
1299,
672,
596,
195,
72,
458,
1012,
737,
698,
1296,
1279,
1485,
232,
1523,
38,
108,
624,
354,
230,
108,
229,
1292,
229,
1524,
1304,
188,
52,
223,
1451,
1612,
223,
439,
351,
639,
88,
189,
417,
1599,
1525,
1333,
169,
164,
492,
181,
1291,
1244,
180,
1514,
1327,
588,
1049,
1243,
1174,
1248,
459,
1446,
1664,
590,
1080,
1497,
1490,
884,
561,
897,
78,
801,
96,
1271,
185,
888,
1266,
95,
267,
1353,
30,
818,
89,
430,
85,
965,
1356,
225,
1048,
477,
804,
88,
546,
1509,
623,
804,
619,
592,
510,
1582,
377,
484,
634,
384,
467,
1276,
1179,
361,
584,
376,
79,
95,
351,
580,
347,
1098,
1273,
358,
373,
451,
1598,
1658,
1629,
80,
410,
379,
303,
314,
356,
352,
327,
390,
329,
293,
429,
1237,
321,
327,
79,
144,
336,
142,
477,
775,
470,
400,
170,
362,
313,
89,
125,
800,
80,
1065,
534,
518,
1013,
364,
147,
732,
83,
485,
516,
149,
93,
356,
1122,
350,
1096,
1017,
422,
417,
306,
839,
329,
800,
320,
294,
874,
783,
283,
281,
793,
268,
267,
1524,
293,
118,
106,
275,
105,
57,
252,
457,
107,
107,
209,
256,
329,
103,
1438,
1316,
82,
102,
1311,
138,
1388,
97,
84,
1065,
1590,
135,
1577,
1263,
956,
283,
761,
133,
837,
130,
320,
236,
291,
285,
790,
130,
128,
704,
770,
868,
946,
1514,
51,
1320,
1463,
1493,
1210,
130,
129,
799,
352,
1462,
126,
1197,
126,
590,
747,
255,
126,
858,
736,
654,
116,
888,
930,
901,
875,
239,
843,
269,
952,
118,
305,
265,
120,
1747,
118,
218,
841,
107,
106,
104,
274,
837,
974,
818,
570,
629,
85,
93,
900,
279,
342,
273,
48,
625,
634,
144,
213,
217,
1643,
1816,
1279,
235,
219,
212,
227,
141,
109,
208,
1208,
208,
1393,
206,
510,
308,
54,
74,
318,
312,
121,
319,
1410,
77,
802,
75,
60,
250,
785,
1658,
54,
1635,
1813,
560,
442,
1714,
1501,
1900,
1731,
579,
1588,
49,
1406,
48,
1289,
1593,
451,
1512,
1599,
48,
217,
1598,
1913,
45,
346,
1772,
44,
44,
1424,
105,
354,
1719,
1732,
44,
429,
1416,
104,
1680,
1678,
1876,
1170,
1814,
103,
1813,
712,
1676,
1661,
94,
1668,
92,
633,
1874,
750,
1901,
449,
441,
1373,
434,
429,
443,
1413,
101,
912,
971,
341,
77,
88,
247,
1881,
905,
76,
1850,
82,
1712,
1906,
81,
182,
181,
75,
156,
231,
298,
1761,
1404,
288,
1077,
272,
1739,
86,
1258,
1665,
910,
831,
1429,
914,
1634,
922,
845,
94,
734,
907,
849,
970,
1236,
92,
1011,
1210,
897,
88,
1049,
1728,
1289,
198,
1012,
1939,
191,
1895,
108,
1971,
27,
1034,
1664,
1407,
837,
298,
1624,
343,
206,
209,
781,
763,
1799,
205,
740,
337,
319,
765,
123,
810,
886,
806,
281,
197,
941,
798,
846,
853,
1370,
109,
809,
97,
811,
728,
1156,
162,
1401,
846,
161,
41,
113,
42,
1026,
1511,
813,
343,
760,
627,
111,
767,
1334,
802,
1187,
1907,
830,
109,
707,
108,
510,
65,
1181,
491,
108,
1343,
104,
93,
181,
92,
308,
472,
936,
123,
91,
309,
1030,
101,
164,
323,
77,
1591,
315,
972,
1050,
100,
267,
128,
1009,
99,
830,
861,
1351,
961,
1070,
311,
309,
96,
764,
307,
1055,
774,
264,
256,
96,
758,
761,
254,
769,
246,
72,
238,
236,
251,
234,
1148,
246,
67,
739,
1369,
66,
97,
1011,
741,
881,
995,
182,
275,
102,
92,
734,
781,
150,
65,
1806,
734,
865,
783,
104,
781,
87,
1729,
800,
60,
138,
1487,
1275,
827,
1168,
889,
200,
1146,
897,
918,
708,
950,
56,
1621,
690,
849,
778,
629,
85,
522,
627,
71,
786,
796,
267,
1774,
86,
36,
737,
64,
132,
736,
53,
526,
820,
441,
879,
727,
1214,
846,
1225,
762,
802,
138,
1663,
879,
1392,
1368,
1483,
95,
783,
774,
135,
789,
105,
730,
399,
1297,
716,
782,
722,
772,
734,
724,
2183,
817,
264,
1292,
563,
718,
759,
259,
755,
284,
1540,
1392,
272,
266,
571,
821,
783,
78,
731,
224,
699,
725,
611,
1184,
625,
822,
893,
486,
1312,
687,
455,
740,
756,
417,
209,
515,
1185,
201,
256,
2076,
272,
263,
1443,
110,
939,
1455,
194,
1347,
111,
123,
1024,
904,
109,
368,
372,
1821,
142,
86,
115,
805,
2075,
351,
115,
2084,
1140,
111,
1074,
734,
112,
739,
89,
782,
87,
736,
1940,
108,
1141,
756,
301,
629,
1704,
1716,
543,
745,
734,
2186,
547,
493,
573,
953,
702,
291,
1125,
1082,
289,
234,
155,
1343,
506,
1888,
329,
1939,
117,
1882,
1579,
1904,
287,
1880,
1619,
2054,
1660,
1614,
803,
1524,
302,
1476,
286,
79,
167,
263,
159,
80,
84,
279,
166,
1805,
278,
86,
73,
1494,
67,
33,
41,
1237,
2120,
1242,
1952,
86,
127,
2098,
57,
2037,
121,
2084,
2311,
101,
44,
1882,
1484,
2050,
1411,
1455,
1988,
2174,
1384,
1504,
1429,
2018,
2179,
292,
1461,
2011,
1218,
1819,
2011,
975,
2009,
470,
1623,
2006,
1478,
1241,
1210,
2073,
748,
92,
86,
1942,
80,
178,
2014,
306,
1887,
1899,
1895,
1887,
1598,
272,
1477,
340,
94,
313,
2342,
183,
1713,
40,
2355,
314,
91,
478,
186,
185,
180,
177,
1566,
291,
284,
2207,
270,
69,
276,
84,
803,
1131,
32,
942,
791,
1289,
735,
313,
756,
249,
1109,
288,
379,
2051,
2295,
2229,
1198,
1185,
202,
759,
119,
619,
137,
334,
295,
102,
98,
916,
899,
891,
895,
880,
947,
95,
860,
1613,
1200,
858,
1607,
39,
25,
1683,
85,
91,
1552,
32,
2033,
269,
212,
371,
335,
173,
311,
158,
77,
157,
1900,
1955,
155,
2005,
235,
1616,
1527,
85,
955,
1552,
173,
1206,
1101,
1214,
1225,
2100,
1462,
1210,
1923,
1559,
2104,
1118,
178,
122,
1517,
1498,
932,
938,
924,
1143,
379,
384,
379,
376,
370,
362,
1580,
358,
777,
97,
1416,
150,
1487,
129,
380,
927,
867,
368,
1936,
381,
1265,
124,
334,
343,
44,
367,
95,
354,
867,
638,
148,
145,
626,
1709,
108,
101,
1445,
1676,
845,
298,
91,
371,
367,
26,
2067,
32,
87,
645,
1347,
43,
372,
459,
882,
1330,
2512,
301,
312,
215,
74,
301,
1506,
2404,
1269,
1309,
848,
1647,
1578,
128,
123,
156,
2403,
219,
2488,
915,
487,
208,
920,
201,
418,
2154,
907,
418,
917,
23,
413,
411,
2024,
417,
23,
1241,
1832,
25,
1699,
922,
29,
1117,
1799,
1914,
36,
1537,
1570,
1515,
853,
377,
1103,
1289,
1535,
100,
383,
2295,
95,
94,
626,
1315,
2103,
112,
1699,
1468,
96,
445,
232,
841,
78,
1558,
87,
193,
418,
948,
423,
419,
913,
1428,
856,
910,
907,
914,
872,
2146,
907,
900,
904,
889,
301,
1098,
2070,
1402,
1530,
826,
1148,
74,
1121,
31,
39,
871,
806,
823,
491,
821,
1532,
504,
725,
213,
539,
685,
1162,
205,
1695,
148,
1163,
1215,
1625,
148,
592,
502,
1887,
1651,
1504,
1490,
396,
130,
1057,
2290,
1636,
80,
1056,
2226,
1235,
1493,
2479,
132,
470,
115,
1793,
34,
1839,
872,
1950,
1408,
163,
842,
2320,
363,
856,
767,
136,
121,
1034,
112,
119,
1084,
82,
2296,
35,
1079,
1981,
1296,
1507,
1075,
1070,
143,
142,
1069,
1819,
1519,
1753,
774,
772,
764,
1832,
142,
1047,
2223,
141,
30,
2272,
124,
1047,
103,
105,
1439,
113,
1731,
2153,
2636,
71,
102,
97,
793,
77,
847,
1322,
98,
1644,
34,
84,
1788,
110,
778,
1323,
1558,
72,
2310,
1078,
2325,
93,
694,
1235,
2355,
1262,
145,
832,
879,
1405,
965,
642,
939,
311,
822,
1538,
914,
802,
37,
1915,
767,
1490,
318,
1421,
1502,
502,
119,
1373,
499,
441,
493,
1085,
676,
491,
116,
133,
1376,
490,
489,
1129,
1501,
1521,
1495,
1433,
2785,
67,
1131,
832,
119,
111,
301,
95,
1825,
1933,
1372,
620,
88,
1329,
1816,
87,
1419,
2467,
80,
1350,
802,
2207,
841,
135,
796,
766,
2671,
1551,
1071,
1875,
1762,
1498,
43,
1775,
130,
2347,
2688,
1451,
2716,
105,
2654,
1967,
103,
1453,
158,
2218,
778,
99,
1558,
1454,
307,
299,
762,
1934,
1557,
1811,
2214,
1604,
985,
83,
575,
89,
2032,
634,
1578,
1472,
1817,
2473,
553,
1475,
510,
2386,
984,
2597,
1472,
2440,
553,
636,
538,
2379,
2438,
285,
280,
44,
46,
44,
32,
24,
219,
765,
1577,
25,
207,
534,
1544,
2730,
1630,
705,
2833,
1170,
2770,
788,
1757,
569,
2215,
525,
779,
512,
947,
814,
1753,
1452,
1514,
1428,
807,
1063,
1270,
790,
555,
548,
2536,
1918,
617,
120,
543,
107,
494,
105,
1865,
57,
816,
752,
1154,
104,
2885,
1149,
2385,
605,
2150,
385,
1320,
93,
377,
936,
2797,
105,
2643,
2023,
96,
104,
95,
99,
99,
1678,
2712,
1539,
1648,
90,
1556,
322,
97,
1005,
1226,
2695,
1138,
538,
1431,
1563,
1482,
458,
1307,
52,
700,
444,
1864,
1288,
1707,
541,
89,
441,
449,
1758,
427,
1389,
456,
2761,
1372,
432,
1892,
2968,
436,
1194,
1932,
76,
1169,
1158,
1278,
1166,
679,
433,
1453,
2611,
357,
420,
382,
1387,
1348,
1712,
1584,
1484,
74,
1345,
1711,
363,
1492,
76,
1362,
1355,
826,
1347,
416,
433,
823,
345,
1441,
1127,
2501,
1719,
365,
338,
823,
354,
1345,
1351,
338,
465,
1136,
1140,
732,
334,
1340,
720,
1347,
1006,
332,
328,
814,
326,
1329,
321,
2002,
282,
325,
50,
314,
320,
357,
309,
267,
1387,
1439,
292,
69,
1092,
160,
77,
138,
1372,
2470,
257,
160,
1349,
1845,
33,
264,
156,
155,
1349,
1316,
353,
858,
1725,
1357,
2409,
1309,
1294,
303,
379,
152,
609,
451,
1088,
495,
363,
1064,
1013,
1075,
1760,
112,
427,
240,
1312,
733,
619,
302,
296,
2819,
1171,
227,
1297,
1105,
425,
2855,
719,
1070,
84,
1305,
1157,
1006,
1084,
1252,
294,
1066,
1534,
686,
1139,
1122,
277,
107,
1476,
272,
2887,
2858,
258,
2853,
2967,
244,
241,
2821,
1260,
776,
998,
771,
321,
1302,
1351,
921,
1314,
2834,
758,
117,
114,
2082,
100,
1031,
751,
119,
1080,
1067,
113,
330,
1030,
762,
796,
135,
1030,
1028,
75,
1033,
110,
299,
109,
1032,
108,
18,
2990,
3212,
1638,
1774,
89,
1743,
1650,
53,
1060,
1745,
1673,
463,
91,
381,
468,
739,
345,
79,
2404,
1255,
438,
797,
77,
424,
73,
1304,
1310,
1317,
72,
1301,
3051,
1281,
2532,
400,
66,
1008,
2100,
2114,
80,
163,
95,
1311,
1268,
1261,
61,
62,
1762,
91,
1304,
1292,
1741,
119,
83,
1301,
25,
92,
83,
87,
75,
2687,
85,
40,
40,
1120,
1184,
1080,
730,
521,
1181,
823,
1186,
1448,
133,
1197,
375,
1129,
2711,
673,
591,
1686,
1095,
1337,
1190,
2701,
95,
1802,
2159,
126,
1030,
82,
1022,
994,
991,
970,
961,
82,
955,
906,
896,
2039,
887,
883,
2097,
84,
1260,
2029,
1150,
989,
861,
849,
949,
847,
1020,
68,
1799,
3142,
1730,
1411,
1161,
367,
2155,
368,
1196,
358,
2218,
347,
389,
706,
84,
319,
336,
328,
85,
360,
1491,
91,
1345,
334,
76,
1312,
2487,
959,
1366,
379,
2069,
1316,
3072,
23,
75,
350,
30,
104,
1486,
1702,
1315,
2621,
1734,
525,
334,
1357,
526,
1416,
1355,
1821,
1815,
2221,
110,
134,
753,
1802,
2781,
932,
697,
335,
97,
929,
333,
1409,
102,
329,
917,
98,
349,
334,
881,
2598,
1104,
306,
1127,
3130,
1351,
3185,
33,
2186,
45,
2794,
216,
1357,
2812,
1388,
1344,
1714,
776,
23,
854,
631,
837,
2805,
2963,
622,
1390,
1355,
692,
858,
630,
1368,
116,
2139,
1981,
136,
103,
306,
1605,
92,
107,
491,
3077,
3126,
1395,
1844,
1404,
79,
412,
99,
13,
42,
240,
1665,
1706,
239,
44,
43,
1387,
1397,
636,
240,
1418,
77,
237,
2718,
1380,
237,
564,
236,
1360,
138,
650,
608,
3125,
583,
1388,
118,
503,
563,
1386,
490,
574,
548,
482,
552,
106,
91,
478,
876,
463,
441,
889,
2383,
3123,
84,
750,
800,
1407,
795,
3052,
78,
899,
1005,
533,
80,
1673,
1899,
75,
63,
1492,
2111,
99,
530,
1500,
1839,
1131,
3344,
3325,
469,
2553,
1090,
1919,
573,
1898,
2333,
2676,
1244,
425,
1081,
1939,
1040,
51,
1790,
44,
1976,
2245,
1693,
1152,
55,
1647,
2366,
3311,
433,
3104,
422,
407,
1678,
421,
1349,
42,
417,
1401,
1797,
377,
1738,
780,
1986,
1607,
1250,
1569,
210,
95,
2118,
48,
1518,
192,
209,
2196,
207,
1827,
771,
2078,
596,
2012,
1368,
1364,
1306,
239,
35,
1344,
2160,
1137,
1741,
2760,
37,
2760,
1465,
1356,
1359,
2133,
1669,
1307,
484,
2020,
736,
574,
2272,
3353,
133,
50,
600,
127,
481,
104,
42,
3324,
1388,
1374,
101,
1367,
1853,
172,
504,
2902,
1365,
91,
999,
36,
1877,
1351,
1148,
502,
561,
1469,
145,
2808,
2932,
144,
42,
2918,
1370,
1351,
119,
2878,
287,
1170,
196,
1352,
440,
493,
506,
2894,
829,
661,
441,
829,
2945,
821,
505,
670,
3316,
1585,
781,
3048,
1135,
1807,
86,
304,
2439,
3424,
2450,
493,
451,
465,
267,
237,
133,
131,
779,
47,
130,
620,
453,
129,
1363,
77,
85,
301,
2523,
2277,
282,
129,
1395,
41,
2751,
87,
2613,
2923,
1802,
1791,
664,
805,
283,
809,
812,
454,
1761,
30,
658,
3495,
1341,
1179,
92,
1324,
88,
1404,
1670,
87,
831,
38,
49,
592,
1403,
2664,
830,
1732,
846,
266,
1093,
538,
77,
750,
2411,
1239,
449,
432,
425,
1393,
492,
2561,
117,
419,
714,
1477,
78,
513,
77,
695,
1204,
78,
1827,
848,
792,
132,
77,
796,
2171,
650,
1087,
3012,
771,
681,
1269,
757,
98,
780,
2097,
1148,
134,
1786,
561,
565,
1235,
524,
134,
64,
523,
1270,
2327,
85,
547,
533,
135,
632,
1167,
1256,
93,
525,
1267,
64,
3361,
527,
632,
81,
1243,
1736,
536,
74,
60,
245,
706,
543,
1179,
39,
3094,
60,
53,
22,
2991,
1250,
305,
697,
2440,
687,
688,
702,
2337,
3256,
712,
2220,
2218,
548,
2216,
270,
2214,
3227,
1210,
42,
1883,
42,
1271,
535,
2523,
3400,
56,
1232,
3013,
69,
165,
191,
1156,
1295,
378,
136,
96,
1090,
36,
161,
1134,
91,
96,
147,
2237,
92,
2006,
132,
1087,
2191,
97,
134,
91,
2634,
2904,
945,
91,
1217,
3392,
3564,
88,
1860,
66,
70,
714,
1387,
87,
1527,
3460,
1023,
86,
377,
1198,
1730,
264,
1026,
44,
116,
487,
87,
86,
86,
1485,
83,
37,
1228,
2082,
97,
3384,
2626,
825,
1441,
81,
137,
1410,
1208,
2907,
3014,
3508,
3474,
129,
3366,
2605,
3201,
1368,
3000,
142,
124,
1162,
1166,
1778,
1350,
3055,
123,
2854,
782,
2889,
108,
619,
2553,
3460,
3180,
100,
91,
543,
1467,
95,
93,
100,
1058,
63,
36,
66,
1769,
1843,
575,
895,
34,
1735,
1772,
575,
73,
3507,
684,
914,
3059,
679,
1882,
691,
25,
542,
1037,
2126,
1196,
669,
76,
2230,
819,
2135,
555,
721,
3464,
1198,
3367,
2116,
545,
1911,
777,
37,
2050,
398,
2155,
517,
3082,
1077,
444,
1102,
23,
1532,
399,
1031,
692,
1099,
2129,
331,
137,
1533,
408,
284,
1694,
408,
415,
34,
2396,
403,
29,
1903,
23,
1098,
25,
1103,
1623,
479,
1620,
1553,
738,
1627,
1551,
1045,
1537,
1615,
3324,
326,
1642,
1620,
1552,
3556,
1881,
2746,
701,
1538,
1516,
1523,
1535,
1551,
1845,
1152,
1886,
1532,
3144,
1520,
714,
1835,
648,
1516,
32,
1795,
402,
129,
1540,
328,
123,
1077,
40,
859,
428,
39,
459,
748,
519,
870,
37,
35,
1043,
3441,
859,
44,
850,
1081,
44,
44,
2573,
44,
704,
1555,
702,
452,
44,
44,
42,
753,
37,
942,
1131,
948,
45,
40,
1532,
152,
38,
1007,
1119,
1769,
2939,
37,
1116,
113,
1488,
1115,
1481,
1293,
944,
45,
135,
1549,
338,
3319,
2301,
1683,
3522,
761,
339,
87,
347,
767,
1259,
1566,
1798,
1604,
760,
633,
1602,
149,
779,
819,
3332,
843,
2518,
879,
906,
149,
2251,
1014,
546,
643,
918,
888,
2500,
2341,
2435,
36,
2380,
2358,
146,
183,
219,
157,
97,
1506,
3318,
22,
1693,
382,
3166,
2182,
131,
3781,
3760,
2208,
2282,
3770,
168,
84,
166,
510,
91,
166,
468,
301,
163,
1131,
162,
3327,
154,
3226,
2702,
988,
2541,
1008,
913,
3070,
3083,
93,
977,
664,
723,
1136,
1040,
764,
2395,
1151,
94,
969,
1965,
911,
2655,
93,
868,
90,
864,
166,
77,
2642,
3072,
138,
1031,
430,
190,
840,
787,
39,
156,
982,
1010,
1699,
840,
1909,
1084,
994,
988,
87,
1962,
1900,
760,
97,
1802,
1092,
990,
459,
1088,
143,
101,
1107,
121,
2850,
1339,
93,
483,
3261,
101,
1167,
3293,
1114,
1258,
2931,
1262,
778,
114,
1042,
1383,
861,
297,
2694,
1601,
3262,
784,
748,
116,
779,
1927,
855,
1055,
452,
2742,
2684,
39,
88,
40,
3668,
1282,
46,
3359,
1605,
925,
880,
1048,
3343,
611,
43,
784,
1117,
1198,
617,
361,
1145,
783,
40,
1198,
626,
1133,
774,
820,
2433,
40,
3455,
1174,
1725,
1027,
1041,
1156,
42,
653,
301,
133,
56,
1055,
3954,
1722,
35,
94,
1051,
1145,
413,
107,
403,
702,
106,
684,
644,
630,
1011,
1024,
436,
1035,
123,
1201,
107,
630,
663,
1124,
647,
524,
628,
567,
643,
974,
490,
979,
507,
1394,
489,
1143,
625,
971,
1220,
279,
109,
470,
941,
1158,
118,
953,
873,
1144,
1325,
854,
60,
111,
111,
60,
87,
3775,
960,
3360,
1363,
518,
977,
2845,
61,
67,
1127,
80,
608,
127,
1127,
63,
59,
1585,
3723,
43,
82,
1176,
656,
969,
1587,
605,
838,
968,
3701,
677,
599,
62,
1452,
837,
3796,
82,
587,
1521,
3662,
586,
542,
1724,
97,
1139,
3500,
85,
1335,
536,
2695,
3578,
43,
1189,
2787,
1139,
3582,
2939,
99,
599,
77,
261,
76,
3966,
77,
2806,
32,
569,
72,
416,
566,
680,
3428,
674,
70,
3481,
2808,
259,
70,
621,
325,
68,
1079,
261,
564,
493,
3756,
264,
551,
68,
453,
599,
573,
67,
671,
714,
666,
1158,
494,
411,
550,
573,
64,
420,
2550,
331,
531,
2503,
573,
63,
524,
893,
904,
60,
189,
1324,
1419,
66,
337,
58,
1462,
57,
409,
375,
1167,
3151,
392,
1167,
55,
1036,
364,
528,
3420,
586,
571,
55,
316,
48,
324,
1234,
278,
48,
54,
555,
2561,
67,
554,
2530,
1049,
646,
77,
1039,
526,
53,
110,
568,
51,
552,
532,
1192,
531,
37,
456,
688,
1085,
139,
1138,
135,
1137,
942,
952,
323,
109,
735,
46,
107,
2542,
739,
105,
345,
45,
503,
507,
499,
701,
274,
720,
548,
658,
700,
696,
3922,
40,
553,
497,
1107,
1143,
610,
652,
185,
1097,
483,
1197,
40,
840,
1275,
508,
180,
175,
3705,
23,
1156,
723,
178,
22,
301,
177,
125,
164,
493,
570,
756,
282,
487,
25,
144,
542,
4114,
377,
1108,
405,
133,
128,
368,
35,
56,
124,
481,
120,
527,
2541,
2514,
1227,
478,
2503,
128,
606,
471,
276,
106,
518,
118,
826,
457,
45,
508,
434,
128,
2173,
120,
118,
108,
359,
100,
885,
401,
98,
482,
96,
41,
3373,
1120,
397,
96,
94,
2517,
390,
1092,
933,
1828,
2515,
2476,
500,
908,
2430,
352,
327,
417,
650,
2421,
901,
294,
3392,
910,
314,
888,
1190,
799,
1070,
826,
783,
733,
692,
3945,
896,
729,
723,
1179,
4005,
550,
435,
706,
535,
4018,
701,
534,
3140,
515,
511,
500,
2340,
156,
3958,
85,
84,
1190,
79,
86,
3092,
73,
436,
99,
1120,
100,
702,
1227,
98,
668,
866,
317,
95,
203,
205,
169,
177,
175,
3372,
199,
1194,
662,
193,
3158,
1740,
3934,
177,
157,
263,
200,
2594,
81,
79,
151,
1197,
4074,
149,
80,
194,
145,
1213,
1362,
122,
3269,
3974,
3863,
2380,
762,
112,
120,
120,
13,
119,
136,
3844,
3885,
107,
121,
3803,
415,
50,
3897,
105,
98,
1376,
4256,
3832,
1384,
93,
4247,
85,
4181,
1306,
3959,
1116,
50,
3128,
3828,
2161,
3115,
3852,
339,
4319,
85,
3844,
49,
4229,
76,
82,
82,
178,
1273,
1828,
4430,
1220,
4273,
695,
3248,
4147,
4209,
3704,
4296,
78,
3150,
176,
3065,
75,
3414,
3797,
148,
72,
103,
98,
4227,
145,
85,
74,
3438,
67,
48,
71,
145,
65,
144,
521,
55,
4255,
142,
956,
4023,
57,
4213,
53,
137,
3861,
97,
85,
52,
81,
52,
1211,
4331,
50,
1090,
866,
4005,
46,
2825,
55,
4210,
84,
45,
4303,
3870,
2481,
2109,
868,
3221,
62,
44,
1248,
1989,
4162,
3294,
4281,
1184,
2394,
42,
4281,
59,
4258,
4249,
4261,
4239,
4326,
2791,
1587,
4292,
4191,
1580,
4260,
1826,
2981,
1278,
1505,
4326,
3841,
83,
3858,
3835,
4414,
3885,
1425,
3274,
3801,
3874,
3882,
3802,
3875,
1192,
49,
3791,
44,
3734,
3766,
3722,
71,
3691,
1413,
3679,
3707,
1290,
41,
472,
3702,
3666,
3166,
3678,
3425,
633,
467,
3410,
3177,
43,
463,
3648,
3730,
3081,
3091,
3002,
1222,
464,
77,
3783,
3089,
1231,
523,
36,
3074,
49,
28,
132,
43,
3178,
50,
3064,
2978,
3053,
48,
584,
2879,
2647,
134,
85,
2626,
2505,
489,
496,
2430,
501,
67,
47,
2442,
402,
393,
399,
43,
41,
254,
391,
373,
495,
1060,
388,
4196,
1475,
75,
1335,
39,
509,
140,
2146,
1257,
141,
2140,
1131,
3643,
137,
142,
47,
56,
87,
3646,
86,
3090,
91,
518,
24,
76,
442,
86,
441,
494,
2342,
405,
2928,
1708,
70,
491,
113,
437,
1121,
400,
1675,
398,
456,
2182,
397,
2178,
1687,
440,
1698,
469,
412,
1301,
1318,
627,
384,
947,
397,
427,
1125,
462,
2389,
4316,
1803,
1273,
2372,
1741,
4370,
37,
4332,
4404,
4314,
2850,
4378,
1519,
166,
4201,
154,
4334,
4539,
135,
4342,
1310,
4220,
4419,
4454,
4327,
157,
3988,
3053,
4417,
4324,
3130,
4376,
161,
4236,
3529,
4317,
1308,
166,
72,
2915,
952,
1458,
1299,
1210,
1495,
4260,
3875,
3627,
151,
4573,
3243,
2551,
1180,
147,
300,
124,
1459,
1842,
1463,
145,
3358,
567,
297,
4496,
93,
2438,
2238,
2226,
1517,
2608,
2213,
4339,
525,
95,
358,
4336,
2217,
297,
1827,
1477,
184,
452,
4063,
3240,
2461,
1744,
3446,
1777,
531,
1433,
4306,
4533,
2437,
609,
476,
4290,
2214,
1499,
34,
997,
2203,
2208,
4258,
2200,
273,
1196,
4455,
269,
1191,
4379,
3568,
4345,
4328,
3287,
569,
1432,
4309,
1442,
1161,
422,
2954,
3043,
216,
4581,
4287,
480,
1197,
1205,
138,
1134,
135,
1008,
3487,
104,
3158,
3390,
853,
2217,
2229,
101,
2104,
2174,
3539,
3656,
2087,
2096,
2020,
2347,
3008,
3400,
4319,
3677,
832,
554,
446,
2080,
105,
110,
4142,
105,
45,
2097,
234,
4102,
1046,
1689,
105,
1984,
1688,
600,
1686,
462,
51,
1682,
91,
132,
1672,
4446,
4535,
3022,
2051,
131,
4265,
4123,
4467,
4132,
95,
4278,
56,
1577,
522,
619,
4070,
492,
489,
1828,
527,
2203,
134,
1458,
1133,
2576,
84,
4078,
458,
4055,
451,
1615,
2549,
1578,
1375,
117,
3044,
3937,
1250,
84,
81,
1251,
3637,
1614,
1321,
105,
74,
78,
1108,
1610,
1270,
4288,
808,
1133,
464,
4281,
1122,
3073,
1104,
3093,
634,
1133,
3103,
1606,
1097,
51,
639,
1105,
3088,
3094,
2105,
83,
1267,
3708,
4431,
439,
857,
97,
3755,
3128,
1805,
1151,
2753,
1118,
91,
330,
161,
1828,
114,
112,
1764,
1175,
1129,
4317,
4401,
1758,
4422,
4312,
1128,
4403,
1221,
2739,
893,
3465,
4512,
1868,
879,
1816,
1125,
2728,
543,
4323,
1171,
152,
1098,
2467,
3527,
1129,
4396,
4378,
1128,
843,
3029,
1584,
3746,
2966,
1494,
3133,
538,
2757,
3636,
4333,
4274,
1595,
947,
1124,
1939,
4312,
1071,
1585,
2985,
3752,
562,
4527,
945,
4543,
3283,
1160,
1178,
1166,
4265,
1177,
3803,
1172,
2290,
3639,
1118,
559,
83,
1166,
4336,
2018,
330,
4343,
3634,
570,
740,
328,
505,
1170,
745,
716,
699,
983,
1020,
711,
697,
951,
1094,
288,
695,
651,
1014,
954,
574,
695,
706,
287,
685,
4343,
996,
622,
3969,
230,
4032,
124,
4097,
619,
135,
4233,
1152,
523,
107,
631,
1140,
4013,
660,
123,
690,
3970,
101,
1119,
582,
698,
227,
653,
1649,
614,
618,
3079,
608,
1144,
2869,
1007,
613,
2507,
672,
609,
1292,
1142,
99,
82,
206,
1202,
169,
1153,
674,
140,
1136,
636,
506,
166,
1152,
4427,
148,
1162,
692,
1146,
2656,
576,
611,
579,
2645,
77,
2681,
1121,
758,
1283,
57,
671,
133,
518,
1255,
476,
666,
406,
108,
1141,
515,
1120,
1428,
2657,
1238,
18,
1015,
109,
2508,
108,
1179,
102,
83,
1567,
87,
1462,
160,
3929,
1739,
561,
1341,
80,
1223,
1170,
481,
1093,
3010,
1331,
2946,
2924,
1970,
1176,
473,
1028,
1180,
1163,
2946,
1171,
958,
158,
1049,
81,
113,
90,
1382,
108,
86,
3026,
1446,
1859,
3656,
1508,
713,
4495,
4429,
106,
4455,
2554,
494,
3680,
3630,
4644,
2104,
106,
4280,
4353,
1368,
86,
1054,
3966,
84,
1418,
4524,
3658,
1324,
4645,
84,
3235,
41,
3781,
75,
1211,
3872,
2987,
1206,
4445,
1204,
1145,
78,
1661,
702,
1594,
732,
4492,
4424,
3578,
872,
906,
1078,
3859,
1376,
1748,
2912,
21,
1728,
2418,
3857,
502,
918,
45,
23,
4013,
4357,
1975,
4569,
4653,
52,
1616,
4539,
4334,
4537,
684,
4561,
1613,
4503,
466,
900,
839,
531,
4495,
2930,
1674,
1686,
1077,
3351,
529,
446,
347,
1562,
329,
1096,
346,
2111,
4514,
334,
4489,
3013,
4458,
3812,
4422,
1140,
2833,
4522,
1116,
3227,
3722,
2090,
4515,
4387,
4525,
1119,
4621,
4685,
275,
1152,
4374,
1729,
515,
1789,
4615,
4507,
4362,
4557,
3245,
1072,
1162,
4427,
4558,
475,
4642,
101,
472,
4694,
4378,
548,
451,
3274,
471,
833,
722,
92,
1163,
470,
822,
612,
609,
454,
450,
4579,
482,
466,
449,
1159,
2240,
4649,
4540,
4497,
159,
4534,
4462,
1675,
4481,
298,
109,
670,
1664,
1732,
3395,
3652,
1423,
4639,
109,
1665,
91,
489,
131,
4524,
451,
1166,
1060,
4476,
92,
454,
3955,
676,
447,
406,
3903,
4001,
3936,
452,
4513,
1586,
462,
450,
1104,
94,
4616,
443,
235,
448,
677,
458,
446,
108,
442,
568,
988,
4343,
4659,
686,
436,
4602,
669,
429,
432,
81,
1164,
442,
451,
419,
4694,
95,
672,
613,
2514,
4635,
2123,
4598,
81,
3810,
1078,
84,
4268,
730,
2356,
1002,
427,
2299,
4750,
1748,
4519,
4707,
124,
2152,
3808,
99,
114,
3561,
4409,
986,
1820,
3958,
429,
1171,
125,
3820,
3917,
4527,
851,
4441,
1052,
3938,
88,
1028,
3911,
868,
4405,
506,
3889,
505,
1117,
458,
465,
1126,
464,
3902,
459,
4293,
973,
303,
4401,
4509,
547,
458,
4468,
456,
517,
473,
1708,
664,
1630,
422,
972,
655,
1079,
984,
219,
4561,
4452,
1124,
1344,
3878,
1433,
4562,
517,
77,
4636,
436,
4464,
4569,
503,
778,
4435,
1007,
2135,
378,
4417,
4406,
484,
3995,
100,
1794,
4718,
159,
4677,
99,
667,
1217,
659,
1008,
455,
954,
777,
76,
244,
547,
428,
694,
682,
177,
476,
951,
1158,
223,
645,
481,
1217,
631,
1052,
200,
668,
967,
1780,
176,
479,
1150,
462,
207,
400,
3379,
2368,
556,
155,
599,
438,
592,
1218,
1364,
576,
928,
1364,
1358,
361,
82,
1886,
874,
950,
322,
395,
4440,
480,
2868,
545,
429,
1580,
160,
751,
248,
1042,
152,
1816,
1644,
1374,
381,
236,
563,
596,
158,
998,
869,
4594,
1584,
102,
1222,
763,
82,
637,
651,
77,
1005,
69,
68,
100,
123,
93,
4100,
1130,
4134,
4309,
1096,
93,
433,
4562,
82,
4156,
4584,
1087,
476,
113,
56,
2371,
60,
106,
109,
48,
4572,
82,
105,
987,
535,
498,
49,
904,
3923,
4474,
1532,
4159,
106,
45,
1626,
3912,
1083,
3777,
572,
1083,
3134,
3926,
4144,
1555,
4330,
202,
1823,
4373,
1000,
1043,
930,
4332,
147,
768,
1817,
987,
2741,
46,
955,
1173,
500,
3110,
4921,
456,
45,
1020,
827,
536,
462,
41,
4715,
168,
1027,
488,
4492,
1885,
1799,
1844,
510,
89,
1801,
4297,
3930,
4416,
910,
47,
903,
552,
45,
503,
1759,
1095,
590,
1020,
1002,
4508,
993,
40,
3118,
1248,
1848,
3717,
1107,
4135,
40,
3992,
77,
693,
958,
3923,
1880,
3101,
790,
39,
1122,
74,
1082,
40,
627,
1781,
139,
1104,
1099,
139,
37,
644,
3703,
148,
424,
4088,
4645,
90,
977,
143,
38,
1468,
4602,
4065,
1035,
169,
4021,
3998,
622,
4691,
222,
716,
4390,
619,
1466,
182,
1405,
587,
584,
1094,
78,
169,
1078,
1070,
42,
142,
1039,
1043,
158,
147,
105,
1034,
169,
1032,
1040,
632,
366,
174,
125,
252,
122,
4206,
834,
171,
542,
810,
511,
3551,
482,
721,
43,
815,
365,
602,
3062,
204,
2685,
40,
92,
202,
2688,
214,
86,
280,
505,
307,
4547,
169,
1104,
597,
81,
100,
201,
810,
1048,
101,
81,
1046,
537,
429,
4585,
42,
2708,
84,
4022,
1006,
563,
4460,
4282,
3901,
4609,
2440,
1955,
634,
4459,
4573,
2263,
3869,
457,
38,
732,
4598,
3920,
752,
4803,
90,
3720,
4487,
948,
4821,
462,
1205,
40,
943,
4790,
40,
85,
261,
100,
572,
4597,
3812,
1614,
580,
577,
4599,
916,
636,
568,
920,
4543,
501,
505,
2068,
1688,
4720,
630,
4458,
3573,
4574,
3325,
3552,
41,
3588,
177,
4587,
1845,
541,
3642,
756,
85,
4481,
1050,
1076,
799,
835,
1888,
1076,
1040,
4312,
4924,
4954,
1071,
880,
44,
1079,
464,
4893,
39,
4910,
4929,
2431,
2197,
341,
43,
2189,
87,
746,
3460,
4251,
4494,
4756,
4166,
4389,
87,
612,
91,
3918,
445,
451,
446,
450,
42,
529,
430,
434,
1426,
4692,
444,
119,
540,
846,
2524,
4691,
606,
683,
165,
1923,
4815,
4687,
44,
633,
4951,
619,
89,
4849,
4227,
4665,
45,
686,
4537,
1076,
85,
4200,
4327,
40,
1102,
39,
4711,
484,
1072,
78,
803,
4646,
1090,
1076,
85,
772,
4728,
4271,
4754,
1009,
4607,
2784,
4594,
52,
505,
1409,
319,
4483,
44,
4530,
574,
4921,
458,
1004,
4635,
451,
4576,
46,
507,
2410,
4624,
993,
95,
79,
3973,
2608,
506,
4836,
4545,
80,
387,
4772,
269,
4606,
3525,
43,
99,
541,
2334,
860,
353,
2442,
3912,
2328,
759,
904,
321,
430,
4598,
1830,
3097,
1115,
326,
862,
1095,
41,
39,
322,
3303,
1090,
1085,
4472,
861,
4682,
4680,
4464,
4472,
284,
4574,
3890,
3617,
401,
43,
4222,
362,
398,
863,
1123,
4640,
4647,
1792,
1195,
41,
756,
4318,
40,
1100,
624,
4619,
4602,
4963,
4614,
986,
276,
4649,
944,
968,
3040,
1949,
1542,
940,
357,
381,
4104,
343,
283,
872,
955,
1008,
2043,
2569,
1272,
280,
4933,
4585,
200,
276,
4228,
42,
4638,
951,
4694,
284,
4989,
41,
2960,
3856,
1133,
940,
249,
1008,
4244,
294,
4536,
4124,
1144,
45,
675,
43,
777,
2939,
3933,
771,
261,
44,
1873,
1766,
1149,
413,
1316,
45,
3695,
51,
472,
774,
1373,
983,
1323,
2082,
1990,
44,
992,
973,
2702,
4911,
959,
324,
525,
971,
4991,
529,
272,
216,
3269,
276,
454,
4553,
3259,
536,
2905,
522,
5044,
2489,
660,
629,
562,
133,
50,
459,
1738,
133,
4867,
46,
816,
2027,
1955,
4663,
43,
790,
812,
135,
810,
125,
1901,
1164,
237,
4313,
42,
1922,
46,
42,
1902,
131,
4007,
125,
231,
119,
43,
1723,
1165,
42,
72,
122,
46,
2696,
1430,
45,
1165,
4976,
2167,
25,
131,
129,
117,
41,
107,
2065,
4986,
72,
1166,
1915,
38,
38,
433,
1188,
4827,
4211,
1203,
2169,
467,
4715,
39,
357,
1196,
1010,
1189,
34,
47,
358,
1194,
317,
1004,
1013,
357,
1218,
120,
107,
831,
105,
1927,
829,
135,
1761,
830,
4406,
1201,
4030,
1195,
47,
4705,
735,
4692,
1928,
4182,
3888,
43,
267,
3734,
1942,
1026,
4433,
1024,
73,
1015,
4062,
87,
3066,
675,
76,
960,
529,
4138,
3369,
3062,
901,
2238,
80,
4370,
2553,
559,
2556,
113,
211,
550,
720,
4109,
3133,
2015,
4071,
505,
508,
1940,
384,
846,
267,
3075,
525,
348,
1255,
503,
4666,
550,
507,
296,
282,
3765,
1076,
348,
44,
495,
4234,
558,
19,
376,
4142,
297,
400,
372,
721,
297,
737,
400,
370,
719,
141,
398,
440,
179,
43,
113,
374,
330,
40,
92,
91,
280,
5024,
38,
315,
362,
310,
1314,
246,
62,
269,
39,
389,
38,
971,
4027,
404,
312,
220,
297,
314,
1015,
229,
586,
272,
592,
473,
1077,
471,
1315,
47,
269,
98,
390,
45,
540,
535,
404,
110,
268,
136,
266,
546,
369,
876,
36,
376,
4684,
720,
81,
4604,
249,
4682,
600,
481,
414,
647,
2532,
1875,
430,
485,
74,
1753,
45,
41,
395,
397,
4136,
405,
451,
322,
255,
137,
320,
40,
133,
209,
104,
100,
214,
79,
1634,
91,
253,
479,
80,
83,
1331,
4163,
436,
40,
111,
753,
444,
4153,
2063,
5170,
83,
80,
450,
1783,
5200,
5100,
77,
246,
1021,
454,
43,
5130,
966,
42,
5158,
1851,
40,
5187,
1357,
1373,
1315,
1374,
41,
45,
4456,
41,
40,
4450,
479,
102,
5115,
4715,
4997,
37,
4145,
256,
99,
44,
375,
86,
107,
509,
83,
524,
5079,
43,
43,
5291,
1358,
90,
41,
2175,
170,
97,
368,
535,
353,
2172,
1781,
1396,
344,
867,
45,
2776,
41,
44,
1370,
4822,
2222,
77,
4780,
4657,
39,
43,
4555,
103,
1198,
39,
4680,
2707,
106,
5030,
345,
272,
74,
5112,
272,
261,
4686,
253,
234,
1045,
561,
4876,
224,
1157,
5010,
4780,
223,
197,
185,
1255,
1052,
5229,
5015,
1140,
179,
156,
1051,
5010,
1431,
5109,
5263,
1068,
1078,
5325,
2330,
1027,
47,
46,
462,
2021,
118,
117,
112,
38,
1498,
2634,
77,
75,
100,
167,
38,
145,
38,
54,
5208,
861,
118,
38,
5172,
37,
5046,
2217,
4549,
418,
4730,
5116,
1516,
2205,
5062,
76,
5237,
310,
900,
42,
72,
5237,
91,
771,
97,
4292,
1519,
1477,
592,
1217,
4806,
3371,
1029,
4857,
731,
5080,
960,
4412,
586,
434,
4976,
573,
40,
4449,
4875,
53,
435,
40,
47,
5040,
41,
4790,
4685,
40,
1486,
1016,
5035,
5195,
1719,
5578,
653,
641,
81,
5000,
585,
115,
1024,
45,
43,
908,
658,
98,
89,
43,
5031,
453,
82,
42,
80,
42,
116,
86,
97,
4153,
703,
82,
45,
2199,
44,
1067,
40,
39,
409,
695,
182,
89,
645,
177,
422,
48,
193,
1568,
4521,
688,
2089,
106,
1557,
105,
1539,
85,
4497,
5154,
1576,
5041,
4503,
109,
1549,
55,
1096,
1090,
1084,
1551,
1082,
47,
1413,
1078,
1505,
289,
4874,
85,
77,
4947,
1032,
1022,
1508,
3962,
737,
410,
394,
639,
497,
638,
565,
648,
645,
77,
1603,
4804,
81,
4552,
2310,
35,
575,
74,
663,
363,
4541,
644,
4461,
662,
4955,
4239,
101,
1538,
108,
1551,
1489,
4166,
1472,
1492,
656,
667,
3418,
5141,
5187,
4819,
5060,
76,
525,
601,
449,
376,
524,
703,
76,
627,
3581,
435,
717,
5081,
2381,
1607,
1676,
1014,
1545,
140,
5103,
113,
112,
1470,
371,
1546,
104,
5167,
2203,
1304,
1557,
1372,
108,
754,
115,
4925,
2176,
1266,
4964,
1046,
83,
3559,
1311,
1486,
228,
1348,
2040,
1506,
2034,
1897,
938,
4316,
1055,
4888,
2424,
1176,
5379,
1500,
45,
741,
2428,
5258,
720,
45,
149,
1114,
4777,
131,
2339,
125,
125,
1458,
2440,
4502,
1526,
457,
565,
450,
2395,
4856,
706,
5159,
145,
726,
459,
1620,
758,
1419,
614,
617,
462,
4347,
136,
676,
557,
134,
1451,
1614,
832,
301,
107,
1494,
107,
1438,
5346,
86,
734,
92,
316,
884,
421,
3089,
717,
853,
2352,
585,
761,
530,
83,
163,
1098,
531,
5246,
1582,
5165,
1333,
5192,
1474,
806,
1309,
851,
468,
1222,
1025,
2960,
1214,
2928,
84,
1304,
25,
925,
923,
3142,
1220,
1216,
5145,
2230,
100,
81,
659,
102,
682,
1498,
687,
91,
2240,
1562,
4871,
2302,
1740,
86,
361,
483,
359,
3694,
1507,
762,
477,
759,
445,
4839,
1498,
348,
46,
428,
1776,
419,
3094,
1484,
1265,
1358,
369,
3152,
106,
2782,
3145,
1017,
3392,
2869,
4618,
111,
108,
994,
340,
364,
359,
121,
109,
342,
342,
341,
2356,
103,
93,
85,
37,
5349,
39,
2300,
3669,
3749,
1053,
1089,
1606,
1395,
3819,
2981,
5276,
1920,
2378,
2093,
1411,
344,
2831,
1580,
4915,
428,
1056,
432,
3143,
2167,
333,
1438,
1075,
1083,
1081,
3598,
2937,
1397,
1442,
1455,
1456,
1356,
94,
1434,
1266,
3686,
30,
1087,
1320,
1098,
111,
2078,
1097,
902,
2031,
5485,
5388,
1692,
1677,
87,
5436,
671,
92,
367,
366,
2175,
1474,
366,
3738,
2978,
366,
363,
1370,
154,
3739,
1492,
360,
359,
167,
619,
624,
154,
1984,
672,
2981,
681,
900,
624,
145,
614,
891,
1073,
910,
1945,
620,
897,
743,
3865,
647,
3122,
80,
2050,
3137,
4731,
928,
765,
950,
915,
927,
3761,
2967,
5139,
3910,
653,
2696,
980,
2438,
1082,
164,
1088,
163,
36,
966,
1014,
4629,
5527,
1569,
960,
1600,
1340,
1592,
2290,
2034,
2203,
1599,
5676,
157,
173,
155,
2768,
155,
1698,
94,
79,
1745,
3896,
2051,
2046,
3456,
3716,
686,
1543,
4759,
2061,
606,
145,
2045,
1021,
1998,
134,
4901,
4679,
4781,
130,
1327,
4608,
129,
4898,
129,
1031,
2189,
957,
1257,
174,
128,
135,
129,
1449,
5455,
1276,
305,
893,
93,
112,
4148,
34,
3199,
3074,
2024,
2015,
4802,
92,
2489,
214,
3207,
3143,
2663,
2287,
901,
346,
1649,
2553,
3071,
892,
2790,
188,
2038,
881,
2732,
1107,
2739,
496,
5500,
476,
4652,
857,
2040,
461,
1605,
435,
2092,
643,
3888,
638,
433,
690,
4351,
25,
395,
69,
4059,
6023,
1462,
882,
25,
25,
652,
745,
2435,
1705,
305,
342,
1532,
2761,
144,
283,
146,
913,
5741,
113,
822,
3144,
308,
1053,
637,
233,
635,
229,
227,
216,
209,
219,
209,
209,
193,
692,
164,
159,
683,
2878,
159,
669,
5596,
2321,
2330,
59,
499,
475,
1033,
48,
23,
2409,
35,
294,
2734,
301,
90,
2339,
5076,
94,
78,
5703,
5729,
32,
55,
5664,
945,
3268,
1358,
31,
243,
26,
232,
244,
231,
5682,
2413,
2494,
1190,
5827,
2023,
2125,
1963,
282,
5831,
1603,
281,
5827,
4503,
356,
279,
1659,
1270,
2151,
1351,
5323,
6126,
1248,
262,
261,
215,
247,
1877,
5593,
1547,
5618,
2184,
43,
5794,
5729,
1932,
4907,
1618,
