38,
34,
48,
31,
42,
33,
70,
81,
70,
71,
84,
82,
79,
85,
70,
89,
85,
97,
62,
39,
66,
62,
102,
61,
104,
104,
108,
114,
76,
54,
100,
110,
99,
91,
49,
124,
71,
105,
44,
109,
125,
66,
44,
103,
123,
90,
75,
79,
74,
117,
40,
128,
90,
158,
41,
120,
140,
135,
133,
126,
85,
157,
110,
36,
132,
154,
138,
139,
47,
104,
111,
143,
63,
158,
163,
109,
72,
121,
121,
143,
172,
158,
144,
140,
133,
140,
134,
62,
118,
121,
160,
152,
165,
142,
157,
125,
130,
130,
147,
111,
115,
181,
142,
154,
148,
160,
172,
155,
182,
144,
176,
197,
76,
162,
123,
129,
120,
146,
40,
118,
99,
164,
133,
171,
174,
163,
89,
160,
156,
149,
163,
141,
203,
148,
124,
156,
153,
186,
156,
160,
163,
144,
194,
180,
135,
160,
168,
127,
88,
194,
204,
100,
215,
212,
135,
117,
57,
182,
154,
222,
209,
142,
109,
86,
181,
157,
149,
218,
149,
92,
208,
164,
195,
90,
200,
185,
134,
195,
205,
221,
167,
162,
213,
173,
153,
157,
147,
165,
217,
203,
202,
120,
129,
108,
127,
109,
88,
211,
128,
170,
220,
139,
153,
119,
220,
146,
118,
163,
88,
179,
120,
68,
160,
156,
135,
150,
144,
149,
67,
202,
211,
221,
151,
245,
107,
101,
140,
85,
95,
244,
140,
40,
148,
248,
111,
163,
254,
182,
93,
123,
101,
94,
191,
41,
129,
93,
186,
103,
106,
147,
93,
152,
98,
157,
171,
158,
140,
137,
40,
90,
121,
128,
94,
89,
184,
95,
42,
41,
69,
62,
76,
141,
170,
177,
167,
173,
171,
119,
153,
118,
200,
128,
116,
85,
160,
36,
166,
198,
109,
195,
245,
103,
187,
260,
285,
118,
211,
187,
176,
230,
95,
190,
89,
223,
82,
172,
109,
170,
146,
118,
208,
215,
162,
177,
234,
157,
105,
228,
183,
216,
153,
115,
112,
237,
236,
293,
191,
111,
206,
118,
202,
286,
291,
98,
118,
198,
232,
190,
118,
265,
99,
249,
269,
149,
189,
209,
149,
239,
126,
163,
297,
65,
90,
218,
146,
74,
116,
121,
153,
199,
197,
166,
166,
117,
120,
194,
110,
197,
154,
106,
257,
209,
176,
284,
177,
305,
191,
110,
281,
330,
166,
43,
109,
333,
153,
236,
286,
262,
257,
216,
251,
246,
93,
77,
329,
324,
163,
216,
223,
72,
269,
244,
267,
103,
155,
158,
166,
225,
176,
139,
202,
254,
257,
91,
204,
142,
134,
102,
151,
123,
149,
257,
44,
215,
98,
291,
266,
204,
176,
196,
211,
230,
194,
214,
102,
178,
67,
201,
157,
41,
50,
302,
217,
107,
48,
66,
206,
122,
145,
132,
288,
273,
140,
288,
272,
343,
220,
237,
118,
273,
260,
134,
279,
232,
213,
137,
227,
118,
252,
131,
134,
291,
239,
193,
238,
272,
80,
43,
35,
247,
235,
81,
281,
149,
100,
145,
174,
273,
350,
270,
161,
201,
370,
263,
159,
250,
341,
111,
73,
192,
249,
136,
170,
29,
135,
366,
51,
48,
79,
207,
101,
382,
234,
217,
239,
200,
178,
233,
217,
222,
222,
210,
174,
76,
236,
162,
221,
93,
177,
46,
173,
179,
390,
39,
160,
243,
221,
169,
232,
151,
215,
249,
225,
142,
228,
162,
254,
184,
281,
279,
171,
279,
279,
235,
274,
382,
230,
134,
207,
46,
128,
137,
137,
256,
211,
371,
177,
431,
196,
246,
111,
129,
239,
376,
47,
364,
313,
266,
213,
187,
45,
141,
409,
140,
200,
172,
368,
44,
368,
236,
197,
113,
318,
335,
319,
203,
118,
111,
356,
160,
128,
299,
415,
108,
125,
194,
247,
222,
107,
104,
246,
106,
413,
77,
271,
36,
298,
223,
396,
314,
103,
419,
217,
344,
240,
205,
196,
101,
105,
284,
324,
209,
173,
300,
226,
95,
298,
376,
213,
243,
40,
316,
212,
107,
160,
197,
175,
260,
180,
59,
303,
312,
313,
305,
355,
331,
125,
339,
289,
285,
400,
170,
41,
395,
354,
252,
295,
370,
177,
48,
212,
397,
63,
317,
218,
137,
210,
393,
342,
187,
335,
197,
280,
178,
173,
299,
306,
128,
279,
258,
182,
282,
335,
336,
407,
228,
243,
293,
404,
296,
270,
333,
268,
255,
247,
169,
113,
300,
157,
62,
378,
41,
247,
396,
238,
216,
267,
310,
323,
220,
126,
268,
203,
227,
253,
53,
191,
261,
42,
101,
220,
283,
196,
384,
254,
200,
279,
262,
418,
247,
229,
76,
88,
393,
239,
181,
246,
238,
209,
252,
192,
231,
414,
280,
182,
165,
119,
245,
172,
427,
115,
172,
218,
212,
124,
228,
297,
218,
380,
211,
326,
296,
203,
375,
103,
160,
289,
138,
303,
241,
285,
208,
188,
317,
181,
174,
201,
276,
352,
126,
278,
123,
216,
234,
159,
115,
87,
225,
307,
122,
380,
123,
343,
259,
321,
321,
90,
321,
195,
297,
407,
393,
308,
207,
375,
101,
209,
300,
297,
335,
439,
79,
245,
108,
262,
229,
127,
236,
270,
201,
340,
225,
39,
187,
270,
213,
204,
260,
405,
185,
145,
311,
199,
177,
86,
301,
215,
207,
167,
254,
176,
318,
161,
172,
213,
117,
430,
97,
116,
107,
76,
164,
246,
61,
314,
126,
112,
220,
227,
276,
194,
204,
259,
372,
240,
211,
480,
240,
237,
176,
312,
269,
40,
310,
205,
292,
308,
302,
198,
200,
288,
280,
182,
84,
245,
124,
220,
165,
239,
154,
173,
123,
234,
232,
174,
284,
230,
213,
143,
301,
352,
76,
166,
341,
215,
113,
120,
325,
158,
36,
112,
396,
351,
283,
224,
125,
154,
279,
119,
121,
312,
308,
314,
69,
56,
225,
120,
94,
119,
143,
425,
76,
167,
148,
50,
74,
222,
434,
496,
161,
348,
138,
362,
130,
151,
40,
385,
147,
347,
276,
202,
219,
51,
296,
457,
288,
300,
365,
114,
119,
366,
402,
317,
343,
243,
318,
89,
272,
326,
304,
329,
373,
304,
377,
133,
346,
233,
358,
326,
354,
366,
517,
377,
392,
292,
277,
371,
350,
277,
350,
277,
342,
327,
317,
274,
369,
45,
316,
200,
81,
205,
515,
368,
288,
260,
223,
347,
96,
372,
167,
277,
129,
366,
300,
302,
236,
345,
289,
303,
526,
141,
182,
413,
217,
266,
424,
313,
298,
495,
208,
212,
304,
349,
227,
313,
261,
360,
104,
143,
288,
168,
258,
292,
265,
460,
257,
310,
159,
166,
247,
272,
244,
384,
183,
161,
247,
171,
161,
253,
244,
548,
146,
303,
337,
297,
295,
232,
179,
226,
131,
130,
548,
152,
234,
283,
219,
248,
273,
248,
198,
390,
227,
203,
234,
389,
226,
122,
233,
255,
550,
120,
156,
131,
291,
319,
316,
488,
288,
311,
241,
61,
134,
290,
247,
126,
285,
245,
355,
259,
313,
340,
161,
255,
45,
407,
116,
325,
290,
357,
341,
158,
325,
328,
477,
324,
274,
379,
321,
70,
268,
473,
378,
316,
377,
155,
252,
244,
269,
265,
279,
332,
491,
130,
98,
43,
219,
263,
92,
330,
76,
311,
224,
219,
377,
247,
319,
149,
172,
137,
233,
147,
373,
327,
375,
138,
142,
318,
157,
211,
197,
188,
264,
233,
332,
271,
276,
262,
309,
337,
285,
228,
39,
536,
559,
320,
285,
296,
133,
129,
383,
288,
221,
271,
182,
214,
191,
194,
302,
187,
339,
262,
251,
88,
184,
180,
495,
349,
302,
247,
351,
197,
302,
188,
291,
239,
236,
380,
373,
232,
184,
151,
327,
352,
237,
239,
266,
299,
566,
494,
152,
335,
361,
154,
336,
224,
209,
98,
327,
79,
594,
125,
297,
572,
576,
75,
92,
126,
345,
185,
570,
39,
125,
261,
490,
186,
355,
193,
339,
124,
302,
327,
120,
203,
364,
160,
201,
580,
148,
119,
111,
207,
168,
166,
155,
275,
111,
44,
120,
162,
230,
160,
86,
314,
115,
47,
138,
170,
83,
156,
109,
115,
316,
191,
39,
332,
109,
587,
317,
125,
241,
248,
126,
92,
430,
316,
374,
86,
351,
391,
600,
309,
153,
105,
293,
89,
86,
83,
334,
358,
82,
309,
331,
355,
347,
313,
318,
95,
325,
254,
335,
309,
105,
47,
497,
308,
301,
226,
304,
326,
295,
389,
309,
292,
301,
348,
287,
243,
283,
327,
287,
294,
336,
224,
225,
375,
176,
344,
351,
236,
149,
220,
295,
305,
299,
345,
139,
294,
292,
131,
99,
158,
230,
228,
354,
150,
142,
508,
123,
118,
392,
188,
344,
363,
150,
429,
98,
494,
148,
338,
315,
412,
119,
337,
351,
113,
413,
266,
350,
495,
501,
376,
337,
188,
350,
340,
342,
420,
363,
279,
111,
526,
283,
59,
96,
332,
450,
68,
80,
510,
356,
356,
336,
207,
322,
614,
611,
133,
91,
132,
289,
306,
104,
86,
463,
88,
82,
565,
41,
298,
641,
313,
39,
534,
321,
167,
43,
647,
320,
229,
313,
237,
491,
547,
237,
219,
207,
417,
661,
186,
148,
285,
206,
132,
293,
146,
191,
573,
140,
94,
75,
375,
294,
92,
102,
656,
482,
506,
473,
203,
245,
152,
196,
79,
209,
137,
417,
192,
79,
680,
156,
85,
433,
188,
343,
667,
351,
115,
111,
345,
383,
320,
131,
201,
174,
329,
346,
93,
351,
131,
361,
171,
333,
117,
692,
173,
463,
156,
151,
223,
345,
286,
563,
333,
484,
314,
456,
136,
657,
179,
382,
418,
311,
308,
349,
531,
118,
332,
279,
538,
99,
128,
88,
42,
484,
125,
352,
478,
513,
149,
124,
370,
331,
177,
660,
571,
147,
290,
371,
99,
321,
659,
146,
366,
295,
179,
227,
154,
559,
104,
145,
439,
659,
109,
375,
384,
91,
108,
300,
326,
153,
273,
276,
422,
312,
674,
79,
116,
370,
687,
157,
111,
114,
175,
683,
86,
40,
431,
401,
671,
250,
80,
369,
515,
301,
500,
444,
94,
502,
439,
160,
120,
238,
551,
153,
83,
471,
475,
92,
444,
367,
97,
158,
443,
485,
441,
460,
418,
561,
428,
427,
101,
450,
451,
378,
405,
330,
223,
413,
712,
237,
335,
376,
74,
400,
356,
171,
177,
230,
712,
296,
312,
42,
327,
299,
82,
692,
687,
586,
421,
584,
47,
399,
711,
64,
94,
568,
467,
717,
285,
569,
349,
294,
596,
354,
171,
395,
388,
177,
539,
293,
288,
39,
391,
234,
171,
156,
396,
203,
604,
380,
188,
350,
345,
355,
177,
287,
185,
350,
74,
174,
213,
179,
462,
170,
41,
165,
481,
415,
160,
41,
165,
69,
454,
69,
408,
43,
42,
364,
230,
181,
183,
203,
204,
197,
123,
38,
421,
208,
151,
203,
186,
122,
203,
120,
158,
400,
486,
371,
348,
491,
271,
370,
520,
408,
370,
208,
54,
75,
398,
156,
385,
381,
43,
141,
431,
103,
45,
62,
101,
272,
281,
267,
100,
43,
263,
208,
80,
45,
98,
41,
339,
384,
247,
528,
79,
418,
87,
210,
500,
348,
476,
340,
329,
502,
194,
85,
290,
592,
219,
285,
84,
274,
171,
101,
416,
302,
326,
104,
503,
456,
320,
38,
460,
502,
317,
81,
499,
249,
491,
174,
574,
448,
507,
437,
397,
480,
496,
493,
447,
511,
43,
64,
173,
419,
75,
54,
458,
139,
466,
537,
592,
560,
216,
193,
301,
497,
470,
277,
228,
55,
350,
356,
150,
388,
485,
105,
533,
258,
288,
503,
156,
377,
472,
43,
157,
297,
255,
496,
41,
167,
178,
336,
385,
98,
92,
150,
132,
149,
496,
776,
163,
529,
51,
150,
435,
404,
76,
576,
109,
42,
466,
374,
356,
108,
549,
592,
396,
453,
42,
94,
484,
254,
54,
621,
214,
544,
479,
48,
421,
471,
95,
94,
228,
402,
516,
94,
539,
480,
418,
192,
519,
519,
162,
426,
519,
508,
53,
136,
196,
745,
437,
585,
483,
429,
490,
659,
497,
258,
416,
597,
191,
286,
255,
242,
376,
514,
257,
482,
464,
540,
417,
668,
414,
361,
527,
480,
519,
453,
118,
192,
249,
444,
351,
79,
572,
395,
404,
743,
43,
311,
289,
418,
816,
370,
449,
439,
48,
571,
42,
664,
434,
43,
851,
855,
40,
405,
703,
672,
389,
82,
412,
284,
662,
834,
335,
554,
175,
769,
138,
360,
554,
143,
163,
675,
42,
360,
383,
367,
860,
632,
117,
399,
409,
139,
320,
223,
327,
459,
430,
192,
118,
219,
507,
293,
200,
360,
249,
350,
138,
588,
94,
256,
237,
218,
310,
300,
175,
172,
289,
566,
675,
139,
252,
313,
179,
187,
733,
336,
138,
145,
512,
423,
176,
206,
160,
528,
197,
384,
557,
49,
584,
132,
132,
184,
75,
619,
192,
469,
404,
509,
506,
75,
262,
721,
195,
479,
422,
143,
38,
529,
92,
297,
225,
510,
189,
434,
174,
210,
788,
157,
329,
115,
217,
169,
196,
148,
614,
663,
113,
241,
146,
84,
713,
175,
231,
174,
141,
148,
886,
158,
222,
878,
161,
101,
479,
618,
140,
138,
115,
339,
42,
880,
545,
624,
160,
874,
85,
509,
96,
44,
622,
136,
351,
617,
590,
350,
554,
488,
128,
100,
218,
541,
298,
781,
217,
528,
602,
742,
204,
110,
662,
791,
105,
421,
717,
836,
764,
605,
444,
448,
352,
601,
434,
216,
837,
441,
439,
485,
894,
530,
340,
347,
617,
545,
38,
568,
528,
142,
724,
413,
83,
695,
108,
124,
679,
609,
374,
503,
64,
592,
617,
526,
516,
193,
578,
86,
416,
595,
527,
524,
53,
524,
202,
613,
195,
282,
587,
722,
491,
464,
496,
517,
101,
521,
600,
479,
600,
639,
163,
700,
103,
534,
573,
584,
518,
478,
731,
758,
46,
92,
718,
146,
450,
554,
397,
619,
408,
541,
468,
563,
140,
468,
312,
701,
108,
407,
510,
461,
176,
503,
136,
378,
735,
601,
517,
461,
225,
690,
456,
59,
181,
108,
437,
80,
731,
282,
387,
219,
204,
107,
678,
58,
180,
219,
200,
120,
72,
183,
770,
695,
38,
39,
490,
757,
341,
576,
434,
205,
582,
553,
636,
307,
443,
525,
175,
270,
442,
380,
608,
254,
586,
518,
473,
508,
170,
527,
352,
344,
555,
43,
157,
347,
603,
448,
484,
540,
332,
604,
455,
45,
351,
477,
171,
379,
362,
306,
39,
566,
157,
358,
165,
564,
348,
403,
677,
39,
645,
663,
596,
338,
511,
582,
479,
704,
42,
639,
540,
589,
574,
457,
53,
251,
605,
561,
42,
481,
455,
632,
198,
560,
232,
194,
594,
435,
443,
536,
167,
783,
156,
550,
445,
688,
368,
530,
192,
624,
661,
668,
108,
699,
169,
623,
578,
445,
503,
695,
109,
163,
332,
134,
496,
210,
132,
201,
103,
648,
447,
535,
166,
650,
713,
435,
131,
498,
676,
595,
228,
423,
493,
650,
471,
492,
103,
690,
473,
492,
204,
657,
594,
55,
94,
593,
622,
132,
276,
422,
540,
508,
119,
121,
542,
217,
128,
200,
534,
41,
462,
763,
942,
527,
427,
194,
183,
179,
447,
441,
386,
41,
151,
204,
178,
99,
439,
43,
313,
504,
406,
272,
530,
566,
337,
223,
65,
369,
263,
682,
642,
959,
467,
300,
465,
267,
445,
188,
539,
561,
330,
131,
263,
58,
799,
554,
257,
461,
355,
407,
80,
213,
705,
570,
589,
45,
285,
198,
443,
312,
360,
433,
502,
424,
472,
453,
532,
345,
242,
221,
422,
214,
420,
579,
501,
172,
686,
638,
415,
412,
241,
666,
580,
408,
649,
191,
197,
232,
597,
187,
390,
399,
239,
851,
584,
630,
201,
549,
195,
158,
450,
280,
542,
416,
153,
537,
395,
470,
238,
247,
399,
372,
545,
523,
414,
229,
307,
651,
426,
387,
710,
266,
385,
293,
164,
40,
475,
460,
259,
162,
443,
589,
225,
416,
189,
39,
159,
435,
543,
740,
438,
448,
535,
410,
430,
428,
425,
131,
571,
734,
136,
466,
54,
894,
423,
216,
581,
394,
1000,
399,
515,
562,
123,
719,
368,
411,
560,
392,
285,
903,
186,
784,
397,
122,
899,
401,
44,
42,
215,
104,
157,
190,
738,
211,
263,
416,
38,
214,
534,
606,
104,
111,
278,
229,
186,
93,
134,
147,
164,
794,
619,
181,
432,
372,
359,
161,
491,
607,
690,
874,
537,
137,
764,
159,
550,
455,
683,
109,
477,
346,
156,
594,
580,
582,
352,
123,
733,
386,
409,
126,
185,
708,
89,
162,
524,
37,
556,
818,
42,
724,
806,
161,
510,
243,
648,
552,
663,
211,
724,
187,
83,
730,
206,
205,
536,
115,
582,
666,
534,
43,
280,
80,
561,
266,
743,
429,
448,
674,
437,
424,
461,
390,
384,
184,
209,
445,
40,
534,
418,
455,
455,
401,
462,
359,
203,
240,
249,
412,
43,
461,
415,
417,
338,
206,
162,
603,
466,
42,
391,
153,
345,
87,
921,
451,
90,
141,
283,
526,
512,
800,
344,
245,
109,
713,
548,
656,
448,
504,
196,
239,
128,
140,
545,
826,
483,
860,
612,
147,
480,
281,
945,
140,
555,
43,
524,
508,
337,
858,
243,
293,
232,
551,
282,
525,
287,
947,
282,
556,
671,
599,
83,
160,
150,
642,
143,
146,
160,
657,
213,
186,
98,
22,
643,
86,
154,
636,
618,
598,
622,
451,
474,
43,
488,
486,
96,
685,
226,
543,
647,
494,
258,
551,
465,
736,
489,
464,
366,
568,
602,
471,
99,
477,
43,
919,
136,
641,
544,
470,
544,
591,
610,
599,
676,
494,
545,
135,
631,
59,
452,
538,
677,
47,
438,
312,
545,
186,
128,
810,
523,
489,
44,
43,
130,
574,
543,
158,
587,
534,
129,
435,
105,
45,
206,
213,
128,
523,
225,
633,
494,
473,
565,
437,
439,
493,
426,
727,
138,
815,
435,
114,
849,
39,
489,
722,
732,
531,
796,
586,
548,
691,
508,
491,
616,
38,
697,
483,
111,
58,
522,
43,
688,
568,
528,
496,
708,
93,
105,
583,
477,
446,
459,
654,
521,
520,
445,
470,
507,
718,
622,
628,
614,
511,
644,
563,
481,
600,
448,
445,
74,
719,
497,
587,
650,
252,
538,
427,
471,
68,
757,
148,
477,
469,
47,
605,
185,
417,
470,
218,
427,
334,
57,
314,
625,
247,
238,
501,
231,
347,
437,
313,
262,
229,
329,
166,
358,
366,
358,
277,
312,
368,
134,
606,
275,
302,
307,
533,
41,
499,
549,
269,
244,
147,
496,
351,
290,
563,
303,
385,
556,
605,
40,
155,
378,
393,
39,
429,
162,
376,
263,
299,
192,
447,
143,
983,
129,
757,
150,
133,
638,
263,
251,
667,
853,
585,
190,
479,
1043,
521,
212,
237,
1066,
152,
755,
211,
44,
486,
714,
552,
210,
738,
615,
620,
1044,
202,
970,
227,
261,
47,
247,
872,
492,
326,
1076,
237,
328,
257,
155,
300,
221,
585,
196,
973,
489,
654,
84,
251,
238,
578,
611,
1034,
182,
514,
641,
152,
1047,
302,
312,
152,
367,
319,
513,
557,
397,
151,
46,
62,
149,
287,
538,
141,
46,
114,
234,
133,
392,
488,
110,
270,
714,
459,
48,
341,
855,
483,
532,
375,
44,
478,
544,
426,
113,
280,
108,
479,
649,
415,
546,
727,
261,
420,
607,
44,
766,
128,
134,
409,
290,
654,
641,
856,
1092,
1087,
603,
640,
615,
127,
1086,
77,
162,
132,
651,
252,
42,
647,
573,
1086,
40,
250,
888,
520,
116,
237,
549,
570,
1104,
327,
675,
844,
534,
453,
251,
692,
442,
585,
1102,
358,
563,
628,
289,
633,
428,
569,
42,
379,
658,
123,
588,
195,
593,
209,
505,
504,
696,
133,
355,
1102,
155,
733,
645,
652,
364,
592,
1101,
42,
542,
703,
501,
106,
44,
511,
661,
729,
475,
362,
41,
321,
1113,
649,
712,
472,
517,
218,
827,
303,
400,
614,
1001,
451,
322,
245,
784,
110,
497,
551,
540,
488,
507,
438,
467,
670,
1107,
688,
127,
45,
43,
695,
147,
117,
458,
447,
131,
912,
504,
994,
254,
422,
491,
1058,
511,
562,
543,
379,
131,
242,
590,
168,
556,
111,
154,
305,
362,
1004,
192,
98,
505,
526,
388,
757,
653,
113,
140,
305,
862,
95,
303,
98,
358,
277,
174,
382,
141,
835,
638,
321,
238,
268,
309,
468,
652,
672,
394,
820,
655,
692,
475,
1037,
614,
892,
680,
447,
798,
758,
445,
941,
487,
574,
40,
78,
517,
610,
535,
543,
499,
362,
495,
466,
432,
458,
544,
1043,
500,
395,
513,
457,
912,
456,
447,
460,
692,
291,
343,
576,
562,
549,
600,
707,
1103,
496,
828,
537,
897,
136,
149,
64,
207,
161,
55,
333,
118,
185,
234,
150,
350,
129,
201,
138,
265,
466,
172,
490,
809,
553,
104,
792,
97,
779,
321,
652,
113,
538,
320,
755,
284,
505,
95,
348,
85,
192,
222,
384,
45,
305,
252,
235,
367,
269,
285,
189,
256,
391,
86,
453,
441,
342,
475,
452,
433,
924,
431,
821,
588,
203,
498,
495,
370,
594,
756,
275,
667,
462,
439,
237,
411,
663,
395,
464,
252,
237,
647,
462,
120,
284,
344,
367,
606,
453,
443,
381,
673,
601,
37,
786,
69,
580,
391,
57,
323,
808,
692,
469,
319,
518,
66,
827,
398,
164,
941,
780,
58,
551,
300,
522,
592,
213,
216,
727,
391,
557,
317,
387,
144,
500,
491,
302,
398,
139,
551,
388,
250,
167,
385,
636,
274,
183,
378,
357,
168,
372,
448,
313,
647,
965,
146,
155,
371,
154,
127,
507,
423,
178,
408,
176,
392,
481,
85,
344,
230,
759,
699,
342,
1101,
640,
720,
122,
318,
452,
316,
667,
321,
181,
671,
417,
180,
179,
242,
413,
178,
1043,
178,
750,
169,
430,
56,
684,
1044,
664,
273,
83,
158,
316,
225,
271,
424,
908,
266,
584,
178,
458,
564,
581,
450,
317,
632,
569,
410,
919,
158,
1099,
534,
359,
309,
607,
613,
137,
327,
345,
130,
229,
178,
529,
602,
662,
845,
153,
251,
271,
595,
120,
344,
1134,
613,
323,
403,
92,
243,
397,
240,
394,
561,
543,
105,
774,
451,
284,
220,
308,
295,
272,
415,
529,
579,
246,
423,
1124,
492,
290,
542,
533,
392,
72,
1131,
539,
484,
1016,
548,
1054,
493,
701,
482,
148,
545,
621,
446,
434,
586,
423,
1063,
147,
487,
73,
523,
349,
1074,
172,
355,
453,
660,
423,
150,
177,
74,
565,
157,
43,
314,
624,
72,
1067,
492,
544,
1063,
452,
158,
168,
553,
279,
1054,
468,
929,
1029,
545,
392,
543,
577,
742,
44,
500,
903,
554,
516,
561,
164,
561,
130,
584,
553,
579,
1226,
455,
1039,
97,
775,
149,
167,
570,
462,
370,
517,
1078,
40,
178,
976,
502,
515,
584,
164,
309,
727,
561,
214,
542,
188,
576,
1070,
165,
180,
527,
581,
84,
641,
126,
211,
725,
143,
473,
217,
471,
149,
136,
43,
464,
755,
623,
407,
98,
1239,
37,
408,
633,
754,
465,
106,
114,
1239,
748,
248,
429,
747,
436,
439,
739,
247,
756,
440,
145,
191,
748,
417,
131,
311,
432,
262,
484,
982,
472,
120,
951,
195,
938,
162,
760,
525,
122,
41,
336,
101,
911,
577,
228,
123,
498,
176,
1073,
454,
175,
265,
39,
82,
790,
170,
173,
508,
132,
321,
160,
518,
131,
101,
527,
347,
344,
1066,
355,
1106,
502,
114,
130,
358,
515,
558,
279,
468,
484,
472,
513,
827,
289,
54,
887,
402,
76,
556,
37,
163,
933,
79,
85,
137,
211,
132,
77,
411,
820,
539,
272,
127,
134,
573,
644,
483,
258,
508,
421,
573,
795,
654,
455,
688,
436,
495,
285,
461,
358,
376,
325,
455,
542,
43,
509,
395,
481,
280,
1145,
457,
579,
1020,
770,
562,
240,
281,
426,
43,
38,
481,
327,
525,
515,
309,
449,
341,
505,
444,
387,
639,
544,
540,
659,
144,
360,
145,
341,
462,
655,
287,
466,
655,
286,
441,
144,
151,
365,
374,
231,
394,
592,
215,
385,
621,
539,
287,
312,
270,
130,
470,
1029,
352,
358,
382,
255,
302,
540,
47,
516,
393,
253,
641,
277,
46,
297,
132,
161,
406,
941,
435,
207,
167,
294,
76,
71,
122,
433,
233,
133,
119,
453,
897,
591,
201,
257,
881,
200,
1122,
154,
892,
89,
152,
1129,
183,
1332,
42,
786,
155,
585,
989,
1314,
494,
793,
451,
176,
757,
352,
706,
1332,
36,
194,
133,
347,
749,
182,
787,
131,
594,
1044,
74,
801,
276,
111,
508,
360,
1334,
178,
764,
269,
911,
162,
1140,
267,
830,
572,
285,
322,
490,
123,
125,
496,
379,
929,
1167,
267,
949,
60,
456,
265,
595,
693,
39,
803,
81,
446,
647,
1182,
143,
671,
486,
334,
244,
205,
472,
126,
592,
240,
253,
282,
110,
109,
441,
382,
771,
362,
229,
426,
233,
452,
431,
483,
118,
419,
1179,
587,
873,
989,
1170,
795,
654,
191,
1074,
593,
861,
283,
1325,
439,
181,
444,
118,
213,
411,
223,
433,
419,
134,
472,
254,
41,
231,
451,
235,
385,
305,
365,
294,
243,
356,
236,
177,
211,
739,
369,
65,
190,
347,
63,
1068,
272,
116,
434,
241,
42,
393,
232,
115,
175,
1344,
148,
459,
115,
225,
766,
581,
223,
392,
118,
447,
432,
745,
426,
643,
699,
507,
412,
647,
650,
95,
639,
743,
101,
103,
650,
137,
605,
188,
809,
765,
803,
49,
458,
681,
112,
47,
621,
356,
733,
600,
260,
986,
411,
644,
630,
889,
562,
473,
620,
619,
584,
49,
60,
42,
1352,
855,
851,
651,
711,
1046,
43,
496,
138,
124,
172,
488,
632,
151,
578,
729,
453,
644,
134,
424,
188,
41,
999,
148,
123,
291,
473,
629,
422,
120,
134,
146,
143,
351,
130,
289,
129,
261,
486,
111,
365,
1234,
1303,
44,
162,
112,
163,
1302,
1043,
1101,
38,
161,
418,
215,
1300,
281,
653,
146,
161,
736,
214,
650,
206,
713,
414,
777,
391,
1316,
663,
625,
405,
344,
355,
658,
694,
112,
671,
644,
404,
124,
889,
914,
929,
513,
501,
482,
157,
121,
121,
126,
1084,
1333,
102,
692,
123,
122,
40,
123,
40,
928,
677,
1138,
36,
868,
142,
657,
617,
758,
1017,
602,
142,
497,
863,
141,
597,
190,
124,
220,
119,
113,
649,
1057,
661,
86,
565,
457,
105,
646,
103,
190,
366,
1026,
513,
44,
1099,
545,
388,
434,
519,
627,
518,
509,
700,
763,
106,
568,
499,
373,
37,
1109,
672,
637,
107,
107,
640,
476,
497,
37,
371,
443,
462,
624,
688,
401,
494,
458,
554,
549,
147,
569,
104,
857,
455,
97,
499,
528,
93,
103,
201,
760,
102,
648,
722,
45,
700,
96,
1120,
44,
620,
978,
84,
96,
618,
46,
1054,
137,
655,
36,
601,
132,
587,
1408,
742,
426,
497,
535,
534,
907,
344,
364,
564,
799,
336,
332,
776,
844,
362,
701,
320,
198,
325,
700,
645,
381,
259,
391,
163,
387,
593,
536,
360,
368,
515,
193,
416,
769,
1332,
321,
75,
766,
425,
588,
768,
663,
471,
730,
41,
395,
708,
352,
242,
517,
683,
508,
1418,
1214,
492,
57,
446,
995,
482,
934,
1235,
559,
438,
872,
239,
596,
506,
563,
1443,
240,
1231,
542,
607,
225,
724,
1440,
886,
1225,
198,
539,
41,
469,
534,
1440,
453,
232,
869,
687,
475,
40,
911,
1428,
500,
1195,
761,
1170,
1232,
474,
469,
1138,
645,
490,
528,
549,
821,
604,
674,
462,
249,
646,
553,
697,
886,
433,
149,
462,
668,
706,
430,
1149,
439,
810,
329,
1179,
39,
876,
495,
38,
480,
787,
172,
181,
117,
112,
717,
496,
193,
105,
1456,
861,
184,
356,
350,
632,
45,
438,
1181,
1453,
164,
542,
690,
446,
631,
105,
246,
160,
473,
395,
265,
484,
700,
1466,
329,
733,
544,
1127,
742,
1153,
654,
547,
1464,
485,
285,
711,
442,
748,
1470,
210,
761,
771,
126,
930,
192,
175,
610,
1468,
302,
157,
372,
1468,
982,
851,
350,
836,
1465,
405,
452,
815,
578,
801,
187,
696,
1466,
953,
203,
475,
458,
430,
1475,
171,
675,
144,
465,
1467,
168,
723,
1231,
268,
166,
42,
693,
657,
470,
358,
166,
677,
557,
655,
41,
266,
690,
312,
371,
356,
166,
38,
829,
1285,
879,
224,
169,
1485,
1146,
1253,
191,
686,
936,
825,
180,
725,
944,
138,
930,
773,
742,
944,
925,
132,
185,
929,
921,
925,
390,
373,
1481,
147,
420,
978,
400,
372,
547,
157,
600,
113,
133,
780,
1299,
137,
175,
854,
142,
133,
1171,
710,
50,
289,
717,
589,
642,
807,
382,
1243,
530,
763,
524,
609,
269,
1308,
372,
815,
694,
232,
779,
277,
683,
287,
454,
76,
1208,
221,
361,
337,
742,
428,
790,
115,
517,
370,
184,
184,
902,
115,
459,
821,
288,
173,
418,
305,
804,
396,
388,
413,
902,
663,
339,
368,
536,
356,
535,
1273,
1299,
682,
871,
1186,
132,
338,
192,
439,
1378,
165,
807,
219,
857,
122,
713,
1124,
495,
954,
559,
112,
508,
427,
161,
755,
159,
65,
420,
899,
522,
60,
123,
810,
535,
685,
530,
665,
108,
59,
40,
491,
659,
721,
651,
103,
140,
649,
379,
193,
214,
1386,
681,
419,
203,
370,
165,
178,
1250,
1330,
176,
632,
260,
554,
430,
536,
381,
194,
859,
162,
890,
1497,
527,
200,
1404,
642,
909,
232,
810,
681,
168,
420,
855,
554,
373,
1552,
1406,
135,
143,
208,
725,
122,
1559,
425,
504,
136,
58,
1425,
78,
476,
657,
621,
333,
37,
112,
252,
1323,
91,
502,
475,
167,
1373,
835,
1258,
457,
810,
475,
922,
879,
632,
260,
87,
1330,
1307,
115,
632,
474,
83,
781,
1074,
1301,
568,
1388,
558,
179,
588,
773,
485,
817,
1494,
384,
446,
414,
687,
565,
465,
1176,
875,
773,
752,
668,
653,
38,
438,
1251,
381,
575,
413,
767,
747,
785,
928,
528,
1228,
276,
1335,
860,
1483,
842,
1019,
560,
804,
1388,
107,
1016,
1447,
1019,
692,
856,
814,
862,
1374,
1470,
1396,
105,
332,
1020,
823,
1201,
774,
425,
1444,
353,
154,
350,
699,
134,
206,
110,
761,
277,
644,
1442,
425,
814,
160,
518,
200,
203,
542,
707,
169,
114,
1442,
804,
229,
76,
889,
779,
701,
392,
405,
834,
134,
771,
1231,
519,
102,
605,
305,
480,
105,
168,
832,
237,
97,
231,
194,
260,
540,
732,
90,
593,
263,
1146,
796,
100,
130,
140,
170,
390,
294,
242,
527,
331,
685,
360,
91,
539,
369,
104,
1309,
538,
274,
1042,
380,
859,
370,
745,
1440,
860,
1046,
177,
1354,
651,
379,
125,
675,
868,
552,
137,
921,
96,
170,
173,
1043,
123,
1034,
111,
118,
1623,
1288,
567,
1322,
1441,
1182,
659,
114,
1045,
863,
300,
1291,
335,
839,
347,
581,
806,
817,
309,
416,
785,
535,
1032,
879,
277,
41,
363,
527,
307,
98,
569,
667,
1446,
699,
306,
763,
934,
455,
521,
77,
365,
1400,
1200,
483,
1086,
578,
855,
701,
432,
427,
708,
806,
307,
890,
445,
185,
224,
456,
307,
454,
210,
328,
135,
407,
443,
1246,
810,
590,
453,
764,
740,
742,
312,
674,
832,
527,
306,
760,
522,
554,
371,
554,
860,
692,
174,
304,
623,
214,
332,
619,
1096,
249,
208,
689,
1231,
749,
247,
1263,
890,
663,
282,
783,
660,
305,
126,
621,
728,
304,
162,
206,
303,
532,
1155,
323,
43,
302,
41,
263,
1023,
131,
481,
135,
368,
790,
130,
540,
848,
677,
375,
1298,
1254,
299,
42,
373,
922,
752,
862,
740,
332,
827,
617,
621,
138,
61,
485,
582,
128,
143,
564,
108,
162,
147,
597,
494,
1456,
120,
135,
584,
303,
604,
253,
129,
39,
144,
548,
150,
147,
951,
303,
288,
648,
682,
946,
64,
599,
169,
95,
271,
439,
182,
803,
730,
332,
318,
893,
660,
1093,
283,
426,
125,
208,
171,
119,
219,
219,
379,
221,
207,
673,
229,
41,
206,
239,
172,
347,
370,
101,
335,
207,
129,
66,
1512,
173,
705,
205,
142,
130,
201,
90,
746,
749,
175,
583,
57,
56,
307,
569,
1533,
106,
370,
153,
96,
835,
52,
482,
145,
1275,
154,
1296,
571,
743,
133,
168,
55,
1489,
1532,
131,
1461,
799,
280,
1482,
526,
1421,
56,
1415,
105,
904,
1105,
40,
626,
39,
140,
372,
584,
150,
138,
363,
585,
1276,
59,
481,
58,
87,
762,
53,
504,
44,
771,
245,
358,
736,
267,
779,
772,
866,
1319,
754,
821,
151,
258,
689,
1349,
993,
1237,
150,
749,
148,
1496,
1300,
140,
947,
257,
1017,
354,
222,
45,
644,
1146,
43,
292,
615,
43,
587,
546,
41,
477,
87,
1490,
1306,
43,
149,
215,
149,
184,
122,
624,
81,
1496,
128,
116,
238,
893,
620,
80,
40,
236,
593,
76,
566,
624,
1501,
126,
787,
353,
929,
73,
1588,
40,
753,
545,
1200,
71,
646,
1155,
1584,
814,
68,
676,
236,
66,
1328,
1321,
1444,
187,
610,
1502,
129,
39,
275,
142,
833,
221,
664,
696,
318,
121,
1251,
674,
451,
201,
617,
753,
1467,
763,
102,
214,
119,
176,
223,
1032,
109,
1029,
746,
763,
72,
1427,
191,
107,
804,
341,
722,
415,
568,
118,
390,
712,
671,
668,
592,
577,
114,
638,
151,
876,
327,
1028,
213,
667,
591,
975,
719,
1281,
196,
717,
747,
308,
148,
684,
144,
949,
933,
954,
154,
150,
702,
148,
415,
421,
41,
136,
395,
740,
264,
742,
262,
1323,
42,
1619,
577,
367,
881,
1278,
119,
139,
601,
284,
490,
95,
944,
40,
273,
80,
38,
294,
227,
584,
41,
145,
1102,
132,
1562,
735,
1277,
66,
1659,
1009,
1443,
149,
65,
39,
79,
973,
1549,
140,
142,
1572,
548,
516,
99,
1531,
141,
1678,
143,
138,
311,
125,
461,
633,
181,
632,
162,
140,
398,
377,
161,
713,
143,
120,
413,
1563,
674,
1047,
541,
899,
131,
624,
878,
1335,
609,
615,
142,
1695,
41,
685,
731,
325,
541,
893,
109,
218,
103,
784,
180,
1444,
340,
148,
93,
1549,
741,
1268,
853,
133,
1263,
39,
157,
1563,
282,
466,
668,
208,
876,
710,
148,
1352,
1697,
922,
1368,
61,
831,
1686,
93,
619,
1215,
156,
862,
413,
41,
156,
155,
1203,
96,
746,
602,
110,
151,
865,
926,
623,
1692,
43,
607,
1512,
87,
957,
523,
1453,
621,
860,
1570,
1504,
602,
1531,
43,
432,
629,
482,
1617,
951,
1571,
1694,
479,
45,
491,
1016,
285,
217,
461,
284,
44,
1253,
42,
770,
375,
699,
264,
747,
262,
764,
290,
170,
132,
77,
180,
783,
491,
485,
1548,
627,
1391,
1652,
351,
84,
1269,
339,
87,
79,
953,
933,
235,
780,
201,
1636,
188,
508,
163,
652,
503,
81,
953,
48,
727,
631,
123,
870,
623,
159,
85,
273,
81,
477,
528,
564,
1571,
499,
76,
178,
41,
207,
477,
480,
780,
289,
823,
1574,
192,
427,
513,
195,
1733,
672,
766,
85,
40,
492,
202,
191,
600,
80,
176,
85,
954,
754,
1610,
43,
1573,
314,
87,
732,
43,
521,
99,
1577,
442,
560,
904,
784,
473,
99,
1606,
754,
93,
1604,
642,
1702,
437,
167,
705,
1384,
1701,
1046,
186,
784,
1058,
1014,
1258,
167,
445,
1587,
992,
97,
114,
1366,
1621,
625,
1581,
192,
1486,
134,
1059,
765,
129,
321,
98,
705,
160,
1333,
738,
918,
1411,
696,
131,
1721,
107,
122,
1723,
1352,
90,
1168,
1122,
1447,
1239,
156,
991,
105,
1631,
229,
157,
1448,
1656,
476,
45,
162,
114,
607,
131,
91,
106,
1032,
435,
253,
74,
1663,
113,
954,
1096,
81,
587,
77,
328,
1176,
1288,
83,
1028,
73,
928,
111,
1250,
318,
866,
438,
133,
394,
1162,
79,
44,
590,
1766,
1466,
586,
1162,
1110,
1379,
432,
333,
348,
284,
375,
707,
278,
292,
600,
291,
571,
740,
254,
258,
805,
530,
321,
190,
307,
230,
423,
394,
237,
752,
205,
287,
523,
215,
144,
697,
148,
46,
150,
153,
663,
428,
889,
619,
875,
863,
713,
79,
300,
986,
647,
864,
270,
80,
784,
42,
881,
513,
937,
1298,
870,
315,
129,
611,
126,
1075,
1623,
884,
124,
1468,
1516,
1728,
1579,
553,
1621,
1452,
1366,
784,
1430,
859,
601,
879,
959,
614,
1063,
696,
991,
870,
237,
1453,
1468,
826,
762,
853,
1791,
167,
1045,
847,
43,
363,
79,
70,
837,
785,
828,
87,
290,
43,
439,
889,
1177,
583,
1311,
547,
1134,
245,
519,
543,
1139,
185,
856,
1633,
1540,
1086,
166,
448,
88,
1824,
1088,
41,
240,
1148,
1346,
1665,
179,
1722,
1666,
986,
954,
166,
1340,
1089,
523,
739,
44,
746,
199,
490,
127,
141,
142,
40,
319,
125,
137,
41,
1157,
1073,
471,
482,
522,
681,
39,
98,
97,
77,
674,
1152,
1156,
73,
1130,
1394,
119,
43,
194,
1046,
932,
616,
862,
919,
509,
129,
81,
458,
1245,
514,
985,
323,
1561,
260,
1642,
449,
683,
332,
1040,
1231,
42,
274,
777,
47,
847,
1673,
1071,
1267,
60,
454,
836,
1291,
355,
535,
648,
421,
348,
445,
275,
1470,
1415,
454,
316,
496,
614,
58,
550,
1429,
1232,
1359,
485,
845,
1407,
1532,
778,
1101,
1834,
721,
1126,
410,
1874,
612,
932,
435,
41,
736,
89,
1706,
995,
1752,
1060,
1582,
1657,
251,
569,
1434,
1481,
227,
230,
236,
856,
574,
957,
1094,
225,
1323,
222,
1239,
1012,
846,
260,
287,
467,
1139,
261,
1296,
465,
204,
245,
836,
570,
998,
473,
46,
1001,
235,
988,
453,
946,
119,
70,
841,
1507,
491,
195,
1037,
733,
850,
219,
1228,
178,
1581,
771,
44,
834,
989,
847,
930,
178,
44,
573,
828,
589,
1895,
1337,
632,
114,
1891,
819,
2005,
107,
99,
808,
819,
1199,
104,
573,
1884,
810,
46,
584,
946,
992,
400,
940,
45,
91,
796,
1766,
1081,
220,
1325,
763,
40,
179,
1528,
1145,
536,
1761,
166,
1198,
744,
1125,
1500,
1010,
1112,
1443,
1348,
211,
926,
1080,
1561,
1286,
1241,
884,
210,
350,
1046,
876,
819,
190,
591,
492,
572,
1331,
173,
45,
44,
188,
190,
899,
553,
1103,
862,
39,
207,
683,
582,
591,
896,
938,
1754,
335,
106,
343,
1741,
879,
533,
801,
362,
571,
1725,
1146,
1705,
547,
1185,
911,
1154,
399,
1313,
604,
986,
41,
532,
1697,
111,
281,
1737,
759,
951,
912,
757,
44,
1692,
277,
1136,
157,
826,
43,
1702,
146,
1657,
1552,
725,
40,
1106,
123,
534,
704,
261,
41,
786,
1210,
891,
1096,
253,
702,
609,
392,
1061,
1502,
256,
701,
1238,
1653,
1261,
240,
760,
434,
799,
1336,
557,
338,
1211,
251,
998,
986,
40,
653,
266,
489,
1285,
1249,
642,
597,
320,
568,
992,
1747,
306,
960,
91,
432,
725,
448,
1105,
1565,
1114,
720,
1782,
757,
938,
1733,
1818,
253,
1793,
1174,
1534,
1339,
1360,
268,
470,
1190,
743,
715,
228,
771,
161,
1412,
1450,
44,
210,
580,
568,
1659,
218,
44,
1655,
1695,
43,
640,
1712,
807,
193,
43,
1185,
65,
629,
229,
1058,
58,
236,
1131,
1714,
101,
110,
878,
175,
243,
155,
226,
108,
162,
869,
40,
826,
103,
588,
235,
152,
575,
127,
119,
90,
487,
736,
500,
320,
992,
1110,
49,
544,
1338,
828,
864,
732,
380,
669,
973,
665,
597,
539,
585,
568,
538,
1776,
583,
1089,
573,
74,
97,
93,
644,
494,
1326,
566,
939,
515,
564,
1793,
43,
74,
563,
41,
1151,
562,
546,
982,
1143,
782,
39,
343,
1083,
327,
577,
739,
38,
338,
78,
487,
351,
717,
344,
274,
528,
307,
601,
629,
540,
1520,
589,
296,
38,
1513,
328,
1519,
281,
1502,
348,
1725,
44,
140,
40,
1446,
1009,
332,
1393,
1736,
1531,
41,
40,
1016,
374,
367,
535,
464,
1756,
712,
329,
308,
43,
347,
38,
714,
1734,
1893,
535,
334,
1072,
767,
740,
375,
534,
1671,
1435,
42,
1583,
39,
962,
1276,
208,
941,
680,
1167,
1834,
142,
359,
1887,
140,
858,
679,
1913,
1378,
319,
117,
1412,
1416,
675,
1815,
74,
95,
442,
47,
462,
1483,
2179,
372,
1205,
879,
1467,
507,
390,
281,
822,
1174,
489,
1205,
948,
965,
631,
331,
882,
308,
48,
530,
262,
658,
131,
100,
1094,
291,
1130,
1136,
1193,
335,
569,
43,
740,
735,
1088,
744,
281,
388,
1545,
1406,
220,
783,
641,
930,
653,
1165,
1127,
1450,
733,
1412,
534,
1077,
877,
511,
972,
928,
737,
1195,
997,
498,
832,
937,
1089,
768,
1377,
747,
439,
1098,
1482,
965,
608,
788,
2237,
972,
1074,
591,
613,
1012,
393,
707,
371,
886,
43,
425,
577,
104,
336,
125,
576,
281,
521,
1726,
320,
92,
90,
74,
368,
305,
747,
1192,
773,
1459,
1474,
582,
291,
1466,
1276,
75,
702,
1284,
1028,
375,
18,
694,
373,
345,
365,
770,
1859,
360,
352,
1941,
382,
603,
402,
345,
428,
1280,
643,
269,
1818,
407,
1246,
644,
880,
967,
1863,
47,
953,
285,
1715,
1253,
831,
362,
46,
618,
347,
44,
1543,
1935,
275,
422,
1383,
43,
736,
485,
1481,
1864,
360,
1003,
42,
564,
1146,
735,
342,
444,
719,
1275,
325,
298,
390,
839,
481,
779,
247,
711,
1356,
430,
1482,
336,
813,
233,
1475,
290,
1442,
1243,
374,
57,
828,
46,
190,
72,
212,
742,
322,
840,
1485,
47,
346,
1723,
45,
86,
1486,
245,
1828,
852,
46,
275,
1470,
45,
1925,
355,
1091,
1260,
473,
1419,
47,
41,
472,
335,
813,
1256,
612,
1299,
379,
556,
448,
853,
410,
727,
868,
563,
109,
1838,
688,
392,
1624,
1602,
472,
1203,
1864,
173,
1225,
1211,
743,
43,
1271,
338,
436,
228,
831,
1080,
853,
862,
805,
339,
812,
359,
436,
99,
1811,
37,
418,
1166,
391,
220,
208,
739,
213,
261,
822,
337,
42,
416,
828,
658,
353,
77,
275,
810,
42,
315,
880,
1443,
528,
329,
531,
738,
42,
74,
664,
756,
1303,
867,
905,
680,
1947,
1303,
652,
1604,
1537,
1054,
573,
1415,
82,
1263,
1543,
1257,
1468,
2303,
660,
1785,
1400,
218,
1913,
745,
1398,
1988,
545,
371,
830,
41,
835,
2281,
698,
231,
796,
1570,
2101,
782,
506,
484,
1980,
638,
126,
800,
1789,
795,
1189,
385,
1805,
163,
488,
636,
56,
711,
1417,
398,
40,
890,
696,
1428,
719,
1596,
924,
834,
504,
900,
858,
48,
839,
899,
404,
1253,
1132,
823,
386,
236,
2114,
170,
892,
537,
238,
538,
360,
327,
880,
633,
928,
294,
42,
676,
361,
1697,
595,
570,
694,
1483,
492,
1510,
717,
640,
276,
577,
613,
1992,
572,
813,
1518,
306,
590,
1462,
40,
112,
100,
812,
1487,
688,
1100,
823,
675,
1972,
1121,
1462,
868,
1428,
393,
1473,
835,
839,
383,
475,
809,
1252,
868,
367,
80,
894,
1443,
400,
712,
278,
1550,
1557,
1627,
1424,
1115,
209,
695,
891,
476,
1659,
1604,
758,
1010,
804,
377,
69,
352,
925,
1123,
855,
1616,
838,
480,
804,
871,
868,
332,
1171,
1228,
817,
804,
666,
210,
404,
1925,
2009,
374,
791,
947,
1212,
43,
1329,
55,
1153,
756,
416,
43,
562,
109,
144,
232,
436,
820,
1099,
1252,
380,
1588,
41,
1149,
888,
1033,
1257,
301,
1323,
394,
839,
719,
408,
346,
299,
1251,
112,
575,
792,
546,
1979,
895,
608,
692,
340,
110,
116,
1122,
487,
810,
2032,
685,
1305,
707,
1438,
1432,
104,
864,
1556,
1409,
41,
357,
103,
1543,
2049,
2296,
98,
1556,
40,
1466,
356,
697,
535,
97,
836,
690,
355,
698,
799,
490,
90,
220,
857,
806,
83,
1277,
716,
850,
95,
79,
202,
723,
71,
1476,
197,
382,
78,
675,
162,
117,
704,
105,
668,
392,
60,
2437,
40,
372,
68,
370,
89,
363,
107,
726,
86,
315,
402,
1153,
331,
86,
40,
400,
1228,
1119,
1285,
748,
1099,
314,
1257,
82,
856,
67,
1560,
742,
789,
82,
279,
683,
685,
43,
67,
1621,
1422,
1798,
965,
1299,
404,
326,
1329,
832,
402,
1086,
1582,
389,
413,
366,
674,
340,
1289,
1391,
1297,
820,
332,
1294,
990,
364,
1964,
1078,
1587,
340,
734,
757,
392,
556,
1028,
297,
394,
878,
1305,
647,
556,
571,
534,
685,
1313,
514,
1818,
531,
284,
1046,
1581,
931,
515,
1186,
1253,
1194,
1437,
1051,
699,
682,
1030,
523,
1023,
955,
223,
990,
427,
2479,
866,
1214,
439,
352,
1147,
324,
319,
1511,
575,
521,
752,
717,
300,
326,
107,
41,
309,
314,
978,
327,
263,
582,
1493,
214,
1879,
228,
2036,
879,
828,
974,
568,
1462,
1513,
967,
1475,
263,
534,
1015,
1450,
1592,
751,
40,
1160,
857,
748,
520,
763,
602,
968,
1605,
2055,
532,
762,
1572,
707,
479,
1460,
761,
502,
198,
774,
2053,
261,
979,
970,
793,
538,
258,
534,
769,
956,
248,
479,
526,
527,
456,
742,
509,
442,
262,
687,
43,
295,
431,
41,
767,
313,
710,
322,
386,
1186,
289,
847,
1796,
342,
1015,
449,
520,
398,
1331,
347,
1265,
2060,
378,
442,
453,
263,
829,
454,
470,
112,
587,
1384,
1920,
875,
862,
899,
309,
446,
1044,
423,
42,
565,
814,
833,
1372,
111,
541,
95,
1561,
624,
91,
1627,
118,
1071,
272,
107,
582,
1093,
1095,
1071,
1649,
1171,
1031,
1357,
1648,
244,
41,
220,
1594,
727,
40,
1047,
399,
434,
1609,
452,
714,
1145,
1056,
798,
933,
352,
1060,
1006,
1663,
501,
317,
444,
485,
417,
1142,
887,
1499,
705,
1383,
1390,
555,
1022,
43,
47,
176,
63,
1206,
110,
38,
1227,
1385,
842,
1374,
434,
246,
1382,
291,
312,
336,
1496,
820,
1367,
238,
832,
310,
797,
239,
236,
328,
229,
236,
1754,
210,
228,
214,
225,
250,
170,
212,
1211,
191,
113,
157,
210,
725,
679,
490,
1415,
748,
882,
799,
735,
754,
622,
681,
680,
755,
1650,
1654,
115,
75,
223,
439,
771,
407,
1119,
81,
242,
231,
2073,
892,
1637,
81,
1965,
1709,
269,
1957,
436,
1997,
1705,
164,
921,
792,
1330,
1424,
977,
711,
1798,
189,
39,
1388,
520,
756,
1418,
1070,
1420,
105,
1323,
1366,
1417,
1661,
1415,
2118,
1376,
165,
945,
1371,
755,
687,
928,
934,
730,
43,
705,
2530,
632,
877,
166,
915,
310,
413,
41,
39,
1367,
1493,
2270,
38,
1341,
1483,
1155,
842,
885,
1095,
1016,
955,
766,
1862,
1887,
1201,
1756,
873,
1994,
309,
1922,
473,
328,
377,
833,
1938,
1201,
2598,
931,
1304,
1664,
472,
669,
1129,
988,
588,
1402,
1658,
635,
1640,
971,
1813,
780,
1909,
439,
1295,
1945,
93,
847,
383,
1042,
444,
1225,
393,
253,
969,
45,
858,
259,
950,
1122,
250,
126,
1221,
511,
437,
781,
1001,
250,
1007,
1738,
788,
1209,
327,
245,
248,
994,
699,
1305,
1714,
240,
1308,
1784,
341,
967,
931,
46,
482,
642,
876,
484,
305,
1233,
254,
525,
1299,
248,
1307,
1733,
41,
2594,
1436,
1429,
549,
1488,
616,
1951,
1405,
857,
330,
508,
852,
1216,
328,
839,
196,
507,
292,
945,
825,
542,
844,
529,
521,
832,
819,
544,
586,
566,
764,
1303,
450,
316,
565,
424,
232,
505,
261,
240,
260,
258,
237,
622,
730,
708,
82,
45,
1692,
747,
262,
1676,
242,
1209,
88,
86,
271,
80,
275,
538,
137,
468,
536,
79,
874,
551,
307,
715,
139,
920,
1732,
567,
306,
135,
290,
287,
511,
2065,
302,
553,
414,
128,
1406,
1833,
954,
438,
1952,
1910,
460,
521,
1834,
414,
1339,
1336,
549,
267,
639,
78,
536,
1325,
2120,
418,
1791,
2675,
1258,
378,
265,
258,
1359,
271,
266,
1748,
393,
108,
1184,
388,
2270,
539,
612,
564,
993,
313,
1169,
2370,
459,
1545,
2242,
930,
1583,
1976,
222,
2366,
521,
545,
206,
2056,
233,
1847,
204,
2007,
227,
244,
242,
239,
1363,
2227,
217,
2327,
1918,
529,
1716,
1280,
556,
83,
1006,
512,
499,
2064,
316,
901,
518,
1003,
1371,
182,
1250,
673,
2486,
434,
945,
155,
1472,
501,
276,
154,
1038,
2037,
118,
1826,
346,
1010,
238,
1319,
112,
152,
1964,
456,
311,
1199,
1993,
151,
948,
443,
485,
1409,
106,
1210,
111,
79,
1236,
1040,
2051,
328,
1039,
2287,
955,
1467,
421,
525,
257,
39,
178,
576,
899,
1592,
555,
191,
2013,
1847,
1461,
1212,
395,
2252,
701,
2400,
395,
80,
1369,
2032,
2236,
144,
134,
2173,
133,
419,
684,
1462,
1469,
1218,
1444,
1347,
416,
280,
58,
122,
457,
119,
114,
1358,
296,
749,
1061,
114,
332,
202,
288,
107,
1054,
200,
1885,
1050,
1307,
761,
2094,
1563,
250,
285,
1222,
1050,
290,
1126,
1046,
293,
245,
736,
738,
1098,
1340,
1113,
973,
420,
1308,
145,
1251,
231,
2279,
438,
204,
286,
2376,
282,
339,
1864,
497,
2211,
442,
1351,
1329,
206,
186,
99,
496,
314,
831,
1278,
443,
245,
166,
1742,
165,
165,
1802,
1823,
80,
963,
103,
1335,
1055,
2287,
1744,
234,
1058,
1069,
2076,
197,
1270,
1411,
1247,
1054,
1152,
2052,
404,
255,
177,
1740,
1315,
122,
1301,
165,
373,
253,
1709,
1161,
889,
805,
345,
161,
232,
409,
389,
156,
956,
848,
2338,
1052,
1086,
1324,
2045,
607,
253,
1690,
1556,
214,
1355,
1099,
1973,
825,
812,
1084,
2273,
733,
443,
867,
1445,
2109,
622,
209,
2289,
188,
172,
1671,
1062,
1677,
1290,
94,
1959,
733,
718,
162,
172,
2809,
1660,
1983,
1791,
161,
2319,
2282,
158,
141,
156,
159,
602,
542,
142,
185,
139,
160,
155,
1314,
124,
1791,
1379,
668,
1178,
2396,
1345,
2135,
1152,
119,
856,
127,
1141,
174,
1107,
676,
124,
448,
2115,
65,
1760,
103,
102,
362,
100,
1207,
277,
2240,
2249,
848,
1049,
101,
172,
1121,
159,
147,
116,
1143,
527,
1148,
492,
140,
977,
111,
177,
497,
80,
173,
960,
1804,
1032,
173,
1983,
1593,
1194,
2113,
90,
1228,
1695,
516,
962,
119,
1983,
69,
1567,
398,
1080,
65,
396,
1222,
288,
63,
526,
331,
84,
63,
2188,
56,
96,
1222,
2171,
422,
1498,
1127,
83,
89,
1753,
2175,
774,
1155,
85,
1530,
1256,
1514,
2333,
1421,
1435,
1026,
1988,
649,
530,
998,
531,
215,
229,
278,
90,
284,
201,
1172,
265,
978,
567,
1013,
516,
503,
469,
1168,
1270,
1432,
1350,
1431,
664,
876,
208,
1472,
2050,
2905,
1265,
476,
1444,
63,
223,
31,
112,
198,
183,
94,
672,
1495,
84,
587,
1077,
97,
82,
107,
2977,
477,
472,
105,
98,
1040,
96,
623,
2380,
453,
95,
92,
488,
480,
82,
489,
835,
443,
1134,
2267,
81,
2367,
146,
1717,
100,
121,
1141,
402,
1930,
102,
896,
100,
2390,
1780,
99,
92,
2366,
90,
405,
87,
861,
386,
92,
78,
82,
83,
102,
82,
774,
81,
76,
115,
71,
57,
51,
1820,
1721,
860,
51,
2068,
865,
890,
48,
845,
1714,
386,
872,
584,
951,
1169,
323,
863,
1832,
868,
859,
998,
46,
672,
301,
359,
1050,
850,
1653,
312,
768,
92,
453,
872,
47,
91,
46,
86,
361,
675,
342,
75,
315,
587,
308,
1732,
1670,
323,
1262,
429,
643,
898,
42,
1251,
617,
42,
897,
54,
39,
43,
861,
90,
1110,
425,
1157,
444,
42,
1718,
499,
712,
41,
456,
2436,
1710,
699,
239,
200,
331,
315,
43,
2007,
199,
1295,
859,
41,
1924,
1268,
1839,
328,
1171,
458,
193,
191,
273,
421,
550,
41,
1719,
636,
75,
37,
1069,
3059,
1932,
199,
196,
146,
195,
2131,
2146,
1213,
192,
196,
1337,
1418,
1210,
1473,
1383,
193,
1252,
330,
1194,
1256,
42,
813,
1676,
1203,
37,
1259,
1236,
329,
1319,
1734,
660,
1359,
2233,
138,
1206,
1559,
756,
855,
669,
1228,
667,
1294,
212,
848,
1055,
813,
211,
43,
1858,
47,
677,
758,
1540,
1769,
1636,
682,
2118,
1057,
212,
798,
1769,
668,
660,
658,
211,
331,
1524,
1101,
666,
1551,
389,
42,
1563,
1290,
429,
276,
554,
43,
409,
778,
361,
2292,
225,
1065,
39,
1117,
1674,
1058,
995,
1733,
1068,
850,
224,
1032,
810,
246,
1310,
868,
1253,
1185,
1420,
830,
1327,
1316,
3143,
223,
221,
41,
1005,
206,
361,
156,
721,
223,
1065,
219,
39,
148,
1220,
578,
1350,
134,
1244,
798,
1104,
117,
1018,
1019,
1693,
1055,
114,
123,
853,
1337,
1316,
829,
340,
1822,
43,
820,
303,
1821,
39,
2099,
334,
1689,
1759,
1837,
945,
2296,
282,
830,
512,
1050,
801,
1686,
2117,
621,
1302,
130,
667,
507,
740,
553,
650,
1821,
461,
397,
1128,
518,
861,
674,
454,
1298,
243,
469,
379,
402,
478,
872,
233,
2052,
688,
462,
387,
1339,
687,
648,
478,
704,
1313,
448,
361,
329,
727,
949,
378,
1850,
44,
331,
37,
157,
609,
677,
137,
800,
2261,
2395,
616,
2383,
2304,
42,
2462,
492,
122,
283,
114,
502,
102,
743,
274,
458,
100,
457,
193,
165,
576,
1588,
456,
36,
1346,
1924,
99,
915,
82,
240,
276,
197,
376,
105,
534,
126,
1134,
280,
2448,
145,
92,
936,
1771,
91,
1703,
174,
1142,
44,
2600,
2547,
39,
87,
1128,
89,
605,
134,
1699,
2298,
1573,
84,
82,
1798,
88,
1002,
66,
1159,
799,
565,
1198,
1620,
860,
1157,
2312,
292,
287,
1103,
684,
812,
1555,
196,
1165,
1936,
45,
1549,
613,
1485,
1532,
328,
2615,
2425,
2600,
46,
1481,
373,
2612,
868,
427,
214,
1515,
1202,
386,
39,
38,
1389,
385,
628,
46,
394,
1827,
1377,
79,
99,
383,
2333,
1367,
419,
2531,
416,
917,
83,
234,
51,
1835,
40,
345,
847,
914,
1285,
417,
1344,
42,
1602,
83,
103,
332,
268,
1600,
79,
2496,
332,
45,
1583,
43,
97,
42,
48,
84,
231,
69,
291,
316,
1084,
1082,
2174,
918,
2104,
1071,
43,
2640,
44,
1281,
42,
40,
1226,
765,
2462,
362,
562,
1238,
1238,
2459,
749,
38,
1067,
2174,
2506,
2525,
709,
2123,
1484,
42,
1558,
911,
166,
1980,
1199,
1102,
372,
53,
1168,
77,
2180,
1437,
1090,
201,
1109,
1127,
41,
1041,
1433,
1107,
1191,
1257,
131,
1240,
1388,
1843,
1423,
666,
1344,
1745,
43,
40,
1991,
2647,
1463,
1112,
1132,
1304,
280,
42,
45,
2052,
1238,
125,
1208,
991,
1347,
87,
1990,
40,
83,
1236,
1137,
1120,
1909,
44,
805,
1616,
47,
2031,
2649,
2211,
2106,
394,
1733,
576,
1859,
392,
395,
44,
551,
1735,
391,
1314,
36,
2587,
1488,
1001,
1269,
2528,
75,
2325,
54,
823,
753,
57,
1708,
1908,
1545,
1894,
696,
1251,
702,
894,
1742,
2323,
445,
293,
1153,
929,
2270,
1945,
1302,
2529,
401,
1975,
1965,
1117,
571,
2039,
43,
931,
497,
2086,
684,
953,
552,
447,
1414,
41,
1111,
771,
1647,
402,
1448,
932,
2426,
231,
397,
156,
401,
373,
1473,
1975,
1931,
87,
1890,
1292,
931,
1411,
1029,
333,
647,
941,
2117,
1918,
1891,
45,
1171,
2046,
1279,
1282,
1875,
2095,
1124,
948,
1002,
2089,
2702,
2442,
1058,
938,
1276,
934,
655,
2177,
1669,
1455,
1718,
943,
1186,
1037,
1065,
904,
2254,
1368,
1800,
1110,
41,
1046,
954,
1151,
1397,
41,
93,
37,
1459,
37,
1061,
92,
1015,
1199,
935,
1788,
1032,
1301,
1156,
123,
934,
1077,
874,
901,
983,
62,
1962,
933,
987,
1733,
1199,
108,
1002,
1460,
113,
1106,
1817,
1312,
959,
44,
1455,
1893,
828,
864,
1369,
965,
1453,
836,
43,
1327,
514,
1288,
1363,
447,
707,
503,
352,
1343,
1088,
2099,
1403,
618,
1187,
539,
223,
857,
100,
861,
2465,
1179,
889,
112,
943,
448,
2115,
85,
2722,
491,
448,
604,
734,
1531,
1507,
1696,
2688,
87,
1217,
1587,
1119,
1919,
1191,
45,
432,
1801,
41,
560,
1775,
1528,
638,
1657,
421,
1116,
631,
371,
2041,
454,
467,
579,
987,
1196,
988,
983,
189,
943,
985,
116,
81,
1474,
1423,
759,
994,
962,
987,
939,
266,
505,
937,
987,
945,
915,
1367,
1098,
1356,
2543,
1669,
899,
987,
948,
959,
979,
940,
463,
839,
848,
423,
129,
161,
128,
159,
941,
79,
410,
864,
399,
529,
986,
1141,
1038,
1264,
952,
1466,
961,
345,
2341,
399,
1312,
594,
965,
1656,
878,
1700,
969,
893,
1125,
1041,
1255,
974,
888,
961,
574,
952,
75,
885,
582,
949,
2145,
957,
44,
1482,
2432,
468,
1997,
1926,
1244,
495,
1159,
1709,
1275,
1829,
507,
1260,
2186,
1571,
667,
2636,
80,
533,
1566,
2410,
1468,
912,
1446,
43,
707,
632,
918,
543,
1464,
1568,
868,
1458,
43,
986,
958,
670,
2799,
107,
1168,
2581,
868,
42,
371,
2362,
854,
541,
1227,
2472,
856,
1407,
1086,
806,
36,
1395,
434,
366,
139,
1757,
345,
331,
953,
405,
476,
1485,
1009,
88,
1478,
1557,
404,
294,
1199,
1956,
153,
2445,
2216,
672,
1361,
144,
2278,
461,
2213,
84,
1186,
2219,
1199,
1334,
103,
90,
1198,
1079,
790,
1392,
1362,
1387,
1454,
1604,
497,
1121,
1075,
406,
1125,
1602,
1189,
2649,
2125,
2673,
1456,
792,
338,
2429,
1041,
1449,
1679,
1612,
231,
726,
2713,
1174,
795,
1118,
1872,
546,
819,
44,
1902,
1151,
764,
1874,
1606,
533,
1275,
1557,
2226,
1582,
37,
2853,
1859,
1352,
341,
817,
1565,
1124,
316,
1539,
94,
1462,
1002,
2679,
640,
2515,
862,
1000,
300,
1118,
1490,
1018,
1241,
99,
1141,
1220,
590,
86,
869,
899,
641,
2272,
992,
483,
1143,
536,
301,
542,
174,
867,
1909,
571,
45,
2552,
1260,
43,
1597,
942,
950,
163,
2720,
509,
73,
1328,
1518,
1320,
775,
2495,
149,
1279,
1324,
1053,
1108,
863,
817,
83,
1082,
1197,
815,
1014,
1496,
39,
709,
1392,
407,
1014,
1539,
685,
1519,
1010,
513,
457,
464,
1006,
431,
1010,
1547,
986,
583,
1537,
216,
2463,
1385,
822,
1007,
228,
561,
216,
821,
42,
885,
1408,
943,
204,
1309,
1175,
820,
1287,
716,
1257,
773,
44,
39,
957,
772,
1216,
813,
949,
227,
772,
1575,
696,
715,
1086,
819,
683,
566,
689,
2343,
686,
190,
249,
1859,
556,
753,
1247,
605,
603,
1281,
1353,
142,
662,
939,
118,
1803,
1757,
885,
913,
42,
1496,
1179,
892,
370,
2351,
599,
750,
1371,
770,
79,
882,
2137,
885,
699,
91,
298,
910,
2743,
1404,
956,
906,
1558,
860,
290,
280,
1601,
2489,
298,
2248,
2266,
1679,
286,
279,
1206,
2462,
286,
1416,
1303,
990,
954,
133,
1676,
2490,
594,
2065,
311,
1768,
248,
1964,
1148,
131,
2051,
2708,
38,
314,
1165,
1215,
1984,
1085,
1903,
1404,
1142,
1211,
127,
1123,
1081,
1777,
2000,
135,
2752,
1086,
1628,
1209,
1722,
1513,
1895,
1963,
112,
1373,
106,
100,
1986,
1384,
1697,
437,
41,
1651,
1721,
1280,
1811,
1189,
1432,
1643,
1641,
563,
579,
60,
1153,
75,
510,
61,
1099,
956,
1290,
1616,
367,
1706,
950,
380,
1347,
1549,
2198,
2775,
379,
1361,
2645,
376,
1523,
122,
1690,
1319,
509,
526,
1444,
1542,
1717,
1803,
1636,
1292,
1643,
834,
1300,
1888,
277,
310,
327,
282,
1745,
269,
1664,
1749,
1638,
476,
94,
278,
803,
188,
1258,
267,
1775,
1835,
1626,
301,
138,
1627,
293,
98,
480,
127,
843,
2258,
1486,
746,
2412,
588,
2254,
100,
970,
1455,
922,
287,
133,
87,
775,
1265,
741,
1267,
264,
1183,
1665,
1576,
1199,
2289,
262,
1453,
1130,
1217,
1491,
2398,
1123,
364,
1669,
1477,
612,
2299,
1663,
1256,
109,
910,
283,
295,
1053,
1138,
1131,
355,
106,
882,
285,
1866,
968,
1302,
1125,
476,
975,
357,
84,
1816,
388,
1665,
1393,
350,
1455,
297,
291,
827,
321,
285,
1417,
306,
1135,
176,
2236,
695,
1425,
1689,
83,
1149,
95,
1894,
1440,
1864,
1414,
1927,
984,
1798,
1852,
988,
86,
82,
860,
1752,
312,
981,
975,
985,
318,
86,
321,
979,
1434,
634,
623,
184,
639,
990,
1253,
937,
1282,
975,
1352,
1493,
1585,
652,
289,
938,
1584,
1453,
1499,
1557,
1540,
948,
666,
722,
1339,
890,
253,
741,
290,
631,
1159,
934,
248,
1668,
811,
1452,
1245,
1045,
80,
784,
379,
1204,
751,
1371,
1505,
2707,
123,
756,
725,
1230,
574,
1322,
1564,
1381,
1586,
1202,
334,
630,
654,
581,
339,
630,
403,
729,
331,
2019,
79,
1536,
1252,
327,
895,
1600,
1826,
581,
1020,
1537,
1458,
338,
1800,
1103,
821,
894,
123,
1643,
1517,
780,
1368,
138,
490,
1543,
1577,
1364,
657,
867,
259,
134,
1402,
1600,
1756,
748,
351,
1704,
1273,
1504,
1535,
258,
210,
582,
1250,
1436,
134,
838,
1727,
132,
1476,
1321,
1344,
203,
653,
626,
907,
133,
259,
237,
131,
1313,
636,
799,
574,
842,
1699,
122,
475,
793,
750,
1902,
80,
1849,
118,
336,
630,
216,
579,
351,
1612,
702,
1653,
141,
1293,
1437,
2426,
90,
88,
1493,
1286,
2487,
1298,
1475,
2485,
487,
1508,
468,
110,
1295,
144,
1282,
1101,
108,
2486,
107,
483,
93,
84,
675,
1890,
83,
1182,
1477,
66,
1268,
35,
1992,
1751,
36,
1220,
66,
85,
2632,
1918,
1364,
1910,
666,
1866,
1742,
1512,
2619,
412,
2496,
391,
187,
338,
1271,
66,
2440,
2379,
64,
1342,
797,
2494,
2301,
359,
1265,
185,
1898,
1541,
1894,
394,
1412,
362,
330,
1741,
524,
102,
1631,
1446,
1310,
1348,
280,
1928,
277,
360,
1887,
669,
272,
947,
1644,
639,
2459,
893,
331,
222,
1756,
1271,
273,
187,
192,
2307,
1312,
2392,
187,
45,
506,
1194,
1259,
45,
1222,
127,
1662,
348,
2456,
186,
426,
41,
687,
661,
1662,
38,
373,
1652,
185,
187,
68,
1280,
1100,
366,
102,
1543,
898,
1555,
89,
374,
724,
236,
600,
358,
1576,
380,
694,
652,
86,
1510,
1552,
592,
1215,
688,
1927,
2949,
84,
1166,
2564,
2425,
92,
721,
1904,
89,
946,
930,
1706,
78,
442,
1504,
38,
345,
777,
345,
188,
1689,
1114,
1571,
719,
354,
94,
2722,
342,
1123,
1401,
1063,
160,
186,
40,
226,
2086,
1321,
405,
2404,
221,
1310,
2093,
817,
81,
333,
1325,
1286,
165,
1211,
320,
1753,
194,
330,
43,
1777,
1947,
86,
179,
1933,
1771,
176,
1910,
173,
1578,
123,
385,
1421,
1932,
1143,
1293,
340,
409,
324,
1069,
483,
176,
39,
2144,
1862,
1947,
151,
467,
375,
2452,
35,
1328,
2576,
349,
724,
1250,
1354,
46,
2094,
2141,
425,
1638,
579,
177,
2069,
2104,
1299,
530,
448,
1852,
2020,
1735,
1671,
521,
361,
802,
359,
348,
1756,
357,
1350,
1972,
342,
124,
1712,
1602,
107,
333,
348,
1984,
341,
303,
324,
1939,
125,
410,
1447,
125,
329,
110,
1872,
657,
1962,
678,
1565,
1958,
104,
1439,
1944,
1997,
2451,
1659,
103,
1953,
115,
671,
79,
187,
541,
44,
74,
188,
541,
141,
431,
428,
414,
1920,
40,
122,
1904,
1216,
1708,
78,
227,
186,
699,
1727,
1706,
1535,
1470,
1714,
100,
1516,
154,
320,
261,
1703,
329,
44,
1335,
316,
543,
696,
1896,
2029,
1534,
102,
717,
2121,
300,
2039,
1943,
2513,
2108,
657,
1941,
274,
87,
296,
1934,
1978,
353,
1361,
365,
1394,
1436,
1330,
87,
84,
366,
81,
1422,
524,
2138,
1513,
1466,
480,
352,
41,
356,
348,
352,
336,
371,
97,
347,
43,
96,
2891,
41,
337,
2677,
1903,
1067,
1534,
2837,
335,
982,
1273,
98,
1538,
77,
264,
350,
1963,
350,
2780,
124,
377,
76,
41,
2666,
2610,
723,
818,
1327,
955,
2105,
824,
1523,
1778,
2438,
1523,
38,
1669,
750,
2123,
128,
215,
1712,
544,
486,
1481,
96,
468,
439,
1949,
523,
365,
1999,
1690,
371,
1352,
575,
1959,
468,
1258,
82,
1740,
624,
1680,
1787,
766,
1601,
1532,
1333,
372,
1761,
1526,
1311,
1959,
658,
952,
1354,
100,
1951,
611,
898,
609,
101,
2111,
608,
806,
1946,
572,
40,
1951,
1355,
105,
1545,
559,
1359,
1670,
1302,
1069,
545,
1292,
1914,
529,
843,
77,
97,
1242,
85,
2583,
1908,
1360,
764,
1757,
57,
873,
683,
105,
1919,
1529,
833,
771,
376,
613,
1528,
1772,
532,
310,
2553,
1428,
1823,
2501,
393,
1986,
466,
1327,
1025,
393,
1022,
340,
599,
1017,
1040,
41,
384,
1015,
40,
1709,
76,
439,
705,
2748,
1704,
1358,
766,
274,
2267,
1734,
43,
1660,
1066,
2222,
561,
690,
1312,
107,
1558,
526,
744,
555,
689,
1976,
2215,
104,
1211,
44,
323,
1777,
552,
546,
1193,
1746,
406,
1555,
1984,
1667,
533,
1274,
42,
2564,
1299,
1278,
1168,
1214,
1258,
1250,
1754,
1420,
997,
572,
1642,
1024,
1004,
39,
1810,
721,
781,
1980,
487,
586,
946,
761,
556,
1987,
710,
731,
903,
760,
514,
758,
1907,
1754,
1335,
496,
490,
89,
756,
42,
1268,
71,
617,
41,
1279,
899,
78,
482,
410,
468,
1835,
1349,
1525,
1004,
847,
748,
43,
825,
567,
709,
1784,
1950,
1850,
364,
312,
250,
153,
368,
713,
659,
153,
41,
85,
302,
40,
318,
143,
671,
1019,
313,
138,
1922,
1840,
2347,
2302,
261,
1611,
1799,
2205,
121,
310,
119,
185,
1889,
138,
1617,
801,
118,
2054,
776,
112,
1349,
870,
1873,
1341,
561,
77,
1001,
1873,
1910,
574,
2062,
801,
1826,
1294,
959,
580,
854,
1826,
1851,
2157,
1889,
1799,
2100,
1929,
1088,
2082,
417,
1604,
430,
1863,
571,
2136,
471,
2013,
42,
1922,
868,
247,
41,
2114,
513,
759,
798,
78,
144,
589,
1901,
398,
473,
616,
1897,
753,
1898,
1797,
472,
196,
1379,
531,
420,
1898,
1342,
273,
396,
743,
2946,
710,
1915,
1507,
316,
888,
941,
45,
133,
946,
333,
2628,
330,
976,
1525,
126,
257,
1769,
1697,
352,
1807,
235,
1752,
133,
110,
1761,
726,
331,
1874,
308,
825,
527,
835,
732,
1046,
1695,
1738,
1744,
652,
1656,
1656,
832,
789,
100,
1825,
715,
2150,
1715,
811,
966,
1925,
1773,
93,
43,
601,
611,
2459,
896,
457,
2999,
2145,
1696,
426,
41,
2866,
1508,
396,
1742,
2159,
1546,
2856,
2139,
1549,
532,
1716,
2135,
3004,
2145,
412,
329,
1704,
326,
1150,
2141,
509,
950,
278,
335,
2856,
1844,
605,
937,
398,
745,
1690,
70,
1951,
126,
480,
50,
1050,
1756,
134,
494,
3091,
1764,
1674,
50,
71,
566,
1853,
57,
1945,
2914,
128,
1945,
48,
580,
1896,
544,
1452,
1962,
1914,
1885,
1650,
542,
569,
799,
467,
1878,
98,
956,
926,
991,
463,
347,
544,
461,
124,
990,
351,
318,
332,
327,
3027,
158,
1908,
791,
337,
1898,
436,
1328,
526,
1583,
414,
746,
128,
1332,
936,
146,
143,
711,
335,
344,
396,
777,
102,
2874,
341,
347,
576,
619,
204,
334,
45,
1055,
377,
1951,
970,
1828,
1842,
1367,
317,
601,
317,
798,
606,
285,
611,
671,
324,
267,
377,
563,
1107,
313,
305,
105,
1535,
318,
1918,
104,
342,
2166,
733,
46,
542,
349,
2162,
2881,
2157,
101,
383,
2441,
2147,
928,
1665,
80,
902,
1194,
308,
767,
1044,
608,
1603,
458,
920,
95,
226,
286,
292,
2822,
37,
585,
576,
809,
284,
1455,
1836,
683,
103,
1854,
497,
226,
372,
1858,
559,
595,
562,
593,
585,
1715,
1964,
1453,
2033,
625,
537,
1848,
1880,
1087,
526,
2695,
78,
396,
492,
1804,
655,
1712,
1785,
42,
80,
2646,
1794,
720,
1542,
1876,
585,
1372,
2156,
45,
1901,
269,
814,
630,
1956,
619,
604,
549,
589,
269,
190,
1721,
165,
40,
259,
930,
1872,
1731,
595,
155,
84,
342,
1006,
588,
688,
125,
507,
1107,
42,
1082,
491,
332,
41,
1695,
39,
408,
101,
78,
390,
325,
401,
333,
338,
1041,
511,
316,
96,
1690,
331,
582,
564,
391,
213,
1065,
327,
430,
343,
316,
323,
1650,
278,
1755,
1811,
329,
312,
1222,
224,
118,
110,
1011,
266,
1373,
279,
302,
330,
461,
327,
534,
930,
473,
576,
1877,
40,
283,
910,
1952,
2212,
1923,
1374,
2054,
390,
1771,
2025,
800,
174,
550,
351,
929,
993,
1845,
1718,
44,
222,
232,
243,
197,
203,
108,
453,
202,
2213,
683,
369,
1129,
45,
236,
1859,
1252,
2228,
415,
1105,
244,
43,
2965,
1597,
1886,
1243,
109,
2063,
1228,
1872,
1945,
1846,
103,
547,
2063,
1009,
1988,
1091,
45,
371,
419,
1782,
87,
1123,
1687,
1991,
696,
817,
239,
2552,
694,
1808,
87,
867,
472,
1889,
2922,
957,
212,
823,
833,
2977,
1880,
111,
807,
1579,
664,
806,
470,
2037,
2924,
633,
1800,
763,
2038,
118,
615,
989,
2914,
713,
1697,
1195,
721,
277,
59,
233,
89,
1061,
1060,
56,
289,
57,
1821,
2279,
55,
2278,
43,
1065,
237,
1073,
611,
93,
197,
236,
44,
201,
189,
88,
105,
933,
237,
656,
313,
207,
150,
248,
1237,
230,
149,
86,
245,
794,
103,
596,
719,
1430,
1210,
97,
597,
208,
458,
1040,
2901,
316,
1822,
1172,
467,
1234,
1789,
2892,
483,
50,
79,
49,
234,
487,
246,
2288,
295,
486,
89,
48,
481,
2426,
485,
40,
161,
546,
233,
2283,
702,
2451,
49,
2282,
1113,
1318,
165,
906,
183,
579,
1334,
1184,
716,
2030,
2006,
554,
737,
359,
41,
2070,
1799,
1157,
527,
2891,
295,
820,
37,
1261,
2060,
1240,
1070,
1747,
481,
1019,
222,
1553,
1242,
1558,
779,
351,
470,
1833,
383,
216,
2221,
352,
2847,
80,
74,
2270,
942,
1785,
2829,
587,
927,
100,
1877,
99,
843,
1871,
869,
779,
1628,
42,
134,
2854,
169,
40,
481,
133,
1756,
1881,
173,
1540,
1771,
812,
1107,
456,
508,
1538,
122,
176,
175,
1515,
59,
2592,
959,
918,
58,
104,
713,
935,
205,
907,
211,
2640,
1827,
949,
1693,
2606,
1109,
581,
86,
47,
203,
45,
754,
224,
208,
1280,
580,
76,
806,
686,
741,
223,
46,
2600,
202,
1020,
1279,
1055,
530,
1313,
2358,
924,
218,
520,
1142,
201,
659,
558,
354,
679,
47,
616,
794,
2894,
75,
104,
1834,
1209,
212,
1938,
42,
92,
657,
2066,
1551,
224,
1836,
1864,
2030,
2357,
927,
549,
417,
208,
93,
801,
856,
207,
217,
409,
214,
577,
790,
225,
735,
1280,
401,
107,
585,
802,
1019,
1686,
1227,
207,
92,
225,
1562,
211,
220,
593,
2959,
113,
954,
97,
1226,
594,
66,
534,
678,
780,
1061,
508,
1842,
578,
1050,
106,
625,
569,
1971,
105,
2060,
112,
98,
2460,
91,
440,
94,
74,
86,
603,
752,
61,
44,
96,
236,
1230,
592,
1940,
627,
1596,
576,
608,
1362,
936,
860,
595,
44,
845,
237,
604,
971,
2464,
2125,
450,
721,
1912,
954,
2066,
1030,
573,
113,
888,
874,
2188,
690,
1052,
1210,
594,
869,
3022,
1724,
575,
1879,
584,
1887,
551,
93,
1260,
187,
691,
1208,
590,
2590,
98,
79,
269,
1890,
960,
255,
577,
1929,
891,
1068,
1239,
988,
36,
1352,
1355,
2474,
1313,
1044,
907,
632,
405,
411,
1368,
2259,
753,
1651,
2416,
1829,
1541,
624,
318,
658,
1843,
777,
463,
2446,
748,
144,
1345,
2430,
1852,
735,
1342,
710,
737,
914,
82,
1289,
442,
254,
1787,
1335,
1791,
1381,
132,
271,
259,
266,
1853,
1299,
276,
1212,
445,
41,
1783,
1279,
700,
1756,
1281,
935,
804,
621,
2469,
348,
718,
553,
547,
1196,
553,
869,
79,
1028,
612,
1397,
609,
1064,
544,
1991,
1967,
1127,
1401,
893,
549,
2635,
1291,
460,
1188,
1741,
725,
760,
166,
251,
1797,
136,
126,
109,
114,
1791,
94,
1772,
285,
99,
1125,
1809,
102,
406,
2641,
1087,
890,
309,
1745,
83,
1046,
2551,
1234,
477,
474,
1715,
1606,
51,
478,
1665,
2250,
77,
50,
1043,
1387,
1737,
1093,
2501,
2552,
968,
417,
355,
76,
1814,
1792,
53,
434,
1749,
44,
293,
888,
1574,
795,
1240,
1221,
1574,
1746,
935,
1257,
474,
744,
384,
307,
756,
729,
1116,
750,
962,
304,
316,
313,
2144,
1555,
1103,
814,
1504,
81,
1251,
1191,
1114,
37,
1617,
1129,
655,
1097,
1192,
619,
364,
742,
943,
312,
129,
41,
311,
40,
322,
1533,
2285,
488,
1789,
566,
91,
502,
499,
1612,
1249,
499,
371,
2033,
1527,
1292,
486,
307,
1063,
1603,
1333,
497,
2023,
410,
46,
75,
525,
1213,
1509,
82,
1206,
1617,
139,
1264,
114,
1258,
328,
1615,
768,
323,
1742,
40,
1302,
96,
1620,
2048,
333,
85,
2559,
186,
649,
1925,
342,
695,
162,
141,
47,
39,
142,
405,
109,
1762,
108,
770,
2049,
2590,
552,
1520,
687,
474,
509,
1692,
391,
802,
2056,
1635,
502,
404,
1899,
717,
403,
1629,
1795,
2073,
715,
1303,
1854,
710,
1986,
2360,
2490,
1374,
2308,
42,
1684,
72,
41,
1304,
398,
1888,
452,
2299,
72,
1778,
509,
27,
696,
285,
1113,
402,
432,
284,
709,
509,
572,
993,
369,
394,
1651,
1660,
786,
509,
964,
715,
266,
540,
762,
537,
365,
351,
387,
309,
508,
462,
822,
841,
1645,
285,
984,
1635,
1963,
364,
1657,
442,
2422,
794,
1699,
314,
762,
2634,
49,
1342,
1668,
1069,
2357,
96,
46,
126,
1554,
57,
46,
1663,
369,
396,
110,
1004,
79,
280,
1469,
46,
332,
1661,
41,
132,
116,
99,
78,
76,
301,
506,
1040,
1225,
301,
506,
454,
1035,
1262,
1161,
733,
1023,
759,
1024,
89,
1167,
928,
492,
250,
1605,
1386,
2639,
744,
1596,
1270,
111,
1547,
1819,
1620,
96,
87,
1383,
1291,
283,
89,
1046,
315,
113,
328,
1167,
771,
777,
592,
1070,
780,
674,
1072,
1602,
1926,
1013,
757,
448,
156,
1809,
1674,
1188,
1008,
1294,
447,
359,
504,
580,
1908,
2430,
435,
318,
78,
415,
2185,
306,
118,
437,
392,
1271,
387,
376,
385,
112,
825,
312,
358,
832,
97,
1047,
95,
1617,
817,
368,
804,
78,
823,
94,
1126,
367,
792,
805,
906,
890,
334,
1616,
1098,
222,
1482,
1055,
1204,
1264,
314,
1259,
1048,
1290,
311,
1264,
1056,
320,
367,
1272,
1048,
308,
812,
1425,
313,
1333,
287,
1215,
321,
808,
285,
377,
1694,
399,
234,
309,
424,
954,
320,
1143,
391,
1177,
147,
1899,
942,
305,
235,
145,
1052,
234,
1111,
327,
131,
121,
326,
1314,
2226,
1851,
2246,
538,
133,
130,
514,
1057,
1016,
1814,
109,
2621,
81,
835,
832,
97,
120,
815,
656,
142,
830,
784,
778,
823,
1883,
817,
814,
89,
93,
1702,
201,
423,
807,
191,
1098,
1054,
85,
1287,
1723,
1008,
316,
919,
1473,
82,
1477,
139,
1719,
1332,
1191,
346,
978,
159,
897,
132,
950,
393,
305,
2545,
125,
333,
1154,
109,
1297,
326,
209,
199,
1307,
152,
1698,
1477,
358,
1220,
1115,
1272,
1526,
117,
1527,
876,
981,
925,
444,
109,
912,
104,
431,
889,
918,
1267,
2523,
1298,
102,
1357,
1103,
1265,
1301,
1278,
1261,
104,
84,
83,
1895,
1353,
79,
725,
2491,
876,
2496,
76,
993,
1390,
1760,
1527,
1358,
772,
738,
1520,
1064,
115,
772,
923,
628,
70,
113,
166,
1509,
1988,
1506,
2667,
753,
1384,
1647,
305,
1721,
69,
301,
1434,
1757,
164,
945,
870,
804,
1433,
157,
817,
837,
116,
1722,
1753,
114,
1432,
729,
718,
1376,
150,
1374,
1976,
1431,
70,
299,
956,
846,
91,
60,
100,
2754,
1430,
1292,
1733,
292,
962,
1146,
773,
166,
419,
1123,
2532,
347,
97,
40,
82,
358,
1744,
356,
369,
367,
314,
1009,
794,
357,
1507,
342,
74,
40,
48,
41,
57,
366,
1163,
1219,
85,
262,
1139,
330,
134,
333,
140,
1353,
337,
72,
1213,
1163,
105,
250,
324,
193,
126,
125,
973,
46,
118,
970,
699,
1702,
2534,
1697,
755,
1274,
811,
1167,
275,
271,
807,
95,
85,
85,
712,
892,
186,
896,
722,
1935,
124,
1165,
613,
761,
1562,
947,
956,
82,
761,
722,
1773,
41,
921,
938,
1544,
239,
309,
1061,
959,
970,
79,
436,
930,
131,
492,
119,
1058,
1087,
2562,
1459,
506,
486,
1297,
132,
901,
168,
2576,
129,
37,
2501,
382,
117,
377,
77,
77,
1450,
242,
189,
2575,
528,
41,
375,
645,
373,
326,
657,
848,
323,
807,
2770,
373,
878,
705,
515,
1811,
893,
1191,
44,
1939,
1828,
602,
620,
1825,
45,
40,
582,
1762,
330,
1226,
1103,
87,
2901,
250,
377,
1222,
83,
831,
932,
42,
95,
541,
89,
216,
816,
331,
87,
308,
77,
296,
1329,
810,
1689,
39,
1544,
307,
1835,
289,
1544,
80,
853,
1613,
282,
1545,
770,
762,
2076,
35,
761,
106,
1556,
1529,
1924,
775,
92,
88,
1574,
255,
76,
2810,
1876,
43,
1554,
269,
327,
955,
1522,
691,
245,
268,
893,
1367,
316,
243,
2003,
1524,
1518,
309,
777,
636,
1993,
120,
773,
1526,
1265,
780,
284,
550,
1802,
1583,
725,
887,
935,
1343,
655,
639,
860,
1740,
1378,
996,
1506,
48,
43,
682,
1003,
603,
666,
1707,
992,
1287,
930,
43,
821,
654,
89,
930,
853,
865,
302,
290,
925,
887,
99,
217,
60,
287,
679,
941,
94,
894,
265,
888,
48,
43,
857,
92,
1400,
715,
867,
562,
260,
222,
85,
562,
84,
558,
881,
79,
1560,
87,
96,
1343,
1049,
1047,
2040,
951,
871,
946,
1348,
224,
613,
559,
1525,
2507,
649,
1630,
679,
1634,
906,
1132,
680,
2498,
2153,
1474,
140,
1321,
1050,
896,
2490,
1992,
540,
1697,
2122,
814,
1055,
486,
1916,
799,
1563,
1052,
1211,
1455,
36,
1065,
551,
806,
1916,
640,
1051,
1914,
82,
1338,
797,
1441,
1530,
1050,
2119,
108,
41,
37,
541,
1428,
1319,
1504,
28,
1508,
2180,
2217,
1037,
2518,
548,
1837,
1169,
41,
1835,
40,
569,
109,
945,
768,
1820,
1351,
751,
793,
802,
1503,
384,
109,
379,
559,
1053,
41,
1391,
563,
1064,
1048,
1473,
780,
1062,
1006,
674,
1497,
1278,
1060,
1131,
262,
2090,
1554,
1084,
288,
263,
1672,
118,
1846,
1564,
577,
1437,
1429,
386,
1612,
1475,
571,
1087,
1597,
1085,
2071,
1050,
2510,
1137,
1561,
1579,
425,
455,
390,
1599,
1516,
1081,
1622,
391,
1413,
1024,
383,
1133,
296,
1060,
150,
1209,
741,
2030,
1138,
1583,
1214,
1230,
382,
1610,
1057,
1199,
901,
1012,
374,
122,
121,
146,
339,
939,
547,
666,
1596,
1104,
1043,
337,
1038,
991,
326,
1107,
307,
933,
1724,
1755,
1010,
262,
378,
1396,
950,
270,
548,
1755,
109,
1056,
1026,
1745,
107,
101,
1756,
248,
1917,
2637,
1496,
295,
102,
949,
944,
1044,
91,
89,
1493,
1499,
289,
951,
1304,
1499,
78,
147,
1743,
76,
2663,
815,
142,
1494,
1084,
275,
140,
519,
238,
120,
265,
1532,
1721,
256,
1610,
1414,
1868,
1539,
80,
1207,
1188,
1866,
891,
1235,
1243,
614,
1863,
1122,
1265,
1149,
344,
1613,
154,
570,
526,
2110,
140,
1604,
593,
1646,
329,
326,
405,
1251,
1259,
96,
1106,
858,
1431,
818,
152,
297,
928,
581,
90,
811,
849,
1187,
1438,
554,
848,
1245,
313,
238,
801,
1130,
96,
1106,
760,
1096,
95,
1276,
1454,
522,
97,
431,
275,
1362,
96,
600,
2515,
495,
2058,
1036,
74,
797,
600,
376,
1358,
516,
1178,
2299,
2848,
2106,
334,
813,
77,
2356,
1631,
142,
1707,
282,
1631,
1348,
1329,
147,
280,
2152,
278,
274,
588,
266,
2524,
1631,
369,
270,
82,
1060,
1553,
1624,
2344,
326,
1896,
1258,
456,
1849,
1145,
2211,
150,
929,
90,
2014,
146,
162,
138,
198,
135,
206,
1125,
2001,
163,
127,
2252,
904,
2210,
457,
287,
1149,
211,
1916,
1037,
352,
115,
825,
1099,
876,
2651,
1448,
2642,
120,
1168,
818,
954,
1522,
110,
712,
1639,
1252,
883,
153,
108,
1153,
106,
2941,
105,
1641,
2335,
1050,
104,
1057,
808,
199,
97,
394,
545,
1874,
185,
1908,
428,
89,
724,
3055,
625,
819,
1879,
773,
78,
153,
86,
76,
341,
562,
74,
154,
1138,
134,
43,
147,
866,
991,
1054,
529,
302,
1054,
42,
308,
1178,
1064,
1076,
1241,
146,
964,
1107,
198,
2249,
2380,
1356,
1045,
143,
1090,
158,
146,
2392,
1233,
2426,
824,
1231,
1922,
143,
141,
781,
1066,
1222,
898,
76,
985,
50,
1102,
2387,
811,
132,
1137,
51,
811,
1301,
96,
1067,
1039,
786,
344,
1099,
53,
815,
49,
1154,
231,
47,
86,
345,
183,
324,
179,
2172,
1209,
314,
161,
315,
476,
314,
2144,
1072,
1174,
1235,
38,
923,
290,
358,
2740,
584,
146,
339,
2173,
357,
1134,
158,
126,
324,
330,
145,
570,
113,
2745,
2770,
1228,
39,
110,
125,
160,
106,
1501,
101,
81,
244,
96,
1498,
2181,
1473,
2496,
1012,
42,
1112,
290,
41,
1400,
2451,
2135,
114,
1118,
1396,
92,
90,
2768,
2132,
1716,
79,
304,
216,
2769,
94,
802,
2696,
302,
47,
1110,
71,
45,
1996,
683,
2108,
3129,
1839,
2254,
1152,
470,
1737,
1754,
869,
810,
1632,
41,
76,
1904,
1248,
1730,
49,
2138,
461,
1735,
1205,
679,
1960,
45,
39,
45,
1106,
1356,
598,
1013,
1853,
2099,
588,
630,
391,
406,
663,
348,
2252,
381,
2072,
341,
2285,
354,
1173,
838,
351,
47,
295,
845,
42,
2548,
451,
878,
281,
2107,
1138,
831,
556,
730,
1712,
201,
1138,
88,
407,
41,
1861,
1831,
127,
3186,
122,
1309,
199,
43,
1225,
576,
1549,
95,
1198,
374,
364,
380,
372,
409,
1197,
370,
357,
315,
362,
310,
333,
74,
341,
304,
1275,
1165,
1158,
43,
78,
1156,
77,
1208,
1354,
1555,
621,
2557,
1092,
78,
258,
1322,
950,
100,
40,
1208,
1271,
1029,
47,
104,
3164,
1212,
987,
93,
2288,
419,
90,
1114,
1419,
1095,
1081,
1189,
1839,
1095,
1612,
84,
420,
1814,
2061,
1390,
1208,
1339,
103,
2350,
1925,
1109,
2133,
2110,
1428,
1936,
41,
1363,
997,
1341,
1210,
997,
897,
934,
1317,
912,
733,
605,
72,
748,
2382,
2261,
859,
441,
1568,
1496,
1500,
3264,
1245,
36,
1398,
2108,
1387,
1427,
1383,
2627,
891,
864,
2593,
1103,
1535,
2582,
39,
2071,
39,
2411,
448,
304,
2403,
2402,
461,
415,
1527,
39,
2427,
527,
1348,
1073,
144,
1550,
198,
909,
853,
837,
3168,
997,
40,
1359,
1958,
1248,
2301,
1082,
1352,
3286,
41,
147,
151,
1429,
1321,
922,
1350,
2291,
1447,
315,
1849,
1349,
1464,
1592,
1348,
151,
1235,
871,
2156,
146,
42,
901,
885,
1349,
1322,
822,
1166,
781,
1255,
37,
2326,
1440,
1777,
46,
1453,
1039,
571,
1250,
1369,
38,
801,
37,
1034,
94,
1379,
2450,
1229,
1846,
2439,
466,
436,
470,
545,
2645,
225,
357,
1220,
527,
734,
523,
221,
224,
1389,
364,
1533,
220,
1383,
1433,
1428,
1454,
1501,
1209,
991,
170,
883,
817,
173,
171,
143,
218,
200,
131,
186,
124,
1081,
170,
812,
2659,
319,
126,
125,
43,
490,
1995,
498,
2994,
1452,
1973,
900,
966,
1139,
1451,
1517,
2194,
1797,
983,
2470,
2459,
48,
2716,
1068,
1161,
42,
1212,
1311,
1210,
2473,
138,
41,
1361,
1763,
414,
1761,
1204,
1226,
152,
1837,
1596,
152,
2099,
1881,
2243,
295,
172,
145,
1501,
1487,
2368,
153,
446,
1432,
836,
548,
1366,
1499,
152,
140,
76,
1040,
647,
1135,
814,
123,
2233,
510,
116,
74,
882,
1475,
2408,
1392,
2383,
1366,
2504,
441,
1510,
3410,
2387,
1520,
98,
2436,
1179,
2012,
1930,
1520,
1008,
848,
250,
445,
424,
445,
976,
206,
507,
1247,
176,
1120,
1179,
64,
1805,
2520,
634,
505,
1246,
1115,
1234,
72,
69,
1798,
504,
95,
1776,
2765,
1773,
1385,
1127,
1802,
1399,
1481,
424,
1539,
517,
430,
932,
929,
168,
2088,
626,
1454,
2580,
146,
432,
3474,
2043,
509,
1690,
1368,
694,
568,
1548,
883,
86,
775,
85,
605,
758,
208,
934,
87,
446,
2321,
136,
78,
982,
593,
2475,
653,
2092,
783,
534,
2531,
3491,
2086,
533,
530,
1700,
499,
319,
997,
296,
113,
133,
106,
109,
130,
106,
538,
104,
103,
77,
686,
2583,
96,
344,
286,
72,
696,
219,
2360,
566,
586,
1314,
2000,
2133,
1532,
2055,
2614,
1703,
79,
2017,
1651,
885,
579,
534,
576,
102,
712,
2052,
732,
148,
137,
91,
84,
80,
80,
75,
75,
95,
1592,
2698,
322,
2630,
2388,
88,
1637,
3598,
321,
87,
84,
1589,
1004,
289,
83,
1533,
1086,
95,
1585,
70,
81,
1709,
1256,
344,
341,
2163,
2249,
1000,
1757,
117,
103,
1063,
2165,
108,
80,
325,
2154,
298,
68,
86,
2108,
2236,
96,
1303,
1703,
2241,
91,
543,
77,
343,
1665,
1647,
97,
1820,
1827,
200,
1631,
1464,
1573,
1433,
2079,
72,
541,
2130,
2001,
246,
78,
1550,
251,
348,
977,
983,
104,
1790,
695,
1190,
1348,
1743,
995,
2760,
1293,
1829,
104,
1670,
1120,
65,
706,
1233,
1700,
100,
104,
93,
138,
89,
124,
2598,
98,
1768,
985,
1188,
101,
1241,
1197,
85,
84,
73,
412,
540,
512,
333,
88,
438,
77,
2343,
2207,
