43,
34,
40,
39,
44,
43,
72,
43,
40,
38,
70,
38,
80,
76,
38,
60,
46,
67,
32,
41,
38,
67,
48,
37,
110,
100,
126,
109,
105,
126,
116,
122,
130,
116,
100,
114,
105,
125,
125,
137,
30,
141,
127,
141,
101,
128,
142,
121,
110,
130,
138,
129,
46,
108,
113,
46,
146,
103,
142,
89,
103,
161,
99,
103,
102,
179,
131,
87,
42,
101,
72,
138,
94,
128,
74,
150,
69,
72,
103,
104,
99,
34,
141,
147,
31,
67,
132,
187,
176,
96,
38,
92,
161,
135,
70,
172,
192,
195,
178,
196,
158,
185,
171,
146,
136,
147,
191,
75,
123,
34,
166,
115,
146,
130,
206,
151,
90,
189,
189,
188,
158,
39,
155,
174,
171,
201,
185,
193,
134,
205,
212,
179,
209,
165,
161,
179,
211,
162,
195,
223,
171,
180,
178,
43,
226,
180,
158,
221,
176,
220,
222,
169,
203,
175,
192,
172,
187,
180,
137,
39,
148,
175,
164,
206,
188,
136,
169,
177,
174,
184,
173,
159,
188,
199,
166,
154,
206,
137,
156,
185,
164,
45,
148,
138,
167,
173,
190,
44,
130,
214,
182,
156,
34,
174,
157,
226,
180,
148,
229,
209,
197,
144,
206,
247,
47,
224,
112,
35,
236,
252,
107,
240,
82,
150,
160,
215,
202,
110,
238,
40,
186,
265,
131,
106,
258,
125,
184,
257,
38,
43,
130,
254,
264,
44,
90,
195,
43,
146,
40,
157,
125,
44,
177,
74,
116,
279,
136,
134,
45,
207,
247,
273,
136,
183,
197,
213,
243,
258,
214,
225,
175,
51,
79,
250,
210,
151,
220,
219,
109,
191,
214,
243,
194,
153,
129,
126,
156,
213,
254,
171,
124,
217,
188,
258,
252,
216,
184,
183,
180,
141,
213,
132,
258,
152,
247,
303,
206,
255,
204,
175,
236,
277,
200,
284,
215,
123,
225,
215,
220,
201,
209,
291,
284,
260,
145,
103,
155,
48,
35,
210,
234,
271,
220,
157,
227,
209,
258,
274,
181,
217,
204,
168,
191,
297,
185,
174,
253,
184,
180,
266,
161,
197,
154,
182,
147,
186,
144,
152,
303,
268,
203,
161,
163,
237,
48,
317,
161,
207,
177,
210,
242,
182,
197,
235,
138,
280,
212,
315,
198,
179,
222,
214,
171,
314,
39,
142,
169,
283,
275,
36,
132,
311,
199,
275,
304,
292,
211,
260,
190,
315,
124,
198,
152,
167,
255,
93,
276,
81,
299,
327,
325,
304,
147,
80,
273,
211,
332,
174,
108,
296,
74,
51,
233,
95,
85,
286,
122,
47,
191,
46,
230,
86,
168,
133,
179,
327,
64,
179,
331,
47,
234,
146,
43,
87,
146,
77,
188,
247,
175,
265,
263,
240,
171,
208,
273,
199,
54,
228,
229,
210,
249,
313,
232,
269,
250,
242,
182,
217,
62,
224,
115,
231,
197,
229,
161,
158,
50,
193,
189,
206,
249,
39,
133,
330,
220,
181,
196,
170,
297,
218,
148,
304,
248,
154,
109,
194,
203,
226,
129,
216,
199,
268,
135,
243,
226,
233,
241,
190,
224,
247,
287,
230,
169,
196,
188,
287,
301,
216,
275,
252,
36,
271,
201,
208,
37,
223,
98,
284,
94,
283,
250,
277,
279,
251,
235,
166,
222,
218,
228,
342,
336,
240,
201,
243,
123,
232,
209,
231,
219,
176,
367,
232,
161,
205,
213,
205,
197,
314,
300,
46,
113,
229,
195,
43,
216,
165,
283,
208,
222,
198,
234,
271,
204,
336,
208,
289,
172,
193,
203,
367,
356,
382,
136,
355,
40,
200,
310,
278,
134,
207,
225,
214,
113,
131,
106,
140,
313,
105,
235,
397,
374,
114,
46,
385,
68,
99,
314,
375,
292,
98,
321,
420,
355,
387,
362,
144,
122,
171,
79,
41,
166,
248,
188,
180,
240,
310,
115,
171,
168,
40,
258,
138,
38,
163,
197,
192,
76,
156,
38,
159,
269,
154,
102,
227,
204,
269,
279,
210,
186,
47,
269,
213,
184,
251,
333,
211,
214,
202,
270,
284,
264,
144,
214,
41,
233,
217,
171,
157,
248,
235,
194,
344,
191,
179,
253,
235,
33,
206,
164,
244,
248,
169,
116,
338,
156,
266,
267,
163,
179,
323,
253,
217,
266,
238,
186,
410,
257,
242,
422,
376,
190,
134,
334,
243,
222,
197,
168,
256,
224,
250,
376,
352,
281,
221,
315,
211,
203,
228,
301,
213,
290,
201,
284,
389,
441,
361,
335,
212,
159,
451,
171,
283,
34,
140,
290,
130,
413,
207,
417,
40,
248,
270,
366,
191,
38,
296,
310,
233,
392,
172,
335,
235,
295,
170,
234,
291,
257,
201,
266,
39,
191,
252,
156,
147,
184,
380,
228,
189,
267,
351,
203,
245,
243,
426,
458,
228,
230,
308,
357,
209,
417,
331,
267,
275,
215,
352,
361,
337,
186,
422,
263,
231,
236,
112,
215,
338,
186,
288,
155,
336,
184,
400,
35,
137,
222,
419,
114,
420,
345,
238,
381,
45,
257,
75,
207,
160,
260,
102,
73,
123,
63,
207,
43,
388,
136,
34,
335,
44,
331,
95,
41,
206,
307,
202,
272,
40,
45,
169,
317,
241,
239,
126,
270,
184,
158,
103,
279,
243,
145,
80,
276,
232,
261,
166,
245,
166,
274,
293,
364,
385,
244,
214,
356,
252,
327,
220,
132,
294,
174,
261,
182,
254,
151,
251,
204,
140,
34,
255,
264,
430,
155,
38,
188,
138,
270,
381,
163,
183,
241,
211,
105,
142,
293,
242,
268,
228,
163,
363,
260,
36,
208,
311,
311,
236,
473,
224,
160,
247,
386,
139,
347,
205,
376,
444,
532,
31,
473,
439,
371,
381,
474,
339,
183,
288,
472,
291,
449,
115,
213,
428,
251,
324,
483,
350,
343,
177,
438,
259,
399,
41,
300,
324,
146,
233,
302,
312,
230,
118,
45,
406,
448,
237,
392,
125,
276,
403,
35,
280,
253,
229,
248,
303,
239,
347,
324,
402,
41,
46,
333,
139,
250,
541,
451,
479,
488,
405,
507,
231,
198,
114,
436,
238,
102,
419,
286,
69,
279,
442,
31,
450,
411,
382,
393,
98,
69,
239,
446,
266,
334,
234,
35,
140,
175,
321,
156,
35,
167,
248,
488,
47,
180,
493,
285,
320,
289,
182,
132,
249,
174,
43,
64,
71,
296,
191,
422,
332,
202,
345,
302,
273,
346,
166,
334,
429,
360,
192,
341,
277,
216,
292,
259,
122,
119,
162,
159,
209,
249,
176,
269,
248,
203,
180,
231,
179,
249,
175,
284,
169,
267,
424,
271,
220,
200,
363,
293,
219,
457,
199,
315,
177,
182,
122,
181,
224,
191,
155,
312,
245,
214,
560,
455,
460,
366,
157,
351,
161,
282,
189,
264,
186,
262,
269,
265,
268,
190,
440,
281,
315,
153,
455,
225,
280,
494,
537,
278,
354,
37,
280,
311,
288,
555,
323,
376,
321,
364,
351,
522,
42,
431,
279,
340,
286,
554,
175,
233,
164,
376,
249,
326,
324,
204,
304,
322,
332,
190,
34,
145,
177,
321,
521,
433,
325,
280,
342,
275,
207,
202,
301,
308,
205,
344,
306,
299,
36,
470,
295,
446,
340,
150,
373,
198,
332,
43,
36,
467,
413,
146,
292,
386,
524,
253,
283,
118,
507,
199,
132,
328,
267,
197,
565,
141,
122,
512,
175,
228,
504,
300,
150,
475,
472,
549,
135,
226,
145,
542,
413,
490,
237,
39,
603,
286,
600,
114,
535,
426,
74,
47,
471,
502,
423,
324,
419,
386,
523,
323,
343,
535,
322,
310,
338,
84,
296,
41,
487,
251,
257,
340,
256,
234,
408,
486,
318,
259,
361,
309,
45,
39,
247,
411,
48,
73,
341,
200,
289,
236,
313,
305,
43,
302,
245,
357,
323,
276,
237,
42,
270,
218,
241,
128,
303,
36,
259,
332,
86,
214,
237,
201,
333,
289,
264,
201,
176,
118,
359,
271,
34,
149,
168,
230,
233,
196,
175,
174,
160,
348,
260,
273,
517,
546,
233,
276,
554,
183,
327,
41,
210,
38,
261,
429,
43,
150,
224,
168,
292,
210,
332,
331,
446,
378,
282,
167,
408,
322,
308,
279,
301,
592,
166,
284,
396,
591,
534,
398,
36,
378,
322,
205,
394,
335,
144,
340,
35,
109,
351,
137,
312,
516,
159,
370,
170,
47,
311,
134,
128,
313,
275,
142,
162,
525,
466,
343,
225,
336,
352,
302,
49,
373,
497,
362,
394,
282,
359,
328,
469,
332,
48,
41,
264,
510,
178,
289,
271,
171,
43,
483,
282,
175,
316,
137,
255,
483,
273,
372,
351,
484,
116,
236,
554,
121,
620,
531,
619,
250,
247,
222,
146,
253,
516,
157,
146,
320,
580,
619,
106,
532,
592,
124,
91,
620,
576,
158,
141,
111,
419,
92,
103,
78,
281,
76,
101,
297,
418,
88,
78,
306,
43,
526,
392,
297,
156,
582,
71,
517,
626,
260,
635,
173,
69,
177,
354,
76,
42,
132,
257,
347,
64,
435,
166,
310,
45,
78,
191,
332,
569,
259,
290,
305,
308,
417,
270,
43,
275,
239,
176,
189,
208,
285,
449,
205,
493,
268,
249,
189,
274,
159,
273,
101,
173,
234,
281,
319,
166,
96,
95,
350,
352,
265,
368,
369,
122,
323,
235,
318,
434,
324,
316,
532,
198,
168,
382,
140,
164,
542,
202,
43,
219,
160,
367,
548,
39,
210,
200,
595,
189,
163,
433,
391,
400,
326,
136,
225,
239,
247,
272,
346,
227,
275,
323,
319,
268,
281,
384,
207,
366,
591,
237,
291,
358,
361,
567,
430,
469,
498,
400,
160,
406,
299,
350,
414,
536,
510,
127,
269,
180,
517,
206,
387,
374,
465,
358,
338,
164,
162,
297,
325,
161,
37,
327,
361,
360,
372,
321,
161,
271,
120,
310,
177,
196,
48,
549,
194,
186,
400,
231,
41,
487,
309,
294,
159,
189,
512,
358,
117,
625,
495,
583,
410,
512,
124,
592,
326,
199,
208,
308,
39,
204,
519,
310,
332,
280,
308,
585,
144,
231,
243,
249,
79,
623,
109,
180,
101,
606,
40,
626,
295,
423,
566,
100,
39,
617,
235,
599,
83,
85,
90,
79,
623,
276,
577,
61,
309,
319,
608,
173,
171,
75,
572,
138,
555,
247,
84,
259,
328,
126,
234,
51,
41,
59,
259,
52,
313,
176,
303,
270,
402,
42,
387,
284,
329,
312,
286,
44,
297,
224,
207,
198,
398,
218,
519,
181,
34,
41,
226,
334,
509,
186,
169,
375,
190,
73,
434,
618,
502,
184,
350,
389,
451,
44,
395,
166,
379,
206,
184,
384,
631,
167,
362,
400,
311,
298,
194,
42,
166,
245,
316,
173,
246,
310,
559,
178,
269,
308,
333,
507,
123,
370,
191,
285,
590,
395,
483,
333,
271,
354,
157,
36,
146,
279,
380,
363,
605,
164,
528,
290,
339,
301,
753,
313,
155,
566,
416,
396,
397,
232,
258,
411,
380,
348,
179,
361,
754,
297,
271,
439,
224,
212,
311,
209,
175,
177,
290,
287,
182,
192,
223,
165,
125,
570,
283,
466,
278,
231,
208,
145,
484,
307,
354,
235,
329,
328,
538,
204,
347,
270,
383,
140,
277,
514,
226,
201,
555,
41,
526,
566,
361,
425,
298,
393,
614,
44,
107,
437,
391,
604,
42,
296,
315,
497,
135,
603,
100,
221,
538,
75,
352,
309,
525,
282,
45,
134,
334,
632,
107,
656,
651,
785,
97,
647,
650,
102,
81,
305,
243,
65,
635,
322,
93,
606,
315,
51,
173,
250,
169,
286,
45,
42,
116,
244,
80,
279,
339,
159,
278,
438,
138,
277,
455,
345,
42,
385,
256,
352,
176,
357,
293,
309,
427,
38,
292,
417,
177,
268,
36,
185,
67,
242,
455,
86,
309,
355,
89,
526,
411,
345,
286,
362,
140,
248,
107,
442,
455,
633,
386,
190,
443,
176,
439,
452,
138,
389,
618,
335,
44,
416,
529,
401,
334,
420,
300,
339,
391,
300,
297,
434,
213,
211,
190,
272,
501,
332,
235,
280,
422,
296,
43,
345,
615,
259,
180,
609,
312,
516,
258,
266,
179,
41,
238,
279,
598,
329,
427,
214,
701,
276,
613,
810,
194,
368,
190,
555,
248,
171,
424,
395,
668,
638,
288,
297,
195,
277,
219,
248,
390,
144,
306,
599,
290,
305,
415,
274,
485,
249,
640,
347,
274,
631,
200,
407,
255,
351,
491,
469,
259,
408,
640,
404,
329,
430,
278,
596,
485,
193,
318,
390,
41,
354,
633,
662,
301,
265,
232,
617,
157,
680,
744,
588,
635,
460,
41,
271,
631,
293,
369,
132,
479,
684,
137,
39,
407,
260,
407,
403,
460,
127,
125,
399,
129,
103,
122,
717,
107,
492,
374,
636,
721,
592,
42,
98,
154,
62,
135,
336,
45,
222,
315,
332,
518,
134,
293,
257,
349,
71,
274,
223,
338,
411,
215,
234,
495,
424,
467,
259,
377,
272,
104,
224,
496,
264,
184,
325,
479,
389,
472,
430,
515,
477,
182,
451,
183,
239,
534,
85,
734,
541,
616,
277,
325,
668,
415,
289,
433,
311,
42,
412,
298,
332,
144,
453,
306,
273,
366,
175,
284,
213,
269,
429,
266,
143,
41,
652,
309,
329,
160,
417,
562,
453,
296,
305,
397,
279,
273,
185,
268,
688,
475,
346,
479,
296,
455,
652,
592,
306,
348,
50,
274,
259,
169,
210,
265,
257,
214,
461,
46,
140,
369,
196,
334,
624,
471,
457,
313,
162,
259,
138,
159,
250,
561,
490,
364,
456,
661,
182,
473,
215,
240,
482,
184,
603,
552,
273,
184,
558,
731,
450,
430,
519,
458,
283,
667,
605,
287,
634,
667,
498,
676,
110,
407,
724,
611,
337,
193,
764,
357,
248,
109,
596,
329,
619,
105,
818,
469,
597,
111,
666,
80,
84,
428,
654,
111,
609,
84,
70,
261,
155,
211,
67,
85,
50,
140,
55,
84,
168,
238,
55,
51,
244,
78,
149,
419,
55,
617,
68,
114,
182,
67,
145,
134,
230,
115,
381,
525,
389,
376,
265,
197,
369,
236,
329,
185,
233,
121,
399,
208,
451,
368,
363,
629,
354,
335,
120,
164,
306,
42,
471,
90,
93,
192,
320,
512,
272,
452,
163,
494,
40,
181,
489,
432,
437,
424,
162,
474,
347,
291,
525,
458,
589,
306,
41,
321,
453,
176,
243,
184,
223,
179,
353,
215,
265,
614,
335,
565,
256,
42,
139,
438,
235,
134,
263,
588,
529,
704,
785,
360,
172,
350,
795,
374,
627,
710,
309,
426,
649,
737,
669,
323,
44,
314,
816,
203,
399,
398,
565,
712,
381,
684,
252,
203,
300,
489,
720,
411,
350,
45,
705,
744,
163,
664,
562,
408,
431,
415,
218,
467,
310,
42,
301,
158,
226,
147,
303,
238,
585,
475,
318,
324,
160,
487,
469,
555,
645,
296,
340,
336,
576,
352,
319,
527,
334,
259,
157,
482,
306,
1023,
502,
443,
47,
291,
669,
289,
460,
46,
663,
130,
120,
404,
218,
798,
420,
376,
590,
172,
533,
300,
847,
488,
163,
302,
111,
817,
111,
296,
288,
117,
782,
332,
836,
200,
36,
320,
452,
828,
595,
310,
406,
243,
73,
658,
629,
626,
54,
842,
176,
873,
66,
183,
829,
213,
181,
184,
178,
255,
131,
121,
39,
525,
247,
138,
150,
511,
118,
677,
257,
62,
480,
488,
322,
479,
324,
367,
311,
263,
331,
125,
315,
349,
90,
309,
263,
188,
311,
193,
288,
318,
246,
513,
283,
116,
71,
251,
252,
222,
181,
419,
229,
294,
380,
313,
389,
427,
551,
300,
576,
293,
276,
610,
340,
459,
500,
338,
699,
596,
505,
402,
402,
506,
195,
375,
338,
379,
193,
398,
542,
429,
178,
817,
712,
374,
554,
603,
419,
330,
383,
517,
447,
523,
373,
325,
494,
181,
579,
525,
508,
510,
515,
309,
575,
662,
549,
527,
821,
138,
542,
266,
383,
159,
451,
180,
782,
716,
363,
179,
827,
128,
336,
568,
491,
764,
543,
305,
532,
161,
43,
291,
798,
452,
41,
600,
440,
644,
293,
314,
464,
466,
92,
333,
429,
230,
310,
74,
360,
354,
619,
725,
499,
348,
858,
295,
624,
267,
260,
527,
716,
467,
394,
509,
281,
343,
384,
277,
116,
332,
579,
654,
363,
496,
372,
217,
628,
751,
883,
109,
844,
819,
61,
107,
80,
41,
151,
884,
50,
629,
108,
628,
75,
453,
79,
359,
228,
259,
507,
258,
45,
410,
299,
395,
428,
520,
524,
321,
309,
476,
414,
482,
320,
375,
320,
458,
503,
393,
487,
151,
355,
373,
39,
644,
72,
117,
145,
496,
366,
532,
153,
92,
175,
390,
564,
375,
162,
427,
316,
615,
149,
148,
272,
336,
514,
379,
627,
311,
622,
252,
349,
40,
623,
315,
374,
812,
207,
373,
332,
357,
809,
606,
180,
349,
161,
429,
385,
494,
900,
37,
416,
406,
324,
364,
230,
219,
285,
868,
583,
527,
435,
592,
383,
549,
213,
517,
265,
416,
41,
388,
922,
39,
162,
249,
564,
133,
363,
152,
305,
534,
854,
278,
382,
867,
417,
497,
361,
668,
805,
488,
322,
1149,
829,
911,
42,
537,
41,
586,
111,
322,
361,
549,
410,
209,
544,
346,
210,
531,
368,
252,
289,
499,
267,
876,
567,
368,
81,
491,
42,
617,
958,
336,
375,
440,
382,
650,
363,
357,
663,
552,
666,
561,
120,
415,
115,
554,
91,
354,
235,
994,
102,
317,
52,
908,
924,
96,
984,
250,
44,
320,
416,
227,
62,
233,
1036,
38,
1046,
192,
609,
417,
607,
406,
75,
359,
225,
349,
112,
243,
246,
429,
246,
241,
406,
243,
383,
209,
377,
513,
488,
216,
513,
225,
382,
451,
373,
539,
221,
97,
534,
200,
330,
442,
312,
626,
500,
313,
165,
445,
898,
421,
177,
137,
582,
43,
455,
292,
41,
463,
614,
434,
183,
874,
157,
129,
462,
518,
582,
163,
515,
585,
244,
913,
233,
142,
883,
307,
514,
378,
409,
575,
258,
792,
543,
38,
253,
919,
528,
915,
675,
495,
321,
648,
570,
617,
598,
526,
654,
505,
671,
511,
346,
214,
378,
463,
264,
296,
633,
421,
182,
890,
410,
434,
433,
377,
198,
565,
376,
397,
632,
465,
639,
357,
344,
942,
159,
530,
476,
116,
183,
261,
316,
487,
430,
306,
181,
396,
469,
242,
230,
141,
327,
280,
601,
592,
124,
276,
387,
248,
290,
309,
358,
286,
442,
303,
433,
433,
921,
311,
493,
351,
1006,
427,
586,
985,
333,
325,
437,
549,
553,
392,
332,
143,
182,
545,
123,
90,
683,
76,
544,
40,
68,
257,
476,
103,
731,
370,
41,
722,
901,
511,
248,
63,
331,
172,
357,
620,
580,
274,
685,
51,
57,
250,
365,
344,
76,
291,
343,
398,
81,
290,
188,
274,
409,
259,
487,
239,
292,
498,
291,
475,
321,
408,
223,
194,
575,
190,
177,
526,
534,
170,
538,
533,
653,
82,
393,
817,
444,
214,
527,
38,
373,
479,
648,
416,
352,
210,
337,
195,
301,
351,
654,
682,
499,
295,
277,
456,
429,
661,
478,
415,
1041,
284,
622,
344,
271,
973,
439,
676,
456,
674,
269,
44,
389,
603,
595,
423,
258,
451,
522,
184,
922,
438,
236,
646,
404,
377,
549,
301,
282,
547,
185,
545,
318,
543,
302,
176,
431,
308,
293,
335,
211,
804,
359,
308,
938,
342,
646,
143,
586,
155,
315,
159,
376,
118,
579,
41,
514,
434,
484,
773,
373,
206,
566,
648,
664,
410,
325,
309,
1035,
260,
363,
99,
222,
112,
211,
154,
417,
582,
511,
593,
169,
202,
335,
1053,
740,
198,
94,
200,
209,
551,
139,
529,
782,
768,
122,
191,
188,
73,
715,
138,
63,
237,
428,
53,
772,
251,
499,
444,
463,
506,
205,
710,
681,
38,
440,
453,
437,
435,
38,
624,
410,
342,
404,
408,
294,
144,
384,
439,
280,
692,
245,
393,
229,
270,
232,
547,
310,
456,
534,
244,
131,
256,
432,
187,
570,
379,
277,
105,
279,
324,
173,
602,
113,
540,
210,
813,
147,
527,
936,
139,
94,
895,
497,
395,
664,
198,
564,
636,
192,
498,
766,
608,
176,
539,
201,
421,
133,
279,
625,
380,
672,
579,
148,
628,
430,
396,
304,
584,
590,
209,
194,
375,
205,
775,
189,
650,
708,
706,
594,
452,
341,
524,
635,
589,
506,
349,
605,
691,
833,
649,
428,
442,
560,
506,
518,
778,
159,
179,
417,
943,
347,
159,
243,
477,
753,
499,
599,
826,
964,
919,
151,
640,
153,
594,
386,
994,
309,
105,
285,
617,
235,
528,
538,
43,
831,
478,
657,
301,
211,
824,
174,
465,
355,
424,
632,
124,
751,
199,
310,
773,
187,
532,
308,
41,
475,
751,
112,
147,
279,
259,
436,
583,
462,
470,
430,
133,
148,
653,
292,
448,
501,
232,
695,
594,
388,
682,
1155,
103,
1020,
130,
493,
631,
181,
102,
1134,
283,
294,
54,
251,
407,
50,
571,
212,
80,
566,
1220,
413,
502,
41,
426,
481,
411,
202,
78,
222,
275,
217,
270,
232,
698,
301,
554,
184,
448,
547,
187,
239,
475,
270,
154,
618,
447,
807,
174,
299,
125,
367,
237,
200,
808,
78,
238,
152,
362,
605,
122,
595,
373,
299,
148,
427,
459,
346,
632,
756,
338,
500,
469,
486,
786,
192,
200,
469,
370,
812,
197,
431,
168,
441,
341,
580,
174,
593,
157,
335,
221,
275,
667,
195,
371,
163,
775,
461,
669,
517,
159,
455,
43,
350,
156,
451,
292,
276,
664,
517,
540,
494,
261,
321,
478,
116,
220,
343,
316,
702,
752,
1099,
798,
413,
492,
1086,
373,
636,
925,
557,
791,
346,
518,
250,
541,
205,
583,
525,
255,
310,
206,
1312,
333,
386,
340,
403,
424,
675,
175,
186,
629,
550,
271,
265,
594,
312,
761,
565,
543,
502,
1205,
784,
840,
760,
85,
822,
511,
201,
502,
564,
329,
254,
537,
551,
322,
275,
759,
390,
1216,
753,
202,
319,
1522,
93,
1140,
137,
212,
1545,
276,
529,
504,
1183,
244,
154,
281,
140,
267,
226,
591,
48,
86,
543,
264,
521,
71,
534,
1276,
1219,
518,
1328,
46,
344,
1307,
495,
55,
1246,
196,
298,
250,
616,
246,
782,
530,
217,
229,
169,
278,
252,
212,
224,
210,
356,
231,
181,
225,
588,
409,
182,
498,
1052,
830,
264,
636,
1052,
102,
1077,
494,
636,
402,
1039,
155,
676,
752,
41,
851,
368,
505,
40,
67,
896,
718,
151,
575,
512,
274,
651,
336,
578,
342,
522,
114,
381,
263,
381,
283,
318,
843,
313,
249,
322,
298,
463,
1213,
361,
340,
302,
932,
294,
401,
117,
1584,
637,
264,
268,
268,
1168,
1112,
520,
462,
112,
451,
439,
307,
472,
442,
628,
519,
1063,
301,
825,
623,
177,
307,
848,
514,
828,
280,
752,
762,
343,
254,
747,
209,
367,
642,
541,
359,
664,
288,
660,
591,
623,
1128,
552,
263,
860,
593,
282,
541,
710,
342,
351,
846,
380,
112,
110,
539,
475,
530,
281,
252,
38,
838,
1169,
1308,
318,
256,
326,
804,
111,
471,
302,
1219,
99,
693,
1414,
82,
135,
80,
639,
44,
342,
1168,
211,
638,
1434,
108,
129,
125,
608,
87,
64,
116,
793,
54,
512,
43,
410,
598,
400,
51,
87,
40,
90,
784,
597,
48,
576,
52,
215,
582,
545,
88,
488,
435,
449,
425,
546,
337,
170,
619,
474,
722,
630,
244,
425,
480,
621,
550,
558,
765,
732,
475,
400,
49,
723,
479,
558,
678,
764,
570,
153,
89,
750,
41,
493,
401,
637,
39,
725,
594,
150,
279,
414,
610,
489,
495,
373,
485,
479,
582,
505,
729,
599,
263,
249,
54,
444,
162,
343,
499,
794,
634,
633,
526,
375,
507,
453,
583,
667,
861,
44,
851,
372,
952,
968,
935,
601,
923,
450,
1017,
467,
559,
631,
885,
392,
442,
188,
369,
44,
341,
654,
690,
454,
938,
598,
730,
565,
563,
857,
359,
36,
618,
695,
425,
700,
824,
413,
662,
271,
464,
795,
722,
637,
499,
783,
264,
587,
117,
1254,
496,
46,
489,
1172,
45,
357,
529,
682,
858,
273,
358,
372,
474,
1208,
322,
647,
107,
655,
638,
1033,
45,
99,
563,
1486,
1161,
89,
431,
1241,
1161,
1188,
267,
365,
400,
265,
42,
645,
43,
79,
216,
523,
556,
639,
110,
455,
234,
1517,
229,
551,
725,
82,
484,
707,
111,
163,
496,
533,
88,
644,
170,
40,
48,
37,
623,
354,
698,
188,
232,
552,
393,
564,
977,
360,
369,
533,
606,
1005,
866,
603,
895,
242,
618,
697,
560,
43,
311,
885,
664,
410,
500,
512,
1148,
225,
824,
997,
1104,
499,
408,
564,
377,
506,
511,
525,
292,
508,
303,
547,
919,
161,
527,
427,
435,
477,
300,
769,
869,
373,
984,
272,
396,
713,
938,
839,
885,
1273,
963,
892,
1372,
48,
983,
640,
545,
302,
387,
563,
1023,
392,
278,
942,
432,
401,
456,
539,
549,
926,
332,
643,
668,
327,
486,
498,
311,
363,
849,
1035,
636,
1289,
45,
654,
584,
848,
550,
365,
569,
205,
620,
847,
647,
968,
358,
377,
130,
1395,
608,
122,
94,
656,
644,
120,
95,
114,
1285,
94,
86,
98,
778,
775,
312,
1478,
87,
55,
358,
81,
801,
69,
1581,
719,
61,
216,
255,
257,
61,
404,
255,
53,
251,
468,
40,
235,
601,
536,
711,
586,
716,
402,
336,
718,
527,
395,
410,
401,
604,
325,
388,
89,
395,
942,
345,
718,
344,
267,
91,
97,
606,
258,
500,
84,
409,
340,
474,
346,
45,
433,
393,
44,
42,
348,
331,
819,
398,
428,
341,
285,
105,
415,
737,
946,
389,
416,
546,
511,
261,
347,
479,
428,
1006,
409,
905,
987,
361,
461,
339,
389,
1049,
585,
426,
550,
382,
42,
1022,
891,
429,
333,
340,
349,
861,
881,
578,
329,
371,
517,
336,
265,
1054,
356,
1374,
1231,
878,
552,
436,
415,
42,
497,
452,
422,
488,
1068,
979,
227,
995,
614,
585,
490,
602,
999,
562,
638,
1016,
438,
453,
1206,
318,
263,
1103,
474,
103,
532,
228,
1620,
1170,
605,
1322,
1605,
217,
385,
460,
370,
277,
624,
1177,
876,
136,
133,
1204,
599,
212,
1185,
235,
1313,
504,
109,
607,
226,
308,
290,
41,
565,
559,
48,
46,
299,
388,
782,
763,
297,
39,
79,
40,
336,
761,
1196,
73,
920,
1891,
266,
692,
317,
259,
253,
307,
467,
521,
1138,
39,
380,
368,
595,
485,
82,
248,
298,
376,
138,
232,
478,
663,
355,
139,
90,
41,
415,
333,
338,
283,
393,
430,
97,
98,
320,
425,
410,
364,
1391,
37,
584,
812,
167,
535,
582,
360,
435,
343,
244,
492,
553,
594,
927,
196,
450,
669,
501,
162,
357,
455,
496,
641,
389,
398,
820,
44,
415,
367,
706,
470,
350,
298,
1144,
1896,
1033,
42,
691,
493,
356,
913,
557,
828,
1799,
426,
626,
435,
1106,
673,
306,
317,
305,
419,
480,
246,
404,
43,
789,
1021,
348,
43,
324,
433,
437,
41,
405,
639,
44,
402,
920,
593,
270,
829,
1138,
1028,
400,
249,
1046,
1170,
663,
625,
596,
546,
603,
385,
625,
910,
621,
1405,
623,
700,
1063,
997,
1335,
1606,
609,
319,
484,
1413,
205,
417,
624,
591,
677,
948,
202,
46,
124,
133,
941,
912,
1601,
876,
1656,
501,
85,
873,
531,
76,
116,
254,
378,
870,
720,
398,
552,
1564,
672,
700,
555,
321,
1500,
247,
258,
654,
652,
268,
75,
1508,
857,
389,
730,
41,
501,
374,
427,
431,
659,
642,
266,
649,
288,
566,
309,
728,
493,
296,
345,
40,
577,
1195,
400,
56,
419,
394,
272,
360,
88,
508,
521,
51,
44,
424,
249,
402,
408,
213,
390,
430,
148,
481,
632,
349,
212,
513,
335,
349,
1545,
933,
306,
481,
38,
147,
479,
384,
214,
496,
404,
445,
1584,
38,
379,
466,
517,
492,
638,
393,
99,
629,
327,
359,
655,
1179,
1177,
744,
529,
1014,
424,
871,
500,
497,
639,
593,
439,
500,
587,
640,
645,
350,
609,
582,
613,
613,
343,
358,
463,
760,
296,
625,
330,
407,
624,
544,
587,
439,
611,
267,
229,
693,
415,
213,
1040,
1161,
1174,
1153,
592,
1434,
512,
465,
600,
265,
639,
455,
513,
725,
459,
1763,
563,
593,
42,
1286,
1397,
39,
100,
356,
684,
321,
395,
675,
660,
226,
500,
663,
689,
773,
587,
778,
404,
959,
220,
473,
526,
304,
480,
136,
1533,
41,
1373,
236,
696,
286,
2061,
117,
1427,
40,
87,
1379,
257,
685,
42,
1471,
42,
686,
654,
700,
671,
53,
42,
37,
633,
613,
427,
655,
327,
41,
392,
572,
496,
565,
495,
112,
500,
431,
341,
634,
453,
492,
504,
284,
326,
568,
507,
387,
280,
85,
643,
373,
105,
599,
589,
307,
415,
1452,
413,
1416,
785,
605,
1423,
474,
510,
1103,
1438,
609,
38,
672,
1153,
512,
575,
270,
242,
452,
460,
440,
439,
719,
523,
342,
596,
51,
485,
1361,
319,
1226,
445,
1133,
430,
643,
557,
403,
523,
334,
601,
248,
612,
544,
2001,
774,
503,
384,
505,
507,
248,
656,
466,
1458,
640,
1189,
519,
419,
567,
504,
769,
1185,
580,
1106,
1385,
536,
628,
1063,
561,
553,
1198,
571,
837,
1071,
588,
655,
1058,
555,
610,
469,
458,
528,
472,
688,
545,
1098,
517,
283,
715,
447,
1062,
761,
1100,
290,
1125,
1292,
273,
1296,
453,
271,
410,
39,
217,
637,
381,
497,
635,
128,
679,
425,
1689,
520,
1613,
632,
449,
559,
625,
618,
1544,
624,
103,
361,
526,
99,
314,
1454,
448,
456,
583,
614,
607,
495,
79,
78,
1600,
601,
244,
1381,
460,
56,
2142,
1026,
50,
574,
1588,
43,
477,
39,
42,
428,
811,
1133,
1213,
1122,
76,
259,
771,
498,
1110,
504,
1118,
783,
503,
510,
495,
586,
500,
1251,
258,
1481,
554,
434,
474,
362,
287,
282,
1263,
587,
718,
84,
299,
251,
621,
313,
402,
574,
93,
259,
1276,
40,
38,
542,
651,
381,
717,
1028,
708,
358,
716,
409,
1338,
905,
596,
577,
535,
212,
376,
563,
614,
39,
326,
295,
524,
450,
343,
915,
916,
198,
480,
450,
639,
374,
454,
428,
162,
370,
516,
625,
488,
821,
361,
910,
327,
1310,
386,
313,
2052,
528,
598,
429,
1203,
593,
519,
1158,
538,
420,
524,
190,
442,
159,
951,
251,
265,
573,
123,
240,
167,
172,
408,
331,
131,
323,
272,
253,
315,
38,
346,
505,
502,
262,
337,
410,
307,
131,
128,
549,
133,
860,
661,
483,
724,
429,
133,
462,
411,
516,
147,
307,
461,
1173,
456,
1188,
188,
217,
504,
303,
2174,
559,
88,
127,
2128,
202,
88,
1258,
1284,
616,
407,
82,
406,
151,
66,
490,
397,
1278,
58,
320,
332,
508,
124,
288,
609,
1548,
1102,
142,
437,
76,
1297,
133,
42,
381,
392,
332,
75,
1287,
369,
359,
257,
83,
40,
511,
394,
515,
512,
403,
384,
318,
217,
100,
414,
502,
39,
334,
89,
236,
497,
240,
523,
1086,
725,
720,
185,
99,
1052,
85,
298,
175,
332,
979,
580,
38,
1124,
510,
311,
616,
374,
526,
1276,
522,
989,
796,
483,
340,
284,
446,
934,
2178,
204,
612,
195,
930,
450,
1371,
170,
1063,
194,
222,
992,
245,
165,
834,
513,
875,
1013,
1071,
36,
618,
1271,
317,
182,
588,
419,
96,
248,
852,
301,
253,
912,
143,
548,
965,
623,
260,
802,
98,
89,
360,
96,
1416,
93,
138,
557,
343,
129,
1375,
72,
1222,
1192,
893,
110,
1182,
56,
826,
60,
835,
831,
104,
834,
60,
1129,
59,
1284,
505,
37,
47,
1200,
43,
1279,
1115,
967,
1138,
823,
44,
1114,
428,
2105,
948,
338,
519,
590,
1237,
156,
2062,
325,
595,
976,
263,
331,
497,
589,
312,
44,
283,
561,
247,
336,
407,
41,
268,
251,
480,
257,
259,
621,
238,
413,
818,
61,
262,
246,
253,
134,
358,
302,
223,
157,
354,
231,
195,
304,
395,
356,
226,
979,
554,
610,
369,
162,
152,
598,
263,
464,
397,
47,
547,
551,
404,
452,
487,
418,
524,
446,
322,
561,
257,
466,
340,
393,
426,
996,
280,
485,
1140,
279,
118,
473,
591,
1110,
682,
588,
1061,
636,
244,
1705,
1025,
1841,
646,
2082,
1177,
222,
904,
1013,
182,
365,
138,
510,
134,
127,
1363,
144,
430,
1019,
1255,
440,
961,
139,
451,
430,
309,
296,
267,
608,
606,
522,
628,
585,
1861,
554,
509,
516,
513,
895,
521,
524,
355,
352,
250,
288,
38,
74,
1431,
304,
194,
1431,
156,
1423,
602,
193,
235,
1435,
688,
686,
504,
755,
743,
665,
367,
210,
1155,
169,
1670,
209,
171,
172,
1035,
346,
988,
292,
1023,
1014,
334,
254,
1006,
252,
1012,
702,
534,
290,
1100,
1089,
486,
1088,
633,
928,
914,
559,
122,
1257,
898,
1265,
110,
1758,
108,
1716,
160,
96,
718,
902,
163,
158,
901,
204,
426,
156,
679,
206,
155,
168,
1287,
151,
1004,
1158,
1011,
540,
1196,
1119,
1138,
1126,
246,
79,
158,
539,
140,
239,
131,
206,
256,
234,
181,
1372,
107,
221,
196,
804,
87,
339,
86,
560,
507,
223,
761,
69,
638,
760,
513,
342,
184,
788,
616,
299,
186,
638,
264,
184,
565,
1286,
246,
208,
182,
563,
849,
580,
887,
181,
251,
705,
734,
249,
940,
556,
905,
1006,
701,
525,
521,
115,
705,
638,
826,
1138,
505,
194,
339,
1806,
495,
181,
921,
578,
640,
1804,
657,
896,
1768,
996,
547,
268,
1046,
207,
199,
466,
251,
812,
175,
554,
508,
2181,
598,
513,
475,
678,
1173,
375,
1427,
492,
1021,
366,
679,
1612,
371,
1165,
369,
713,
642,
376,
1261,
1295,
127,
332,
641,
633,
139,
113,
1179,
966,
138,
133,
1268,
961,
732,
948,
653,
120,
2423,
105,
731,
893,
82,
97,
76,
1293,
1668,
688,
1179,
111,
684,
2440,
1397,
103,
539,
1126,
255,
1361,
99,
1135,
1374,
1391,
1126,
1908,
92,
2108,
233,
684,
1676,
171,
2018,
352,
59,
223,
865,
771,
724,
237,
50,
1662,
273,
1652,
741,
1753,
1520,
1394,
777,
1405,
756,
706,
806,
171,
906,
675,
842,
522,
1257,
1189,
2157,
641,
551,
2138,
705,
489,
897,
773,
1088,
507,
1057,
62,
704,
609,
982,
1000,
329,
775,
657,
1233,
726,
539,
230,
794,
294,
786,
554,
280,
952,
827,
775,
915,
789,
203,
115,
547,
627,
1607,
998,
333,
564,
330,
823,
713,
1184,
604,
1182,
647,
1257,
656,
922,
678,
730,
839,
322,
1559,
648,
921,
616,
589,
501,
588,
636,
287,
1186,
2016,
142,
230,
618,
116,
992,
629,
1004,
1278,
579,
1147,
935,
927,
131,
637,
123,
2378,
722,
2363,
116,
119,
307,
739,
2050,
81,
632,
117,
1201,
566,
115,
559,
680,
90,
257,
374,
665,
79,
680,
76,
675,
827,
441,
76,
255,
695,
74,
673,
700,
1428,
357,
695,
570,
78,
62,
524,
709,
1502,
521,
745,
679,
654,
211,
50,
528,
711,
512,
260,
606,
518,
155,
559,
207,
557,
555,
465,
117,
191,
407,
44,
1418,
1432,
792,
347,
333,
736,
50,
327,
738,
566,
683,
795,
736,
986,
791,
694,
779,
670,
222,
1200,
1458,
560,
798,
765,
43,
923,
687,
776,
1285,
1093,
671,
901,
1766,
999,
799,
594,
748,
1064,
676,
808,
717,
738,
515,
1805,
670,
721,
392,
353,
678,
711,
882,
1084,
802,
989,
607,
774,
712,
587,
995,
616,
1274,
622,
2006,
559,
395,
1195,
1003,
2006,
811,
698,
934,
2035,
795,
702,
933,
697,
1125,
313,
917,
1210,
1515,
1268,
2338,
457,
567,
1302,
548,
92,
454,
478,
730,
80,
682,
637,
341,
526,
681,
553,
677,
502,
646,
76,
51,
560,
676,
65,
333,
565,
40,
1082,
329,
76,
305,
393,
671,
67,
454,
257,
334,
352,
841,
783,
776,
345,
625,
392,
438,
444,
744,
56,
404,
1061,
343,
1219,
817,
375,
1248,
718,
477,
326,
547,
677,
42,
372,
415,
139,
451,
533,
734,
664,
1145,
507,
151,
1276,
676,
178,
393,
340,
2242,
569,
769,
717,
378,
325,
460,
769,
333,
475,
606,
182,
479,
973,
369,
445,
421,
538,
719,
1037,
489,
942,
516,
887,
784,
453,
644,
702,
788,
522,
444,
465,
527,
1180,
780,
772,
866,
1253,
437,
686,
1260,
545,
1291,
1286,
45,
669,
436,
693,
514,
705,
913,
713,
41,
482,
776,
429,
560,
970,
1277,
707,
432,
591,
527,
1291,
422,
1377,
1315,
422,
646,
1363,
1815,
370,
480,
666,
719,
485,
408,
436,
615,
611,
262,
385,
378,
352,
358,
384,
431,
1107,
513,
1299,
998,
1409,
967,
120,
987,
136,
104,
942,
239,
1231,
938,
101,
607,
541,
85,
509,
2427,
521,
345,
100,
2181,
330,
329,
262,
499,
679,
677,
58,
336,
409,
1340,
677,
42,
80,
676,
426,
678,
754,
421,
845,
1299,
677,
1615,
792,
399,
374,
872,
656,
396,
1945,
670,
641,
446,
634,
597,
135,
1263,
514,
617,
753,
609,
425,
721,
738,
606,
605,
753,
132,
690,
601,
156,
1260,
511,
620,
137,
123,
610,
116,
152,
636,
696,
566,
370,
687,
606,
952,
843,
590,
1084,
782,
98,
733,
616,
183,
664,
509,
781,
677,
653,
687,
116,
681,
560,
701,
643,
633,
546,
485,
792,
604,
703,
578,
438,
768,
438,
702,
647,
689,
484,
413,
1251,
612,
470,
681,
1888,
704,
661,
353,
2222,
595,
531,
151,
512,
476,
1877,
436,
724,
615,
1875,
894,
1386,
540,
125,
1076,
435,
1284,
546,
578,
830,
1394,
301,
928,
673,
2297,
448,
924,
1918,
1373,
1440,
383,
2378,
1193,
925,
442,
131,
746,
920,
771,
731,
125,
122,
741,
667,
507,
120,
2187,
125,
1009,
586,
556,
2777,
114,
685,
946,
680,
1906,
1897,
106,
407,
539,
511,
404,
218,
102,
702,
90,
502,
738,
409,
745,
880,
1059,
101,
370,
2323,
1403,
362,
698,
505,
467,
648,
1336,
636,
400,
709,
518,
663,
526,
490,
598,
573,
429,
668,
871,
542,
422,
675,
588,
1885,
737,
1360,
557,
161,
689,
602,
693,
541,
442,
542,
695,
138,
149,
417,
546,
143,
523,
438,
628,
397,
910,
1908,
124,
395,
183,
1667,
617,
672,
429,
361,
79,
611,
696,
104,
594,
1966,
638,
471,
477,
1937,
616,
1059,
1616,
777,
1423,
1910,
422,
569,
449,
1419,
606,
691,
1104,
491,
667,
1352,
742,
404,
1178,
1372,
518,
700,
566,
587,
556,
460,
715,
774,
1272,
1370,
1285,
928,
427,
597,
415,
527,
568,
229,
972,
524,
711,
1108,
1109,
478,
458,
530,
874,
1346,
2000,
472,
974,
541,
545,
393,
1361,
540,
815,
601,
2369,
580,
548,
650,
527,
624,
594,
560,
505,
648,
1352,
149,
737,
456,
666,
500,
570,
432,
438,
629,
544,
437,
463,
108,
305,
907,
581,
132,
84,
139,
1070,
627,
232,
560,
315,
553,
158,
74,
1153,
604,
549,
219,
243,
939,
890,
164,
932,
126,
664,
553,
76,
845,
2439,
391,
749,
2454,
103,
732,
1904,
135,
635,
122,
624,
85,
509,
76,
567,
508,
418,
451,
346,
417,
605,
79,
437,
410,
2222,
131,
1430,
57,
398,
552,
616,
491,
456,
414,
600,
429,
83,
573,
695,
624,
44,
82,
598,
768,
128,
587,
602,
426,
2522,
2253,
1968,
984,
575,
2284,
46,
894,
77,
580,
601,
892,
2205,
566,
540,
427,
532,
615,
372,
626,
608,
447,
619,
528,
1354,
612,
754,
618,
609,
596,
420,
1355,
743,
602,
661,
565,
885,
1255,
1846,
271,
425,
427,
474,
886,
591,
1355,
112,
454,
367,
702,
323,
682,
596,
1108,
1458,
513,
689,
772,
1176,
354,
437,
554,
1369,
773,
515,
593,
374,
561,
954,
695,
1458,
757,
550,
576,
746,
515,
1198,
573,
580,
570,
391,
2552,
649,
775,
574,
723,
472,
1027,
2060,
475,
1019,
591,
592,
614,
426,
212,
629,
602,
539,
980,
1000,
508,
188,
988,
622,
681,
602,
1371,
2054,
96,
533,
491,
1866,
190,
1010,
129,
626,
554,
749,
2122,
2167,
337,
1012,
142,
1725,
581,
825,
122,
185,
820,
99,
1063,
89,
530,
1085,
1915,
400,
187,
235,
183,
566,
179,
63,
545,
256,
343,
77,
15,
2423,
769,
1689,
586,
1690,
675,
519,
498,
612,
555,
1406,
600,
517,
314,
416,
595,
502,
521,
776,
447,
362,
603,
679,
510,
616,
595,
163,
454,
2335,
699,
2329,
1840,
762,
503,
2322,
2361,
1688,
592,
605,
553,
600,
2094,
589,
1144,
604,
595,
765,
503,
600,
677,
642,
534,
639,
1192,
463,
356,
423,
650,
406,
550,
701,
762,
777,
380,
327,
1041,
525,
787,
663,
1536,
693,
225,
712,
282,
798,
978,
2577,
508,
520,
643,
713,
768,
655,
177,
206,
483,
530,
530,
618,
542,
485,
2312,
758,
571,
724,
588,
301,
1403,
432,
616,
557,
402,
1197,
714,
501,
382,
671,
620,
1354,
555,
1075,
627,
486,
1022,
549,
562,
545,
859,
712,
614,
1022,
679,
2484,
1947,
598,
610,
137,
773,
305,
496,
729,
739,
469,
123,
119,
1131,
96,
1458,
587,
111,
952,
472,
586,
97,
82,
410,
585,
576,
522,
1387,
1189,
1722,
586,
686,
602,
585,
603,
2215,
466,
671,
1685,
417,
815,
445,
575,
1717,
470,
703,
427,
671,
511,
696,
600,
390,
2226,
451,
1708,
577,
372,
351,
379,
546,
327,
1244,
365,
790,
1762,
611,
615,
141,
238,
456,
156,
610,
420,
608,
439,
805,
2683,
121,
81,
239,
392,
586,
143,
812,
2417,
235,
99,
1876,
1683,
209,
97,
98,
402,
1863,
613,
608,
607,
613,
1420,
248,
1760,
1855,
620,
958,
525,
917,
635,
285,
638,
2261,
740,
1071,
600,
558,
615,
2710,
617,
556,
570,
1888,
448,
943,
426,
268,
566,
678,
583,
390,
553,
1737,
434,
608,
1877,
174,
452,
772,
788,
628,
1925,
2095,
559,
2641,
1053,
1988,
540,
2083,
603,
606,
525,
1769,
707,
2650,
536,
915,
1092,
1979,
481,
2775,
486,
920,
1435,
820,
899,
453,
431,
450,
713,
407,
752,
916,
171,
552,
188,
1534,
760,
497,
729,
543,
528,
1520,
220,
759,
434,
2477,
1265,
1369,
570,
2384,
1018,
461,
641,
3065,
664,
1014,
536,
101,
2511,
945,
392,
1195,
2983,
1012,
455,
815,
107,
1021,
111,
595,
1020,
230,
588,
612,
77,
222,
1897,
591,
581,
396,
2287,
1202,
864,
652,
196,
518,
585,
548,
211,
623,
188,
697,
570,
582,
500,
1704,
1658,
674,
181,
254,
578,
426,
179,
462,
220,
111,
548,
2232,
758,
178,
1597,
888,
385,
490,
2114,
631,
1631,
2239,
264,
1577,
665,
416,
96,
418,
211,
627,
639,
367,
556,
742,
621,
405,
702,
87,
1809,
178,
538,
1728,
910,
2020,
1670,
597,
1618,
2039,
1594,
665,
464,
549,
588,
1432,
441,
464,
495,
2535,
686,
375,
627,
495,
520,
647,
2799,
875,
704,
2127,
663,
641,
1324,
442,
599,
1106,
608,
794,
592,
605,
877,
911,
925,
1429,
785,
982,
779,
516,
736,
774,
652,
737,
921,
3113,
834,
432,
1030,
474,
508,
825,
876,
302,
887,
547,
1038,
1187,
2220,
656,
753,
610,
881,
582,
1281,
673,
368,
390,
1708,
613,
1689,
624,
599,
2487,
388,
614,
613,
1286,
352,
808,
478,
2327,
431,
697,
214,
833,
374,
657,
2576,
320,
999,
98,
353,
412,
810,
358,
617,
891,
235,
559,
134,
784,
1678,
129,
1093,
2229,
180,
223,
2480,
220,
428,
2065,
99,
96,
211,
1455,
178,
2184,
2702,
587,
195,
189,
794,
2542,
587,
176,
173,
586,
82,
167,
585,
77,
162,
166,
124,
586,
2009,
544,
582,
585,
1646,
581,
759,
381,
547,
100,
1237,
643,
640,
87,
700,
82,
750,
377,
1326,
99,
72,
433,
444,
659,
108,
621,
360,
511,
676,
584,
434,
597,
60,
577,
391,
1630,
1751,
618,
1668,
389,
1685,
1849,
538,
2693,
1648,
485,
643,
443,
709,
605,
369,
506,
857,
441,
637,
1319,
550,
812,
698,
582,
637,
1935,
541,
559,
614,
661,
548,
2130,
558,
1463,
1626,
415,
522,
702,
2722,
495,
505,
411,
2228,
712,
888,
408,
745,
710,
687,
529,
626,
466,
2409,
728,
2354,
526,
1552,
1791,
661,
1911,
1514,
450,
686,
336,
2354,
820,
1911,
425,
1521,
430,
382,
488,
380,
1762,
1911,
757,
822,
1014,
397,
334,
214,
2624,
230,
2666,
402,
2661,
704,
1563,
2161,
664,
544,
692,
591,
733,
939,
95,
634,
932,
706,
836,
115,
86,
752,
679,
79,
459,
658,
141,
938,
721,
133,
936,
587,
126,
105,
2938,
321,
319,
105,
2625,
103,
549,
373,
90,
849,
327,
272,
491,
89,
400,
84,
381,
1656,
1403,
400,
576,
418,
349,
566,
70,
703,
325,
709,
77,
122,
94,
253,
75,
691,
2097,
224,
1411,
196,
224,
702,
63,
761,
723,
2584,
288,
2949,
62,
1271,
382,
58,
2886,
529,
1296,
464,
1001,
2523,
608,
2608,
1920,
1303,
680,
46,
1438,
431,
1743,
41,
899,
248,
928,
422,
985,
1347,
1337,
892,
741,
445,
364,
2952,
1439,
1790,
1013,
1978,
318,
682,
181,
700,
196,
948,
616,
464,
1548,
711,
739,
1438,
152,
487,
775,
402,
542,
1437,
381,
357,
207,
770,
762,
485,
806,
305,
742,
356,
627,
460,
157,
1301,
475,
559,
545,
310,
411,
480,
618,
1697,
1034,
1462,
690,
393,
742,
472,
602,
507,
433,
1979,
1839,
743,
529,
1027,
584,
756,
468,
1994,
586,
709,
1418,
632,
429,
600,
710,
1533,
2853,
705,
359,
817,
598,
447,
1104,
3196,
638,
709,
572,
634,
807,
442,
696,
537,
680,
1278,
777,
650,
118,
940,
1046,
331,
929,
568,
553,
141,
922,
559,
552,
734,
628,
95,
110,
2138,
685,
420,
108,
2722,
508,
260,
2169,
258,
551,
73,
100,
82,
379,
564,
238,
2021,
514,
429,
1363,
503,
426,
276,
70,
97,
789,
793,
584,
2490,
1504,
788,
195,
247,
62,
1865,
212,
583,
1845,
52,
571,
261,
463,
2230,
626,
1439,
107,
212,
258,
281,
574,
672,
258,
112,
83,
2897,
527,
502,
110,
56,
2225,
584,
2481,
441,
323,
45,
122,
775,
101,
601,
829,
522,
775,
93,
660,
189,
513,
505,
1408,
810,
475,
504,
193,
1189,
697,
1193,
507,
725,
42,
224,
669,
183,
562,
442,
647,
302,
281,
778,
639,
1189,
592,
382,
622,
738,
505,
2047,
527,
517,
158,
660,
670,
613,
664,
523,
167,
196,
436,
698,
149,
618,
268,
286,
1325,
547,
568,
204,
644,
1379,
616,
2022,
193,
1073,
796,
668,
454,
1195,
675,
424,
314,
470,
697,
796,
404,
628,
586,
895,
703,
326,
491,
253,
364,
2083,
1728,
1206,
2056,
710,
588,
450,
799,
551,
394,
2733,
2277,
1261,
1031,
326,
1937,
105,
1199,
1004,
303,
410,
579,
582,
2713,
129,
480,
451,
340,
419,
933,
89,
580,
84,
932,
2897,
924,
2692,
923,
106,
134,
330,
2221,
106,
1538,
102,
2807,
1367,
82,
74,
333,
1001,
74,
2051,
2048,
63,
2040,
962,
2008,
524,
2052,
61,
220,
638,
57,
256,
279,
504,
1241,
227,
238,
364,
653,
319,
237,
231,
229,
123,
182,
163,
500,
133,
451,
79,
505,
239,
241,
350,
251,
1900,
1258,
181,
2567,
187,
2585,
1790,
2029,
2760,
639,
779,
166,
176,
612,
101,
623,
294,
779,
262,
786,
167,
610,
3160,
663,
2029,
230,
690,
619,
564,
1380,
211,
600,
1884,
777,
511,
2812,
1915,
311,
706,
1491,
242,
589,
2080,
338,
363,
295,
3050,
2043,
302,
2044,
489,
180,
236,
1919,
788,
788,
523,
2468,
164,
1809,
561,
262,
491,
1816,
2888,
504,
338,
300,
791,
335,
786,
410,
906,
113,
260,
211,
2895,
2715,
675,
265,
334,
584,
728,
196,
3504,
208,
213,
3342,
92,
1275,
228,
2827,
2409,
489,
657,
1259,
99,
959,
2664,
145,
655,
669,
92,
89,
2947,
68,
1771,
410,
632,
174,
68,
1527,
631,
2340,
1411,
622,
931,
61,
217,
69,
224,
47,
223,
189,
759,
595,
179,
1894,
189,
1057,
137,
598,
685,
640,
114,
106,
173,
219,
2070,
556,
2690,
403,
175,
2902,
413,
525,
405,
881,
2958,
811,
370,
302,
804,
2910,
317,
357,
831,
603,
470,
427,
614,
470,
1086,
990,
2162,
2688,
2292,
786,
1830,
486,
1498,
1918,
653,
987,
255,
677,
650,
778,
304,
822,
341,
624,
267,
414,
507,
313,
360,
465,
260,
449,
840,
1037,
371,
942,
267,
2055,
627,
244,
1812,
642,
312,
203,
858,
721,
630,
197,
1042,
720,
2664,
994,
932,
982,
1537,
321,
1322,
3550,
988,
602,
589,
360,
1541,
755,
1487,
292,
2824,
373,
2149,
1320,
726,
925,
363,
1200,
102,
719,
101,
92,
632,
141,
2768,
905,
111,
118,
1187,
1848,
886,
198,
2688,
880,
96,
66,
83,
171,
43,
46,
1047,
330,
39,
170,
75,
169,
863,
856,
249,
943,
247,
878,
38,
667,
233,
1659,
265,
97,
769,
874,
593,
121,
113,
868,
41,
113,
87,
112,
665,
2039,
1425,
1657,
92,
186,
202,
283,
293,
203,
333,
38,
386,
369,
373,
306,
450,
282,
632,
678,
260,
1082,
2270,
401,
293,
384,
941,
1042,
2199,
706,
281,
555,
1403,
367,
288,
395,
328,
311,
680,
414,
206,
716,
1099,
1371,
2016,
2136,
629,
850,
716,
1036,
843,
573,
1971,
291,
416,
2601,
362,
606,
2599,
2094,
340,
926,
787,
1298,
919,
2250,
620,
607,
715,
673,
645,
755,
555,
137,
115,
879,
2034,
208,
131,
612,
3317,
647,
569,
84,
644,
562,
526,
712,
567,
698,
857,
697,
619,
862,
1518,
289,
510,
856,
375,
297,
848,
336,
1511,
117,
862,
625,
553,
854,
1101,
2249,
1175,
677,
1965,
850,
868,
1357,
1145,
416,
502,
248,
848,
325,
539,
346,
498,
877,
371,
863,
950,
301,
670,
303,
1092,
282,
605,
461,
879,
599,
239,
342,
631,
197,
184,
607,
1181,
210,
1235,
735,
324,
171,
413,
307,
590,
775,
1025,
1052,
900,
273,
820,
798,
693,
836,
1621,
685,
697,
296,
835,
791,
2080,
2055,
329,
804,
697,
376,
388,
273,
1127,
748,
1192,
339,
1968,
789,
2428,
1095,
275,
1657,
673,
425,
1426,
861,
355,
1004,
622,
317,
814,
2213,
2633,
320,
715,
479,
325,
2151,
397,
404,
708,
344,
312,
1729,
1647,
938,
992,
345,
193,
982,
1724,
1745,
373,
267,
207,
99,
318,
183,
85,
190,
658,
1502,
2106,
2099,
253,
330,
907,
245,
130,
235,
131,
194,
127,
227,
111,
574,
720,
1314,
199,
456,
1418,
266,
51,
486,
228,
99,
224,
91,
343,
387,
108,
666,
413,
222,
1331,
583,
2450,
611,
133,
80,
486,
1150,
1318,
210,
607,
939,
1449,
2053,
1329,
1260,
394,
291,
1312,
938,
942,
2821,
514,
405,
1258,
698,
648,
514,
670,
605,
390,
708,
606,
783,
652,
793,
230,
318,
1067,
348,
3595,
3626,
363,
454,
1186,
229,
738,
1221,
3481,
2969,
2111,
1098,
228,
1097,
147,
110,
158,
1081,
151,
119,
732,
1041,
2417,
330,
730,
78,
87,
720,
743,
130,
115,
153,
997,
925,
88,
151,
137,
134,
133,
83,
576,
124,
104,
419,
1014,
2151,
571,
436,
2119,
77,
343,
411,
89,
318,
985,
516,
74,
703,
410,
374,
593,
435,
443,
372,
421,
430,
591,
419,
681,
146,
426,
584,
372,
422,
379,
1209,
682,
652,
411,
443,
3474,
464,
441,
64,
3275,
153,
683,
37,
3055,
61,
1704,
2215,
1708,
318,
123,
323,
3350,
702,
590,
301,
692,
397,
458,
42,
449,
39,
763,
2459,
692,
338,
528,
2190,
425,
387,
524,
411,
701,
1162,
1313,
1118,
594,
1172,
3464,
519,
1236,
807,
609,
584,
281,
588,
1113,
569,
428,
1044,
1923,
834,
457,
598,
1031,
402,
99,
2267,
608,
1207,
1030,
93,
2199,
683,
496,
154,
116,
131,
117,
75,
419,
115,
2955,
126,
968,
377,
598,
130,
2640,
943,
81,
93,
435,
943,
466,
129,
614,
2526,
699,
81,
1092,
79,
128,
339,
492,
428,
65,
48,
416,
573,
426,
900,
113,
54,
46,
1310,
517,
518,
416,
410,
670,
1330,
343,
40,
576,
2241,
428,
112,
393,
341,
103,
509,
409,
97,
423,
580,
480,
393,
346,
97,
505,
510,
470,
442,
339,
3230,
637,
383,
41,
381,
381,
584,
93,
343,
100,
2942,
89,
299,
331,
85,
310,
59,
461,
41,
329,
298,
687,
601,
319,
60,
250,
2930,
1982,
368,
56,
343,
518,
401,
680,
693,
445,
407,
1471,
1711,
681,
60,
656,
2001,
508,
1012,
1799,
1187,
976,
596,
573,
363,
340,
257,
1005,
51,
542,
1228,
1429,
623,
512,
1272,
65,
60,
39,
931,
343,
736,
694,
59,
681,
3250,
2664,
2458,
112,
2675,
397,
87,
46,
447,
961,
64,
959,
46,
59,
37,
79,
53,
47,
77,
46,
2618,
949,
604,
48,
48,
1325,
496,
47,
507,
329,
666,
44,
952,
277,
283,
2783,
1340,
415,
408,
2398,
414,
433,
400,
406,
569,
105,
328,
114,
328,
39,
102,
309,
393,
76,
476,
657,
572,
776,
921,
614,
3605,
543,
381,
558,
298,
286,
404,
885,
2319,
944,
2058,
1255,
710,
478,
1410,
377,
950,
698,
925,
717,
654,
543,
889,
764,
897,
511,
514,
337,
1214,
1302,
47,
619,
507,
694,
715,
2441,
2435,
887,
1356,
2338,
692,
2353,
651,
42,
1301,
711,
695,
527,
1453,
1444,
722,
1511,
775,
811,
860,
80,
793,
100,
450,
340,
75,
1222,
343,
329,
736,
565,
310,
120,
459,
948,
465,
56,
61,
120,
3557,
115,
90,
91,
3551,
58,
52,
90,
76,
45,
60,
46,
42,
61,
56,
308,
48,
2654,
47,
4123,
337,
505,
348,
45,
496,
429,
482,
1976,
2791,
2631,
704,
789,
554,
2597,
362,
819,
331,
492,
324,
92,
344,
676,
550,
320,
42,
2432,
331,
2648,
329,
2511,
245,
554,
314,
2781,
664,
269,
2400,
535,
525,
573,
435,
3249,
1449,
352,
496,
35,
895,
314,
956,
680,
436,
435,
371,
950,
1391,
1696,
912,
409,
941,
3278,
481,
861,
1450,
868,
270,
718,
629,
290,
1442,
1689,
1696,
1560,
694,
326,
525,
623,
617,
2153,
1398,
530,
1696,
2428,
362,
2149,
770,
635,
833,
345,
1900,
695,
320,
815,
724,
849,
291,
340,
634,
873,
447,
282,
578,
573,
1689,
443,
1013,
2550,
271,
706,
650,
733,
3365,
626,
1724,
651,
1359,
626,
2180,
92,
340,
79,
424,
28,
31,
493,
668,
536,
78,
27,
36,
437,
100,
539,
1307,
77,
43,
500,
2475,
76,
507,
583,
303,
79,
433,
296,
496,
501,
431,
1605,
493,
502,
258,
133,
430,
662,
297,
417,
121,
341,
2490,
1723,
406,
679,
2234,
806,
245,
362,
2222,
634,
800,
308,
810,
791,
822,
786,
486,
594,
1366,
545,
681,
733,
929,
2505,
749,
703,
716,
450,
297,
710,
529,
780,
430,
693,
638,
431,
827,
484,
657,
667,
502,
803,
637,
808,
1996,
1566,
550,
696,
412,
913,
521,
432,
389,
322,
716,
833,
746,
1691,
983,
987,
1726,
639,
109,
590,
434,
541,
357,
140,
185,
559,
137,
147,
135,
172,
132,
410,
167,
100,
182,
175,
89,
137,
171,
168,
101,
388,
572,
542,
157,
144,
189,
596,
602,
515,
661,
537,
2945,
508,
188,
507,
492,
689,
956,
101,
162,
503,
498,
495,
389,
746,
161,
3395,
529,
352,
188,
510,
565,
669,
441,
978,
105,
100,
402,
509,
547,
4239,
362,
1794,
100,
195,
469,
502,
433,
527,
94,
1651,
1332,
3559,
501,
480,
89,
576,
364,
420,
1544,
614,
338,
1002,
782,
363,
671,
884,
887,
351,
436,
725,
897,
433,
768,
717,
946,
762,
757,
777,
447,
942,
660,
739,
379,
553,
505,
250,
644,
904,
1210,
439,
257,
1080,
658,
797,
872,
1068,
536,
582,
616,
750,
440,
708,
490,
729,
707,
551,
534,
1840,
305,
844,
2094,
491,
841,
896,
3641,
911,
1050,
587,
686,
188,
475,
460,
910,
172,
745,
1204,
772,
219,
2776,
643,
498,
283,
92,
2845,
224,
633,
104,
185,
1339,
174,
95,
87,
130,
162,
131,
119,
473,
140,
80,
387,
92,
406,
515,
360,
745,
372,
568,
243,
444,
69,
3939,
432,
325,
3011,
2584,
584,
3480,
800,
351,
343,
1036,
293,
111,
2466,
3435,
523,
586,
266,
248,
65,
545,
675,
102,
544,
118,
3755,
963,
483,
495,
90,
434,
3375,
3688,
624,
179,
724,
499,
1607,
677,
725,
4402,
906,
993,
513,
745,
762,
466,
948,
429,
765,
710,
846,
652,
381,
650,
879,
324,
680,
857,
716,
317,
3077,
637,
538,
393,
943,
691,
823,
609,
331,
439,
764,
986,
359,
573,
831,
568,
348,
439,
848,
781,
570,
624,
423,
566,
948,
307,
697,
604,
908,
2010,
501,
706,
991,
617,
2539,
657,
312,
340,
3056,
106,
637,
283,
464,
122,
114,
147,
92,
146,
91,
36,
602,
115,
3653,
78,
133,
594,
424,
595,
3008,
592,
100,
663,
3567,
549,
585,
662,
3017,
607,
583,
2511,
522,
550,
671,
3031,
598,
2968,
593,
597,
587,
88,
610,
1965,
286,
135,
83,
332,
334,
421,
3821,
276,
437,
3843,
79,
1052,
488,
638,
486,
593,
531,
330,
686,
534,
584,
546,
441,
549,
537,
577,
780,
613,
713,
3134,
583,
1896,
3123,
679,
522,
731,
503,
715,
1893,
422,
707,
496,
561,
634,
524,
632,
915,
354,
514,
496,
3963,
468,
774,
735,
696,
441,
802,
3958,
791,
712,
535,
776,
347,
414,
635,
1968,
3384,
562,
335,
361,
525,
661,
312,
533,
543,
277,
1242,
240,
130,
302,
121,
129,
131,
127,
3148,
150,
132,
643,
127,
611,
107,
125,
142,
103,
127,
110,
2021,
87,
75,
99,
356,
441,
453,
58,
609,
347,
666,
416,
3086,
3108,
296,
385,
3091,
607,
561,
602,
291,
3054,
477,
631,
380,
930,
3066,
352,
667,
602,
582,
587,
3361,
349,
377,
260,
634,
657,
250,
3878,
150,
662,
491,
3730,
1598,
3389,
886,
584,
4241,
544,
3844,
143,
3878,
4024,
602,
343,
690,
743,
3037,
133,
194,
629,
227,
1457,
512,
891,
3036,
191,
652,
552,
153,
610,
3776,
1151,
15,
90,
3316,
725,
2990,
600,
753,
679,
1089,
519,
596,
651,
573,
455,
1963,
529,
677,
1247,
462,
3960,
615,
800,
618,
621,
298,
586,
3511,
641,
1941,
648,
561,
1088,
566,
3701,
562,
799,
1102,
3003,
824,
724,
562,
274,
3656,
578,
1534,
44,
2377,
3095,
691,
373,
1351,
388,
468,
919,
205,
1341,
428,
3208,
569,
575,
499,
476,
1280,
670,
547,
542,
533,
137,
1281,
478,
86,
120,
136,
142,
85,
43,
568,
82,
3052,
295,
2990,
262,
2985,
3820,
2985,
2931,
2928,
2884,
594,
2763,
39,
45,
2903,
675,
678,
2924,
669,
674,
457,
1819,
1792,
434,
612,
692,
2127,
409,
796,
3104,
516,
608,
208,
496,
605,
491,
843,
2123,
356,
482,
869,
2132,
2219,
574,
887,
43,
181,
4584,
725,
158,
91,
4439,
43,
540,
620,
427,
147,
412,
213,
164,
517,
279,
123,
4360,
375,
413,
987,
782,
413,
905,
603,
612,
600,
768,
482,
680,
345,
912,
298,
826,
953,
430,
3281,
639,
678,
352,
458,
696,
588,
528,
504,
434,
581,
944,
543,
577,
902,
401,
527,
988,
180,
591,
259,
524,
423,
327,
416,
643,
916,
623,
710,
389,
542,
574,
565,
537,
609,
453,
524,
261,
682,
364,
458,
826,
1007,
190,
336,
2207,
1203,
4702,
2204,
453,
460,
416,
452,
444,
450,
216,
366,
429,
85,
21,
83,
328,
108,
417,
196,
398,
49,
1574,
57,
1572,
48,
3315,
493,
1572,
1570,
41,
360,
54,
1570,
385,
362,
462,
363,
2147,
336,
685,
575,
319,
3318,
660,
150,
133,
522,
671,
317,
3557,
7,
747,
11,
307,
445,
300,
14,
121,
102,
301,
477,
442,
393,
573,
2596,
433,
606,
507,
3355,
1786,
590,
806,
702,
644,
215,
171,
897,
419,
738,
984,
975,
304,
493,
579,
478,
855,
178,
481,
49,
805,
489,
592,
616,
416,
677,
976,
597,
433,
687,
415,
219,
506,
513,
598,
4217,
381,
452,
391,
582,
425,
540,
692,
582,
550,
307,
381,
596,
542,
485,
538,
776,
424,
755,
404,
447,
262,
582,
96,
219,
329,
552,
3375,
1750,
100,
3371,
908,
868,
623,
93,
724,
89,
93,
123,
455,
58,
97,
4264,
83,
76,
93,
88,
3799,
409,
81,
453,
408,
761,
771,
4273,
760,
218,
467,
733,
160,
483,
3386,
167,
762,
4260,
480,
134,
528,
652,
290,
148,
818,
90,
559,
344,
445,
525,
515,
583,
668,
427,
2301,
504,
521,
420,
314,
501,
506,
782,
563,
606,
294,
520,
553,
537,
516,
314,
514,
363,
1051,
533,
520,
507,
414,
655,
377,
175,
552,
1643,
481,
507,
552,
299,
532,
515,
796,
382,
849,
436,
428,
546,
530,
506,
590,
226,
580,
608,
517,
534,
502,
527,
303,
794,
827,
849,
836,
279,
711,
704,
3339,
529,
562,
3442,
242,
588,
528,
720,
738,
771,
84,
111,
297,
100,
127,
91,
558,
585,
592,
320,
1687,
20,
103,
103,
301,
101,
109,
82,
4097,
102,
136,
119,
98,
526,
96,
91,
76,
81,
55,
44,
1835,
3459,
1084,
432,
1773,
111,
308,
1036,
48,
590,
579,
105,
108,
101,
3314,
429,
1692,
956,
51,
427,
446,
134,
156,
84,
97,
461,
427,
441,
497,
87,
439,
129,
126,
60,
607,
233,
231,
192,
186,
87,
176,
476,
590,
588,
250,
882,
246,
239,
429,
830,
1062,
552,
499,
1081,
581,
589,
477,
529,
42,
580,
710,
458,
3337,
522,
525,
527,
680,
686,
3261,
285,
898,
3502,
616,
443,
766,
3498,
518,
606,
714,
992,
596,
2092,
736,
315,
646,
3561,
322,
888,
708,
512,
245,
812,
4789,
337,
494,
3531,
1086,
342,
924,
2027,
1935,
213,
995,
804,
3913,
630,
529,
227,
920,
2025,
997,
496,
551,
2009,
116,
783,
281,
516,
1934,
1983,
99,
91,
1958,
842,
829,
901,
513,
600,
127,
755,
86,
84,
630,
95,
75,
76,
3530,
4085,
72,
551,
98,
65,
473,
3535,
2370,
100,
459,
3529,
102,
93,
4007,
88,
2392,
53,
3970,
3158,
63,
44,
319,
505,
671,
2230,
317,
1849,
693,
533,
228,
490,
4796,
506,
407,
750,
339,
497,
132,
2144,
357,
875,
305,
279,
507,
268,
539,
88,
289,
470,
3444,
239,
758,
75,
126,
82,
249,
41,
243,
267,
530,
982,
603,
501,
509,
890,
517,
989,
724,
296,
581,
596,
522,
328,
2485,
623,
681,
606,
744,
614,
583,
3582,
430,
516,
374,
974,
586,
609,
1156,
2445,
930,
523,
1176,
34,
1098,
42,
270,
277,
776,
267,
724,
738,
3289,
1803,
610,
972,
1248,
322,
345,
3285,
564,
5039,
83,
521,
597,
1113,
57,
1176,
102,
653,
278,
315,
1086,
616,
693,
1194,
2455,
750,
358,
2204,
113,
1849,
112,
2202,
75,
342,
60,
97,
94,
54,
46,
95,
464,
2214,
2219,
1799,
162,
329,
1760,
340,
353,
290,
288,
296,
278,
163,
581,
390,
3616,
1618,
245,
353,
568,
1151,
389,
314,
387,
364,
136,
132,
76,
345,
232,
377,
422,
388,
404,
433,
416,
431,
443,
78,
3633,
424,
605,
316,
449,
363,
98,
4779,
2784,
603,
360,
325,
507,
1081,
260,
814,
353,
416,
1059,
351,
1062,
503,
319,
3343,
3734,
379,
376,
311,
39,
351,
536,
528,
2729,
657,
506,
798,
818,
402,
378,
342,
1064,
500,
475,
430,
812,
1867,
559,
276,
650,
539,
534,
423,
558,
4538,
674,
597,
806,
1827,
619,
1399,
801,
672,
926,
1651,
1581,
3737,
1809,
1799,
2650,
1182,
678,
2834,
1630,
2740,
3524,
636,
79,
1779,
3859,
1625,
543,
2321,
3446,
3522,
1630,
659,
2022,
3999,
1662,
847,
3548,
870,
3670,
105,
102,
97,
98,
4002,
1459,
118,
95,
91,
77,
433,
88,
63,
3786,
423,
379,
144,
479,
50,
24,
45,
505,
400,
56,
342,
555,
338,
428,
1820,
365,
659,
399,
349,
385,
373,
2667,
294,
1838,
3591,
266,
156,
434,
565,
415,
438,
243,
2154,
596,
2670,
105,
4243,
167,
428,
425,
506,
106,
344,
1850,
424,
4381,
143,
87,
424,
328,
417,
1239,
1899,
3347,
1735,
1844,
392,
854,
354,
978,
1235,
488,
1257,
43,
607,
363,
1927,
378,
719,
485,
2136,
585,
383,
592,
837,
467,
560,
600,
2914,
477,
414,
691,
533,
531,
545,
535,
298,
682,
335,
675,
486,
886,
1172,
562,
572,
569,
907,
1057,
853,
1100,
312,
338,
87,
552,
584,
3527,
456,
412,
1074,
1723,
511,
717,
302,
1920,
637,
3541,
3456,
241,
3526,
554,
3169,
1740,
176,
3087,
71,
88,
546,
689,
201,
112,
1890,
455,
603,
239,
3082,
1889,
93,
3092,
136,
734,
107,
136,
121,
99,
244,
82,
2663,
98,
2234,
2744,
3937,
1464,
87,
1390,
83,
3867,
64,
2420,
4198,
79,
71,
2218,
240,
2980,
2214,
51,
228,
423,
2209,
81,
492,
2214,
2205,
2203,
433,
424,
665,
2202,
582,
390,
111,
2444,
2214,
358,
246,
40,
437,
77,
499,
308,
308,
172,
138,
320,
81,
248,
316,
218,
37,
417,
446,
311,
390,
983,
937,
153,
1978,
454,
533,
490,
435,
428,
657,
559,
1787,
1927,
291,
440,
602,
550,
43,
972,
551,
349,
491,
41,
1820,
594,
462,
698,
548,
402,
600,
639,
593,
389,
516,
1732,
2139,
357,
683,
633,
349,
316,
346,
471,
608,
2362,
1908,
1849,
1938,
279,
1743,
375,
5074,
1876,
4066,
584,
336,
351,
502,
336,
410,
895,
1812,
374,
995,
1794,
41,
471,
421,
39,
972,
701,
1988,
1806,
1992,
375,
387,
2120,
356,
2367,
379,
821,
2000,
375,
2361,
2016,
527,
312,
1992,
534,
2008,
34,
523,
1830,
3163,
105,
92,
100,
1959,
40,
284,
135,
4065,
136,
2112,
1769,
136,
124,
79,
48,
60,
85,
1770,
50,
45,
49,
3843,
497,
252,
40,
44,
496,
507,
494,
4324,
4378,
507,
493,
2329,
341,
635,
4303,
436,
92,
1970,
433,
2420,
4291,
102,
1881,
429,
86,
255,
443,
427,
4065,
644,
378,
327,
392,
677,
348,
361,
1945,
5,
42,
3550,
584,
274,
355,
443,
3981,
39,
316,
3479,
444,
207,
289,
2350,
283,
187,
928,
930,
294,
699,
557,
4347,
314,
648,
567,
1060,
518,
334,
505,
667,
325,
662,
313,
274,
630,
512,
1881,
270,
596,
1853,
478,
600,
535,
1911,
163,
237,
604,
1859,
603,
161,
278,
716,
563,
286,
930,
306,
613,
453,
38,
388,
272,
3981,
319,
467,
2242,
387,
3590,
4099,
2173,
545,
619,
4896,
3336,
3945,
919,
49,
177,
560,
532,
719,
617,
2118,
460,
932,
97,
60,
648,
508,
99,
114,
538,
83,
104,
517,
83,
523,
4835,
52,
45,
4811,
612,
4801,
379,
75,
550,
38,
4595,
220,
262,
555,
467,
41,
456,
4330,
496,
500,
299,
496,
435,
569,
492,
517,
41,
431,
461,
978,
39,
489,
500,
680,
428,
977,
512,
110,
302,
206,
2247,
97,
503,
434,
191,
93,
346,
450,
3127,
341,
337,
336,
606,
597,
634,
371,
1867,
283,
434,
445,
519,
582,
520,
95,
547,
434,
431,
549,
367,
282,
604,
592,
2028,
324,
596,
390,
345,
301,
560,
358,
676,
605,
544,
310,
559,
698,
289,
727,
702,
553,
1901,
390,
43,
653,
616,
496,
519,
684,
628,
577,
988,
657,
543,
582,
488,
613,
568,
456,
492,
612,
222,
248,
321,
1889,
642,
777,
347,
2091,
288,
409,
347,
301,
614,
721,
588,
341,
541,
645,
790,
522,
332,
376,
518,
55,
4388,
39,
316,
373,
47,
307,
32,
306,
665,
303,
4992,
2003,
345,
331,
515,
266,
54,
524,
116,
847,
3265,
370,
2208,
742,
46,
127,
253,
4490,
132,
1639,
2649,
85,
107,
2541,
78,
303,
92,
248,
256,
104,
63,
487,
57,
246,
43,
175,
2045,
74,
238,
58,
57,
304,
52,
5494,
489,
505,
531,
494,
225,
47,
520,
342,
224,
331,
507,
86,
48,
342,
540,
548,
367,
433,
4340,
149,
3017,
338,
332,
1953,
342,
221,
4541,
370,
1735,
498,
305,
367,
344,
81,
1968,
4601,
350,
542,
1230,
3045,
636,
4378,
307,
3614,
363,
1848,
560,
225,
598,
361,
345,
871,
722,
335,
184,
330,
341,
582,
799,
456,
417,
400,
3616,
2153,
218,
731,
59,
2476,
598,
360,
5346,
602,
382,
4494,
549,
756,
210,
586,
678,
1773,
642,
635,
241,
697,
614,
470,
377,
201,
613,
547,
370,
1803,
908,
657,
4170,
43,
71,
868,
666,
353,
848,
4404,
598,
2912,
222,
684,
370,
253,
482,
269,
297,
514,
493,
346,
45,
359,
248,
613,
526,
2043,
593,
913,
839,
354,
725,
390,
45,
330,
114,
768,
495,
104,
2569,
409,
424,
523,
2558,
2554,
3268,
2544,
275,
291,
603,
1267,
124,
110,
1633,
126,
97,
2548,
59,
2369,
51,
90,
58,
2303,
4102,
47,
2303,
43,
2301,
1371,
407,
37,
327,
400,
397,
405,
4089,
341,
335,
85,
339,
73,
43,
331,
374,
389,
356,
2244,
2237,
139,
2248,
575,
364,
589,
2786,
4267,
395,
151,
669,
639,
502,
539,
367,
519,
600,
342,
2768,
1146,
517,
333,
184,
622,
632,
644,
540,
272,
43,
4242,
465,
4564,
562,
4616,
908,
1996,
294,
2110,
4006,
1954,
4450,
1800,
1807,
615,
732,
2368,
820,
2137,
1858,
1849,
2774,
1494,
262,
1841,
39,
715,
653,
66,
898,
609,
630,
910,
1837,
658,
36,
418,
711,
829,
228,
332,
1817,
2804,
2810,
1856,
729,
812,
627,
2561,
520,
543,
2462,
1841,
474,
925,
1912,
56,
528,
1965,
119,
838,
1982,
2270,
1129,
31,
103,
571,
575,
1829,
93,
2177,
479,
655,
96,
107,
93,
586,
110,
2234,
80,
77,
78,
4198,
137,
651,
2521,
174,
4187,
2375,
668,
5198,
506,
335,
394,
56,
1275,
39,
323,
4532,
5222,
410,
371,
280,
337,
2330,
2005,
695,
237,
139,
277,
121,
448,
404,
1923,
348,
92,
586,
633,
103,
2853,
103,
2418,
1787,
1541,
94,
406,
4214,
125,
598,
578,
506,
232,
355,
495,
1926,
578,
2209,
305,
873,
353,
441,
428,
299,
568,
555,
2030,
2364,
473,
812,
4752,
2363,
909,
795,
523,
319,
439,
1878,
2359,
328,
2354,
548,
607,
38,
2408,
1883,
2412,
640,
617,
4632,
600,
2291,
263,
629,
465,
1419,
748,
1413,
819,
2035,
328,
1409,
1398,
636,
623,
945,
2376,
1174,
573,
4506,
2457,
492,
668,
1418,
593,
1427,
499,
745,
56,
536,
561,
2281,
310,
2291,
491,
1962,
2214,
232,
99,
34,
181,
709,
164,
140,
80,
301,
77,
1440,
85,
83,
77,
4594,
75,
72,
67,
1647,
65,
122,
483,
391,
89,
2308,
478,
661,
360,
421,
79,
395,
412,
54,
4546,
420,
408,
67,
45,
344,
434,
414,
492,
350,
1609,
454,
339,
408,
500,
5625,
1594,
404,
245,
304,
349,
3310,
459,
2383,
417,
36,
2003,
329,
4543,
872,
1387,
2438,
542,
2455,
303,
351,
2368,
572,
2432,
555,
349,
453,
193,
643,
686,
461,
292,
38,
596,
381,
1392,
926,
529,
593,
608,
336,
895,
529,
890,
622,
284,
558,
1648,
916,
522,
568,
374,
457,
568,
770,
636,
552,
2388,
46,
355,
423,
620,
304,
668,
372,
2453,
633,
2381,
2456,
617,
38,
2379,
2371,
2375,
2284,
2281,
1507,
2484,
301,
1656,
490,
464,
85,
4434,
5061,
2061,
527,
120,
3530,
3379,
3002,
627,
562,
133,
2673,
5071,
2651,
127,
1996,
114,
117,
2544,
2998,
4295,
517,
101,
2852,
116,
67,
583,
799,
2001,
2053,
250,
555,
50,
42,
49,
757,
39,
442,
394,
289,
409,
284,
22,
404,
594,
488,
413,
4851,
415,
83,
92,
2612,
235,
340,
414,
412,
42,
407,
2087,
2072,
272,
382,
407,
100,
351,
78,
350,
4688,
41,
434,
227,
409,
438,
356,
274,
361,
328,
281,
839,
352,
800,
313,
453,
2207,
890,
594,
268,
884,
334,
563,
839,
525,
329,
597,
1078,
617,
1713,
334,
390,
577,
847,
682,
1153,
339,
1712,
4412,
451,
513,
1074,
478,
323,
810,
1080,
808,
565,
2568,
802,
247,
469,
606,
394,
465,
576,
2465,
2228,
427,
2133,
2433,
699,
2219,
49,
517,
1657,
23,
546,
519,
640,
505,
133,
35,
646,
133,
433,
559,
90,
677,
601,
85,
2644,
345,
121,
587,
129,
2633,
4590,
120,
433,
392,
2573,
402,
88,
2757,
518,
232,
2569,
3090,
81,
51,
118,
123,
105,
483,
401,
72,
3483,
2571,
45,
2490,
573,
2559,
107,
452,
2035,
72,
96,
83,
443,
3111,
374,
3226,
486,
356,
366,
370,
418,
571,
41,
435,
47,
271,
440,
977,
472,
2178,
417,
308,
44,
428,
281,
38,
691,
2163,
393,
424,
2427,
2625,
413,
39,
1038,
422,
580,
412,
124,
442,
4462,
450,
1671,
408,
423,
112,
579,
5286,
422,
295,
149,
172,
1890,
141,
4474,
21,
2298,
315,
609,
355,
486,
670,
353,
478,
564,
535,
256,
277,
300,
2450,
599,
1057,
721,
2438,
1070,
691,
927,
439,
555,
989,
309,
582,
566,
936,
468,
542,
222,
3556,
2797,
1672,
345,
4480,
510,
5487,
879,
541,
1041,
527,
898,
689,
2464,
695,
603,
589,
594,
2223,
318,
610,
291,
378,
1927,
2727,
2219,
820,
2223,
204,
2632,
1058,
824,
1929,
2255,
1158,
1927,
952,
1067,
303,
1934,
462,
2476,
2215,
1939,
878,
472,
224,
690,
2482,
5255,
479,
569,
250,
413,
369,
3072,
537,
461,
42,
40,
158,
343,
387,
90,
135,
1023,
39,
1009,
1045,
362,
116,
506,
105,
207,
101,
97,
100,
123,
4915,
106,
44,
99,
103,
108,
95,
36,
85,
101,
99,
93,
609,
98,
58,
5210,
64,
80,
533,
356,
64,
43,
4948,
357,
308,
441,
317,
87,
321,
529,
44,
1051,
54,
358,
320,
53,
136,
357,
434,
239,
101,
107,
107,
438,
428,
322,
486,
422,
500,
420,
4709,
430,
482,
301,
348,
417,
415,
36,
354,
2532,
82,
2548,
423,
218,
358,
1847,
514,
2698,
289,
588,
349,
571,
535,
321,
544,
433,
654,
591,
245,
577,
422,
405,
515,
288,
430,
1065,
626,
43,
288,
430,
654,
585,
678,
2722,
470,
1032,
528,
430,
131,
472,
282,
534,
2303,
308,
997,
472,
341,
435,
363,
2013,
624,
4860,
255,
590,
1797,
577,
1993,
1787,
2630,
571,
5137,
1983,
567,
3446,
585,
1034,
583,
40,
1990,
2302,
238,
1088,
594,
2010,
2654,
2715,
924,
589,
680,
5905,
41,
1764,
579,
1000,
595,
2009,
1106,
272,
72,
587,
1080,
5827,
3144,
964,
567,
113,
1808,
502,
446,
109,
92,
101,
2008,
418,
499,
39,
99,
623,
354,
96,
530,
491,
108,
69,
60,
480,
543,
43,
1861,
301,
1818,
352,
501,
620,
423,
1779,
4837,
420,
305,
290,
287,
555,
118,
610,
552,
275,
334,
550,
298,
116,
4581,
254,
246,
238,
532,
97,
416,
106,
419,
4577,
411,
468,
409,
678,
352,
98,
275,
316,
79,
47,
305,
2302,
923,
1857,
267,
587,
435,
597,
647,
641,
618,
366,
278,
398,
577,
803,
876,
267,
518,
800,
522,
682,
685,
591,
905,
759,
649,
552,
537,
1117,
683,
886,
1884,
648,
4597,
501,
549,
982,
647,
918,
1879,
1884,
300,
647,
488,
40,
602,
673,
487,
493,
646,
1122,
1798,
571,
984,
578,
576,
619,
834,
1094,
4440,
572,
617,
687,
424,
2781,
1876,
721,
1121,
392,
1136,
1090,
621,
501,
493,
1876,
89,
376,
1855,
425,
595,
497,
580,
92,
719,
88,
692,
732,
75,
90,
248,
113,
90,
65,
30,
75,
89,
66,
57,
738,
51,
41,
622,
625,
738,
168,
524,
418,
424,
428,
335,
673,
90,
103,
424,
497,
330,
490,
594,
295,
1906,
603,
324,
678,
463,
300,
293,
4658,
271,
3400,
34,
334,
77,
353,
78,
637,
334,
2449,
535,
36,
474,
592,
532,
3322,
301,
507,
588,
584,
267,
429,
930,
433,
640,
299,
669,
274,
772,
780,
1244,
824,
638,
685,
852,
531,
1956,
638,
932,
694,
890,
1212,
666,
777,
989,
558,
1218,
920,
672,
1081,
799,
588,
496,
795,
48,
592,
916,
789,
355,
1966,
584,
3422,
315,
579,
818,
577,
637,
788,
273,
50,
741,
405,
1929,
349,
578,
492,
509,
96,
790,
687,
788,
46,
1164,
1257,
487,
654,
102,
3068,
692,
2710,
5439,
630,
5220,
129,
51,
5780,
4704,
111,
58,
53,
2855,
90,
627,
5611,
685,
51,
2871,
51,
2004,
1979,
854,
44,
78,
4721,
428,
396,
779,
4418,
361,
54,
425,
47,
504,
350,
1851,
341,
379,
93,
544,
349,
423,
338,
506,
679,
336,
103,
514,
332,
581,
494,
3769,
79,
327,
309,
563,
675,
546,
434,
341,
349,
74,
5200,
309,
780,
418,
257,
255,
41,
215,
34,
372,
341,
5176,
193,
319,
740,
850,
3828,
306,
803,
573,
1077,
441,
256,
513,
400,
802,
969,
697,
336,
5269,
722,
992,
881,
658,
5155,
283,
682,
805,
1201,
291,
38,
655,
795,
504,
662,
442,
734,
265,
801,
816,
296,
317,
1083,
621,
404,
538,
862,
868,
308,
306,
315,
767,
368,
343,
910,
311,
744,
918,
612,
1012,
534,
652,
306,
946,
530,
302,
301,
5002,
1150,
921,
409,
527,
866,
687,
1096,
591,
1845,
726,
732,
310,
2067,
2963,
544,
813,
743,
99,
649,
556,
103,
1520,
73,
5300,
689,
72,
3344,
233,
59,
162,
3359,
3043,
3380,
2438,
6113,
2744,
2308,
39,
2312,
2934,
579,
2305,
271,
310,
518,
2309,
2304,
2298,
357,
2302,
1939,
272,
714,
344,
261,
1934,
240,
155,
150,
265,
1933,
2091,
253,
304,
117,
935,
311,
119,
315,
326,
292,
290,
89,
228,
211,
419,
84,
341,
903,
195,
362,
752,
884,
229,
748,
882,
316,
788,
3607,
303,
882,
937,
880,
657,
741,
418,
380,
876,
733,
281,
737,
438,
681,
732,
789,
1155,
713,
306,
953,
731,
291,
621,
3584,
732,
3355,
450,
677,
937,
730,
275,
811,
964,
3525,
4919,
2583,
315,
271,
806,
3282,
802,
676,
4866,
3426,
4158,
811,
5864,
901,
581,
380,
379,
306,
286,
606,
345,
588,
598,
300,
910,
2037,
3550,
897,
320,
3542,
3304,
1074,
296,
682,
352,
1268,
3041,
614,
3504,
457,
159,
911,
1987,
3552,
3632,
616,
3388,
3455,
3461,
599,
409,
701,
3550,
106,
560,
400,
221,
399,
103,
90,
543,
99,
4891,
510,
75,
528,
558,
560,
4891,
67,
65,
701,
55,
650,
505,
63,
258,
212,
181,
195,
5421,
694,
225,
174,
194,
196,
1967,
4747,
3649,
4384,
349,
785,
584,
5466,
192,
870,
189,
159,
574,
680,
500,
169,
585,
879,
104,
127,
90,
284,
76,
364,
810,
662,
445,
506,
47,
45,
613,
744,
3573,
261,
625,
426,
482,
170,
582,
939,
434,
3596,
620,
618,
738,
284,
1267,
746,
877,
745,
346,
582,
527,
741,
793,
559,
201,
901,
701,
488,
792,
488,
781,
747,
316,
365,
320,
567,
354,
907,
813,
382,
44,
903,
978,
456,
608,
1007,
411,
292,
2055,
606,
330,
903,
355,
315,
403,
2219,
887,
298,
500,
459,
363,
42,
547,
566,
40,
904,
557,
835,
631,
83,
420,
551,
364,
563,
2058,
6312,
426,
414,
1194,
399,
551,
1286,
113,
613,
280,
1203,
751,
365,
115,
535,
1018,
528,
82,
255,
111,
29,
80,
101,
207,
337,
29,
482,
3318,
537,
53,
