40,
43,
34,
47,
46,
63,
94,
35,
32,
85,
87,
45,
82,
47,
65,
47,
46,
103,
114,
43,
51,
93,
41,
114,
124,
133,
113,
120,
122,
101,
102,
36,
80,
48,
79,
39,
38,
125,
89,
100,
148,
87,
164,
135,
93,
160,
159,
56,
151,
147,
113,
166,
161,
157,
149,
163,
179,
178,
153,
172,
170,
154,
133,
170,
187,
130,
180,
142,
142,
165,
172,
146,
177,
93,
77,
146,
194,
134,
128,
179,
186,
77,
144,
188,
37,
131,
142,
168,
155,
159,
156,
146,
129,
188,
155,
191,
193,
167,
199,
163,
194,
127,
135,
138,
151,
146,
133,
179,
37,
155,
197,
153,
132,
188,
185,
168,
49,
156,
150,
162,
197,
186,
217,
41,
114,
48,
122,
43,
163,
216,
106,
44,
235,
183,
77,
121,
179,
202,
88,
83,
71,
146,
221,
114,
120,
132,
143,
201,
217,
137,
246,
173,
250,
93,
124,
41,
189,
132,
213,
186,
167,
167,
136,
165,
80,
257,
167,
186,
241,
116,
129,
168,
149,
227,
158,
128,
156,
133,
254,
160,
154,
147,
41,
147,
189,
255,
188,
238,
139,
141,
185,
219,
135,
133,
166,
140,
187,
34,
190,
178,
232,
204,
75,
185,
226,
148,
218,
189,
203,
35,
91,
270,
267,
151,
197,
179,
199,
166,
272,
155,
127,
222,
191,
147,
257,
218,
143,
174,
204,
184,
208,
142,
227,
225,
136,
34,
171,
160,
40,
184,
267,
111,
104,
241,
215,
143,
144,
38,
224,
156,
193,
279,
88,
167,
133,
286,
83,
149,
246,
243,
172,
295,
163,
257,
242,
115,
121,
228,
150,
237,
294,
176,
173,
151,
136,
154,
226,
222,
256,
157,
252,
163,
147,
283,
183,
203,
188,
272,
33,
112,
159,
39,
138,
270,
182,
155,
248,
173,
253,
151,
267,
75,
92,
237,
182,
113,
46,
161,
330,
160,
86,
42,
38,
108,
165,
155,
160,
118,
121,
116,
164,
96,
156,
169,
101,
185,
174,
255,
165,
168,
163,
190,
163,
230,
287,
85,
280,
218,
162,
129,
149,
36,
296,
195,
251,
119,
152,
310,
245,
172,
131,
217,
46,
254,
206,
164,
150,
339,
334,
153,
140,
270,
332,
151,
139,
264,
249,
260,
273,
154,
178,
152,
176,
144,
153,
96,
136,
280,
153,
221,
141,
146,
296,
135,
46,
98,
254,
135,
77,
235,
242,
33,
224,
80,
281,
147,
201,
197,
171,
186,
350,
237,
166,
203,
117,
299,
81,
86,
37,
264,
259,
110,
247,
340,
238,
267,
180,
275,
328,
36,
171,
156,
389,
198,
288,
142,
212,
230,
105,
228,
320,
173,
93,
243,
388,
241,
233,
351,
164,
289,
258,
216,
140,
120,
120,
241,
179,
175,
223,
99,
179,
164,
143,
169,
136,
181,
42,
244,
135,
398,
116,
117,
184,
368,
219,
195,
100,
95,
256,
343,
243,
154,
200,
244,
171,
95,
168,
160,
158,
132,
223,
149,
163,
233,
143,
93,
142,
46,
103,
155,
233,
81,
310,
39,
185,
239,
156,
310,
264,
204,
338,
186,
173,
176,
181,
137,
288,
261,
247,
314,
296,
130,
110,
327,
351,
137,
104,
321,
282,
286,
45,
307,
354,
291,
95,
233,
232,
261,
275,
336,
240,
196,
253,
358,
229,
285,
299,
218,
220,
173,
151,
33,
46,
43,
165,
154,
365,
153,
162,
356,
32,
207,
196,
148,
207,
272,
159,
336,
181,
354,
255,
201,
246,
312,
191,
205,
263,
225,
34,
158,
142,
199,
197,
219,
206,
294,
210,
225,
204,
215,
157,
193,
77,
213,
183,
286,
186,
176,
184,
138,
178,
202,
134,
131,
141,
338,
234,
288,
262,
372,
360,
182,
269,
231,
145,
188,
174,
241,
235,
178,
204,
118,
263,
134,
210,
178,
164,
106,
182,
373,
90,
66,
169,
187,
266,
225,
312,
354,
205,
186,
46,
180,
258,
339,
151,
88,
177,
307,
183,
202,
349,
194,
242,
127,
213,
193,
57,
139,
204,
317,
179,
172,
266,
316,
199,
196,
346,
41,
101,
186,
154,
45,
337,
168,
304,
300,
144,
298,
171,
304,
142,
43,
240,
314,
117,
270,
288,
402,
203,
236,
145,
110,
219,
98,
400,
199,
83,
204,
91,
94,
413,
271,
88,
324,
192,
296,
355,
35,
120,
227,
176,
108,
336,
97,
82,
282,
362,
126,
193,
99,
35,
97,
289,
83,
129,
50,
43,
158,
47,
109,
36,
324,
42,
38,
178,
137,
62,
103,
151,
286,
369,
35,
150,
237,
141,
417,
33,
227,
427,
255,
33,
229,
225,
203,
274,
173,
41,
46,
269,
198,
36,
128,
309,
191,
320,
179,
126,
241,
34,
111,
118,
310,
55,
101,
208,
217,
304,
210,
501,
177,
492,
233,
124,
124,
145,
114,
322,
50,
134,
427,
148,
163,
230,
234,
41,
325,
38,
331,
258,
208,
48,
267,
174,
277,
137,
66,
187,
115,
116,
207,
91,
49,
164,
117,
191,
186,
346,
34,
210,
154,
220,
222,
342,
337,
263,
30,
220,
362,
381,
307,
99,
262,
301,
246,
137,
100,
110,
130,
40,
259,
240,
109,
130,
244,
97,
154,
44,
127,
151,
207,
118,
379,
194,
173,
213,
227,
393,
436,
240,
172,
252,
277,
345,
233,
173,
451,
262,
367,
117,
225,
171,
239,
308,
275,
286,
391,
41,
302,
321,
106,
205,
99,
331,
176,
164,
500,
344,
85,
305,
72,
325,
342,
80,
38,
109,
363,
43,
279,
316,
374,
330,
419,
370,
129,
145,
268,
376,
37,
96,
304,
37,
212,
292,
294,
353,
437,
124,
313,
379,
234,
335,
358,
151,
266,
216,
305,
305,
374,
82,
368,
518,
251,
249,
40,
466,
72,
418,
189,
509,
253,
314,
495,
242,
227,
447,
149,
204,
250,
309,
153,
194,
432,
276,
196,
187,
220,
41,
170,
337,
261,
173,
170,
392,
257,
270,
165,
256,
108,
257,
160,
524,
288,
177,
164,
428,
277,
438,
146,
203,
253,
285,
161,
193,
265,
347,
221,
356,
291,
365,
71,
42,
310,
325,
186,
185,
241,
401,
489,
193,
367,
179,
336,
336,
368,
103,
315,
340,
442,
344,
176,
172,
425,
293,
43,
350,
170,
32,
254,
361,
133,
330,
346,
286,
135,
287,
92,
492,
293,
52,
221,
38,
248,
144,
46,
191,
522,
202,
165,
212,
246,
207,
551,
92,
303,
195,
394,
96,
305,
122,
192,
81,
162,
79,
307,
364,
389,
117,
153,
187,
164,
148,
449,
280,
36,
350,
178,
577,
198,
194,
628,
197,
292,
131,
174,
34,
47,
218,
132,
150,
48,
280,
38,
622,
225,
239,
163,
71,
484,
210,
539,
103,
359,
76,
197,
484,
116,
465,
435,
459,
245,
196,
393,
459,
169,
92,
320,
288,
41,
293,
380,
461,
124,
67,
139,
348,
322,
377,
171,
437,
288,
148,
51,
363,
215,
192,
116,
360,
270,
127,
115,
459,
74,
295,
162,
141,
333,
163,
382,
338,
298,
309,
378,
274,
304,
617,
300,
274,
267,
299,
294,
341,
89,
136,
205,
316,
207,
307,
318,
126,
327,
93,
269,
90,
193,
572,
321,
102,
307,
81,
272,
76,
496,
527,
495,
430,
101,
433,
133,
41,
445,
131,
692,
289,
150,
428,
371,
603,
482,
303,
267,
260,
287,
333,
374,
284,
163,
256,
240,
166,
167,
139,
223,
92,
223,
206,
168,
368,
356,
114,
201,
381,
201,
510,
86,
86,
280,
299,
33,
98,
254,
296,
85,
261,
303,
175,
143,
83,
82,
118,
445,
138,
109,
100,
131,
116,
44,
269,
249,
235,
36,
75,
336,
127,
375,
423,
115,
647,
200,
214,
268,
76,
225,
644,
80,
75,
588,
106,
39,
271,
35,
92,
39,
106,
103,
97,
225,
253,
274,
102,
95,
212,
310,
114,
229,
623,
326,
292,
95,
516,
278,
75,
131,
61,
391,
188,
327,
40,
260,
178,
296,
227,
226,
359,
136,
89,
366,
354,
87,
458,
306,
478,
53,
245,
242,
273,
494,
648,
281,
194,
304,
363,
492,
290,
473,
309,
216,
497,
289,
260,
111,
306,
183,
470,
169,
191,
158,
41,
178,
362,
214,
233,
585,
558,
459,
168,
200,
481,
428,
440,
382,
263,
418,
34,
571,
465,
284,
178,
83,
111,
315,
179,
232,
286,
147,
442,
305,
31,
215,
506,
199,
292,
409,
271,
414,
182,
461,
219,
73,
401,
316,
232,
166,
265,
150,
358,
338,
162,
205,
226,
166,
430,
186,
218,
70,
295,
49,
168,
210,
302,
123,
220,
188,
202,
423,
506,
256,
284,
424,
158,
142,
236,
341,
725,
512,
158,
98,
355,
616,
312,
49,
412,
416,
128,
123,
142,
156,
63,
74,
613,
587,
575,
681,
311,
300,
111,
132,
121,
185,
132,
594,
355,
43,
606,
510,
579,
592,
565,
96,
523,
163,
418,
308,
491,
500,
565,
437,
46,
343,
450,
376,
82,
525,
504,
207,
49,
221,
373,
135,
516,
51,
460,
65,
101,
32,
326,
32,
650,
582,
566,
321,
128,
644,
543,
454,
41,
561,
373,
40,
658,
37,
396,
716,
144,
317,
379,
423,
104,
389,
622,
372,
695,
402,
558,
383,
585,
432,
386,
43,
573,
560,
677,
395,
397,
577,
60,
49,
618,
34,
407,
376,
179,
606,
61,
392,
413,
319,
589,
58,
492,
407,
173,
509,
298,
417,
356,
281,
57,
221,
409,
589,
399,
366,
550,
476,
382,
669,
369,
342,
405,
40,
327,
371,
515,
52,
421,
329,
177,
471,
322,
365,
42,
229,
253,
162,
198,
581,
308,
302,
394,
105,
75,
115,
227,
584,
388,
118,
160,
204,
43,
398,
383,
312,
510,
321,
380,
371,
113,
329,
698,
46,
560,
89,
68,
191,
712,
356,
39,
181,
546,
362,
144,
641,
308,
489,
367,
498,
61,
286,
394,
46,
273,
34,
37,
625,
331,
520,
59,
107,
286,
493,
141,
278,
469,
352,
349,
53,
350,
347,
407,
52,
618,
446,
134,
425,
287,
408,
78,
503,
121,
598,
373,
708,
590,
567,
656,
109,
44,
71,
31,
519,
456,
400,
377,
287,
368,
802,
825,
107,
377,
802,
88,
472,
31,
336,
330,
336,
393,
469,
59,
505,
146,
551,
350,
129,
419,
529,
57,
446,
575,
434,
459,
376,
467,
455,
502,
338,
160,
419,
79,
506,
315,
45,
431,
89,
89,
82,
59,
419,
439,
383,
167,
413,
103,
372,
362,
225,
211,
37,
35,
445,
383,
118,
621,
101,
164,
49,
336,
49,
194,
370,
337,
473,
70,
336,
324,
44,
89,
325,
112,
79,
324,
665,
33,
580,
72,
54,
685,
420,
47,
43,
36,
567,
37,
44,
35,
704,
872,
41,
225,
546,
800,
866,
603,
593,
46,
481,
524,
70,
457,
704,
521,
502,
440,
100,
35,
558,
488,
149,
34,
522,
103,
489,
517,
519,
567,
184,
605,
77,
481,
50,
466,
45,
479,
240,
342,
449,
564,
535,
82,
41,
424,
427,
91,
651,
44,
79,
40,
636,
439,
439,
817,
483,
551,
95,
39,
37,
530,
545,
517,
556,
594,
104,
557,
546,
462,
655,
557,
524,
844,
567,
105,
434,
590,
41,
603,
539,
384,
473,
961,
524,
897,
509,
35,
476,
601,
499,
590,
532,
419,
974,
791,
595,
35,
576,
391,
381,
555,
367,
750,
655,
95,
109,
313,
507,
530,
35,
332,
303,
976,
302,
486,
71,
43,
592,
31,
442,
492,
574,
346,
38,
41,
571,
595,
566,
538,
369,
543,
234,
47,
567,
122,
545,
42,
41,
490,
516,
530,
40,
250,
523,
36,
532,
419,
304,
252,
30,
277,
46,
454,
533,
289,
501,
759,
47,
465,
425,
731,
344,
41,
77,
408,
733,
39,
75,
39,
90,
570,
45,
637,
560,
1076,
398,
69,
292,
628,
594,
608,
591,
1088,
529,
200,
813,
551,
559,
582,
523,
430,
547,
532,
563,
162,
766,
803,
526,
195,
191,
444,
587,
207,
198,
45,
109,
582,
370,
105,
427,
44,
657,
672,
483,
572,
473,
566,
74,
223,
838,
559,
49,
1134,
421,
558,
45,
362,
339,
334,
370,
102,
965,
235,
397,
643,
580,
733,
666,
708,
210,
346,
656,
553,
426,
943,
751,
708,
571,
775,
248,
488,
627,
282,
541,
418,
612,
279,
689,
1148,
136,
182,
1025,
1155,
126,
87,
1022,
93,
550,
458,
89,
596,
962,
384,
934,
361,
1091,
445,
415,
361,
401,
403,
914,
357,
626,
927,
1229,
361,
822,
511,
716,
86,
504,
690,
1183,
553,
574,
741,
401,
617,
880,
619,
665,
791,
256,
455,
929,
241,
76,
656,
693,
706,
659,
213,
585,
471,
420,
105,
742,
360,
177,
175,
986,
199,
883,
1018,
161,
756,
166,
720,
421,
406,
685,
721,
67,
648,
82,
841,
220,
329,
174,
1032,
1020,
1050,
916,
958,
82,
48,
768,
558,
1109,
335,
325,
74,
885,
903,
643,
450,
66,
829,
302,
219,
405,
711,
347,
284,
440,
348,
346,
326,
318,
441,
426,
250,
92,
410,
105,
335,
85,
19,
85,
1133,
44,
405,
265,
340,
374,
583,
41,
80,
373,
981,
124,
422,
375,
76,
37,
37,
74,
71,
333,
88,
337,
353,
356,
1407,
652,
1417,
1319,
365,
79,
77,
1381,
70,
616,
964,
945,
1387,
86,
70,
411,
949,
976,
672,
97,
628,
1146,
618,
91,
57,
545,
869,
834,
75,
1004,
829,
1155,
773,
1072,
967,
268,
52,
263,
1165,
996,
1080,
491,
1259,
279,
1439,
264,
625,
1001,
1043,
1344,
511,
473,
71,
551,
1090,
264,
1382,
972,
1400,
1105,
1159,
1235,
1497,
629,
472,
1377,
1237,
991,
1249,
950,
652,
752,
980,
1515,
727,
584,
1105,
82,
1052,
666,
493,
670,
1567,
552,
662,
640,
1146,
526,
1123,
576,
744,
612,
82,
577,
671,
642,
555,
999,
697,
77,
636,
585,
270,
256,
454,
498,
583,
1428,
1033,
75,
534,
626,
571,
78,
68,
468,
1186,
69,
1420,
629,
1119,
1074,
484,
94,
1369,
1144,
1130,
504,
698,
533,
953,
413,
475,
1181,
1128,
620,
1042,
1197,
1110,
474,
1090,
114,
1283,
64,
1435,
1196,
490,
542,
423,
543,
1187,
88,
1297,
1155,
446,
1217,
597,
969,
650,
605,
438,
579,
1205,
436,
265,
1375,
76,
426,
1425,
1202,
422,
239,
295,
420,
228,
516,
1336,
1234,
1162,
343,
1031,
1173,
977,
1105,
514,
497,
1246,
638,
635,
1062,
572,
316,
656,
1145,
1092,
685,
606,
619,
277,
1257,
1207,
1323,
654,
1382,
605,
1264,
602,
1208,
1080,
90,
250,
584,
1381,
255,
1269,
209,
1247,
539,
1125,
151,
1142,
1596,
1399,
672,
262,
1425,
1256,
558,
1200,
604,
1208,
1558,
84,
562,
567,
1210,
615,
559,
152,
510,
1133,
1242,
1297,
607,
569,
1118,
984,
1023,
1421,
1108,
1043,
1047,
1211,
1190,
1031,
1229,
1181,
148,
478,
1251,
1186,
20,
81,
478,
480,
467,
642,
157,
124,
1228,
703,
621,
252,
1571,
1206,
599,
569,
590,
1164,
1213,
77,
1205,
410,
1198,
149,
118,
1205,
1469,
70,
400,
379,
100,
887,
904,
1083,
1361,
1131,
1359,
1186,
616,
1355,
859,
1028,
693,
878,
1471,
431,
661,
659,
259,
1096,
1214,
1363,
1290,
1164,
1135,
1303,
1138,
1148,
1323,
1340,
1162,
1130,
426,
389,
1122,
91,
1344,
1077,
837,
1180,
1005,
1372,
1339,
480,
1246,
1154,
1266,
1220,
1282,
1644,
87,
794,
1347,
1300,
774,
1197,
1214,
308,
1135,
1171,
1592,
1379,
1200,
1617,
1249,
1275,
1516,
737,
692,
1315,
1578,
1357,
1659,
1692,
490,
1162,
1597,
1676,
1311,
1336,
270,
1196,
775,
721,
602,
1250,
259,
767,
199,
1026,
794,
1356,
1433,
725,
1461,
219,
1196,
1252,
1184,
395,
1322,
1274,
1568,
375,
1407,
379,
1067,
687,
1267,
67,
1373,
1027,
1073,
1030,
1117,
1792,
1287,
77,
1172,
1308,
884,
1647,
1403,
251,
1164,
1530,
1324,
1386,
215,
1257,
1365,
1256,
850,
859,
1323,
1395,
199,
846,
620,
783,
1610,
229,
321,
248,
168,
1687,
755,
1498,
663,
1298,
659,
1310,
1300,
956,
1420,
202,
645,
87,
1237,
1338,
1240,
1421,
1410,
166,
155,
162,
757,
1187,
1194,
323,
1434,
970,
71,
866,
236,
1387,
1013,
1190,
1294,
1279,
126,
736,
1178,
1398,
1225,
1240,
1230,
1186,
1010,
398,
1122,
1538,
1134,
1001,
952,
1268,
205,
1617,
1345,
1135,
888,
957,
1423,
352,
1385,
1262,
885,
1632,
1437,
1055,
1352,
1137,
1440,
1251,
958,
1246,
1411,
1353,
1420,
1255,
1431,
1468,
1396,
1370,
1150,
820,
1394,
1128,
710,
1103,
1414,
1150,
1346,
1162,
1403,
870,
1156,
1383,
109,
1381,
1494,
1097,
1179,
1720,
1700,
1096,
1327,
1429,
1627,
935,
1670,
81,
1148,
263,
1230,
1690,
1060,
1161,
1648,
692,
1489,
1679,
1393,
905,
1098,
1018,
392,
118,
721,
1327,
1329,
132,
822,
296,
781,
1165,
1269,
821,
1355,
1320,
1284,
510,
105,
1220,
1410,
821,
248,
1272,
1539,
495,
1269,
1400,
1097,
1310,
1369,
1373,
1413,
1391,
1581,
1238,
1238,
1035,
716,
1313,
712,
1427,
1385,
293,
913,
1568,
1322,
1154,
74,
82,
1355,
1331,
1005,
656,
1386,
996,
1203,
1383,
1298,
161,
183,
986,
170,
1176,
1265,
1313,
1263,
1185,
394,
1284,
760,
1184,
104,
158,
1083,
1021,
977,
98,
1033,
86,
96,
664,
652,
1374,
1269,
1264,
1343,
650,
1290,
1586,
92,
1249,
1241,
1559,
1563,
1330,
1226,
1279,
1270,
1255,
1505,
1247,
1317,
325,
71,
1461,
1201,
1232,
1084,
1213,
1711,
495,
1293,
1294,
344,
1317,
76,
1363,
1450,
965,
1020,
1144,
1349,
1219,
1537,
1279,
1390,
1273,
1261,
1272,
162,
1489,
341,
1289,
1468,
736,
1102,
919,
1465,
1295,
954,
785,
922,
679,
744,
739,
391,
1475,
1024,
1327,
621,
379,
1322,
1168,
1249,
742,
1493,
803,
72,
1602,
1230,
598,
1277,
1464,
672,
1184,
1634,
1001,
801,
1460,
1194,
1255,
1211,
934,
1474,
1289,
1205,
1309,
1255,
797,
610,
881,
1380,
1359,
1352,
1573,
1783,
877,
1563,
913,
907,
804,
1453,
907,
1492,
243,
1184,
1272,
1695,
1270,
1357,
1465,
1084,
1449,
1770,
90,
552,
1400,
1175,
1410,
742,
1166,
707,
898,
571,
909,
1687,
689,
1027,
1168,
1494,
1331,
177,
1810,
1285,
1322,
1145,
435,
1468,
1149,
186,
698,
1106,
1130,
1757,
1531,
765,
1350,
352,
1167,
1336,
717,
1178,
1319,
1006,
1252,
1134,
1306,
1160,
1140,
619,
1490,
1321,
1748,
1289,
1308,
1366,
1735,
592,
795,
139,
146,
763,
1321,
673,
1174,
400,
515,
1590,
1171,
470,
1150,
368,
870,
763,
766,
537,
1422,
763,
1475,
1528,
784,
154,
587,
75,
1407,
769,
864,
1687,
173,
1302,
869,
764,
1508,
519,
1158,
150,
1109,
1348,
1307,
1173,
1126,
730,
1308,
717,
1195,
1340,
790,
91,
700,
1169,
1237,
86,
990,
946,
777,
1243,
83,
1136,
395,
719,
714,
975,
150,
1105,
1050,
1235,
231,
1199,
150,
1073,
1154,
840,
1340,
1391,
1017,
832,
1426,
1109,
185,
174,
359,
141,
1030,
829,
1155,
1320,
138,
97,
1488,
381,
304,
250,
1247,
1481,
369,
991,
249,
1147,
1293,
1518,
1322,
1346,
1306,
1206,
803,
1404,
1013,
1281,
1555,
826,
1445,
1055,
1267,
185,
383,
1523,
1553,
692,
1027,
98,
170,
1365,
1280,
718,
973,
1524,
118,
990,
1498,
97,
1431,
555,
94,
1525,
1155,
682,
1614,
520,
172,
1149,
989,
962,
817,
687,
952,
159,
1400,
990,
1458,
1302,
89,
1533,
115,
964,
1253,
1286,
947,
922,
1008,
790,
88,
1401,
866,
961,
561,
351,
1466,
183,
169,
670,
1433,
559,
178,
1517,
1531,
90,
452,
346,
112,
233,
602,
140,
397,
194,
81,
153,
80,
367,
157,
78,
604,
966,
1579,
1901,
123,
1063,
698,
574,
1550,
1304,
988,
1339,
1443,
88,
1403,
1195,
1402,
206,
1314,
989,
1207,
222,
1268,
1568,
1535,
864,
737,
875,
661,
568,
823,
1540,
1573,
1063,
543,
926,
1525,
718,
907,
541,
1720,
1471,
957,
726,
1209,
1532,
560,
632,
948,
1238,
686,
636,
675,
1339,
1048,
976,
1040,
777,
1264,
1063,
517,
60,
846,
1409,
1540,
41,
1295,
251,
938,
1429,
1077,
184,
79,
123,
711,
1438,
470,
1470,
1178,
1422,
632,
1022,
1042,
1552,
1364,
1541,
1436,
97,
1411,
1028,
1275,
1536,
997,
1505,
487,
1350,
1201,
1638,
195,
484,
1406,
908,
1085,
166,
470,
1807,
1503,
1428,
1694,
142,
573,
193,
1228,
1571,
1058,
1149,
1263,
1441,
520,
1295,
1528,
399,
1623,
1359,
466,
465,
563,
1476,
1197,
1180,
1442,
1555,
1557,
1552,
1127,
1509,
1175,
935,
371,
105,
121,
2029,
1281,
748,
1366,
889,
778,
88,
666,
736,
380,
1708,
386,
145,
1695,
2017,
594,
1297,
1586,
1127,
1331,
1487,
1452,
632,
1411,
664,
1363,
366,
362,
1353,
1455,
740,
1531,
1327,
431,
465,
1678,
486,
1409,
1545,
1185,
303,
1327,
1500,
393,
1382,
1895,
1477,
447,
1466,
1432,
1490,
501,
299,
1356,
1487,
475,
1617,
1399,
96,
106,
104,
2058,
417,
396,
1540,
1595,
415,
1510,
132,
1168,
1013,
1314,
117,
486,
129,
1097,
1607,
1871,
92,
499,
441,
433,
2144,
78,
228,
1597,
1113,
1184,
1509,
1908,
428,
411,
2121,
1491,
1336,
1531,
1139,
101,
1067,
1501,
721,
111,
644,
76,
1407,
128,
1496,
1693,
1377,
1260,
1366,
214,
1591,
1096,
1630,
732,
1612,
1752,
458,
879,
1595,
417,
396,
1315,
1963,
383,
1249,
498,
1443,
869,
558,
833,
1674,
1051,
864,
1384,
1350,
720,
1640,
1554,
361,
634,
1374,
414,
2080,
567,
422,
1269,
1584,
456,
237,
1131,
1478,
1507,
201,
1766,
168,
1011,
1109,
1773,
851,
190,
1072,
1036,
1019,
761,
1283,
1277,
1009,
358,
141,
1017,
968,
1539,
134,
1680,
961,
434,
1685,
1316,
389,
538,
140,
876,
345,
899,
767,
1273,
919,
1410,
1239,
513,
138,
124,
11,
1480,
111,
411,
776,
864,
344,
127,
407,
1363,
843,
870,
12,
1355,
14,
650,
1558,
324,
799,
1626,
1593,
410,
1561,
1330,
862,
1082,
1095,
1069,
463,
1662,
1635,
705,
1410,
2221,
399,
1625,
697,
81,
1634,
1501,
392,
1025,
951,
343,
1517,
989,
1620,
1605,
366,
1586,
1975,
164,
1576,
1593,
1637,
179,
1030,
1178,
1730,
500,
1087,
1273,
1377,
882,
410,
123,
64,
810,
719,
1554,
366,
777,
1365,
503,
420,
362,
272,
506,
464,
938,
177,
1638,
725,
95,
742,
781,
1612,
1367,
449,
1623,
232,
509,
371,
1626,
1644,
1555,
228,
1619,
136,
1407,
1617,
653,
1869,
181,
570,
562,
997,
1030,
733,
828,
561,
563,
836,
714,
583,
381,
55,
1559,
293,
1325,
898,
869,
378,
544,
1465,
1317,
1670,
1336,
1413,
1726,
351,
1311,
1708,
86,
1407,
486,
446,
1400,
1322,
146,
261,
435,
688,
845,
307,
1148,
240,
89,
821,
224,
459,
1397,
235,
1692,
455,
98,
555,
753,
951,
122,
509,
1011,
459,
847,
670,
551,
604,
975,
88,
900,
1765,
934,
806,
1388,
1182,
563,
862,
1065,
935,
854,
1140,
1134,
1730,
892,
1453,
559,
1466,
340,
1258,
1322,
323,
514,
771,
1416,
862,
1777,
935,
1022,
1429,
276,
1785,
1465,
217,
172,
117,
1547,
831,
565,
818,
725,
98,
729,
802,
122,
874,
593,
480,
839,
129,
275,
834,
1365,
98,
1663,
803,
477,
249,
609,
467,
1410,
1211,
248,
523,
966,
243,
1250,
1404,
960,
1299,
1919,
243,
1166,
490,
1711,
119,
787,
793,
242,
285,
1169,
129,
279,
237,
791,
284,
118,
757,
607,
1490,
80,
109,
269,
966,
676,
1507,
153,
598,
538,
697,
159,
125,
1574,
680,
156,
817,
1190,
1220,
84,
127,
482,
87,
626,
852,
507,
1179,
633,
1541,
1693,
663,
467,
88,
147,
734,
632,
1523,
1175,
905,
83,
1858,
895,
1029,
671,
485,
73,
481,
628,
703,
669,
882,
549,
108,
1522,
64,
510,
95,
1248,
465,
830,
458,
64,
639,
615,
612,
694,
594,
374,
1668,
557,
1044,
51,
2152,
1266,
495,
46,
463,
72,
2134,
582,
1334,
462,
535,
175,
1976,
1403,
2349,
228,
582,
540,
484,
555,
227,
1651,
1701,
558,
218,
471,
468,
442,
438,
1723,
129,
440,
2274,
970,
2068,
92,
757,
171,
523,
88,
701,
693,
910,
120,
1037,
629,
93,
665,
342,
926,
1863,
1404,
529,
642,
445,
1644,
1649,
505,
1409,
515,
504,
456,
929,
1561,
1693,
1618,
622,
464,
1389,
498,
1714,
459,
235,
1814,
1772,
1367,
237,
643,
1137,
235,
75,
838,
591,
689,
629,
588,
231,
471,
1689,
224,
216,
216,
162,
77,
1575,
156,
1543,
218,
75,
80,
759,
1470,
629,
223,
1339,
218,
90,
226,
273,
1189,
646,
650,
221,
494,
677,
570,
88,
1402,
1456,
2007,
654,
522,
493,
230,
1419,
75,
1134,
91,
1797,
2223,
1097,
90,
623,
610,
836,
1305,
739,
208,
1721,
187,
603,
1427,
213,
180,
1483,
787,
1806,
1836,
117,
218,
103,
180,
1005,
759,
229,
195,
621,
616,
133,
155,
202,
150,
144,
140,
772,
183,
239,
1289,
137,
947,
194,
1953,
1745,
2049,
124,
110,
92,
803,
1477,
96,
101,
1003,
1675,
263,
711,
1673,
84,
197,
91,
1692,
1532,
1991,
208,
696,
568,
90,
1716,
1016,
757,
898,
432,
1150,
629,
633,
431,
764,
262,
215,
348,
80,
1807,
107,
597,
822,
764,
649,
714,
1033,
684,
596,
661,
1047,
1582,
1780,
746,
140,
732,
163,
182,
1579,
721,
650,
1408,
1849,
163,
356,
223,
286,
1870,
272,
244,
284,
508,
1678,
183,
1865,
132,
679,
656,
106,
236,
100,
1772,
1739,
1666,
91,
691,
729,
256,
790,
1757,
112,
262,
178,
833,
234,
1128,
671,
88,
97,
245,
165,
115,
155,
557,
1067,
100,
271,
689,
1196,
700,
1944,
528,
995,
1866,
776,
990,
812,
642,
810,
1712,
490,
717,
518,
1908,
393,
1277,
957,
731,
741,
401,
399,
727,
2015,
2012,
164,
395,
1709,
233,
388,
1792,
394,
1442,
1604,
973,
384,
778,
1823,
601,
1659,
599,
1743,
1658,
867,
656,
695,
1709,
787,
644,
2018,
1570,
1515,
1737,
884,
674,
88,
696,
1555,
507,
1943,
907,
519,
515,
1836,
80,
994,
822,
779,
434,
1769,
989,
429,
136,
832,
530,
421,
444,
383,
181,
1823,
549,
598,
1010,
2022,
357,
361,
314,
1012,
2113,
2194,
885,
2093,
641,
815,
168,
97,
687,
2206,
546,
673,
1891,
980,
149,
803,
284,
93,
362,
283,
651,
610,
89,
157,
333,
667,
311,
1655,
1624,
2197,
211,
307,
258,
1559,
208,
951,
248,
175,
1616,
849,
170,
1596,
931,
985,
185,
339,
773,
639,
370,
732,
694,
528,
644,
1834,
786,
1951,
884,
1700,
1595,
2046,
188,
348,
2047,
799,
716,
190,
2055,
1111,
722,
733,
788,
956,
153,
2129,
888,
256,
478,
813,
1123,
524,
1596,
1515,
378,
336,
322,
1817,
1609,
99,
759,
684,
197,
1093,
472,
2048,
83,
93,
1649,
181,
904,
259,
199,
1802,
1128,
870,
1843,
526,
254,
2013,
2179,
108,
637,
672,
2037,
117,
2010,
235,
196,
693,
298,
234,
762,
810,
838,
747,
1684,
1489,
625,
304,
1317,
835,
667,
1674,
886,
185,
2094,
1333,
1046,
1990,
657,
2465,
2102,
987,
922,
134,
2071,
933,
600,
2625,
1015,
626,
164,
127,
906,
922,
180,
783,
946,
1890,
859,
936,
794,
753,
944,
1128,
1937,
605,
793,
1974,
2619,
1997,
796,
337,
1100,
767,
567,
924,
717,
709,
806,
171,
458,
1152,
788,
957,
539,
691,
709,
1025,
1865,
822,
1792,
684,
897,
738,
786,
343,
1548,
912,
770,
1003,
93,
1758,
722,
254,
287,
547,
269,
318,
199,
589,
232,
1641,
197,
1662,
402,
228,
677,
596,
586,
1108,
669,
2649,
1699,
239,
252,
1670,
118,
1382,
379,
686,
443,
430,
428,
73,
1745,
422,
1796,
2207,
844,
645,
1072,
947,
2498,
1680,
816,
950,
716,
1073,
2306,
950,
996,
793,
755,
496,
190,
1086,
900,
100,
1869,
473,
699,
696,
579,
2069,
590,
1051,
185,
75,
462,
78,
860,
606,
1659,
1699,
1825,
1089,
325,
683,
82,
326,
998,
725,
431,
769,
847,
721,
148,
1810,
367,
992,
903,
845,
980,
1781,
2207,
925,
600,
975,
551,
2164,
1773,
2061,
706,
422,
868,
384,
1028,
790,
681,
74,
2138,
388,
2040,
1025,
678,
677,
1988,
375,
1663,
521,
630,
837,
374,
456,
2211,
388,
1016,
684,
1713,
2138,
1015,
2114,
693,
373,
2296,
354,
1218,
523,
2194,
526,
461,
465,
2255,
1805,
1039,
304,
959,
2257,
1064,
518,
527,
1097,
1076,
1996,
2014,
908,
103,
411,
580,
391,
536,
386,
2013,
370,
864,
863,
368,
88,
1059,
88,
622,
2520,
1892,
1058,
1986,
377,
880,
377,
840,
614,
77,
374,
366,
409,
481,
365,
576,
354,
224,
350,
2048,
223,
347,
392,
1831,
198,
543,
604,
510,
558,
128,
487,
2027,
2295,
1827,
227,
69,
213,
710,
431,
587,
913,
415,
1926,
179,
2505,
706,
469,
1551,
2171,
94,
1085,
74,
651,
2043,
2187,
2023,
416,
2252,
2142,
2163,
1928,
2002,
62,
408,
473,
90,
580,
2223,
1046,
1948,
672,
2504,
79,
402,
88,
1990,
2213,
2169,
2503,
1940,
906,
1702,
2232,
2224,
232,
2518,
391,
316,
2143,
2213,
2218,
2307,
2039,
813,
2122,
77,
2169,
1240,
2207,
51,
279,
901,
255,
419,
828,
2290,
2268,
917,
1430,
356,
160,
930,
444,
1664,
2031,
491,
1672,
107,
796,
110,
514,
2208,
892,
155,
682,
1816,
38,
1023,
473,
1763,
336,
1873,
1013,
2015,
2242,
38,
437,
2278,
467,
460,
2051,
431,
2236,
346,
85,
2059,
399,
1727,
130,
105,
89,
91,
75,
247,
722,
426,
630,
437,
241,
459,
1164,
538,
593,
2076,
1090,
805,
655,
390,
1005,
888,
810,
1847,
385,
941,
873,
331,
221,
478,
774,
395,
290,
482,
514,
2204,
645,
64,
383,
656,
223,
741,
218,
2211,
216,
708,
558,
946,
753,
681,
708,
98,
799,
274,
94,
1812,
91,
1093,
2319,
1022,
894,
1111,
235,
2375,
2223,
1221,
818,
897,
1038,
2239,
1021,
2204,
774,
1184,
2288,
1094,
856,
1878,
2425,
1309,
1894,
1174,
1020,
259,
1270,
1167,
117,
95,
1190,
2133,
692,
733,
869,
502,
1102,
1896,
518,
2257,
291,
73,
711,
334,
2021,
334,
1188,
769,
77,
806,
214,
2069,
841,
931,
249,
331,
131,
2247,
112,
645,
700,
1159,
626,
102,
775,
582,
2404,
816,
2147,
836,
697,
1009,
673,
2199,
800,
326,
2429,
210,
2029,
2258,
993,
96,
319,
639,
475,
2434,
678,
615,
2035,
2268,
539,
771,
385,
146,
2034,
79,
137,
94,
1040,
713,
485,
2172,
83,
116,
307,
711,
776,
714,
107,
2335,
2106,
735,
140,
587,
2199,
851,
2303,
143,
2217,
2233,
1032,
1638,
765,
2519,
853,
628,
482,
292,
686,
290,
988,
659,
946,
2327,
2058,
105,
2422,
89,
758,
1085,
696,
877,
632,
300,
1178,
681,
848,
859,
752,
2148,
678,
777,
726,
844,
723,
317,
293,
284,
300,
696,
497,
315,
1505,
2362,
146,
504,
756,
276,
862,
759,
611,
609,
665,
259,
771,
249,
572,
634,
151,
145,
550,
536,
2212,
1329,
138,
545,
1310,
2337,
701,
829,
822,
107,
1070,
655,
1006,
441,
625,
832,
406,
336,
86,
620,
363,
1023,
93,
641,
116,
706,
343,
145,
435,
123,
645,
83,
91,
1304,
79,
1310,
877,
846,
749,
1233,
1318,
68,
2215,
280,
63,
1223,
850,
302,
285,
1072,
62,
57,
2257,
73,
56,
657,
283,
398,
675,
2345,
1322,
673,
798,
385,
2718,
1108,
340,
781,
1008,
871,
672,
663,
925,
2478,
700,
557,
1028,
872,
194,
855,
1114,
997,
2267,
70,
901,
2630,
2239,
67,
313,
2579,
872,
470,
60,
603,
1972,
62,
733,
709,
851,
968,
90,
842,
833,
328,
61,
58,
91,
2412,
2688,
411,
51,
2383,
782,
44,
2336,
838,
869,
740,
373,
771,
38,
1178,
925,
382,
1396,
537,
596,
729,
297,
881,
590,
879,
310,
297,
51,
13,
566,
602,
1990,
2417,
2142,
69,
638,
157,
740,
48,
690,
269,
417,
2320,
1379,
677,
641,
621,
42,
648,
969,
763,
2314,
2182,
414,
968,
2304,
526,
875,
45,
142,
725,
122,
2541,
661,
49,
708,
528,
88,
375,
822,
94,
2366,
1728,
2126,
1036,
2329,
831,
1042,
53,
44,
736,
2338,
2216,
396,
419,
43,
771,
361,
120,
638,
854,
1359,
118,
2631,
655,
758,
987,
684,
430,
399,
931,
659,
121,
95,
2515,
330,
907,
773,
2275,
2026,
73,
821,
864,
409,
890,
805,
207,
1318,
2249,
366,
2261,
99,
2178,
329,
419,
110,
648,
92,
676,
2097,
2234,
83,
851,
68,
524,
297,
318,
541,
856,
357,
680,
92,
88,
74,
323,
850,
70,
726,
873,
862,
2036,
66,
2031,
2107,
58,
963,
2049,
720,
432,
75,
495,
870,
47,
598,
1998,
61,
827,
59,
2010,
1925,
1907,
1930,
1797,
1166,
42,
914,
1156,
1159,
1152,
838,
557,
1156,
871,
308,
831,
854,
302,
948,
946,
1013,
754,
924,
998,
487,
870,
483,
2243,
38,
283,
1281,
1470,
403,
110,
401,
410,
1586,
106,
335,
586,
102,
109,
373,
875,
93,
94,
398,
319,
344,
336,
306,
88,
86,
2154,
2650,
2137,
70,
790,
220,
835,
754,
492,
210,
523,
2645,
201,
521,
331,
46,
297,
281,
676,
370,
32,
74,
964,
518,
984,
544,
2681,
2200,
972,
1034,
913,
1020,
1769,
702,
374,
643,
2433,
406,
525,
960,
418,
313,
357,
549,
873,
3184,
2354,
2595,
861,
811,
2359,
288,
890,
1014,
275,
2720,
932,
539,
263,
816,
362,
2065,
803,
80,
322,
114,
115,
439,
110,
449,
1295,
103,
324,
475,
99,
502,
500,
308,
1275,
685,
2682,
88,
621,
621,
735,
611,
1264,
404,
685,
955,
2456,
2431,
295,
444,
2452,
2456,
686,
521,
166,
1537,
957,
2452,
409,
598,
564,
988,
321,
577,
399,
674,
486,
512,
477,
582,
384,
594,
680,
936,
605,
1551,
1478,
2379,
1620,
373,
1470,
2153,
496,
657,
1591,
657,
128,
1011,
448,
366,
424,
477,
905,
523,
303,
399,
649,
291,
588,
693,
372,
427,
2638,
529,
457,
3063,
2481,
610,
911,
1186,
550,
2945,
653,
2164,
317,
688,
1053,
308,
1568,
1233,
1697,
129,
594,
929,
821,
740,
2597,
1120,
362,
835,
522,
2640,
2145,
2900,
674,
950,
3137,
1972,
2971,
3074,
415,
410,
625,
1026,
623,
512,
621,
616,
614,
1690,
2597,
612,
1661,
2501,
1021,
1058,
600,
403,
1011,
507,
889,
878,
707,
1044,
522,
1123,
662,
1398,
682,
653,
2147,
909,
3100,
592,
2220,
3219,
2867,
112,
1136,
819,
1128,
29,
76,
787,
709,
3235,
1369,
725,
117,
1692,
681,
1142,
35,
105,
88,
388,
2362,
85,
2327,
208,
397,
343,
2326,
30,
1772,
86,
181,
442,
1106,
2199,
38,
180,
29,
521,
1711,
927,
432,
1194,
433,
277,
403,
1069,
901,
1169,
2824,
979,
1132,
725,
1126,
658,
202,
569,
430,
753,
1772,
627,
606,
195,
181,
647,
194,
607,
607,
190,
168,
957,
664,
971,
1383,
167,
747,
1083,
955,
950,
424,
1808,
775,
2580,
768,
398,
171,
668,
167,
985,
2859,
159,
136,
539,
789,
113,
1746,
1040,
323,
959,
2520,
454,
933,
798,
2785,
997,
1190,
2586,
534,
788,
706,
2616,
82,
489,
1378,
722,
563,
76,
943,
493,
766,
566,
1190,
1175,
207,
234,
421,
1172,
499,
1629,
1315,
1186,
599,
818,
1191,
1671,
620,
1040,
1611,
1351,
1506,
1389,
719,
695,
853,
238,
643,
624,
532,
1218,
147,
1458,
1802,
284,
1098,
2791,
785,
1825,
525,
1676,
717,
1050,
1339,
562,
687,
823,
634,
2918,
634,
2995,
1679,
1140,
288,
1227,
2789,
268,
1198,
1195,
1316,
2816,
2778,
509,
1199,
654,
476,
2324,
1902,
247,
273,
233,
685,
229,
223,
471,
1202,
459,
829,
385,
228,
389,
988,
1192,
1021,
349,
704,
1253,
136,
665,
1017,
173,
1830,
150,
2842,
78,
1778,
501,
682,
542,
149,
2018,
144,
83,
864,
648,
1250,
435,
1044,
1028,
694,
1695,
129,
1193,
1534,
687,
580,
125,
1131,
500,
123,
2046,
1185,
640,
503,
94,
663,
486,
669,
69,
549,
1707,
1225,
1184,
756,
397,
1108,
417,
483,
1038,
461,
484,
504,
581,
1715,
177,
79,
1197,
1193,
2816,
3508,
172,
681,
1300,
1193,
162,
605,
1512,
179,
445,
1240,
868,
1325,
115,
893,
645,
316,
79,
114,
344,
99,
1512,
3297,
758,
1087,
430,
55,
89,
1699,
3202,
425,
353,
1556,
3119,
3037,
2790,
1236,
432,
1284,
427,
636,
259,
1388,
1507,
734,
1245,
899,
1300,
1119,
39,
92,
3352,
1537,
375,
653,
610,
103,
3273,
2268,
344,
628,
1847,
72,
2001,
1855,
3053,
305,
475,
1412,
695,
279,
514,
368,
3197,
1635,
617,
1258,
85,
581,
583,
441,
435,
1087,
296,
1665,
1107,
572,
1310,
82,
1337,
1086,
620,
2996,
1068,
1188,
1192,
737,
1104,
584,
579,
357,
538,
1844,
713,
99,
644,
1602,
651,
2972,
1646,
487,
1240,
1299,
644,
2438,
1389,
794,
1509,
513,
1643,
594,
1278,
2585,
2536,
1650,
572,
380,
1375,
1234,
70,
43,
589,
1172,
1096,
1237,
518,
437,
565,
1555,
621,
440,
66,
535,
495,
1117,
547,
1260,
578,
490,
568,
1677,
85,
441,
1740,
1923,
205,
1154,
603,
1687,
1408,
1134,
1375,
472,
1416,
470,
565,
457,
1129,
465,
1268,
456,
636,
75,
456,
626,
577,
2675,
594,
688,
413,
80,
1125,
426,
424,
707,
68,
422,
781,
56,
2767,
723,
549,
1201,
2841,
471,
484,
1186,
1133,
387,
454,
189,
3066,
113,
39,
3115,
1551,
718,
968,
1006,
37,
1220,
760,
595,
1315,
3006,
1051,
452,
211,
1490,
522,
693,
736,
567,
343,
564,
3104,
2596,
930,
1039,
514,
936,
737,
665,
1190,
1147,
523,
1013,
553,
837,
470,
330,
2618,
2794,
1196,
634,
498,
1382,
547,
1063,
1212,
465,
1168,
96,
577,
641,
589,
649,
448,
41,
3138,
245,
979,
770,
585,
1126,
76,
1107,
151,
741,
66,
148,
1200,
178,
772,
775,
177,
99,
580,
3141,
1236,
91,
670,
540,
567,
892,
2004,
79,
37,
1740,
75,
40,
675,
1204,
1231,
1217,
124,
2607,
816,
111,
281,
1156,
92,
133,
297,
3098,
1240,
1753,
534,
722,
77,
243,
535,
41,
1152,
81,
91,
843,
1152,
1161,
557,
3191,
126,
424,
722,
1244,
318,
119,
831,
112,
506,
930,
605,
3175,
1630,
881,
428,
351,
255,
59,
543,
835,
76,
73,
822,
408,
371,
3167,
393,
834,
1300,
542,
328,
264,
395,
44,
43,
259,
556,
223,
2666,
727,
982,
2972,
742,
588,
127,
219,
1160,
660,
859,
79,
935,
704,
891,
86,
818,
1285,
579,
201,
472,
889,
1343,
914,
762,
577,
2264,
731,
50,
1727,
3187,
604,
851,
2109,
2125,
228,
758,
900,
1373,
23,
919,
136,
2399,
37,
401,
854,
219,
3218,
561,
607,
79,
28,
1746,
1345,
3364,
1757,
1319,
76,
1218,
1803,
167,
3595,
403,
304,
107,
237,
82,
80,
81,
2523,
3928,
1679,
57,
1576,
638,
82,
48,
3915,
76,
3618,
39,
643,
57,
2554,
3497,
1535,
2970,
3499,
3030,
2523,
270,
3552,
3276,
64,
221,
209,
1766,
2936,
619,
1199,
468,
1198,
633,
43,
2840,
1570,
1380,
993,
397,
743,
2809,
1577,
301,
43,
69,
343,
1429,
1398,
1824,
1827,
38,
1399,
40,
75,
1667,
3256,
201,
492,
1161,
987,
2023,
2314,
29,
77,
1677,
3314,
1877,
574,
27,
3381,
496,
1630,
473,
1084,
2017,
1748,
849,
993,
90,
513,
1374,
1862,
1854,
3404,
91,
91,
1025,
88,
3323,
75,
1645,
3035,
1510,
3310,
73,
58,
79,
731,
1376,
712,
716,
87,
1324,
691,
711,
865,
1890,
956,
742,
739,
1305,
332,
1763,
1301,
295,
739,
1754,
738,
289,
315,
1028,
703,
37,
781,
752,
773,
733,
1138,
1023,
743,
924,
1024,
160,
1151,
1323,
152,
1204,
97,
721,
1073,
130,
129,
579,
122,
387,
110,
375,
95,
727,
1038,
1583,
2149,
1955,
738,
793,
964,
620,
128,
1031,
736,
89,
1029,
1183,
1153,
1194,
1418,
71,
1179,
519,
77,
1332,
968,
85,
1322,
529,
1170,
772,
64,
1160,
1616,
1601,
1588,
417,
149,
3564,
185,
73,
3543,
1327,
3473,
3057,
862,
416,
3510,
3525,
85,
2575,
399,
675,
1085,
835,
1251,
633,
1166,
91,
820,
609,
1096,
792,
728,
885,
971,
827,
779,
1380,
590,
594,
583,
950,
926,
524,
370,
987,
513,
65,
1854,
999,
803,
3987,
1216,
3889,
647,
612,
393,
554,
850,
704,
1205,
946,
1226,
1103,
2136,
799,
1056,
379,
76,
690,
812,
1032,
937,
2052,
532,
64,
650,
1623,
1196,
777,
1204,
630,
2082,
720,
1619,
58,
524,
421,
858,
970,
2068,
1687,
417,
93,
811,
627,
1145,
1654,
1033,
1664,
979,
808,
149,
1181,
136,
1143,
514,
1575,
1142,
1872,
614,
301,
1057,
1993,
1533,
183,
944,
855,
84,
622,
499,
478,
3443,
427,
914,
485,
639,
518,
108,
504,
453,
1422,
555,
680,
1106,
651,
538,
1600,
861,
805,
2821,
1016,
484,
538,
1100,
824,
565,
3854,
441,
1529,
492,
546,
556,
1045,
652,
1118,
359,
675,
528,
580,
527,
638,
557,
551,
1096,
871,
78,
1095,
966,
452,
640,
1614,
1612,
1123,
1416,
2647,
2561,
1009,
511,
3540,
157,
1343,
1013,
92,
2640,
1689,
944,
55,
678,
589,
42,
37,
585,
1964,
160,
3814,
32,
1866,
1645,
1037,
563,
1671,
597,
1317,
162,
387,
1413,
2273,
659,
38,
3520,
628,
877,
20,
639,
1111,
35,
556,
107,
564,
321,
1004,
893,
104,
530,
578,
80,
26,
1395,
498,
64,
1977,
1975,
941,
517,
806,
169,
140,
22,
78,
1134,
480,
1141,
520,
86,
1111,
988,
537,
706,
3935,
984,
72,
1843,
3951,
4041,
1940,
669,
4023,
2392,
924,
3679,
608,
1340,
1130,
37,
1413,
913,
721,
531,
892,
622,
933,
940,
573,
1100,
926,
2713,
3649,
1364,
753,
692,
521,
129,
2369,
1281,
524,
512,
2366,
1195,
1897,
509,
643,
1173,
523,
529,
1182,
2398,
2228,
4059,
919,
514,
155,
701,
2025,
3315,
2025,
1856,
4006,
3866,
634,
3380,
2715,
3224,
380,
503,
87,
1065,
1080,
3085,
254,
605,
609,
1876,
257,
672,
271,
2353,
1896,
623,
3087,
528,
1085,
1009,
528,
560,
3753,
1675,
1655,
758,
2748,
678,
1070,
380,
1677,
1147,
755,
340,
1069,
606,
3681,
657,
1618,
985,
1233,
1326,
1732,
1049,
1602,
928,
76,
1674,
1603,
809,
3462,
1912,
574,
1052,
1168,
1628,
1724,
1590,
1652,
1924,
1622,
1912,
1020,
497,
505,
1904,
1020,
1895,
1651,
1863,
904,
1850,
476,
1870,
1683,
883,
1585,
725,
283,
253,
601,
245,
398,
720,
696,
225,
1380,
23,
993,
978,
628,
998,
224,
797,
1320,
1692,
164,
992,
1042,
644,
440,
1158,
164,
689,
952,
623,
479,
816,
606,
356,
108,
707,
1244,
111,
1597,
1196,
671,
611,
599,
1155,
3115,
869,
850,
1452,
751,
105,
761,
1579,
1676,
934,
4142,
716,
507,
711,
2193,
470,
597,
571,
798,
1885,
536,
2200,
503,
723,
591,
330,
667,
542,
711,
828,
1881,
1873,
905,
1323,
1374,
1864,
1719,
1189,
1384,
1323,
751,
1398,
1229,
611,
788,
747,
753,
505,
1344,
799,
576,
1920,
1610,
1258,
309,
1338,
400,
521,
708,
1999,
2176,
1992,
981,
213,
1067,
1013,
986,
1990,
1348,
744,
669,
215,
656,
95,
720,
326,
1326,
641,
126,
1699,
4256,
248,
700,
536,
1689,
247,
704,
844,
3690,
89,
456,
981,
728,
963,
234,
931,
82,
2505,
992,
1472,
229,
974,
1815,
87,
1734,
718,
204,
218,
1725,
1319,
937,
1018,
876,
823,
2097,
522,
661,
192,
147,
1004,
103,
100,
154,
850,
84,
725,
64,
2253,
1242,
716,
444,
1531,
948,
741,
806,
1352,
1408,
1378,
3394,
754,
614,
2183,
1311,
1625,
585,
966,
513,
1443,
1567,
990,
1321,
1034,
1302,
1017,
1602,
955,
434,
2204,
2062,
736,
4154,
1660,
416,
784,
717,
777,
1637,
1561,
996,
990,
1699,
2781,
838,
39,
759,
867,
1982,
87,
2223,
772,
1605,
786,
1755,
724,
708,
745,
117,
911,
767,
804,
777,
80,
3088,
863,
1999,
321,
758,
753,
418,
1081,
1770,
39,
1136,
81,
78,
2166,
595,
4220,
2226,
1121,
4240,
781,
4290,
3780,
1809,
804,
730,
681,
856,
815,
681,
772,
957,
562,
3811,
308,
727,
830,
632,
256,
823,
217,
1772,
88,
86,
39,
745,
1852,
381,
1082,
721,
81,
2618,
88,
319,
935,
1536,
637,
764,
760,
394,
2818,
217,
220,
747,
739,
210,
831,
76,
829,
2068,
1511,
1202,
100,
835,
839,
784,
1316,
2209,
1162,
3874,
763,
1131,
401,
706,
422,
1160,
3499,
638,
3435,
594,
352,
508,
411,
4014,
1052,
771,
721,
553,
4057,
730,
1137,
582,
3556,
45,
3795,
1191,
822,
1170,
1204,
3939,
833,
873,
909,
3703,
786,
1176,
396,
819,
782,
812,
1254,
424,
886,
365,
906,
877,
209,
569,
1980,
359,
623,
512,
4117,
801,
314,
399,
1426,
547,
851,
516,
386,
206,
722,
1516,
806,
506,
1626,
870,
850,
878,
395,
394,
796,
562,
1259,
796,
310,
598,
1366,
846,
382,
866,
353,
1535,
420,
478,
383,
87,
835,
364,
538,
374,
911,
89,
1095,
3255,
514,
512,
359,
1804,
1093,
480,
878,
333,
1489,
42,
354,
919,
3491,
959,
1648,
41,
1836,
493,
1828,
178,
586,
311,
176,
818,
1373,
862,
1286,
1284,
849,
825,
556,
1533,
178,
3637,
349,
88,
533,
46,
813,
4134,
78,
1616,
148,
320,
1567,
93,
266,
549,
687,
461,
468,
1514,
526,
3674,
214,
73,
238,
207,
179,
67,
103,
1626,
97,
92,
1099,
1281,
49,
148,
74,
71,
67,
1050,
108,
662,
462,
152,
268,
129,
68,
84,
56,
49,
469,
1111,
1108,
408,
324,
451,
1150,
597,
437,
241,
393,
553,
524,
857,
894,
393,
379,
561,
444,
75,
430,
498,
480,
667,
919,
426,
1065,
38,
612,
294,
637,
403,
630,
284,
264,
372,
522,
501,
1134,
300,
4549,
440,
317,
354,
934,
1165,
317,
616,
1136,
428,
1159,
156,
472,
872,
362,
1152,
4059,
152,
363,
625,
568,
416,
1556,
926,
124,
424,
483,
303,
537,
1007,
336,
648,
397,
235,
416,
523,
87,
422,
115,
676,
82,
592,
513,
2870,
109,
116,
437,
677,
102,
269,
559,
548,
224,
1343,
2403,
281,
565,
2413,
2404,
106,
92,
91,
242,
1546,
89,
569,
1079,
674,
567,
3146,
654,
450,
309,
1001,
333,
1101,
319,
554,
85,
105,
3915,
85,
3221,
77,
546,
76,
2357,
1702,
3435,
1864,
312,
1620,
401,
81,
370,
73,
887,
385,
2296,
1075,
725,
477,
1208,
719,
500,
711,
428,
69,
332,
355,
2394,
696,
575,
587,
593,
603,
426,
2297,
1614,
129,
428,
728,
89,
75,
725,
2230,
1008,
472,
380,
724,
501,
401,
84,
610,
531,
647,
636,
432,
595,
441,
483,
671,
669,
408,
18,
2554,
262,
725,
248,
674,
698,
21,
669,
590,
2496,
822,
670,
122,
727,
1124,
35,
115,
1598,
34,
1295,
1316,
462,
22,
405,
1820,
530,
650,
562,
26,
1669,
554,
441,
557,
633,
1335,
478,
1835,
1546,
1179,
633,
455,
2319,
94,
369,
465,
306,
314,
467,
112,
435,
104,
1321,
391,
4220,
960,
786,
74,
463,
448,
491,
299,
3702,
2364,
655,
4440,
1142,
1105,
2357,
408,
1368,
1153,
508,
1104,
84,
1667,
3970,
580,
3946,
678,
1568,
1372,
1340,
359,
767,
1273,
438,
510,
1618,
651,
4304,
515,
1334,
1342,
657,
1033,
453,
635,
1177,
569,
618,
777,
1980,
498,
526,
439,
1375,
1370,
118,
381,
757,
453,
478,
1561,
484,
1626,
1903,
458,
552,
657,
394,
858,
648,
1223,
862,
601,
400,
637,
854,
705,
721,
503,
102,
374,
561,
551,
820,
1580,
706,
429,
493,
389,
462,
707,
2411,
341,
742,
442,
339,
4217,
1896,
436,
364,
478,
520,
696,
443,
596,
315,
1893,
265,
385,
217,
382,
419,
265,
834,
274,
562,
724,
538,
566,
1887,
505,
372,
359,
366,
672,
727,
336,
580,
433,
731,
880,
275,
104,
538,
868,
954,
565,
439,
2030,
1412,
542,
425,
205,
450,
788,
772,
418,
427,
709,
652,
1271,
423,
806,
646,
442,
719,
818,
4308,
1957,
411,
570,
1822,
531,
440,
530,
808,
415,
496,
403,
487,
427,
618,
569,
405,
450,
458,
623,
720,
339,
969,
580,
404,
804,
1968,
2320,
466,
936,
514,
719,
1928,
2455,
92,
1974,
596,
1446,
449,
1688,
452,
274,
256,
305,
706,
447,
253,
448,
857,
454,
272,
2424,
793,
271,
247,
85,
228,
184,
265,
927,
821,
534,
419,
536,
568,
231,
656,
1708,
528,
75,
843,
638,
42,
503,
484,
579,
392,
476,
1511,
453,
522,
1293,
335,
650,
351,
696,
118,
383,
391,
530,
596,
670,
384,
308,
304,
721,
475,
102,
569,
430,
88,
436,
757,
625,
693,
936,
437,
1489,
456,
472,
434,
1635,
4913,
260,
2728,
496,
471,
659,
483,
471,
538,
901,
461,
301,
4222,
377,
896,
239,
485,
550,
605,
4133,
391,
560,
1343,
401,
2798,
352,
3826,
1964,
2491,
716,
686,
4128,
4672,
595,
938,
542,
1505,
2681,
4222,
401,
399,
903,
4620,
4062,
595,
483,
277,
1781,
4352,
626,
434,
3020,
622,
596,
541,
630,
4205,
483,
876,
4373,
355,
537,
751,
668,
557,
510,
538,
1011,
409,
1533,
518,
416,
1672,
285,
618,
2622,
231,
498,
984,
1767,
1178,
506,
488,
309,
411,
690,
4551,
405,
2527,
2581,
265,
305,
688,
1455,
2623,
485,
447,
408,
1800,
398,
527,
383,
319,
1681,
86,
235,
278,
212,
1524,
236,
128,
221,
466,
189,
3193,
151,
2630,
424,
116,
136,
1014,
2686,
700,
504,
114,
133,
35,
113,
4334,
117,
3936,
94,
84,
3961,
84,
462,
81,
288,
2771,
278,
2595,
4140,
503,
544,
814,
305,
567,
940,
121,
581,
574,
2599,
1386,
26,
549,
1732,
559,
1852,
1026,
414,
653,
2160,
381,
402,
412,
417,
749,
652,
401,
2610,
400,
466,
460,
546,
953,
4020,
139,
536,
4067,
455,
1499,
1103,
616,
25,
888,
371,
229,
1871,
1037,
578,
1068,
556,
110,
434,
1508,
549,
2502,
4260,
507,
1051,
4639,
497,
1031,
618,
1072,
581,
326,
408,
439,
580,
511,
316,
483,
1550,
1001,
4326,
1590,
880,
542,
1016,
4013,
69,
512,
1060,
842,
93,
426,
566,
654,
551,
610,
471,
856,
597,
68,
86,
557,
579,
68,
66,
89,
834,
733,
3993,
52,
1529,
2693,
4407,
64,
56,
4458,
556,
1557,
831,
4004,
528,
587,
543,
483,
795,
135,
792,
747,
1929,
492,
623,
670,
466,
1543,
995,
699,
705,
2709,
4312,
434,
446,
766,
598,
608,
102,
468,
505,
597,
87,
553,
510,
551,
103,
598,
4529,
87,
532,
86,
2715,
150,
61,
494,
862,
104,
552,
793,
1527,
813,
635,
40,
4171,
368,
520,
549,
346,
2154,
454,
3860,
580,
73,
4520,
514,
477,
65,
92,
40,
507,
2196,
2774,
1212,
4034,
1108,
4329,
669,
170,
602,
688,
590,
539,
4466,
590,
571,
902,
719,
1125,
191,
533,
556,
545,
1571,
587,
482,
502,
892,
87,
488,
972,
414,
829,
618,
806,
585,
377,
602,
532,
631,
499,
508,
601,
4085,
519,
613,
618,
588,
657,
1145,
593,
505,
2881,
986,
377,
442,
485,
519,
659,
1553,
579,
457,
670,
4209,
589,
580,
562,
554,
359,
544,
839,
593,
495,
463,
711,
314,
813,
518,
580,
271,
401,
541,
1589,
1018,
554,
612,
292,
763,
811,
483,
499,
365,
857,
496,
81,
1465,
550,
2902,
730,
1589,
560,
173,
2861,
166,
217,
495,
627,
4323,
457,
2887,
613,
417,
4060,
1036,
494,
4246,
485,
466,
458,
4518,
312,
319,
719,
311,
896,
628,
134,
4650,
1051,
311,
294,
135,
348,
110,
2894,
93,
583,
1800,
703,
2793,
505,
137,
149,
127,
154,
648,
119,
132,
426,
453,
470,
152,
4719,
598,
404,
552,
389,
105,
388,
83,
3749,
95,
163,
79,
2239,
132,
124,
316,
443,
681,
425,
677,
409,
1075,
852,
717,
75,
542,
289,
156,
924,
4871,
664,
682,
667,
373,
723,
941,
877,
497,
3115,
590,
2896,
1045,
85,
561,
458,
1628,
1076,
378,
452,
2873,
1534,
1206,
2898,
665,
4991,
1301,
4898,
84,
689,
77,
568,
740,
585,
548,
672,
566,
80,
133,
111,
2883,
771,
66,
667,
1484,
707,
592,
4926,
120,
113,
549,
92,
592,
893,
85,
194,
191,
379,
373,
1056,
18,
679,
789,
1037,
362,
777,
430,
20,
1245,
43,
914,
434,
3883,
437,
114,
391,
666,
289,
2273,
297,
817,
968,
1127,
98,
446,
109,
741,
1126,
5365,
394,
2868,
2843,
438,
335,
3114,
371,
405,
390,
419,
301,
42,
524,
25,
510,
45,
272,
96,
401,
33,
599,
48,
293,
47,
32,
626,
1071,
864,
1742,
762,
43,
756,
402,
330,
652,
41,
340,
337,
714,
658,
1351,
391,
325,
654,
416,
287,
127,
680,
451,
641,
305,
1435,
45,
762,
484,
4593,
593,
1092,
43,
126,
599,
1751,
278,
493,
872,
570,
632,
1736,
297,
1763,
617,
906,
560,
392,
46,
1611,
2649,
613,
1732,
1757,
36,
492,
1614,
4240,
571,
449,
1330,
4570,
41,
485,
458,
42,
501,
799,
1017,
41,
396,
829,
65,
332,
491,
53,
420,
47,
115,
4677,
180,
111,
44,
905,
44,
312,
4807,
92,
437,
482,
4149,
86,
4474,
44,
82,
51,
893,
4427,
481,
477,
41,
546,
482,
39,
359,
375,
4800,
1058,
962,
773,
83,
541,
1098,
747,
67,
1498,
1495,
962,
812,
396,
712,
47,
711,
487,
63,
66,
648,
483,
76,
477,
1190,
551,
4119,
531,
840,
495,
802,
535,
332,
320,
522,
699,
984,
41,
484,
840,
350,
897,
308,
47,
556,
131,
834,
161,
549,
623,
859,
238,
334,
718,
341,
1229,
359,
473,
1406,
389,
531,
1400,
868,
237,
4960,
384,
100,
46,
306,
585,
440,
655,
61,
699,
971,
5103,
44,
41,
976,
1432,
477,
1294,
1736,
607,
176,
464,
746,
1140,
745,
75,
743,
608,
679,
691,
782,
840,
46,
48,
661,
266,
493,
491,
676,
44,
554,
178,
773,
170,
509,
44,
547,
1238,
599,
105,
432,
574,
494,
437,
962,
641,
959,
342,
787,
45,
623,
589,
2259,
46,
1875,
2271,
2721,
3207,
5710,
825,
301,
502,
630,
444,
393,
3090,
588,
260,
1371,
636,
553,
376,
403,
2108,
91,
618,
810,
606,
449,
629,
257,
890,
457,
266,
99,
94,
236,
251,
618,
773,
577,
629,
236,
80,
3088,
72,
319,
2267,
1276,
470,
500,
341,
3145,
5682,
296,
616,
313,
4170,
933,
3317,
496,
1659,
620,
247,
44,
43,
98,
293,
310,
40,
306,
90,
259,
5011,
249,
1690,
203,
37,
642,
1505,
789,
3427,
645,
964,
1036,
807,
3133,
596,
373,
44,
1002,
947,
36,
382,
602,
678,
441,
903,
926,
990,
833,
688,
20,
1943,
313,
813,
799,
3185,
528,
860,
636,
707,
656,
50,
4237,
57,
76,
1679,
705,
539,
1647,
688,
546,
690,
540,
42,
910,
660,
673,
432,
721,
712,
3470,
1361,
1278,
836,
607,
417,
42,
852,
1216,
1053,
1735,
4215,
28,
1479,
89,
44,
90,
32,
90,
322,
649,
1686,
355,
413,
2718,
628,
710,
1731,
338,
2771,
2715,
1596,
2723,
3113,
3122,
691,
2458,
2751,
463,
915,
682,
375,
676,
360,
66,
617,
675,
755,
911,
62,
693,
629,
3290,
303,
606,
321,
593,
864,
675,
926,
3246,
555,
612,
834,
901,
751,
917,
72,
347,
795,
1612,
474,
493,
471,
412,
286,
909,
750,
691,
405,
1549,
773,
1775,
356,
585,
930,
788,
136,
305,
913,
132,
323,
397,
487,
499,
707,
404,
620,
700,
311,
319,
1643,
907,
1554,
586,
470,
773,
1157,
795,
364,
637,
398,
713,
829,
111,
1003,
2442,
548,
817,
1058,
1233,
678,
376,
832,
765,
4053,
268,
676,
861,
1510,
4041,
815,
772,
487,
441,
400,
412,
4230,
4023,
768,
799,
395,
2172,
1123,
798,
761,
381,
546,
1784,
805,
770,
104,
267,
459,
509,
721,
378,
824,
460,
512,
846,
672,
475,
797,
532,
361,
1535,
688,
1832,
699,
769,
354,
411,
685,
826,
1408,
1411,
786,
590,
791,
913,
3461,
998,
500,
529,
5255,
652,
832,
83,
791,
986,
631,
1797,
692,
1816,
86,
742,
1535,
690,
1849,
574,
635,
837,
385,
451,
1100,
775,
5940,
672,
434,
1428,
515,
807,
711,
1060,
347,
1798,
676,
706,
4554,
713,
779,
520,
1000,
1233,
4542,
734,
595,
406,
1547,
375,
396,
85,
521,
397,
3182,
566,
708,
475,
5457,
825,
77,
749,
1147,
898,
395,
884,
247,
540,
222,
1245,
1746,
792,
745,
301,
909,
413,
476,
822,
455,
5422,
2412,
280,
742,
396,
751,
796,
4264,
712,
741,
1032,
575,
315,
853,
766,
722,
593,
759,
3406,
779,
570,
833,
2523,
232,
840,
482,
209,
3381,
443,
226,
1056,
720,
700,
152,
182,
176,
5444,
601,
172,
336,
611,
3372,
139,
124,
3722,
93,
4543,
101,
93,
3347,
92,
3358,
780,
591,
419,
637,
645,
64,
625,
790,
354,
1065,
704,
5031,
403,
690,
4784,
566,
530,
705,
942,
589,
793,
829,
5071,
1058,
486,
869,
595,
710,
490,
698,
687,
545,
368,
120,
828,
442,
93,
291,
921,
3710,
690,
6091,
841,
679,
281,
632,
1780,
632,
761,
3016,
130,
3494,
4386,
545,
651,
568,
266,
263,
3083,
110,
595,
685,
481,
676,
4033,
109,
666,
632,
679,
856,
458,
91,
502,
4726,
750,
175,
915,
93,
676,
428,
4005,
396,
630,
84,
4183,
4995,
4180,
747,
525,
629,
204,
106,
144,
3514,
223,
163,
625,
145,
441,
459,
867,
683,
120,
3335,
921,
780,
382,
1227,
81,
517,
477,
480,
495,
931,
429,
3482,
552,
881,
851,
508,
481,
869,
419,
875,
503,
687,
145,
372,
445,
602,
380,
700,
679,
695,
700,
466,
446,
3432,
445,
401,
925,
168,
144,
857,
883,
136,
34,
373,
3428,
34,
100,
508,
98,
359,
97,
336,
95,
541,
488,
1269,
645,
1702,
906,
1275,
338,
1791,
3457,
119,
89,
258,
391,
441,
631,
448,
621,
643,
5007,
639,
745,
1356,
462,
466,
4846,
882,
5296,
46,
33,
535,
433,
558,
543,
40,
1302,
366,
972,
101,
144,
543,
441,
831,
4146,
425,
108,
134,
464,
676,
782,
456,
407,
616,
3670,
91,
142,
40,
407,
401,
561,
6241,
570,
363,
1839,
144,
1788,
5807,
1096,
830,
93,
1802,
765,
355,
265,
258,
1819,
400,
327,
763,
3795,
105,
22,
196,
25,
95,
85,
956,
619,
191,
29,
504,
852,
422,
175,
637,
942,
66,
629,
614,
489,
630,
52,
490,
958,
473,
536,
87,
437,
283,
617,
537,
349,
677,
682,
363,
648,
487,
333,
189,
481,
688,
629,
192,
608,
312,
802,
192,
2272,
546,
292,
624,
193,
353,
629,
467,
447,
813,
448,
38,
664,
4376,
1030,
605,
699,
5099,
1003,
667,
629,
51,
648,
608,
858,
631,
609,
50,
567,
638,
603,
799,
1032,
631,
437,
70,
709,
4354,
1876,
608,
701,
432,
730,
465,
796,
429,
494,
516,
390,
392,
389,
627,
789,
502,
696,
436,
595,
433,
1804,
358,
6035,
619,
475,
445,
417,
502,
45,
5161,
4321,
655,
89,
525,
1096,
3389,
413,
1029,
657,
902,
673,
482,
88,
327,
483,
35,
1117,
629,
5104,
923,
1042,
667,
636,
504,
552,
744,
1821,
614,
500,
683,
485,
871,
378,
301,
985,
49,
301,
485,
515,
705,
1196,
1206,
466,
588,
905,
395,
838,
1207,
47,
465,
336,
711,
922,
358,
318,
624,
876,
5393,
492,
41,
5673,
610,
3095,
485,
631,
309,
83,
296,
141,
2927,
417,
207,
530,
334,
643,
436,
3683,
705,
724,
437,
3081,
906,
459,
396,
496,
491,
3478,
1233,
96,
953,
193,
1220,
430,
779,
76,
505,
1161,
65,
5841,
4305,
6300,
1212,
62,
108,
5064,
61,
57,
84,
5164,
99,
507,
46,
1207,
2917,
52,
889,
2910,
2689,
