1,25.0,
1,4.0,
2,14.19,
2,4.0,
2,13.0,
2,38.19,
2,62.19,
3,62.5,
3,43.0,
3,24.0,
3,11.0,
3,146.5,
4,1.5,
4,23.5,
4,83.5,
4,19.47,
4,61.12,
4,86.59,
4,110.59,
5,63.0,
5,5.0,
5,15.5,
5,10.89,
5,94.5,
5,17.89,
5,25.0,
5,103.89,
6,121.0,
6,63.0,
6,82.0,
6,17.5,
6,25.0,
6,101.5,
6,12.0,
6,23.5,
6,1.0,
6,8.5,
7,110.0,
7,101.0,
7,86.0,
7,30.0,
7,25.0,
7,105.0,
7,47.0,
7,39.5,
7,2.5,
8,100.0,
8,89.0,
8,2.5,
8,89.0,
8,27.0,
8,25.0,
8,131.5,
8,37.0,
8,37.0,
9,100.0,
9,79.0,
9,39.0,
9,95.0,
9,29.28,
9,25.0,
9,143.28,
9,40.0,
9,40.0,
9,5.28,
10,85.0,
10,79.0,
10,10.0,
10,52.0,
10,102.0,
10,25.0,
10,127.0,
10,40.0,
11,95.0,
11,79.0,
11,6.5,
11,57.5,
11,104.5,
11,1.5,
11,25.0,
11,125.0,
11,37.0,
12,90.0,
12,68.0,
12,25.0,
12,57.5,
12,120.0,
12,6.0,
12,25.0,
12,147.5,
12,31.0,
12,4.0,
13,85.0,
13,68.0,
13,50.58,
13,36.5,
13,145.57999999999998,
13,1.7,
13,28.38,
13,13.7,
13,25.0,
13,134.2,
13,34.0,
13,18.7,
14,80.0,
14,68.0,
14,91.59,
14,31.5,
14,186.59,
14,3.5,
14,65.34,
14,24.75,
14,25.0,
14,122.25,
14,31.0,
14,52.0,
14,12.0,
15,80.0,
15,56.0,
15,20.12,
15,39.0,
15,99.12,
15,6.12,
15,110.12,
15,13.120000000000001,
15,25.0,
15,136.12,
15,21.0,
15,23.0,
16,70.0,
16,45.0,
16,76.0,
16,11.88,
16,47.88,
16,25.0,
16,103.88,
16,21.0,
16,15.0,
17,59.0,
17,45.0,
17,76.0,
17,3.3,
17,64.8,
17,25.0,
17,139.8,
17,21.0,
17,23.0,
18,54.0,
18,45.0,
18,14.0,
18,82.0,
18,104.0,
18,58.5,
18,25.0,
18,142.5,
18,21.0,
18,11.0,
19,54.0,
19,56.0,
19,130.0,
19,42.5,
19,25.0,
19,135.5,
19,14.0,
20,64.0,
20,68.0,
20,34.0,
20,40.89,
20,25.0,
20,133.89,
20,14.0,
20,10.89,
21,13.5,
21,70.0,
21,79.0,
21,105.5,
21,49.89,
21,25.0,
21,133.89,
21,14.0,
21,10.89,
22,3.25,
22,16.0,
22,19.75,
22,63.89,
22,101.25,
22,46.64,
22,25.0,
22,165.89,
22,14.0,
22,29.0,
23,14.75,
23,19.75,
23,3.5,
23,99.98,
23,99.5,
23,52.980000000000004,
23,25.0,
23,191.98,
23,14.0,
23,4.0,
24,13.5,
24,11.25,
24,3.5,
24,44.43,
24,92.5,
24,39.93,
24,25.0,
24,114.43,
24,11.0,
24,39.0,
24,6.0,
25,43.0,
25,56.0,
25,73.0,
25,25.0,
25,114.0,
25,14.0,
25,19.0,
25,4.0,
26,22.0,
26,45.0,
26,22.0,
26,25.0,
26,107.0,
26,11.0,
26,21.5,
26,6.5,
27,22.0,
27,56.0,
27,25.0,
27,99.0,
27,11.0,
27,19.0,
27,8.0,
28,16.0,
28,79.0,
28,32.0,
28,25.0,
28,41.0,
28,11.0,
28,18.0,
29,16.0,
29,101.0,
29,6.0,
29,25.0,
29,33.0,
29,11.0,
29,4.0,
30,8.0,
30,42.5,
30,65.5,
30,9.0,
30,25.0,
30,23.0,
30,11.0,
31,8.0,
31,34.0,
31,28.0,
31,47.0,
31,7.5,
31,31.5,
31,12.5,
31,5.5,
31,24.0,
32,4.0,
32,17.0,
32,14.7,
32,38.16,
32,66.7,
32,21.66,
32,8.2,
32,9.7,
32,25.0,
32,61.86,
32,11.0,
32,21.0,
33,4.0,
33,15.75,
33,20.7,
33,30.9,
33,118.7,
33,21.4,
33,9.2,
33,10.7,
33,25.0,
33,82.60000000000001,
33,14.0,
33,23.0,
34,16.0,
34,85.0,
34,32.55,
34,4.5,
34,124.55,
34,9.0,
34,18.55,
34,0.8,
34,25.0,
34,115.05,
34,14.0,
34,15.0,
35,8.0,
35,48.0,
35,50.010000000000005,
35,148.01,
35,63.0,
35,6.2,
35,10.56,
35,14.95,
35,25.0,
35,121.95,
35,14.0,
36,8.0,
36,50.5,
36,53.75,
36,151.75,
36,68.5,
36,0.85,
36,3.25,
36,12.5,
36,60.25,
36,5.5,
36,90.25,
37,16.0,
37,79.0,
37,47.0,
37,133.0,
37,4.0,
37,25.0,
37,110.0,
37,14.0,
38,62.0,
38,16.0,
38,79.0,
38,44.5,
38,195.5,
38,1.5,
38,25.0,
38,71.5,
38,14.0,
38,16.0,
39,41.0,
39,16.0,
39,56.0,
39,27.0,
39,150.0,
39,4.5,
39,25.0,
39,24.5,
39,14.0,
39,13.0,
40,16.0,
40,56.0,
40,32.86,
40,93.86,
40,13.86,
40,8.0,
40,25.0,
40,7.0,
40,11.0,
40,33.0,
41,16.0,
41,45.0,
41,36.620000000000005,
41,76.62,
41,21.12,
41,8.0,
41,25.0,
41,11.0,
41,23.0,
42,16.0,
42,45.0,
42,26.0,
42,2.0,
42,25.0,
42,11.0,
42,33.0,
43,16.0,
43,56.0,
43,25.0,
43,11.0,
43,7.0,
44,16.0,
44,68.0,
44,25.0,
44,11.0,
44,31.0,
45,8.0,
45,50.5,
45,20.0,
45,98.5,
45,41.0,
45,48.0,
45,14.0,
45,22.0,
46,8.0,
46,50.5,
46,43.0,
46,120.5,
46,5.0,
46,44.25,
46,8.25,
46,20.79,
46,3.5,
46,38.54,
46,10.5,
46,62.54,
47,48.0,
47,8.0,
47,50.5,
47,97.0,
47,114.5,
47,7.75,
47,23.55,
47,4.25,
47,60.37,
47,8.25,
47,78.55,
47,4.62,
47,122.42,
47,16.5,
48,13.5,
48,8.0,
48,50.5,
48,86.5,
48,98.5,
48,13.2,
48,24.81,
48,5.61,
48,44.15,
48,12.5,
48,99.81,
48,5.5,
48,13.15,
48,1.65,
49,16.0,
49,101.0,
49,27.2,
49,70.2,
49,8.2,
49,18.7,
49,25.0,
49,84.7,
49,11.0,
49,23.0,
49,4.0,
50,16.0,
50,101.0,
50,67.0,
50,6.6,
50,36.24,
50,2.64,
50,25.0,
50,111.24,
50,11.0,
50,5.0,
51,8.0,
51,50.5,
51,86.0,
51,68.5,
51,4.32,
51,1.32,
51,25.0,
51,79.32,
51,14.0,
52,16.0,
52,101.0,
52,28.0,
52,16.5,
52,120.0,
52,25.0,
52,100.5,
52,11.0,
52,8.0,
53,16.0,
53,101.0,
53,52.5,
53,7.0,
53,141.5,
53,8.0,
53,25.0,
53,100.0,
53,14.0,
54,16.0,
54,101.0,
54,60.1,
54,2.5,
54,149.1,
54,5.6,
54,2.6,
54,25.0,
54,115.1,
54,11.0,
55,16.0,
55,101.0,
55,54.5,
55,140.5,
55,13.0,
55,25.0,
55,107.0,
55,14.0,
55,42.0,
56,20.5,
56,16.0,
56,89.0,
56,56.8,
56,163.3,
56,2.3,
56,0.8,
56,25.0,
56,101.3,
56,14.0,
56,26.0,
57,20.5,
57,16.0,
57,89.0,
57,58.0,
57,164.5,
57,25.0,
57,48.0,
57,14.0,
57,30.0,
57,16.0,
58,8.0,
58,39.5,
58,92.50999999999999,
58,178.51,
58,85.5,
58,32.01,
58,25.0,
58,48.0,
58,11.0,
58,26.0,
59,8.0,
59,28.0,
59,116.72,
59,177.72,
59,95.0,
59,54.12,
59,8.1,
59,25.0,
59,42.1,
59,14.0,
59,6.6,
60,16.0,
60,34.0,
60,104.71000000000001,
60,162.71,
60,61.71,
60,25.0,
60,7.0,
60,11.0,
60,31.0,
61,83.5,
61,16.0,
61,34.0,
61,55.47,
61,184.97,
61,32.01,
61,5.96,
61,2.0,
61,25.0,
61,14.0,
61,31.5,
61,3.5,
62,104.0,
62,16.0,
62,34.0,
62,165.0,
62,75.0,
62,28.0,
62,4.0,
62,52.5,
62,12.5,
62,7.0,
62,15.0,
63,181.0,
63,16.0,
63,34.0,
63,21.0,
63,8.0,
63,93.99,
63,12.5,
63,7.0,
63,10.49,
63,0.99,
64,16.0,
64,45.0,
64,48.0,
64,30.0,
64,105.63,
64,12.5,
64,7.0,
64,13.129999999999999,
64,3.63,
65,16.0,
65,56.0,
65,76.33999999999999,
65,79.33999999999999,
65,3.3,
65,38.44,
65,3.4,
65,24.6,
65,6.25,
65,145.44,
65,3.5,
65,1.19,
65,2.79,
66,16.0,
66,56.0,
66,73.02000000000001,
66,37.15,
66,2.0,
66,21.87,
66,8.25,
66,151.15,
66,4.62,
66,1.0,
66,8.75,
67,8.0,
67,39.5,
67,87.5,
67,3.3,
67,51.72,
67,17.16,
67,25.0,
67,78.72,
67,17.0,
67,7.26,
68,8.0,
68,50.5,
68,120.61,
68,114.5,
68,8.5,
68,113.61,
68,36.0,
68,25.0,
68,14.0,
68,5.61,
68,56.5,
69,8.0,
69,50.5,
69,40.0,
69,114.5,
69,6.8,
69,117.92,
69,22.2,
69,25.0,
69,124.92,
69,14.0,
69,54.0,
69,7.92,
69,33.0,
70,1.76,
70,9.35,
70,80.46,
70,18.59,
70,162.46000000000004,
70,16.63,
70,4.4,
70,28.38,
70,50.58,
70,11.77,
70,3.5,
70,50.58,
70,1.96,
70,50.580000000000005,
70,39.510000000000005,
70,50.580000000000005,
70,0.84,
70,19.67,
71,4.0,
71,25.25,
71,43.0,
71,80.78999999999999,
71,138.0,
71,41.79,
71,7.59,
71,21.0,
71,20.13,
71,25.0,
71,94.78999999999999,
71,11.0,
71,47.22,
71,2.0,
71,4.5,
71,29.72,
72,16.0,
72,79.0,
72,56.5,
72,29.0,
72,126.5,
72,9.57,
72,18.48,
72,25.0,
72,128.0,
72,11.0,
72,59.55,
72,6.5,
72,12.0,
72,30.05,
73,16.0,
73,79.0,
73,84.64,
73,136.64,
73,5.61,
73,35.64,
73,4.29,
73,25.0,
73,102.0,
73,11.0,
73,38.9,
73,6.5,
73,9.5,
73,11.9,
74,16.0,
74,68.0,
74,58.53,
74,128.53,
74,5.61,
74,46.53,
74,5.61,
74,25.0,
74,93.0,
74,11.0,
74,34.22,
74,6.5,
74,3.5,
74,13.22,
75,48.0,
75,16.0,
75,56.0,
75,28.12,
75,137.12,
75,5.61,
75,21.12,
75,1.32,
75,25.0,
75,102.0,
75,14.0,
75,26.43,
75,6.5,
75,8.93,
76,13.5,
76,16.0,
76,45.0,
76,1.5,
76,76.0,
76,7.59,
76,25.0,
76,107.0,
76,11.0,
76,28.09,
76,6.5,
76,1.0,
76,9.59,
77,6.5,
77,16.0,
77,34.0,
77,15.5,
77,65.0,
77,11.22,
77,12.5,
77,38.5,
77,5.5,
77,80.5,
77,32.72,
77,8.5,
77,13.22,
78,16.0,
78,34.0,
78,6.44,
78,45.55,
78,5.0,
78,45.55,
78,2.8,
78,45.55,
78,22.500000000000004,
78,2.21,
78,45.55,
78,0.85,
78,8.440000000000001,
79,16.0,
79,45.0,
79,3.0,
79,2.64,
79,25.0,
79,14.0,
79,22.24,
79,4.29,
79,30.599999999999998,
79,2.31,
79,4.640000000000001,
