35,
31,
34,
32,
33,
32,
32,
40,
31,
43,
43,
31,
40,
78,
75,
44,
93,
76,
42,
98,
40,
69,
109,
103,
63,
63,
39,
59,
57,
39,
114,
57,
102,
39,
38,
127,
124,
112,
38,
129,
123,
36,
130,
114,
127,
133,
112,
139,
48,
127,
133,
134,
100,
138,
44,
65,
36,
161,
114,
68,
56,
99,
94,
137,
99,
182,
83,
41,
139,
107,
180,
43,
104,
153,
80,
181,
152,
79,
162,
148,
133,
173,
44,
79,
119,
154,
152,
117,
165,
143,
179,
164,
164,
186,
115,
153,
201,
151,
170,
164,
174,
49,
142,
124,
192,
160,
163,
135,
164,
140,
164,
159,
99,
191,
183,
131,
172,
140,
155,
53,
138,
196,
148,
105,
136,
123,
129,
162,
57,
192,
170,
130,
47,
219,
211,
117,
181,
171,
205,
170,
203,
173,
141,
125,
163,
130,
39,
170,
162,
191,
211,
160,
207,
40,
176,
203,
131,
41,
164,
172,
40,
119,
141,
160,
194,
175,
215,
212,
198,
193,
151,
193,
198,
42,
151,
151,
213,
225,
143,
221,
204,
195,
139,
131,
38,
41,
100,
208,
237,
129,
146,
133,
117,
89,
114,
152,
181,
80,
72,
132,
126,
151,
171,
44,
192,
131,
125,
274,
239,
195,
241,
44,
203,
199,
272,
171,
240,
212,
249,
140,
219,
74,
194,
192,
174,
274,
203,
217,
69,
214,
211,
145,
206,
197,
191,
180,
239,
183,
190,
77,
252,
268,
63,
188,
161,
203,
253,
174,
56,
147,
194,
276,
196,
219,
179,
166,
123,
173,
173,
128,
50,
161,
59,
127,
268,
173,
49,
133,
198,
159,
193,
224,
278,
153,
199,
171,
46,
190,
122,
160,
244,
199,
224,
43,
187,
218,
219,
275,
197,
39,
174,
187,
200,
218,
218,
258,
177,
277,
212,
35,
219,
210,
277,
215,
196,
247,
164,
188,
175,
198,
254,
184,
219,
262,
215,
270,
240,
158,
235,
179,
189,
314,
46,
164,
192,
197,
36,
194,
197,
201,
260,
115,
213,
294,
160,
311,
101,
127,
38,
114,
140,
215,
197,
169,
149,
190,
214,
39,
230,
113,
122,
172,
196,
173,
190,
147,
126,
38,
33,
239,
269,
225,
164,
255,
153,
43,
42,
133,
315,
43,
254,
117,
185,
217,
89,
141,
181,
81,
170,
178,
169,
62,
313,
128,
180,
155,
167,
150,
109,
216,
192,
144,
229,
201,
216,
178,
236,
156,
235,
229,
104,
66,
229,
225,
235,
187,
154,
235,
175,
308,
231,
171,
228,
247,
219,
244,
170,
236,
197,
189,
75,
166,
213,
182,
188,
199,
184,
266,
212,
222,
163,
54,
195,
183,
135,
131,
190,
155,
115,
252,
50,
189,
121,
314,
166,
155,
100,
111,
122,
306,
186,
225,
192,
109,
163,
47,
148,
161,
158,
43,
312,
223,
139,
182,
309,
251,
249,
175,
244,
157,
280,
275,
246,
146,
274,
199,
224,
270,
238,
229,
43,
141,
212,
255,
266,
211,
162,
222,
228,
158,
266,
168,
219,
180,
182,
245,
244,
214,
168,
360,
188,
212,
211,
237,
215,
165,
174,
112,
38,
155,
158,
147,
284,
140,
142,
212,
305,
200,
191,
192,
228,
175,
160,
207,
132,
260,
121,
365,
192,
190,
197,
218,
122,
368,
100,
288,
289,
98,
40,
139,
172,
153,
236,
283,
299,
303,
149,
254,
101,
55,
382,
111,
365,
110,
183,
52,
234,
110,
146,
64,
195,
153,
114,
145,
73,
138,
192,
160,
135,
60,
186,
143,
346,
43,
40,
114,
125,
40,
263,
231,
237,
40,
225,
273,
241,
181,
90,
157,
220,
84,
254,
210,
196,
203,
356,
154,
182,
181,
78,
214,
184,
84,
245,
78,
179,
243,
214,
173,
234,
229,
163,
191,
255,
208,
252,
73,
180,
259,
130,
233,
185,
201,
72,
135,
283,
208,
216,
68,
189,
128,
215,
269,
213,
140,
194,
422,
211,
199,
70,
206,
201,
140,
210,
363,
191,
69,
201,
270,
191,
193,
148,
64,
222,
120,
227,
203,
186,
178,
230,
419,
249,
171,
190,
182,
228,
288,
54,
221,
215,
191,
286,
203,
190,
178,
248,
136,
258,
236,
207,
436,
248,
212,
194,
192,
49,
151,
257,
199,
378,
221,
141,
272,
168,
191,
143,
186,
175,
390,
142,
408,
279,
116,
148,
414,
156,
182,
201,
156,
201,
219,
197,
173,
307,
199,
405,
305,
161,
65,
423,
171,
178,
363,
381,
346,
146,
201,
157,
265,
249,
185,
117,
266,
133,
108,
175,
272,
100,
182,
107,
224,
140,
86,
139,
181,
79,
168,
112,
52,
84,
153,
177,
176,
232,
128,
130,
223,
189,
41,
208,
248,
85,
249,
149,
70,
168,
169,
187,
39,
188,
259,
195,
242,
367,
236,
221,
232,
366,
229,
235,
79,
240,
228,
151,
186,
245,
217,
420,
151,
266,
213,
261,
197,
217,
194,
228,
82,
178,
150,
148,
225,
69,
144,
188,
207,
211,
366,
68,
199,
136,
253,
60,
261,
205,
121,
211,
192,
145,
80,
436,
167,
138,
216,
182,
197,
186,
61,
223,
295,
403,
400,
275,
270,
178,
148,
271,
183,
184,
410,
236,
182,
154,
242,
200,
130,
189,
231,
236,
267,
265,
339,
59,
235,
194,
176,
218,
129,
228,
182,
199,
175,
175,
183,
165,
208,
60,
433,
261,
206,
198,
218,
175,
197,
234,
232,
378,
56,
321,
45,
207,
357,
210,
142,
280,
169,
183,
227,
137,
168,
189,
158,
240,
462,
148,
131,
444,
59,
233,
163,
121,
233,
56,
142,
203,
201,
336,
205,
352,
212,
241,
150,
55,
204,
176,
48,
47,
43,
310,
251,
223,
287,
221,
117,
144,
206,
145,
40,
125,
89,
467,
93,
119,
248,
41,
40,
104,
72,
184,
201,
192,
142,
104,
145,
95,
41,
493,
94,
137,
178,
222,
475,
427,
246,
177,
210,
200,
441,
418,
166,
67,
169,
255,
290,
224,
245,
244,
217,
256,
281,
388,
447,
178,
206,
226,
223,
183,
219,
247,
60,
223,
180,
146,
185,
513,
216,
192,
240,
67,
141,
211,
229,
182,
193,
189,
231,
490,
226,
198,
195,
460,
236,
122,
202,
185,
190,
174,
239,
403,
148,
175,
434,
162,
155,
254,
229,
159,
403,
168,
215,
221,
175,
160,
295,
191,
263,
55,
110,
217,
217,
253,
129,
196,
177,
263,
295,
229,
138,
176,
215,
245,
482,
55,
186,
155,
282,
241,
209,
226,
196,
163,
204,
229,
176,
141,
43,
149,
56,
179,
175,
196,
243,
238,
51,
163,
297,
202,
156,
49,
309,
182,
169,
187,
330,
255,
152,
243,
240,
137,
267,
162,
113,
167,
260,
162,
59,
188,
186,
111,
177,
243,
532,
521,
412,
62,
37,
105,
94,
49,
62,
515,
510,
251,
286,
208,
62,
191,
46,
126,
94,
79,
209,
96,
206,
200,
71,
196,
153,
170,
114,
215,
40,
165,
155,
130,
143,
248,
168,
198,
184,
201,
254,
168,
89,
157,
220,
241,
82,
271,
172,
505,
205,
214,
249,
205,
81,
234,
141,
197,
168,
230,
180,
233,
440,
249,
240,
81,
214,
288,
204,
499,
240,
199,
187,
117,
223,
171,
176,
202,
201,
184,
331,
232,
182,
220,
230,
77,
218,
181,
131,
142,
165,
200,
488,
487,
197,
238,
71,
140,
234,
166,
272,
70,
191,
182,
310,
222,
202,
120,
185,
157,
168,
199,
183,
328,
201,
215,
213,
441,
480,
204,
322,
182,
42,
211,
173,
326,
190,
183,
62,
501,
293,
273,
462,
331,
298,
212,
201,
176,
275,
189,
551,
169,
359,
498,
206,
60,
171,
327,
170,
292,
56,
175,
185,
498,
243,
357,
174,
314,
199,
132,
125,
260,
209,
224,
302,
161,
52,
550,
235,
172,
163,
151,
204,
273,
138,
302,
117,
157,
53,
225,
161,
184,
167,
297,
132,
534,
347,
95,
117,
273,
115,
236,
149,
246,
251,
114,
39,
125,
119,
101,
41,
249,
351,
256,
370,
127,
187,
262,
206,
112,
171,
75,
181,
170,
189,
79,
158,
169,
134,
173,
157,
238,
158,
209,
188,
513,
176,
167,
228,
83,
166,
212,
167,
101,
83,
547,
98,
190,
236,
231,
173,
216,
115,
294,
204,
84,
246,
209,
230,
83,
189,
78,
122,
228,
169,
187,
77,
224,
236,
324,
237,
290,
190,
259,
131,
40,
225,
230,
541,
222,
236,
118,
214,
211,
71,
105,
191,
601,
42,
40,
178,
207,
177,
70,
181,
274,
214,
146,
250,
150,
211,
210,
524,
248,
72,
340,
280,
316,
229,
347,
210,
357,
345,
216,
242,
328,
199,
296,
176,
248,
353,
162,
349,
75,
346,
151,
151,
242,
306,
169,
245,
360,
172,
368,
67,
229,
298,
172,
166,
157,
622,
304,
208,
204,
215,
179,
178,
147,
323,
602,
509,
131,
174,
178,
114,
146,
240,
62,
572,
165,
556,
146,
218,
137,
61,
542,
201,
147,
312,
103,
217,
324,
53,
320,
198,
280,
156,
91,
598,
145,
310,
276,
258,
121,
275,
101,
533,
106,
361,
172,
608,
90,
119,
127,
248,
101,
273,
92,
423,
117,
41,
197,
239,
123,
304,
52,
177,
247,
120,
92,
386,
165,
69,
73,
386,
315,
292,
172,
175,
167,
40,
153,
73,
165,
97,
163,
194,
381,
146,
72,
136,
227,
47,
200,
327,
235,
200,
89,
154,
204,
253,
189,
229,
85,
208,
223,
239,
243,
608,
82,
570,
245,
219,
219,
526,
243,
157,
183,
215,
198,
178,
79,
239,
228,
199,
550,
149,
153,
227,
216,
233,
569,
132,
227,
42,
238,
179,
70,
187,
192,
185,
143,
579,
314,
203,
216,
264,
222,
239,
179,
189,
108,
238,
669,
218,
247,
182,
60,
337,
587,
264,
217,
257,
56,
182,
195,
232,
141,
128,
281,
119,
134,
42,
203,
276,
64,
190,
583,
195,
570,
57,
45,
367,
209,
306,
349,
210,
171,
305,
255,
149,
213,
218,
177,
373,
216,
149,
291,
644,
53,
374,
199,
177,
362,
192,
304,
318,
251,
675,
232,
191,
54,
338,
323,
161,
156,
189,
201,
281,
672,
167,
342,
180,
53,
144,
673,
172,
170,
238,
167,
196,
237,
189,
193,
173,
389,
307,
109,
215,
226,
282,
171,
167,
452,
303,
583,
42,
132,
140,
144,
43,
112,
299,
128,
132,
337,
95,
288,
216,
212,
143,
67,
39,
325,
305,
39,
107,
198,
211,
92,
70,
424,
41,
94,
201,
173,
598,
176,
166,
173,
41,
252,
238,
186,
200,
117,
280,
138,
86,
132,
390,
167,
130,
228,
244,
215,
138,
83,
195,
226,
235,
280,
82,
240,
108,
90,
244,
215,
134,
211,
222,
254,
367,
82,
201,
197,
179,
215,
83,
200,
192,
76,
187,
187,
180,
240,
183,
232,
193,
619,
643,
123,
186,
251,
71,
189,
149,
180,
172,
110,
207,
228,
141,
194,
196,
232,
150,
271,
209,
204,
189,
165,
352,
265,
349,
206,
713,
143,
143,
154,
42,
368,
189,
405,
227,
67,
45,
262,
216,
168,
317,
242,
181,
190,
361,
168,
167,
348,
57,
355,
143,
232,
291,
169,
359,
320,
54,
228,
148,
253,
151,
328,
182,
300,
689,
172,
140,
251,
191,
170,
172,
154,
185,
209,
196,
195,
149,
280,
689,
151,
340,
226,
168,
194,
338,
154,
712,
234,
132,
171,
46,
292,
627,
745,
373,
327,
47,
138,
330,
673,
419,
76,
307,
403,
102,
274,
39,
89,
38,
423,
135,
105,
622,
395,
89,
68,
143,
120,
124,
705,
276,
451,
349,
121,
657,
102,
426,
266,
173,
39,
182,
186,
58,
178,
390,
224,
166,
72,
458,
116,
164,
150,
172,
162,
132,
398,
155,
39,
132,
64,
150,
131,
172,
237,
173,
149,
106,
247,
170,
174,
610,
239,
229,
210,
106,
209,
234,
156,
101,
382,
176,
353,
100,
197,
739,
246,
408,
174,
249,
677,
286,
100,
365,
608,
174,
234,
694,
331,
259,
93,
149,
665,
174,
88,
47,
151,
180,
204,
677,
42,
199,
138,
184,
142,
239,
83,
214,
120,
217,
196,
305,
201,
177,
219,
81,
241,
179,
134,
48,
251,
229,
116,
240,
189,
385,
40,
214,
183,
270,
203,
236,
727,
174,
208,
232,
146,
200,
236,
416,
692,
196,
242,
676,
177,
271,
303,
193,
224,
390,
309,
68,
265,
216,
380,
377,
740,
385,
222,
222,
281,
234,
156,
746,
306,
38,
193,
201,
129,
192,
183,
159,
237,
258,
178,
213,
286,
415,
202,
243,
192,
383,
182,
151,
196,
148,
171,
102,
155,
159,
126,
223,
143,
190,
387,
199,
117,
207,
43,
361,
134,
313,
336,
171,
718,
346,
373,
309,
133,
171,
702,
174,
279,
190,
73,
490,
345,
355,
43,
110,
277,
427,
434,
289,
227,
363,
151,
39,
141,
79,
77,
124,
405,
115,
394,
69,
120,
309,
173,
653,
166,
166,
147,
192,
187,
239,
167,
183,
199,
171,
115,
177,
178,
51,
43,
253,
301,
213,
275,
275,
405,
250,
126,
297,
252,
242,
215,
107,
169,
296,
258,
103,
155,
177,
150,
183,
166,
224,
182,
161,
214,
202,
166,
345,
98,
225,
241,
236,
183,
126,
131,
224,
224,
701,
153,
247,
158,
119,
40,
117,
234,
94,
697,
197,
200,
254,
186,
261,
153,
169,
189,
128,
199,
175,
91,
185,
156,
42,
110,
237,
693,
285,
194,
187,
203,
135,
426,
186,
209,
177,
688,
234,
247,
209,
277,
231,
208,
203,
199,
88,
813,
447,
180,
291,
220,
388,
388,
752,
173,
208,
183,
147,
91,
194,
253,
186,
371,
126,
158,
185,
167,
160,
805,
208,
685,
225,
387,
264,
318,
91,
171,
150,
710,
174,
784,
141,
91,
156,
99,
781,
703,
87,
159,
201,
161,
128,
187,
792,
149,
248,
345,
161,
41,
172,
210,
142,
346,
204,
95,
311,
39,
239,
453,
112,
444,
227,
175,
166,
365,
402,
240,
152,
214,
123,
408,
227,
43,
305,
456,
207,
95,
101,
303,
142,
256,
189,
45,
50,
141,
122,
288,
224,
65,
111,
220,
157,
184,
91,
74,
211,
289,
173,
177,
173,
172,
405,
153,
167,
184,
163,
330,
231,
169,
215,
260,
131,
184,
267,
124,
231,
145,
257,
281,
106,
246,
338,
249,
150,
727,
121,
166,
261,
114,
119,
355,
53,
245,
469,
202,
383,
119,
242,
174,
222,
125,
176,
235,
75,
119,
221,
212,
197,
148,
258,
112,
365,
107,
218,
257,
122,
181,
341,
185,
230,
41,
290,
150,
101,
390,
319,
830,
181,
121,
207,
828,
197,
183,
145,
120,
330,
103,
100,
310,
242,
300,
208,
195,
197,
238,
215,
256,
195,
210,
188,
107,
434,
287,
147,
207,
407,
312,
248,
375,
218,
303,
184,
139,
370,
838,
96,
836,
220,
186,
428,
402,
151,
356,
200,
192,
426,
223,
229,
164,
97,
741,
396,
161,
196,
134,
181,
200,
260,
193,
259,
150,
793,
96,
154,
563,
167,
168,
375,
192,
121,
135,
783,
175,
187,
205,
351,
204,
154,
36,
710,
346,
380,
323,
155,
265,
249,
444,
209,
260,
108,
370,
419,
71,
308,
160,
41,
44,
134,
42,
121,
236,
382,
442,
399,
284,
40,
79,
444,
138,
157,
309,
46,
114,
43,
204,
180,
98,
203,
238,
86,
186,
164,
42,
83,
73,
58,
182,
201,
223,
276,
208,
463,
44,
273,
806,
209,
286,
184,
265,
136,
332,
291,
224,
111,
158,
310,
196,
135,
217,
184,
192,
216,
192,
263,
239,
124,
131,
811,
359,
255,
150,
280,
203,
199,
544,
128,
107,
132,
194,
128,
36,
175,
365,
259,
143,
437,
156,
123,
379,
164,
138,
133,
402,
209,
911,
393,
265,
230,
252,
361,
218,
202,
194,
251,
213,
817,
233,
241,
292,
214,
348,
817,
123,
241,
180,
499,
292,
436,
383,
269,
222,
185,
98,
168,
141,
187,
409,
265,
356,
196,
192,
224,
806,
179,
165,
162,
427,
181,
99,
206,
422,
140,
293,
146,
437,
179,
183,
158,
250,
208,
235,
823,
152,
107,
170,
236,
251,
914,
771,
163,
223,
184,
156,
908,
796,
42,
159,
157,
906,
915,
156,
157,
296,
114,
174,
192,
188,
38,
174,
267,
161,
460,
266,
330,
377,
362,
130,
113,
41,
118,
39,
115,
112,
142,
138,
85,
50,
63,
49,
138,
287,
136,
262,
473,
125,
283,
263,
458,
70,
261,
258,
463,
227,
257,
398,
240,
247,
216,
231,
42,
474,
110,
376,
185,
199,
225,
204,
223,
218,
167,
147,
332,
239,
198,
829,
342,
218,
146,
823,
111,
145,
218,
327,
311,
293,
189,
146,
790,
280,
156,
40,
306,
141,
508,
221,
152,
82,
779,
197,
279,
151,
138,
316,
202,
952,
458,
134,
351,
269,
210,
331,
125,
229,
281,
254,
258,
361,
301,
179,
246,
198,
127,
404,
203,
126,
337,
347,
267,
272,
380,
153,
484,
193,
360,
248,
438,
260,
257,
223,
410,
384,
253,
117,
41,
43,
225,
408,
258,
237,
231,
826,
406,
428,
940,
42,
399,
818,
269,
155,
268,
237,
134,
328,
313,
194,
230,
192,
225,
133,
417,
216,
389,
207,
410,
141,
289,
261,
173,
133,
621,
253,
139,
197,
164,
167,
166,
134,
265,
48,
213,
818,
411,
437,
180,
165,
296,
227,
198,
45,
156,
319,
215,
106,
224,
136,
36,
144,
203,
135,
211,
248,
265,
253,
206,
431,
967,
315,
404,
257,
230,
39,
307,
205,
390,
812,
96,
989,
417,
206,
130,
224,
423,
108,
193,
101,
430,
127,
72,
43,
57,
399,
81,
353,
171,
127,
160,
72,
211,
365,
967,
159,
271,
259,
257,
150,
39,
68,
130,
228,
221,
238,
271,
189,
157,
68,
230,
39,
213,
263,
147,
212,
230,
223,
158,
191,
176,
869,
244,
176,
169,
349,
192,
216,
144,
274,
214,
198,
198,
241,
540,
33,
309,
171,
139,
327,
476,
185,
145,
292,
190,
293,
193,
143,
481,
210,
162,
187,
298,
206,
139,
209,
609,
288,
252,
178,
242,
443,
139,
293,
195,
169,
500,
132,
69,
533,
393,
216,
38,
420,
128,
122,
296,
176,
186,
266,
191,
884,
366,
517,
122,
261,
325,
301,
273,
132,
207,
216,
317,
206,
195,
273,
423,
284,
422,
194,
312,
405,
1016,
41,
219,
118,
44,
340,
232,
205,
95,
276,
1022,
267,
977,
386,
197,
464,
173,
259,
212,
382,
572,
481,
254,
221,
984,
200,
231,
432,
161,
410,
223,
975,
151,
148,
195,
382,
262,
252,
193,
474,
230,
206,
967,
184,
184,
414,
108,
164,
206,
114,
153,
892,
326,
192,
217,
162,
159,
977,
158,
362,
166,
177,
294,
340,
360,
98,
111,
211,
430,
878,
121,
860,
168,
346,
260,
134,
370,
139,
474,
393,
416,
246,
124,
429,
239,
90,
253,
87,
329,
442,
118,
411,
154,
104,
175,
117,
74,
417,
90,
113,
425,
359,
286,
128,
159,
111,
49,
115,
68,
431,
163,
82,
126,
145,
74,
209,
141,
68,
178,
38,
204,
229,
154,
178,
903,
38,
164,
320,
297,
309,
297,
189,
313,
112,
165,
172,
196,
291,
165,
137,
41,
380,
535,
309,
281,
181,
228,
415,
1002,
132,
116,
84,
202,
257,
251,
149,
412,
155,
404,
128,
275,
129,
172,
260,
383,
133,
997,
125,
237,
237,
327,
221,
234,
259,
212,
209,
273,
275,
317,
259,
132,
210,
228,
212,
134,
316,
216,
281,
487,
1021,
253,
923,
232,
485,
447,
462,
136,
184,
230,
226,
926,
197,
223,
193,
486,
918,
216,
180,
175,
147,
230,
414,
142,
364,
202,
214,
111,
104,
140,
173,
169,
977,
157,
231,
176,
46,
996,
159,
153,
42,
221,
201,
120,
967,
133,
251,
238,
150,
207,
429,
37,
105,
447,
405,
142,
894,
311,
137,
40,
273,
163,
398,
307,
179,
395,
303,
224,
283,
392,
93,
80,
396,
134,
80,
48,
43,
136,
86,
143,
485,
123,
85,
103,
423,
447,
109,
366,
190,
64,
356,
325,
210,
371,
351,
306,
331,
77,
74,
230,
147,
152,
171,
248,
438,
185,
151,
258,
202,
361,
231,
306,
333,
194,
202,
151,
514,
296,
46,
329,
556,
150,
333,
193,
224,
301,
605,
167,
564,
320,
150,
196,
288,
310,
287,
149,
149,
183,
527,
150,
164,
122,
544,
135,
154,
149,
147,
201,
187,
947,
169,
127,
46,
434,
478,
146,
308,
1078,
124,
145,
262,
178,
166,
228,
276,
240,
221,
1082,
235,
252,
43,
241,
276,
245,
150,
246,
130,
257,
191,
187,
315,
252,
428,
447,
275,
216,
442,
1074,
240,
127,
211,
181,
429,
188,
209,
1033,
525,
193,
194,
263,
187,
135,
246,
159,
184,
163,
179,
176,
46,
190,
134,
195,
454,
161,
211,
182,
335,
253,
186,
142,
375,
257,
996,
109,
339,
134,
158,
289,
224,
224,
102,
1030,
951,
288,
170,
1010,
147,
45,
133,
422,
990,
168,
421,
45,
141,
256,
966,
111,
261,
114,
100,
198,
459,
100,
109,
415,
113,
51,
138,
458,
416,
461,
42,
54,
424,
127,
420,
74,
483,
123,
448,
450,
224,
115,
418,
155,
51,
155,
197,
38,
223,
139,
162,
168,
211,
151,
218,
182,
403,
328,
273,
1004,
176,
155,
282,
220,
209,
116,
324,
226,
610,
316,
152,
609,
275,
219,
325,
417,
344,
126,
508,
324,
390,
340,
148,
317,
630,
1076,
539,
989,
406,
41,
267,
200,
328,
1105,
259,
137,
268,
174,
621,
401,
151,
437,
213,
230,
600,
227,
214,
411,
245,
276,
196,
220,
230,
274,
209,
357,
188,
182,
283,
236,
257,
210,
336,
478,
242,
155,
236,
978,
165,
258,
140,
330,
499,
225,
176,
1085,
213,
169,
440,
138,
1006,
195,
227,
156,
1025,
490,
216,
479,
278,
208,
205,
154,
43,
185,
302,
40,
185,
177,
241,
39,
153,
174,
340,
272,
39,
147,
384,
332,
169,
106,
232,
372,
214,
302,
176,
499,
104,
161,
102,
149,
382,
175,
417,
476,
111,
245,
86,
684,
407,
45,
44,
84,
417,
482,
81,
449,
120,
112,
405,
40,
493,
430,
437,
408,
103,
328,
45,
43,
419,
41,
163,
168,
118,
137,
373,
422,
999,
410,
135,
227,
294,
215,
266,
226,
206,
275,
182,
225,
585,
373,
192,
242,
204,
416,
281,
186,
93,
273,
222,
138,
46,
386,
44,
390,
505,
424,
43,
140,
191,
199,
172,
184,
199,
131,
133,
177,
294,
212,
213,
217,
187,
177,
305,
248,
246,
215,
327,
256,
482,
467,
341,
182,
259,
156,
540,
1161,
416,
168,
271,
717,
258,
175,
1088,
261,
499,
467,
517,
189,
534,
250,
197,
146,
449,
205,
1111,
462,
154,
128,
157,
181,
183,
415,
285,
225,
176,
874,
1150,
184,
187,
278,
143,
1071,
244,
1119,
158,
1135,
187,
1142,
170,
43,
490,
171,
209,
1086,
122,
142,
291,
462,
770,
374,
136,
421,
339,
335,
425,
39,
198,
152,
142,
138,
473,
443,
421,
119,
323,
443,
409,
106,
83,
415,
129,
123,
50,
83,
422,
244,
89,
42,
373,
76,
72,
38,
405,
1115,
64,
175,
217,
164,
426,
472,
123,
241,
270,
297,
44,
222,
153,
280,
211,
177,
273,
92,
258,
121,
57,
225,
120,
46,
105,
38,
356,
713,
213,
196,
121,
250,
187,
245,
762,
1218,
612,
269,
146,
330,
142,
203,
178,
1140,
1203,
622,
128,
248,
208,
1180,
471,
223,
522,
1142,
345,
290,
197,
154,
184,
140,
222,
250,
364,
1093,
228,
41,
272,
463,
247,
427,
227,
1122,
174,
325,
150,
192,
243,
289,
149,
1123,
47,
157,
235,
193,
247,
153,
420,
228,
361,
1114,
290,
311,
45,
208,
274,
217,
448,
249,
249,
1128,
450,
213,
186,
176,
163,
209,
230,
375,
216,
251,
156,
373,
178,
741,
139,
450,
244,
350,
288,
258,
348,
168,
426,
205,
435,
155,
755,
344,
354,
140,
216,
320,
130,
115,
116,
137,
436,
124,
195,
451,
431,
127,
437,
208,
427,
744,
434,
560,
1214,
559,
554,
39,
557,
188,
199,
553,
43,
546,
35,
192,
510,
1134,
250,
508,
569,
378,
295,
182,
516,
531,
481,
472,
476,
294,
390,
114,
40,
469,
293,
192,
481,
165,
754,
215,
490,
1122,
415,
706,
193,
204,
200,
1141,
158,
375,
664,
196,
192,
132,
256,
371,
1240,
235,
216,
1102,
177,
250,
143,
177,
205,
1128,
252,
409,
349,
285,
295,
213,
186,
699,
281,
199,
1089,
335,
280,
184,
1152,
299,
261,
470,
287,
253,
183,
294,
232,
193,
199,
174,
466,
278,
197,
219,
447,
1222,
494,
504,
183,
1151,
490,
253,
465,
302,
181,
180,
415,
149,
813,
177,
451,
186,
262,
214,
154,
145,
165,
452,
226,
812,
185,
160,
402,
150,
215,
174,
1229,
333,
170,
1253,
202,
160,
39,
221,
39,
387,
248,
339,
155,
793,
168,
464,
238,
469,
120,
202,
158,
116,
234,
339,
192,
160,
370,
414,
33,
108,
99,
105,
139,
477,
474,
135,
579,
582,
107,
96,
105,
133,
1179,
559,
122,
88,
431,
399,
214,
36,
154,
417,
429,
590,
37,
868,
147,
125,
143,
374,
249,
155,
351,
425,
433,
518,
143,
187,
347,
510,
214,
124,
509,
509,
506,
486,
115,
168,
484,
443,
491,
438,
1246,
1206,
174,
431,
499,
483,
788,
160,
783,
1204,
762,
131,
235,
143,
216,
133,
121,
177,
1101,
759,
126,
172,
159,
144,
235,
210,
232,
162,
921,
199,
152,
132,
195,
1242,
405,
263,
150,
180,
220,
332,
292,
1251,
135,
533,
1181,
263,
245,
1173,
181,
227,
277,
468,
189,
47,
227,
494,
458,
189,
538,
514,
485,
307,
219,
234,
215,
508,
468,
174,
488,
41,
251,
1185,
291,
448,
237,
180,
218,
243,
165,
198,
460,
204,
164,
204,
227,
298,
176,
134,
121,
113,
134,
184,
100,
197,
237,
253,
186,
1257,
38,
185,
1095,
137,
133,
104,
408,
1157,
1171,
122,
179,
43,
431,
248,
79,
155,
216,
224,
405,
60,
522,
111,
610,
288,
80,
238,
213,
135,
116,
115,
104,
853,
166,
519,
441,
196,
105,
461,
520,
100,
157,
170,
143,
635,
76,
73,
155,
46,
44,
243,
193,
242,
240,
218,
825,
181,
189,
398,
692,
192,
276,
1228,
482,
146,
151,
740,
369,
416,
219,
492,
37,
452,
210,
386,
541,
286,
139,
534,
124,
469,
111,
403,
717,
494,
124,
516,
787,
127,
698,
128,
232,
173,
136,
123,
160,
1087,
159,
159,
41,
492,
102,
1261,
172,
1224,
131,
219,
469,
1291,
385,
151,
321,
267,
284,
157,
295,
229,
146,
241,
1191,
244,
271,
1237,
184,
142,
266,
218,
551,
189,
1266,
249,
174,
486,
492,
188,
192,
256,
434,
1234,
186,
273,
334,
173,
250,
1230,
242,
1176,
245,
217,
177,
228,
191,
873,
163,
305,
268,
408,
129,
171,
290,
193,
405,
1059,
324,
172,
127,
250,
386,
1264,
1175,
353,
451,
422,
389,
367,
415,
346,
514,
150,
523,
103,
264,
483,
144,
463,
517,
36,
49,
457,
460,
48,
337,
430,
135,
487,
489,
708,
225,
66,
638,
206,
139,
688,
247,
144,
708,
206,
71,
1276,
302,
168,
68,
177,
415,
211,
1159,
40,
413,
200,
1301,
433,
437,
517,
39,
392,
425,
141,
399,
209,
389,
487,
518,
425,
431,
139,
763,
218,
221,
152,
430,
299,
936,
459,
110,
238,
137,
800,
194,
241,
164,
142,
182,
1291,
786,
178,
208,
316,
1290,
517,
116,
153,
775,
142,
1275,
871,
251,
307,
37,
788,
279,
44,
520,
1275,
124,
556,
235,
293,
211,
230,
508,
488,
498,
517,
44,
274,
188,
1224,
182,
1018,
548,
227,
184,
571,
489,
1316,
217,
166,
168,
487,
185,
817,
266,
177,
307,
142,
192,
191,
338,
245,
889,
209,
293,
246,
148,
223,
140,
494,
287,
1295,
286,
220,
39,
293,
207,
210,
252,
226,
214,
391,
183,
208,
904,
138,
160,
48,
533,
204,
978,
234,
184,
174,
1299,
200,
156,
386,
233,
110,
215,
392,
171,
234,
199,
922,
490,
92,
249,
111,
138,
93,
37,
246,
120,
84,
260,
75,
80,
460,
84,
444,
766,
762,
760,
42,
77,
773,
768,
120,
469,
175,
44,
393,
185,
154,
137,
677,
499,
85,
1042,
185,
473,
476,
420,
408,
40,
496,
393,
406,
36,
700,
98,
414,
83,
1219,
739,
37,
176,
79,
455,
990,
37,
389,
124,
1342,
436,
167,
424,
181,
232,
155,
123,
183,
226,
136,
148,
1303,
886,
192,
286,
166,
986,
239,
803,
221,
43,
231,
101,
1306,
334,
393,
235,
209,
1345,
202,
1289,
182,
492,
207,
256,
1161,
214,
1365,
539,
319,
202,
156,
256,
1362,
505,
205,
270,
225,
315,
261,
204,
545,
1277,
209,
521,
251,
186,
257,
170,
195,
255,
172,
187,
1298,
225,
169,
218,
229,
194,
568,
286,
211,
545,
562,
254,
161,
231,
108,
180,
43,
171,
119,
379,
173,
226,
203,
176,
222,
400,
349,
242,
1014,
231,
43,
190,
458,
207,
145,
489,
42,
216,
1343,
225,
512,
132,
243,
452,
146,
102,
201,
111,
101,
1166,
171,
45,
84,
99,
453,
201,
43,
173,
493,
254,
82,
179,
489,
841,
845,
839,
80,
155,
49,
129,
481,
230,
132,
199,
190,
38,
214,
173,
458,
456,
958,
483,
209,
436,
480,
248,
305,
476,
1428,
487,
116,
898,
422,
653,
133,
536,
418,
1379,
463,
420,
88,
416,
698,
428,
81,
788,
253,
164,
717,
520,
141,
731,
243,
1336,
1418,
947,
247,
67,
188,
807,
1418,
465,
239,
153,
207,
124,
167,
186,
246,
252,
1349,
663,
306,
106,
128,
290,
247,
203,
41,
1405,
452,
503,
287,
244,
560,
209,
285,
492,
231,
189,
279,
1330,
1365,
555,
187,
188,
210,
540,
147,
244,
554,
506,
190,
220,
192,
467,
290,
510,
207,
425,
181,
188,
250,
213,
160,
564,
526,
242,
255,
163,
236,
1339,
124,
101,
139,
187,
148,
160,
195,
516,
507,
180,
45,
130,
235,
257,
198,
181,
399,
317,
48,
261,
127,
1095,
499,
236,
208,
118,
464,
143,
208,
376,
395,
1324,
505,
197,
142,
463,
372,
515,
1344,
367,
152,
139,
366,
464,
121,
59,
473,
125,
123,
120,
182,
112,
116,
499,
82,
73,
40,
855,
209,
910,
443,
855,
891,
850,
865,
43,
855,
850,
872,
40,
219,
215,
226,
1383,
358,
252,
176,
458,
190,
456,
445,
853,
478,
87,
949,
150,
498,
627,
474,
437,
225,
496,
122,
493,
417,
840,
173,
262,
897,
174,
240,
201,
121,
147,
131,
234,
862,
188,
134,
250,
208,
146,
203,
183,
265,
178,
163,
200,
536,
226,
135,
249,
183,
196,
280,
134,
267,
1432,
511,
321,
186,
240,
165,
159,
39,
815,
1458,
289,
526,
148,
150,
1141,
308,
1446,
148,
200,
547,
537,
231,
111,
189,
254,
181,
243,
192,
1418,
207,
316,
202,
1404,
219,
173,
269,
1417,
301,
1353,
155,
206,
174,
208,
1359,
154,
38,
422,
213,
930,
1337,
155,
208,
224,
176,
505,
118,
175,
526,
241,
484,
309,
404,
94,
1283,
400,
545,
131,
154,
330,
42,
95,
133,
173,
123,
104,
345,
194,
508,
492,
183,
126,
46,
45,
500,
89,
41,
98,
140,
87,
85,
40,
83,
38,
851,
844,
79,
1350,
843,
854,
923,
43,
143,
181,
249,
37,
145,
177,
214,
85,
131,
232,
80,
187,
471,
155,
733,
1135,
1389,
148,
1281,
170,
158,
505,
1350,
536,
152,
200,
146,
171,
1051,
192,
123,
47,
161,
45,
149,
937,
193,
178,
145,
142,
959,
135,
183,
178,
905,
179,
1360,
533,
1430,
933,
488,
172,
204,
540,
187,
286,
230,
568,
267,
1426,
174,
222,
191,
283,
179,
216,
569,
251,
41,
212,
447,
187,
1490,
145,
232,
572,
207,
514,
283,
213,
170,
237,
197,
200,
565,
1487,
564,
185,
260,
200,
159,
172,
109,
203,
288,
490,
266,
283,
201,
141,
191,
327,
204,
172,
1455,
463,
197,
204,
1514,
189,
414,
210,
170,
42,
314,
1410,
254,
129,
188,
310,
140,
164,
1191,
163,
155,
116,
40,
87,
532,
206,
312,
46,
230,
132,
40,
81,
525,
72,
139,
569,
64,
551,
102,
57,
201,
166,
179,
141,
134,
79,
183,
98,
49,
79,
158,
40,
657,
169,
549,
202,
601,
183,
39,
180,
597,
103,
583,
601,
212,
84,
579,
232,
152,
571,
522,
536,
511,
131,
592,
535,
553,
527,
653,
147,
45,
141,
602,
903,
83,
42,
901,
653,
162,
831,
1467,
126,
916,
798,
40,
54,
163,
131,
180,
141,
251,
1410,
199,
88,
219,
1470,
241,
105,
108,
41,
214,
218,
202,
1488,
603,
212,
538,
263,
200,
1553,
202,
1135,
149,
208,
310,
107,
543,
590,
243,
936,
199,
310,
283,
233,
538,
265,
210,
222,
609,
207,
526,
613,
198,
223,
244,
517,
205,
192,
1480,
838,
180,
575,
251,
546,
134,
181,
1576,
181,
1459,
361,
148,
142,
177,
42,
174,
206,
1570,
1316,
224,
234,
161,
154,
487,
732,
1536,
119,
172,
102,
192,
204,
140,
1452,
456,
144,
443,
1186,
187,
423,
498,
165,
527,
169,
101,
310,
471,
129,
638,
122,
504,
37,
529,
272,
556,
146,
129,
107,
124,
493,
56,
116,
116,
150,
154,
71,
934,
840,
927,
837,
849,
608,
563,
846,
76,
898,
168,
153,
562,
579,
536,
521,
168,
911,
312,
78,
1395,
746,
248,
188,
515,
554,
489,
506,
89,
1547,
167,
399,
1551,
311,
38,
596,
147,
150,
206,
299,
82,
1646,
1556,
140,
42,
1473,
257,
530,
230,
192,
1605,
84,
250,
46,
49,
214,
192,
1530,
229,
41,
212,
180,
517,
257,
222,
220,
132,
41,
243,
509,
235,
184,
282,
550,
268,
614,
1594,
39,
176,
254,
144,
234,
160,
196,
205,
585,
231,
251,
194,
1435,
191,
214,
165,
213,
45,
252,
229,
269,
547,
251,
257,
222,
260,
166,
184,
231,
294,
229,
169,
210,
138,
165,
177,
174,
111,
201,
253,
239,
156,
529,
131,
169,
632,
270,
42,
159,
1571,
475,
501,
445,
255,
1493,
164,
36,
1506,
1459,
453,
138,
159,
1606,
155,
86,
447,
57,
63,
429,
557,
472,
557,
57,
40,
569,
534,
81,
533,
580,
234,
146,
910,
846,
165,
533,
137,
110,
53,
840,
177,
844,
765,
40,
830,
478,
191,
761,
173,
139,
250,
1555,
172,
181,
169,
76,
216,
179,
771,
634,
222,
107,
607,
905,
161,
196,
1394,
37,
1077,
721,
567,
743,
254,
768,
843,
1344,
868,
1136,
1482,
174,
1322,
185,
242,
1303,
182,
155,
1161,
112,
306,
1488,
150,
1062,
194,
228,
1128,
42,
790,
131,
159,
1564,
79,
157,
151,
41,
1536,
202,
133,
214,
232,
303,
155,
123,
813,
287,
222,
180,
164,
238,
236,
265,
133,
568,
219,
250,
227,
613,
586,
199,
307,
220,
604,
532,
618,
1576,
259,
252,
611,
1465,
556,
309,
558,
303,
552,
169,
274,
586,
184,
909,
214,
214,
289,
235,
149,
177,
186,
42,
211,
219,
529,
164,
248,
184,
154,
173,
191,
140,
192,
640,
154,
197,
168,
513,
970,
41,
277,
216,
495,
126,
1523,
148,
552,
117,
142,
119,
1614,
140,
46,
1644,
533,
263,
73,
135,
49,
590,
134,
39,
200,
105,
140,
108,
93,
39,
86,
73,
545,
50,
139,
532,
685,
672,
592,
183,
224,
79,
487,
1478,
145,
203,
179,
681,
250,
1631,
573,
40,
295,
685,
267,
142,
1101,
657,
645,
521,
79,
277,
1301,
39,
638,
566,
520,
226,
779,
36,
685,
516,
627,
244,
751,
179,
300,
515,
596,
179,
256,
144,
235,
581,
147,
151,
1581,
622,
855,
190,
186,
122,
694,
117,
1740,
333,
136,
190,
189,
1599,
1144,
38,
182,
143,
166,
894,
645,
666,
126,
120,
331,
183,
1567,
242,
150,
258,
39,
873,
665,
349,
250,
260,
43,
155,
251,
42,
238,
591,
276,
243,
179,
239,
242,
225,
1601,
284,
567,
1358,
585,
281,
189,
236,
188,
245,
607,
232,
527,
145,
245,
241,
1658,
576,
171,
242,
130,
194,
1619,
162,
194,
212,
912,
160,
419,
1596,
582,
1671,
246,
177,
170,
195,
258,
200,
188,
1549,
1597,
112,
233,
501,
188,
1678,
1431,
718,
480,
502,
1676,
475,
468,
440,
243,
1512,
1392,
153,
195,
107,
133,
1626,
506,
96,
133,
119,
560,
197,
93,
509,
91,
74,
499,
171,
109,
48,
922,
123,
42,
148,
45,
93,
842,
592,
579,
829,
917,
757,
1577,
852,
843,
584,
171,
646,
757,
238,
578,
768,
761,
478,
756,
241,
168,
44,
885,
146,
1202,
642,
237,
620,
729,
473,
226,
578,
1203,
319,
277,
575,
37,
199,
232,
763,
229,
242,
1631,
235,
627,
1638,
576,
1846,
80,
264,
577,
167,
186,
134,
160,
165,
193,
227,
170,
626,
1681,
1474,
143,
141,
185,
188,
128,
94,
161,
838,
99,
256,
1638,
340,
130,
180,
296,
183,
300,
1519,
645,
1396,
609,
501,
593,
282,
175,
192,
1548,
279,
298,
36,
303,
606,
216,
594,
221,
264,
278,
152,
125,
281,
618,
286,
232,
196,
178,
278,
173,
231,
196,
250,
187,
231,
207,
216,
197,
264,
569,
147,
581,
213,
179,
223,
1493,
224,
203,
151,
165,
163,
317,
354,
178,
230,
274,
160,
46,
145,
1761,
238,
169,
263,
44,
467,
273,
268,
158,
112,
135,
1455,
253,
130,
42,
544,
272,
274,
106,
1502,
464,
149,
88,
128,
130,
1549,
548,
124,
579,
1485,
539,
601,
102,
514,
38,
1613,
63,
104,
608,
62,
108,
43,
571,
117,
553,
563,
734,
822,
185,
142,
756,
753,
93,
750,
1480,
76,
164,
234,
759,
220,
555,
221,
167,
699,
644,
672,
240,
589,
191,
224,
499,
128,
598,
207,
208,
593,
587,
268,
238,
598,
793,
942,
581,
698,
262,
671,
494,
221,
195,
1183,
1679,
164,
688,
556,
555,
494,
120,
808,
570,
209,
44,
1428,
414,
1444,
653,
873,
1013,
1617,
45,
636,
349,
1098,
124,
581,
606,
200,
856,
524,
152,
303,
180,
1788,
436,
144,
183,
193,
147,
304,
89,
160,
601,
323,
164,
196,
153,
665,
53,
354,
283,
646,
1773,
337,
45,
264,
277,
199,
285,
599,
584,
1710,
259,
562,
551,
152,
602,
1499,
254,
265,
200,
298,
1687,
126,
527,
152,
295,
232,
190,
246,
528,
185,
345,
45,
185,
172,
267,
152,
394,
157,
152,
161,
711,
588,
166,
169,
114,
48,
156,
1556,
366,
146,
168,
175,
305,
120,
190,
228,
317,
112,
549,
874,
710,
1766,
237,
179,
1254,
129,
308,
184,
1691,
458,
206,
471,
519,
120,
153,
1628,
490,
223,
119,
230,
1706,
629,
258,
41,
1628,
602,
44,
131,
1350,
611,
627,
173,
132,
477,
39,
83,
175,
144,
46,
40,
413,
142,
620,
712,
78,
232,
913,
410,
133,
151,
214,
727,
630,
401,
244,
150,
37,
231,
170,
1119,
671,
224,
256,
154,
1750,
37,
240,
202,
138,
199,
140,
541,
1939,
297,
198,
257,
146,
214,
185,
98,
264,
501,
178,
159,
130,
157,
191,
876,
231,
125,
1407,
39,
130,
411,
787,
81,
162,
1515,
159,
392,
389,
130,
1672,
340,
333,
323,
300,
322,
1688,
39,
294,
223,
157,
605,
1620,
615,
334,
329,
268,
174,
236,
1619,
217,
271,
612,
200,
196,
249,
1616,
603,
1719,
269,
265,
605,
161,
197,
596,
204,
253,
562,
211,
1983,
515,
327,
527,
174,
1617,
171,
162,
322,
111,
377,
157,
266,
168,
152,
42,
170,
273,
156,
253,
159,
169,
130,
246,
40,
45,
475,
235,
156,
116,
282,
257,
141,
589,
834,
498,
284,
171,
123,
119,
264,
1179,
616,
129,
247,
40,
157,
42,
265,
564,
126,
177,
89,
131,
634,
550,
188,
58,
128,
595,
121,
127,
131,
477,
105,
104,
81,
112,
43,
39,
136,
1984,
210,
675,
664,
683,
657,
207,
665,
287,
926,
204,
164,
190,
41,
782,
106,
192,
257,
197,
197,
1123,
43,
163,
569,
335,
546,
1116,
1647,
542,
1600,
170,
1131,
196,
507,
163,
46,
131,
167,
44,
225,
175,
200,
121,
153,
282,
693,
1000,
380,
242,
191,
948,
153,
1617,
153,
643,
313,
159,
1600,
129,
368,
1053,
176,
263,
353,
340,
1553,
364,
253,
227,
320,
351,
1138,
346,
218,
215,
605,
41,
888,
597,
655,
198,
394,
177,
604,
597,
187,
565,
572,
273,
1527,
269,
569,
379,
185,
158,
139,
1555,
178,
701,
155,
150,
151,
621,
1853,
178,
234,
333,
188,
168,
387,
137,
531,
346,
324,
1671,
179,
213,
297,
280,
331,
285,
204,
176,
1528,
281,
179,
46,
1160,
156,
322,
138,
612,
464,
355,
552,
300,
131,
545,
864,
108,
143,
299,
202,
119,
175,
453,
140,
157,
82,
141,
210,
186,
87,
171,
78,
140,
2035,
120,
66,
47,
560,
938,
108,
95,
943,
931,
1549,
582,
148,
931,
938,
40,
386,
34,
932,
923,
195,
206,
853,
221,
171,
850,
857,
40,
142,
845,
562,
77,
766,
210,
1494,
503,
198,
838,
763,
490,
753,
188,
195,
229,
177,
1486,
488,
691,
181,
557,
152,
2041,
175,
765,
500,
675,
507,
665,
131,
989,
486,
303,
683,
598,
230,
608,
168,
199,
264,
125,
121,
39,
41,
1783,
518,
583,
136,
132,
119,
125,
178,
85,
357,
151,
136,
1046,
963,
177,
146,
451,
303,
1546,
182,
368,
1021,
351,
299,
38,
322,
163,
325,
1555,
608,
601,
589,
154,
185,
336,
585,
347,
173,
187,
598,
596,
140,
174,
362,
196,
283,
166,
315,
1615,
165,
279,
292,
118,
43,
189,
170,
1585,
211,
1782,
292,
319,
1699,
151,
519,
155,
291,
362,
230,
287,
181,
322,
400,
1621,
305,
139,
42,
279,
545,
1806,
151,
142,
141,
38,
159,
242,
262,
129,
349,
117,
167,
123,
1901,
117,
142,
301,
1910,
120,
264,
38,
105,
1364,
78,
139,
191,
1343,
52,
91,
88,
181,
101,
85,
660,
95,
89,
170,
42,
150,
199,
77,
1162,
219,
166,
784,
223,
935,
516,
1542,
754,
169,
1504,
151,
514,
488,
1235,
224,
779,
504,
860,
150,
699,
1339,
478,
1233,
414,
118,
412,
797,
432,
166,
652,
198,
1143,
220,
412,
663,
199,
984,
1151,
219,
1979,
226,
642,
1055,
39,
1930,
209,
201,
1203,
240,
151,
210,
161,
1068,
337,
461,
1857,
694,
169,
441,
43,
636,
131,
108,
315,
159,
1784,
201,
45,
394,
155,
153,
1603,
314,
559,
231,
354,
157,
1425,
204,
264,
311,
246,
1774,
603,
122,
152,
1562,
331,
226,
1066,
878,
175,
319,
611,
605,
270,
568,
213,
154,
394,
142,
222,
141,
292,
140,
154,
230,
331,
306,
485,
279,
399,
225,
159,
39,
294,
156,
210,
271,
242,
302,
476,
358,
1310,
42,
1692,
521,
270,
662,
150,
126,
131,
138,
539,
164,
1899,
130,
108,
260,
328,
105,
104,
42,
76,
97,
102,
481,
128,
200,
82,
41,
38,
426,
568,
744,
748,
205,
146,
558,
103,
97,
43,
740,
671,
76,
84,
193,
213,
673,
145,
671,
213,
690,
667,
186,
1297,
195,
40,
1635,
657,
480,
595,
672,
395,
586,
418,
590,
186,
229,
40,
585,
580,
426,
391,
950,
215,
572,
899,
186,
706,
1138,
513,
519,
590,
360,
1059,
518,
512,
968,
498,
1039,
525,
511,
2035,
2047,
1765,
149,
1984,
2066,
146,
120,
1614,
140,
144,
128,
123,
471,
402,
950,
199,
142,
687,
532,
148,
301,
179,
130,
127,
165,
735,
463,
1124,
144,
195,
248,
526,
848,
231,
450,
190,
1917,
187,
607,
140,
224,
382,
608,
220,
695,
619,
537,
146,
262,
613,
335,
212,
171,
151,
363,
497,
243,
282,
151,
243,
38,
286,
221,
421,
201,
1605,
606,
168,
179,
215,
263,
226,
146,
272,
438,
168,
712,
1964,
307,
694,
1422,
399,
41,
186,
45,
1779,
407,
316,
44,
140,
1965,
257,
283,
193,
122,
1599,
170,
270,
298,
185,
140,
40,
1871,
127,
1264,
182,
262,
160,
138,
1658,
486,
131,
105,
2120,
39,
304,
120,
541,
112,
109,
186,
160,
303,
120,
390,
317,
131,
398,
78,
122,
118,
366,
233,
198,
157,
56,
148,
153,
351,
43,
553,
78,
79,
374,
569,
555,
578,
169,
46,
377,
39,
166,
188,
674,
198,
218,
145,
670,
662,
155,
696,
729,
1333,
145,
143,
719,
470,
149,
1025,
41,
1299,
478,
1625,
140,
2048,
154,
650,
630,
785,
478,
163,
1915,
1129,
138,
630,
177,
1627,
618,
122,
588,
65,
153,
856,
553,
129,
890,
478,
568,
1870,
1117,
174,
130,
559,
245,
332,
867,
265,
2024,
122,
240,
1996,
127,
267,
163,
1670,
436,
866,
417,
158,
127,
1872,
544,
213,
846,
298,
1670,
208,
43,
400,
188,
42,
294,
168,
485,
883,
650,
354,
1067,
418,
182,
239,
161,
544,
1842,
411,
602,
602,
258,
680,
568,
1980,
386,
439,
220,
218,
794,
147,
162,
180,
94,
226,
357,
145,
227,
546,
150,
439,
616,
1774,
160,
144,
282,
142,
535,
227,
508,
218,
144,
438,
284,
230,
226,
382,
461,
141,
369,
466,
205,
154,
428,
276,
626,
535,
201,
390,
294,
212,
1421,
377,
207,
258,
142,
137,
1353,
51,
128,
512,
305,
39,
244,
118,
113,
379,
102,
95,
41,
102,
77,
123,
44,
210,
144,
209,
113,
78,
199,
338,
89,
363,
1831,
203,
222,
400,
86,
223,
43,
252,
195,
583,
194,
2311,
229,
262,
1297,
381,
417,
182,
146,
316,
399,
338,
581,
726,
1699,
176,
1306,
326,
1047,
146,
1367,
337,
602,
141,
1351,
2006,
143,
152,
572,
142,
153,
186,
178,
40,
142,
129,
1766,
141,
119,
188,
158,
171,
1023,
139,
136,
108,
139,
582,
452,
45,
185,
229,
764,
463,
435,
130,
844,
944,
46,
670,
461,
533,
542,
219,
357,
573,
183,
644,
542,
484,
180,
195,
95,
255,
1877,
470,
652,
94,
962,
916,
254,
588,
384,
210,
596,
582,
626,
151,
251,
1940,
157,
544,
188,
604,
691,
265,
477,
136,
608,
390,
149,
153,
152,
188,
1712,
2524,
475,
150,
193,
231,
493,
256,
792,
189,
239,
161,
173,
1700,
791,
229,
203,
414,
157,
312,
241,
123,
164,
1863,
543,
414,
104,
227,
44,
210,
1798,
1973,
38,
289,
535,
474,
1770,
224,
132,
382,
131,
1733,
172,
233,
116,
188,
251,
2168,
152,
360,
104,
348,
103,
391,
42,
111,
2260,
186,
106,
105,
201,
128,
746,
53,
669,
200,
755,
750,
209,
107,
678,
96,
54,
76,
673,
664,
669,
655,
578,
539,
582,
172,
212,
168,
530,
496,
2133,
201,
667,
90,
490,
146,
200,
182,
1282,
184,
41,
1178,
168,
145,
400,
1690,
41,
721,
499,
2137,
584,
884,
2071,
38,
646,
340,
602,
2124,
511,
422,
495,
38,
340,
431,
318,
419,
898,
141,
325,
2377,
150,
39,
1167,
317,
515,
155,
234,
505,
644,
582,
42,
745,
1069,
489,
128,
157,
689,
194,
124,
454,
1792,
185,
182,
45,
508,
128,
503,
413,
269,
560,
419,
480,
1763,
680,
227,
1690,
343,
1802,
618,
652,
156,
221,
172,
40,
193,
875,
249,
648,
1799,
481,
1856,
156,
733,
247,
216,
152,
649,
605,
483,
531,
592,
511,
196,
1358,
417,
709,
1791,
189,
380,
160,
225,
156,
206,
202,
482,
144,
171,
155,
199,
171,
202,
131,
561,
302,
175,
153,
461,
1880,
174,
908,
431,
44,
550,
464,
174,
482,
224,
299,
449,
531,
162,
135,
620,
1978,
129,
308,
177,
186,
283,
42,
140,
149,
189,
113,
36,
249,
205,
94,
193,
87,
124,
151,
81,
128,
229,
591,
83,
186,
182,
148,
304,
76,
43,
556,
497,
1789,
504,
210,
416,
497,
42,
492,
163,
505,
1136,
497,
48,
235,
184,
243,
189,
41,
177,
171,
46,
40,
686,
613,
1703,
286,
645,
1254,
180,
373,
479,
358,
1145,
1095,
1785,
264,
1077,
687,
148,
237,
1671,
178,
42,
1687,
1172,
414,
274,
209,
666,
673,
1843,
129,
345,
328,
714,
624,
190,
344,
463,
579,
175,
141,
2110,
1119,
163,
388,
46,
167,
608,
160,
634,
343,
107,
613,
194,
1035,
117,
128,
166,
455,
1866,
1863,
155,
191,
493,
250,
127,
95,
1193,
106,
126,
1057,
493,
354,
235,
405,
576,
1757,
443,
241,
426,
170,
682,
480,
268,
612,
41,
259,
606,
664,
514,
236,
171,
603,
610,
891,
252,
243,
157,
154,
433,
679,
535,
178,
309,
1333,
157,
169,
207,
273,
321,
184,
194,
157,
156,
581,
296,
146,
209,
200,
188,
241,
100,
341,
591,
130,
473,
432,
1797,
1873,
326,
470,
191,
440,
301,
127,
1843,
477,
297,
108,
1840,
258,
298,
145,
178,
140,
181,
410,
730,
259,
1812,
124,
306,
553,
345,
94,
127,
59,
195,
106,
58,
395,
91,
89,
54,
45,
85,
269,
39,
95,
68,
38,
224,
74,
196,
194,
205,
192,
1831,
638,
385,
216,
421,
388,
338,
771,
182,
324,
292,
145,
380,
2208,
577,
39,
333,
330,
150,
1814,
571,
580,
143,
1772,
144,
2630,
209,
2002,
168,
1832,
140,
1117,
530,
360,
179,
643,
541,
38,
684,
174,
162,
416,
168,
242,
575,
230,
168,
479,
1859,
196,
480,
264,
563,
1230,
259,
225,
610,
607,
534,
300,
188,
237,
654,
933,
245,
1784,
631,
142,
164,
181,
403,
547,
254,
195,
537,
235,
568,
174,
146,
240,
254,
508,
121,
152,
120,
513,
45,
503,
449,
458,
2083,
631,
239,
937,
43,
449,
464,
1332,
234,
538,
39,
383,
303,
1782,
1991,
252,
2798,
397,
40,
268,
354,
239,
2159,
142,
220,
57,
217,
415,
241,
242,
125,
138,
106,
426,
44,
256,
138,
180,
60,
254,
358,
101,
107,
81,
139,
128,
659,
655,
653,
661,
588,
649,
211,
203,
207,
161,
662,
1492,
141,
1061,
319,
208,
1830,
1079,
95,
180,
821,
233,
223,
142,
40,
816,
226,
1140,
228,
179,
660,
187,
697,
177,
156,
1979,
1159,
73,
418,
669,
172,
665,
206,
162,
415,
43,
146,
413,
855,
41,
1849,
109,
205,
198,
41,
122,
162,
43,
147,
668,
539,
200,
2024,
259,
239,
491,
163,
307,
531,
180,
313,
240,
338,
42,
314,
373,
508,
493,
182,
327,
598,
266,
190,
1871,
241,
233,
272,
740,
601,
1772,
605,
242,
42,
1787,
655,
300,
593,
216,
616,
202,
405,
245,
135,
220,
609,
499,
596,
233,
236,
689,
617,
219,
187,
158,
262,
498,
179,
540,
154,
223,
616,
221,
191,
41,
150,
478,
295,
615,
148,
179,
235,
152,
246,
484,
267,
325,
137,
181,
208,
157,
251,
195,
1904,
452,
310,
269,
145,
293,
40,
1099,
1811,
1811,
1260,
446,
316,
411,
2702,
2650,
43,
2020,
633,
1826,
63,
41,
84,
137,
75,
2004,
42,
78,
555,
629,
41,
78,
404,
82,
44,
404,
401,
120,
43,
378,
74,
50,
394,
494,
387,
666,
674,
85,
329,
266,
671,
560,
398,
78,
220,
578,
662,
669,
196,
661,
220,
668,
217,
212,
41,
821,
240,
224,
246,
426,
241,
236,
1430,
664,
659,
600,
191,
1468,
608,
1059,
1833,
205,
136,
1129,
143,
462,
1897,
151,
1407,
594,
122,
999,
42,
557,
1657,
45,
110,
1088,
169,
203,
124,
170,
771,
41,
962,
248,
733,
122,
167,
179,
309,
649,
231,
433,
763,
614,
656,
1673,
731,
611,
487,
287,
712,
1977,
604,
690,
594,
558,
273,
544,
282,
1676,
253,
603,
223,
264,
349,
601,
303,
230,
520,
1146,
187,
526,
244,
178,
184,
628,
525,
142,
155,
198,
504,
225,
260,
1885,
177,
882,
535,
195,
532,
189,
244,
506,
1858,
123,
121,
176,
1334,
486,
133,
1210,
612,
521,
1796,
297,
541,
1987,
412,
913,
248,
402,
620,
176,
143,
137,
258,
257,
302,
175,
285,
104,
151,
101,
59,
144,
39,
401,
56,
233,
362,
96,
139,
1697,
245,
54,
77,
112,
566,
338,
670,
385,
636,
77,
668,
76,
39,
563,
535,
565,
670,
773,
137,
753,
2413,
76,
1803,
503,
1417,
507,
491,
302,
735,
1822,
581,
301,
703,
723,
926,
484,
161,
479,
736,
1189,
233,
2439,
725,
124,
2437,
137,
705,
84,
135,
239,
1117,
2410,
41,
206,
204,
135,
1266,
688,
489,
730,
122,
699,
531,
1221,
185,
190,
543,
1431,
348,
539,
132,
1300,
582,
2048,
813,
521,
564,
439,
43,
1876,
1858,
2411,
320,
603,
336,
582,
265,
272,
1924,
682,
209,
382,
263,
195,
1957,
151,
223,
269,
499,
46,
115,
599,
1910,
234,
212,
459,
631,
152,
201,
40,
236,
143,
234,
491,
530,
133,
574,
48,
535,
1820,
290,
132,
298,
598,
1648,
274,
561,
274,
163,
1930,
324,
49,
190,
744,
555,
123,
1071,
759,
1909,
544,
716,
286,
35,
290,
1868,
1884,
296,
327,
191,
1769,
43,
139,
229,
121,
546,
157,
265,
328,
389,
267,
197,
107,
89,
100,
58,
550,
112,
43,
117,
50,
92,
276,
642,
78,
745,
671,
663,
663,
673,
670,
41,
235,
219,
223,
225,
154,
166,
38,
141,
232,
2469,
171,
146,
1837,
493,
885,
140,
148,
499,
230,
889,
761,
1281,
2421,
227,
714,
1175,
717,
939,
1835,
1716,
900,
697,
1590,
1864,
37,
1092,
43,
225,
1820,
530,
1830,
135,
520,
683,
1764,
1864,
215,
231,
41,
174,
767,
947,
2001,
126,
155,
199,
37,
724,
311,
259,
296,
501,
258,
599,
1555,
164,
492,
604,
627,
290,
38,
371,
546,
612,
555,
284,
177,
166,
689,
220,
564,
785,
187,
39,
532,
575,
1680,
536,
511,
507,
685,
720,
423,
273,
1859,
166,
522,
195,
164,
609,
316,
615,
660,
180,
142,
179,
475,
512,
464,
215,
1854,
237,
127,
176,
536,
1625,
134,
244,
250,
125,
530,
133,
44,
296,
267,
564,
210,
1619,
187,
163,
467,
41,
1244,
650,
139,
897,
311,
456,
388,
327,
144,
260,
134,
94,
1722,
135,
395,
89,
135,
233,
544,
76,
72,
124,
104,
2911,
345,
98,
124,
93,
77,
91,
431,
55,
1550,
37,
680,
747,
678,
441,
395,
676,
674,
671,
569,
370,
1743,
222,
228,
189,
254,
264,
198,
155,
285,
151,
1404,
261,
282,
230,
261,
154,
213,
1303,
225,
46,
305,
204,
719,
953,
257,
243,
234,
736,
405,
148,
354,
932,
504,
157,
1843,
999,
1260,
508,
499,
165,
497,
668,
1670,
874,
504,
495,
493,
150,
436,
476,
431,
167,
1571,
839,
423,
677,
1889,
1655,
2498,
1770,
148,
623,
781,
2447,
620,
41,
1890,
49,
1491,
717,
2469,
140,
490,
616,
1216,
1967,
322,
782,
692,
592,
193,
690,
778,
207,
207,
420,
1764,
147,
887,
258,
1694,
388,
778,
486,
945,
685,
258,
1482,
517,
612,
593,
148,
1031,
610,
588,
1188,
518,
599,
562,
468,
1404,
183,
216,
261,
609,
553,
171,
1513,
464,
168,
190,
708,
559,
226,
207,
1727,
141,
469,
174,
1918,
186,
47,
516,
43,
535,
557,
563,
210,
497,
145,
143,
318,
42,
233,
391,
246,
50,
711,
358,
882,
110,
271,
119,
163,
249,
464,
148,
896,
656,
350,
115,
45,
988,
41,
1530,
105,
265,
1555,
79,
114,
85,
223,
544,
626,
153,
372,
113,
420,
283,
43,
275,
41,
38,
1951,
51,
77,
263,
208,
235,
268,
155,
240,
208,
151,
222,
741,
251,
150,
1282,
1325,
3045,
481,
494,
717,
1841,
777,
151,
160,
478,
336,
493,
1817,
1253,
120,
428,
398,
378,
149,
318,
352,
961,
1292,
137,
3180,
267,
2506,
1596,
718,
146,
45,
147,
444,
1038,
259,
1060,
1954,
1201,
121,
706,
1522,
156,
929,
684,
166,
770,
1866,
459,
150,
198,
644,
397,
766,
717,
448,
263,
166,
575,
831,
1514,
645,
1068,
1518,
244,
146,
560,
702,
320,
713,
638,
481,
613,
457,
510,
523,
599,
473,
534,
787,
651,
366,
226,
211,
746,
409,
517,
618,
175,
244,
471,
684,
205,
622,
1773,
634,
215,
46,
148,
1152,
689,
204,
582,
605,
153,
1541,
471,
179,
216,
227,
1891,
272,
231,
588,
576,
321,
290,
631,
564,
39,
296,
3168,
39,
252,
160,
290,
91,
110,
458,
45,
101,
84,
108,
548,
79,
40,
288,
397,
78,
79,
46,
74,
835,
838,
75,
830,
835,
645,
75,
43,
792,
42,
442,
406,
760,
432,
42,
769,
765,
218,
753,
181,
759,
263,
174,
405,
745,
262,
162,
236,
2516,
664,
39,
103,
41,
423,
1765,
159,
990,
967,
3087,
157,
322,
334,
1094,
1299,
332,
40,
99,
157,
86,
321,
279,
701,
711,
155,
136,
242,
240,
1066,
1991,
396,
700,
2593,
145,
241,
1175,
665,
853,
425,
1162,
130,
700,
152,
185,
438,
113,
323,
200,
100,
153,
1594,
137,
141,
208,
957,
589,
128,
128,
196,
632,
424,
1609,
942,
640,
653,
3257,
327,
153,
598,
518,
226,
1313,
605,
1707,
1624,
303,
231,
610,
690,
198,
154,
208,
153,
1703,
213,
187,
341,
230,
749,
607,
604,
264,
528,
274,
1602,
613,
639,
171,
160,
438,
192,
304,
158,
685,
141,
673,
1594,
206,
166,
931,
834,
1476,
46,
331,
596,
1594,
836,
594,
171,
318,
203,
264,
107,
45,
566,
328,
690,
111,
580,
318,
1702,
1608,
528,
241,
330,
155,
282,
35,
420,
405,
306,
410,
351,
37,
362,
417,
36,
477,
86,
249,
119,
314,
108,
52,
112,
108,
95,
155,
142,
754,
191,
132,
115,
753,
81,
737,
767,
76,
250,
44,
749,
666,
77,
386,
208,
266,
277,
382,
77,
395,
2627,
319,
1356,
3163,
197,
777,
952,
157,
1276,
172,
168,
719,
588,
166,
1456,
783,
1178,
43,
180,
919,
340,
672,
101,
136,
179,
991,
880,
1557,
319,
671,
156,
127,
1594,
1174,
121,
1675,
156,
688,
1985,
2607,
1127,
1194,
2639,
241,
155,
699,
1190,
2529,
320,
305,
152,
2033,
313,
171,
125,
45,
456,
659,
591,
1183,
428,
655,
38,
542,
584,
634,
1579,
657,
245,
219,
1019,
559,
615,
664,
243,
606,
1990,
629,
155,
604,
822,
654,
145,
612,
356,
1991,
519,
279,
346,
1247,
205,
790,
618,
563,
151,
38,
1053,
704,
979,
632,
652,
483,
636,
1639,
570,
2602,
268,
343,
527,
301,
719,
276,
1175,
285,
1595,
145,
122,
870,
320,
248,
300,
1351,
161,
113,
138,
99,
340,
150,
127,
47,
217,
115,
1619,
942,
113,
1740,
421,
383,
41,
374,
113,
371,
1351,
422,
112,
104,
156,
100,
77,
226,
749,
99,
77,
76,
752,
243,
745,
87,
417,
70,
245,
76,
53,
752,
562,
672,
741,
41,
665,
255,
655,
268,
260,
214,
245,
150,
44,
455,
180,
165,
154,
674,
110,
322,
319,
152,
184,
196,
181,
226,
166,
177,
1067,
2617,
151,
648,
329,
1110,
327,
1445,
167,
176,
322,
724,
44,
1191,
152,
2004,
738,
651,
131,
544,
935,
731,
116,
1763,
107,
1401,
76,
1393,
969,
87,
121,
583,
154,
134,
863,
1685,
2027,
394,
1045,
620,
326,
412,
748,
223,
712,
618,
150,
494,
674,
1664,
153,
742,
168,
337,
433,
251,
2026,
153,
736,
178,
414,
218,
142,
553,
758,
43,
666,
189,
2000,
796,
209,
370,
220,
540,
188,
146,
1539,
899,
130,
1901,
457,
43,
221,
212,
1525,
724,
319,
3393,
638,
767,
302,
700,
288,
291,
96,
1535,
46,
412,
145,
3425,
316,
99,
270,
422,
132,
320,
105,
134,
39,
125,
105,
141,
661,
95,
1641,
125,
39,
664,
103,
679,
578,
583,
591,
202,
674,
206,
196,
277,
164,
1546,
719,
970,
126,
1995,
241,
81,
190,
676,
405,
750,
1661,
158,
1970,
948,
1937,
392,
1399,
384,
460,
405,
204,
389,
337,
2099,
335,
149,
646,
456,
100,
750,
341,
118,
41,
127,
296,
369,
237,
998,
40,
168,
864,
40,
608,
156,
41,
1045,
140,
329,
709,
704,
873,
251,
724,
613,
1401,
41,
629,
214,
1897,
706,
2076,
608,
551,
600,
1132,
156,
1518,
603,
699,
207,
1576,
481,
1131,
321,
780,
1887,
611,
653,
491,
650,
705,
289,
60,
419,
155,
681,
779,
214,
710,
520,
434,
629,
787,
438,
535,
43,
139,
1410,
562,
45,
366,
983,
2064,
459,
105,
339,
559,
845,
742,
667,
687,
653,
623,
3375,
346,
389,
116,
107,
627,
89,
2057,
136,
401,
120,
1749,
407,
44,
1759,
660,
122,
119,
64,
119,
120,
119,
118,
40,
107,
76,
85,
69,
107,
85,
211,
39,
272,
81,
744,
223,
177,
207,
231,
1386,
1290,
89,
233,
212,
1298,
800,
1237,
204,
805,
663,
263,
790,
728,
1840,
256,
1280,
720,
1387,
177,
408,
802,
619,
749,
201,
401,
1827,
82,
409,
349,
165,
169,
1035,
164,
1127,
104,
1191,
43,
717,
657,
163,
2746,
995,
162,
179,
571,
777,
538,
177,
2053,
457,
154,
650,
326,
624,
167,
139,
1220,
165,
764,
2043,
143,
433,
264,
43,
1847,
143,
2044,
157,
42,
274,
970,
723,
561,
488,
224,
266,
453,
341,
219,
156,
210,
924,
883,
819,
237,
200,
1139,
795,
470,
168,
906,
663,
146,
226,
606,
269,
209,
880,
218,
222,
167,
630,
174,
161,
148,
645,
227,
533,
189,
339,
145,
159,
208,
775,
255,
39,
683,
551,
288,
562,
1444,
567,
148,
551,
200,
589,
2310,
1513,
626,
1793,
1861,
783,
622,
151,
627,
41,
393,
466,
223,
40,
141,
100,
39,
224,
268,
129,
39,
638,
477,
105,
743,
668,
485,
484,
555,
750,
105,
2068,
3476,
2054,
674,
750,
44,
673,
670,
665,
39,
669,
162,
48,
238,
584,
707,
657,
216,
2751,
1110,
2059,
412,
713,
155,
410,
402,
103,
548,
340,
268,
389,
648,
138,
833,
338,
208,
178,
157,
2774,
154,
218,
338,
180,
827,
153,
1110,
931,
80,
140,
1281,
1228,
125,
82,
400,
151,
133,
147,
752,
2810,
2072,
863,
184,
963,
197,
1645,
270,
768,
884,
1683,
434,
400,
2069,
2763,
40,
181,
218,
169,
858,
852,
154,
421,
147,
719,
418,
905,
741,
750,
628,
392,
892,
654,
712,
249,
870,
477,
874,
42,
144,
473,
1831,
868,
468,
598,
414,
883,
796,
618,
218,
794,
102,
2066,
275,
1598,
868,
557,
529,
718,
46,
142,
415,
174,
203,
103,
886,
800,
195,
254,
1209,
153,
43,
209,
337,
677,
1054,
235,
1078,
605,
208,
722,
138,
544,
105,
528,
922,
207,
923,
539,
1063,
145,
475,
526,
140,
209,
145,
910,
1848,
705,
86,
1515,
448,
46,
802,
638,
44,
294,
2646,
571,
85,
127,
99,
305,
104,
697,
520,
55,
415,
94,
75,
108,
538,
38,
2901,
115,
76,
40,
42,
383,
113,
97,
57,
75,
78,
43,
1108,
237,
163,
729,
236,
551,
930,
277,
719,
716,
401,
744,
670,
788,
1029,
406,
713,
1713,
386,
1592,
1898,
1078,
419,
2802,
1891,
671,
151,
2760,
1570,
2649,
713,
208,
153,
128,
139,
1366,
719,
149,
1347,
921,
148,
1287,
914,
2147,
1457,
611,
166,
161,
1172,
407,
707,
699,
139,
1049,
425,
2707,
797,
196,
951,
682,
407,
721,
2017,
639,
270,
38,
294,
728,
657,
164,
381,
1054,
835,
209,
166,
218,
198,
1044,
443,
624,
1734,
216,
485,
182,
206,
159,
814,
819,
979,
256,
997,
211,
630,
249,
41,
962,
246,
679,
955,
225,
295,
259,
674,
544,
621,
668,
1513,
707,
289,
951,
472,
698,
535,
1996,
526,
271,
112,
192,
765,
45,
674,
49,
460,
626,
153,
536,
716,
101,
759,
116,
71,
585,
98,
158,
455,
41,
596,
106,
1773,
119,
42,
1625,
59,
41,
252,
1361,
130,
99,
114,
105,
58,
95,
1645,
43,
310,
73,
1982,
644,
737,
1817,
76,
1727,
592,
143,
441,
221,
163,
186,
203,
286,
215,
1238,
1863,
82,
884,
245,
830,
777,
673,
202,
2886,
190,
77,
158,
1376,
409,
158,
708,
742,
1289,
157,
395,
408,
1589,
387,
328,
1494,
326,
76,
324,
728,
1492,
1288,
145,
1244,
44,
81,
1089,
1376,
657,
145,
1583,
130,
755,
1331,
872,
1661,
145,
266,
698,
201,
199,
1781,
416,
177,
742,
675,
911,
166,
181,
467,
229,
1001,
475,
146,
1587,
579,
986,
688,
433,
702,
603,
1513,
1066,
147,
2692,
1928,
718,
1039,
952,
653,
332,
211,
1584,
697,
613,
201,
149,
211,
1727,
143,
272,
715,
684,
966,
887,
612,
189,
417,
223,
611,
192,
181,
144,
720,
148,
280,
164,
998,
285,
459,
1116,
295,
158,
954,
208,
352,
976,
557,
306,
750,
538,
635,
832,
548,
44,
624,
148,
43,
135,
41,
162,
72,
43,
82,
620,
140,
126,
499,
143,
56,
515,
466,
143,
588,
579,
102,
79,
837,
38,
841,
52,
923,
836,
667,
1013,
1017,
1633,
77,
528,
224,
768,
80,
764,
72,
240,
587,
763,
598,
197,
167,
226,
757,
195,
271,
513,
762,
748,
528,
146,
176,
258,
695,
689,
1344,
221,
206,
841,
1283,
500,
95,
686,
188,
1007,
395,
684,
1330,
943,
405,
472,
1889,
174,
678,
195,
685,
1316,
1594,
1825,
683,
337,
98,
512,
1959,
1816,
162,
194,
160,
2983,
1764,
1726,
1008,
1926,
177,
404,
1589,
2943,
412,
735,
1923,
2362,
776,
130,
2186,
214,
1573,
632,
1084,
967,
1741,
159,
1955,
804,
915,
716,
598,
303,
227,
1000,
225,
49,
162,
725,
824,
253,
524,
780,
686,
970,
184,
572,
718,
574,
145,
162,
149,
206,
319,
765,
150,
179,
453,
1280,
508,
162,
750,
202,
884,
795,
146,
157,
178,
357,
255,
1648,
665,
750,
197,
1043,
160,
1495,
729,
979,
510,
608,
484,
229,
743,
1534,
602,
726,
561,
861,
551,
43,
1698,
1611,
586,
43,
303,
680,
655,
1629,
135,
44,
95,
653,
78,
158,
83,
127,
106,
57,
39,
111,
1255,
80,
75,
124,
272,
42,
1761,
40,
77,
227,
165,
157,
248,
41,
799,
1636,
177,
293,
713,
152,
808,
221,
799,
883,
204,
1248,
735,
838,
750,
150,
1095,
728,
399,
148,
2956,
335,
398,
697,
878,
1570,
710,
334,
197,
329,
160,
2954,
1584,
1704,
148,
198,
2914,
1351,
552,
3005,
1937,
147,
2923,
1249,
42,
190,
167,
147,
150,
545,
526,
125,
43,
419,
1776,
1933,
214,
791,
45,
438,
789,
1421,
1134,
40,
1198,
674,
790,
814,
1510,
799,
156,
966,
1046,
1132,
954,
159,
1225,
716,
153,
152,
216,
769,
1103,
2746,
923,
703,
788,
1049,
1297,
2774,
191,
1520,
174,
201,
682,
286,
105,
1606,
601,
286,
733,
854,
574,
647,
221,
517,
1530,
185,
788,
109,
40,
777,
1668,
39,
450,
1546,
662,
195,
42,
715,
414,
722,
108,
155,
105,
661,
652,
718,
636,
139,
785,
458,
653,
42,
81,
180,
92,
92,
244,
272,
186,
831,
560,
82,
566,
273,
41,
574,
160,
489,
148,
771,
765,
277,
831,
590,
41,
762,
42,
748,
735,
757,
760,
99,
40,
1020,
753,
756,
723,
258,
291,
76,
736,
395,
630,
1157,
1965,
143,
1118,
255,
237,
215,
142,
367,
412,
380,
386,
380,
377,
257,
375,
136,
42,
989,
758,
935,
633,
914,
908,
333,
988,
352,
155,
977,
901,
182,
171,
947,
161,
557,
236,
765,
1026,
134,
103,
776,
1012,
133,
722,
728,
718,
174,
147,
46,
268,
131,
251,
438,
816,
1031,
556,
1685,
582,
415,
1261,
195,
250,
41,
1024,
1935,
252,
1908,
158,
970,
44,
132,
700,
1504,
846,
643,
560,
1450,
1243,
329,
1131,
1042,
1045,
218,
1906,
735,
221,
130,
1578,
957,
336,
299,
1821,
785,
102,
791,
208,
408,
650,
170,
884,
389,
223,
607,
855,
327,
622,
901,
613,
1260,
716,
1894,
172,
151,
1351,
742,
619,
1069,
675,
1136,
49,
161,
622,
776,
1075,
700,
642,
806,
722,
782,
247,
550,
603,
651,
199,
99,
730,
94,
726,
44,
86,
42,
272,
140,
119,
132,
741,
43,
681,
104,
738,
725,
76,
80,
76,
244,
296,
125,
292,
208,
147,
38,
667,
166,
1604,
311,
317,
80,
832,
281,
223,
200,
182,
745,
275,
1681,
104,
219,
1585,
763,
205,
40,
3906,
38,
416,
594,
730,
174,
142,
867,
200,
82,
2884,
200,
401,
726,
195,
1481,
142,
40,
348,
343,
320,
346,
177,
346,
938,
130,
1090,
139,
340,
1356,
1127,
138,
333,
1050,
2955,
3900,
1161,
702,
281,
190,
137,
716,
2954,
607,
663,
1111,
187,
732,
748,
2776,
881,
1211,
182,
684,
670,
318,
1191,
1299,
1056,
133,
1314,
821,
1889,
273,
1153,
530,
1010,
1060,
1767,
98,
1173,
268,
978,
1310,
183,
1148,
1681,
971,
170,
246,
153,
225,
169,
619,
632,
240,
770,
4090,
894,
890,
434,
349,
1243,
744,
1123,
41,
1190,
599,
522,
156,
1080,
718,
1525,
693,
1342,
896,
312,
1457,
600,
330,
828,
764,
709,
1589,
45,
39,
1247,
593,
99,
490,
663,
635,
2013,
614,
582,
718,
1268,
41,
288,
155,
190,
221,
927,
720,
138,
1680,
89,
75,
113,
47,
1977,
645,
132,
215,
717,
124,
3022,
281,
670,
55,
98,
431,
680,
425,
96,
41,
255,
79,
671,
89,
150,
173,
224,
76,
180,
268,
1869,
724,
2879,
804,
723,
396,
1553,
327,
723,
93,
317,
381,
67,
312,
132,
70,
335,
86,
327,
799,
123,
1151,
157,
42,
1609,
185,
763,
187,
249,
837,
170,
39,
408,
235,
671,
101,
254,
184,
868,
39,
1228,
942,
191,
417,
820,
168,
4112,
816,
200,
845,
883,
350,
1141,
962,
452,
963,
1147,
480,
4102,
143,
166,
1055,
757,
495,
202,
770,
180,
949,
346,
267,
187,
335,
168,
867,
286,
316,
608,
708,
296,
1762,
1337,
44,
528,
1989,
43,
618,
1219,
170,
734,
934,
1967,
42,
327,
323,
1207,
445,
569,
1896,
169,
353,
864,
1185,
622,
568,
1612,
545,
43,
958,
475,
550,
1383,
495,
92,
469,
47,
1935,
1539,
113,
1805,
902,
2989,
112,
726,
2190,
639,
47,
112,
39,
42,
997,
700,
118,
1024,
132,
37,
643,
118,
100,
96,
728,
1163,
116,
96,
600,
115,
40,
45,
305,
76,
1176,
272,
111,
257,
255,
286,
1862,
336,
239,
40,
267,
279,
204,
107,
235,
219,
225,
1300,
1949,
233,
229,
215,
1298,
662,
226,
745,
298,
1028,
182,
220,
196,
796,
745,
1039,
75,
1488,
137,
158,
364,
688,
150,
1946,
43,
122,
148,
197,
179,
744,
139,
124,
814,
974,
185,
224,
1493,
166,
795,
1133,
172,
924,
1823,
142,
38,
1432,
1249,
37,
183,
226,
1186,
1239,
1331,
374,
920,
1102,
439,
880,
857,
623,
247,
636,
604,
1094,
1948,
1014,
1516,
1138,
1141,
225,
218,
196,
970,
1052,
212,
618,
358,
193,
530,
535,
190,
283,
1442,
778,
228,
1047,
1582,
213,
181,
1002,
198,
1341,
122,
209,
158,
1356,
964,
43,
858,
40,
1031,
684,
596,
849,
723,
559,
276,
4237,
497,
202,
923,
45,
106,
4122,
1825,
810,
40,
605,
871,
960,
901,
4252,
673,
42,
340,
634,
1995,
112,
706,
718,
113,
119,
650,
276,
117,
112,
605,
148,
122,
696,
96,
117,
1033,
115,
1018,
705,
100,
1022,
90,
86,
67,
1019,
939,
213,
103,
1986,
846,
937,
208,
195,
166,
845,
43,
235,
837,
863,
185,
204,
470,
825,
768,
241,
928,
854,
260,
425,
477,
869,
1597,
466,
682,
847,
506,
583,
424,
401,
849,
540,
783,
148,
915,
759,
1829,
712,
718,
493,
843,
238,
1361,
99,
505,
240,
805,
142,
1192,
821,
502,
237,
684,
1373,
851,
422,
817,
993,
124,
427,
806,
1170,
235,
277,
1091,
42,
765,
820,
80,
1587,
230,
42,
809,
145,
41,
230,
1039,
709,
429,
689,
1023,
659,
588,
1120,
201,
2004,
224,
1188,
1350,
950,
736,
1102,
925,
1172,
806,
632,
594,
566,
444,
680,
1429,
533,
1041,
518,
155,
825,
973,
857,
119,
876,
1347,
740,
622,
732,
110,
905,
919,
331,
846,
966,
851,
703,
302,
40,
1287,
1050,
286,
1050,
1102,
998,
540,
946,
581,
767,
978,
489,
441,
481,
359,
214,
1531,
231,
172,
1970,
451,
1715,
779,
969,
476,
543,
539,
1719,
40,
226,
1550,
111,
41,
100,
1449,
127,
1778,
86,
77,
39,
115,
134,
1536,
1797,
853,
694,
745,
654,
100,
889,
553,
712,
662,
490,
668,
804,
747,
719,
658,
620,
831,
82,
1070,
614,
38,
169,
198,
614,
280,
238,
91,
229,
183,
264,
716,
240,
1120,
230,
1573,
202,
919,
193,
229,
1033,
225,
1157,
115,
476,
808,
1118,
525,
940,
881,
3144,
268,
119,
245,
1239,
424,
158,
416,
821,
1227,
286,
498,
805,
1576,
794,
904,
1563,
146,
294,
599,
774,
1310,
119,
3070,
422,
259,
738,
1162,
41,
1458,
493,
736,
1108,
37,
172,
203,
989,
945,
683,
1929,
1091,
293,
185,
289,
482,
144,
1239,
163,
514,
1509,
1026,
1153,
144,
1890,
1038,
792,
1185,
809,
1228,
288,
1602,
496,
660,
1118,
975,
491,
2038,
697,
245,
1442,
1149,
631,
101,
276,
303,
629,
477,
1057,
589,
1844,
1181,
272,
439,
653,
650,
840,
1528,
780,
1001,
530,
908,
829,
446,
1844,
224,
1249,
277,
721,
1499,
1413,
820,
164,
794,
282,
1529,
236,
1406,
374,
252,
155,
696,
538,
1015,
483,
352,
622,
829,
631,
189,
1086,
847,
172,
381,
1055,
647,
632,
225,
206,
534,
239,
600,
200,
1385,
144,
584,
466,
352,
1371,
127,
2004,
653,
38,
130,
1573,
1015,
108,
1395,
70,
183,
239,
742,
890,
792,
311,
813,
960,
96,
464,
69,
204,
731,
656,
78,
642,
174,
141,
589,
669,
562,
95,
156,
608,
196,
688,
592,
151,
74,
240,
769,
764,
762,
85,
760,
758,
755,
753,
141,
744,
223,
264,
131,
248,
682,
175,
687,
127,
678,
172,
670,
468,
151,
478,
821,
1881,
336,
425,
513,
1030,
585,
138,
145,
271,
400,
200,
434,
808,
53,
93,
2000,
411,
286,
152,
145,
593,
1621,
582,
494,
144,
646,
1302,
509,
1578,
474,
579,
38,
449,
841,
143,
427,
3131,
250,
577,
526,
253,
891,
1791,
244,
525,
1067,
503,
3145,
696,
141,
4262,
165,
203,
154,
140,
260,
424,
446,
201,
262,
145,
36,
155,
137,
1102,
621,
1183,
160,
782,
765,
398,
1308,
203,
488,
4493,
1183,
788,
1394,
887,
1095,
1736,
1064,
655,
1291,
203,
976,
161,
736,
667,
223,
502,
2019,
197,
210,
177,
1006,
773,
157,
1112,
380,
169,
1447,
1329,
345,
452,
352,
1046,
917,
668,
694,
560,
355,
950,
1053,
635,
282,
534,
1176,
526,
566,
1483,
913,
525,
1028,
1491,
1007,
373,
206,
218,
541,
522,
777,
143,
773,
1354,
536,
135,
92,
106,
118,
4481,
225,
586,
131,
44,
117,
154,
49,
644,
251,
1077,
101,
1432,
235,
924,
88,
44,
660,
124,
609,
52,
123,
77,
61,
37,
215,
106,
46,
668,
75,
659,
648,
41,
745,
645,
898,
384,
912,
1470,
744,
790,
380,
1817,
376,
401,
240,
387,
2059,
258,
1446,
368,
1970,
163,
743,
807,
3267,
1438,
118,
340,
1298,
1726,
1086,
157,
1650,
160,
1016,
4593,
4242,
157,
1038,
154,
1148,
841,
187,
1415,
154,
162,
742,
1977,
1739,
756,
1975,
806,
772,
1041,
157,
783,
213,
150,
1131,
1660,
420,
1368,
1039,
1116,
911,
858,
1471,
1530,
200,
190,
806,
912,
882,
992,
150,
1516,
790,
193,
185,
646,
1419,
180,
152,
2204,
1057,
862,
1332,
970,
170,
143,
150,
236,
1331,
347,
1035,
1684,
798,
896,
790,
148,
1182,
143,
971,
1778,
1036,
1507,
870,
1058,
584,
1083,
110,
1140,
805,
787,
145,
1075,
43,
520,
571,
818,
1103,
1049,
1388,
512,
466,
497,
88,
139,
942,
119,
49,
147,
860,
43,
109,
112,
94,
87,
637,
773,
41,
86,
59,
703,
1267,
693,
645,
79,
686,
239,
79,
260,
1473,
180,
257,
254,
263,
50,
232,
134,
247,
802,
152,
150,
231,
189,
297,
507,
792,
152,
1545,
214,
1590,
93,
167,
219,
147,
1315,
185,
262,
778,
111,
1287,
404,
401,
190,
624,
148,
697,
788,
139,
409,
321,
156,
346,
507,
391,
424,
1289,
339,
1325,
142,
509,
273,
422,
1212,
595,
744,
991,
1367,
141,
840,
37,
850,
1182,
741,
141,
1108,
3297,
2084,
1175,
3272,
1183,
1499,
340,
1504,
805,
976,
992,
1301,
853,
3265,
1173,
831,
325,
1991,
1276,
1105,
1074,
1137,
269,
286,
595,
1606,
299,
205,
140,
943,
1317,
765,
1427,
279,
410,
165,
641,
1592,
96,
881,
487,
703,
893,
1603,
915,
1607,
188,
475,
1065,
838,
193,
1415,
96,
1488,
1158,
844,
979,
1625,
96,
1224,
821,
1604,
925,
1926,
1637,
1688,
217,
1065,
897,
1167,
45,
1063,
1634,
538,
566,
900,
97,
1110,
984,
514,
226,
542,
140,
226,
148,
618,
685,
635,
130,
740,
99,
167,
4628,
548,
629,
102,
41,
245,
98,
1656,
763,
574,
79,
762,
759,
766,
758,
272,
756,
681,
1557,
681,
668,
727,
675,
266,
583,
1827,
194,
644,
572,
251,
579,
314,
180,
498,
137,
232,
299,
509,
236,
1071,
130,
1746,
181,
252,
385,
85,
1348,
160,
338,
173,
131,
1155,
500,
819,
1207,
386,
47,
485,
334,
2170,
136,
382,
829,
850,
131,
498,
428,
345,
1335,
432,
328,
325,
428,
827,
1519,
430,
426,
1404,
822,
245,
1466,
45,
1371,
845,
818,
806,
426,
132,
423,
747,
182,
3129,
1058,
130,
1107,
1449,
3316,
161,
3286,
691,
129,
714,
721,
142,
1420,
2859,
777,
159,
1347,
3286,
946,
729,
899,
968,
857,
1354,
792,
1780,
2105,
587,
1210,
1075,
529,
96,
1208,
541,
1238,
720,
695,
1692,
95,
196,
1237,
222,
841,
1123,
788,
1229,
1141,
1944,
219,
1204,
165,
179,
3629,
969,
1423,
212,
1140,
1638,
1072,
955,
429,
743,
152,
109,
920,
313,
179,
395,
2095,
176,
328,
1638,
421,
377,
289,
319,
1066,
1637,
45,
790,
1635,
1094,
207,
224,
289,
133,
889,
861,
897,
151,
1944,
327,
751,
435,
1227,
1440,
1004,
617,
553,
682,
44,
489,
893,
320,
1127,
37,
929,
489,
876,
499,
119,
170,
98,
156,
92,
271,
90,
620,
269,
477,
480,
256,
282,
475,
250,
586,
653,
216,
585,
596,
81,
132,
130,
231,
1045,
332,
282,
346,
172,
373,
332,
305,
378,
225,
283,
314,
342,
143,
791,
399,
288,
1618,
330,
192,
348,
380,
1286,
1327,
326,
662,
269,
173,
138,
156,
214,
174,
183,
1094,
2040,
1194,
1429,
402,
411,
405,
1289,
216,
134,
149,
3129,
1521,
399,
326,
345,
92,
914,
39,
1372,
1205,
87,
777,
349,
341,
745,
131,
752,
774,
860,
86,
723,
328,
729,
1114,
3213,
654,
911,
1257,
1205,
1101,
1454,
920,
958,
1240,
3200,
1455,
920,
355,
131,
1028,
757,
774,
1365,
982,
132,
1971,
689,
943,
205,
1871,
211,
1421,
191,
447,
872,
2172,
153,
1040,
1384,
2075,
131,
220,
170,
1370,
186,
1411,
1252,
153,
1308,
144,
183,
460,
364,
1247,
1032,
1069,
106,
187,
45,
2176,
1404,
1277,
2114,
902,
174,
1112,
439,
938,
1539,
916,
195,
817,
1342,
117,
359,
540,
929,
678,
40,
1015,
211,
209,
706,
227,
113,
623,
153,
306,
617,
159,
375,
1084,
632,
133,
91,
958,
116,
1725,
119,
903,
207,
614,
608,
76,
167,
92,
241,
1096,
93,
47,
155,
135,
557,
78,
105,
1052,
550,
48,
44,
891,
489,
567,
493,
485,
76,
499,
489,
481,
3423,
420,
3091,
39,
485,
1730,
455,
419,
3413,
267,
2949,
422,
322,
896,
150,
409,
308,
109,
1053,
1502,
167,
194,
303,
833,
231,
854,
269,
257,
1899,
253,
1697,
1215,
206,
396,
308,
2082,
46,
204,
3157,
145,
4857,
3033,
232,
322,
144,
326,
129,
799,
1644,
3419,
84,
2347,
439,
120,
140,
738,
2944,
1113,
144,
725,
748,
1326,
143,
668,
655,
733,
306,
3359,
4564,
1591,
660,
2065,
304,
830,
301,
1223,
1068,
214,
1260,
1057,
220,
147,
3100,
728,
409,
362,
671,
1144,
1144,
1375,
350,
408,
865,
561,
1313,
1016,
955,
196,
1821,
1169,
175,
1038,
1861,
1992,
1071,
227,
1412,
1113,
901,
225,
222,
1314,
1055,
1605,
187,
590,
184,
756,
177,
1046,
615,
185,
156,
143,
163,
128,
4890,
1323,
419,
1615,
1063,
465,
127,
1168,
906,
1116,
904,
427,
937,
42,
686,
1030,
997,
125,
1635,
1348,
121,
207,
4584,
595,
38,
832,
966,
955,
39,
378,
1019,
1058,
882,
1009,
527,
39,
1634,
663,
359,
346,
651,
128,
726,
144,
958,
651,
147,
127,
115,
940,
642,
748,
390,
4599,
491,
642,
44,
492,
657,
70,
486,
748,
1022,
39,
51,
503,
275,
814,
496,
223,
323,
2206,
152,
343,
261,
270,
1813,
1398,
277,
151,
332,
834,
329,
1656,
226,
1660,
162,
1019,
810,
79,
930,
34,
919,
437,
2213,
1118,
1021,
160,
1129,
1418,
1291,
216,
166,
126,
173,
262,
700,
256,
111,
38,
1406,
1339,
1713,
261,
232,
324,
1386,
1586,
1116,
278,
366,
1059,
1097,
1140,
905,
977,
1527,
164,
819,
971,
874,
575,
158,
1151,
1120,
339,
215,
1303,
166,
808,
146,
470,
372,
261,
1135,
1352,
192,
145,
2260,
902,
1055,
1108,
141,
622,
431,
1163,
887,
200,
188,
619,
1394,
986,
199,
343,
444,
1197,
648,
202,
178,
423,
258,
1136,
1163,
501,
911,
929,
1011,
292,
1080,
275,
358,
4882,
1134,
44,
744,
4627,
1349,
932,
482,
2199,
722,
856,
315,
645,
435,
545,
422,
372,
811,
551,
158,
97,
631,
1042,
153,
625,
1743,
953,
1619,
125,
704,
71,
71,
2193,
947,
125,
640,
110,
475,
894,
117,
661,
257,
64,
983,
643,
96,
1062,
472,
188,
79,
641,
253,
41,
394,
1199,
80,
483,
665,
507,
473,
1322,
1397,
229,
251,
265,
244,
195,
246,
475,
276,
799,
236,
184,
168,
401,
186,
908,
1426,
244,
1026,
392,
409,
1023,
396,
1037,
743,
1032,
1368,
855,
724,
212,
1823,
1220,
695,
1794,
406,
227,
818,
1660,
902,
389,
1174,
169,
3215,
718,
3506,
154,
172,
58,
911,
3399,
124,
170,
1660,
143,
842,
613,
46,
346,
170,
1268,
155,
591,
594,
133,
1228,
332,
1049,
347,
515,
1661,
201,
40,
1176,
280,
1084,
683,
553,
250,
174,
1401,
1143,
826,
173,
177,
1432,
359,
412,
981,
414,
205,
951,
213,
1585,
366,
147,
832,
3233,
473,
1197,
1464,
1585,
177,
146,
172,
1581,
431,
1081,
509,
1697,
258,
1556,
422,
1450,
1101,
1594,
1127,
180,
178,
1581,
1049,
46,
1060,
1168,
1092,
1236,
1528,
139,
1678,
605,
1022,
1245,
350,
1084,
1418,
1523,
1185,
583,
1143,
1437,
1598,
551,
545,
1619,
583,
1599,
992,
770,
43,
152,
119,
150,
382,
685,
631,
167,
4868,
129,
127,
1309,
4960,
106,
957,
657,
42,
129,
259,
1605,
698,
186,
124,
915,
128,
49,
106,
655,
119,
1226,
676,
61,
941,
108,
553,
92,
656,
688,
41,
660,
651,
921,
688,
661,
75,
588,
1109,
656,
78,
651,
1575,
254,
587,
233,
245,
585,
239,
174,
580,
217,
222,
212,
201,
105,
232,
962,
211,
186,
1432,
221,
242,
1208,
412,
415,
195,
220,
1634,
390,
399,
1192,
742,
1333,
394,
187,
1608,
912,
217,
234,
2152,
2030,
3444,
3256,
1599,
172,
3279,
203,
1489,
692,
1837,
150,
1382,
169,
160,
143,
2321,
513,
1587,
684,
40,
1722,
363,
1502,
985,
89,
1491,
145,
1864,
1164,
175,
621,
1596,
163,
592,
1246,
155,
191,
769,
1213,
2252,
1147,
543,
971,
421,
2243,
483,
47,
998,
2207,
1120,
1202,
1241,
1244,
1065,
1252,
1419,
1204,
1060,
1582,
188,
1273,
1070,
173,
171,
145,
46,
624,
1039,
922,
1111,
164,
201,
226,
191,
1279,
154,
2256,
694,
1277,
1232,
186,
1543,
1071,
571,
166,
215,
204,
46,
899,
1258,
599,
886,
1523,
621,
47,
635,
841,
1519,
37,
1003,
969,
38,
280,
558,
535,
597,
595,
53,
1636,
907,
640,
2297,
993,
130,
1457,
137,
129,
107,
121,
88,
611,
92,
85,
907,
178,
69,
913,
95,
919,
76,
587,
245,
1467,
76,
1023,
811,
1486,
219,
247,
804,
807,
984,
799,
743,
1569,
324,
804,
2161,
1081,
154,
420,
227,
1794,
153,
798,
419,
1028,
154,
414,
2269,
385,
1793,
1125,
959,
800,
151,
1065,
2149,
410,
408,
1156,
1800,
800,
400,
151,
392,
1011,
399,
1304,
126,
607,
184,
2074,
1447,
1589,
1514,
1143,
2121,
1065,
1237,
386,
192,
1964,
1215,
84,
3434,
734,
206,
2264,
145,
700,
3462,
3512,
184,
1035,
682,
144,
607,
353,
2273,
190,
1029,
1552,
1056,
1035,
159,
2272,
1607,
516,
2267,
1017,
247,
129,
687,
415,
147,
1274,
552,
359,
520,
1488,
251,
1215,
610,
1062,
436,
146,
982,
416,
257,
1023,
219,
1464,
459,
225,
146,
1528,
1528,
793,
223,
1162,
432,
1246,
1093,
1322,
1606,
221,
173,
2278,
167,
178,
431,
1238,
907,
222,
539,
160,
1721,
2277,
1701,
550,
145,
729,
546,
197,
917,
1024,
537,
987,
525,
720,
559,
559,
667,
458,
2115,
40,
125,
891,
1078,
228,
1158,
146,
40,
992,
670,
603,
531,
38,
575,
909,
950,
553,
523,
817,
70,
969,
994,
862,
140,
113,
109,
117,
157,
39,
1660,
322,
880,
1573,
109,
106,
67,
1030,
117,
334,
101,
219,
680,
80,
671,
89,
78,
148,
1465,
289,
301,
1498,
2074,
176,
172,
190,
798,
168,
1341,
677,
395,
2039,
407,
158,
1462,
162,
917,
928,
391,
215,
1112,
1123,
177,
998,
707,
4895,
1258,
584,
45,
1647,
236,
208,
1095,
99,
257,
1172,
1685,
1438,
68,
1651,
234,
859,
1176,
1926,
205,
139,
1324,
282,
1208,
362,
516,
1235,
134,
440,
1395,
1924,
1254,
1919,
602,
1491,
146,
1145,
168,
38,
1090,
1702,
1309,
1234,
1358,
1130,
885,
1002,
169,
202,
841,
1241,
1594,
1130,
1029,
1142,
1594,
1318,
1109,
637,
189,
185,
838,
1237,
174,
1152,
941,
191,
188,
1163,
215,
996,
958,
2264,
148,
174,
152,
805,
276,
1701,
514,
491,
277,
46,
535,
1305,
706,
100,
201,
496,
1839,
1634,
500,
154,
1713,
1327,
1778,
376,
1058,
827,
548,
584,
718,
195,
571,
898,
1720,
169,
1323,
284,
534,
641,
557,
715,
701,
729,
461,
545,
155,
548,
114,
889,
706,
98,
702,
115,
46,
544,
39,
636,
718,
99,
628,
59,
49,
40,
658,
