32,
33,
36,
35,
41,
76,
55,
78,
56,
36,
55,
45,
92,
83,
42,
102,
72,
91,
40,
102,
69,
109,
68,
66,
41,
114,
61,
44,
92,
62,
61,
41,
57,
125,
115,
53,
122,
53,
107,
115,
49,
114,
125,
100,
42,
115,
121,
127,
105,
44,
126,
118,
130,
43,
120,
137,
45,
38,
114,
45,
141,
115,
111,
36,
130,
40,
84,
115,
37,
89,
40,
90,
114,
114,
93,
90,
39,
125,
105,
143,
173,
177,
75,
159,
89,
165,
153,
192,
134,
186,
162,
190,
170,
166,
165,
202,
37,
158,
193,
156,
201,
181,
177,
138,
188,
155,
165,
184,
128,
176,
167,
173,
143,
73,
134,
136,
68,
185,
106,
121,
107,
69,
195,
166,
170,
121,
180,
173,
161,
68,
168,
157,
125,
177,
67,
203,
122,
123,
132,
107,
109,
144,
116,
201,
132,
179,
106,
140,
176,
114,
168,
40,
109,
57,
199,
129,
203,
143,
45,
193,
98,
188,
131,
113,
199,
144,
147,
130,
168,
208,
191,
44,
44,
125,
217,
176,
203,
43,
183,
107,
156,
184,
205,
185,
190,
169,
194,
38,
140,
148,
176,
137,
230,
199,
124,
195,
153,
123,
148,
150,
39,
176,
132,
153,
224,
199,
113,
136,
187,
118,
178,
113,
238,
208,
163,
212,
200,
38,
135,
235,
186,
202,
177,
182,
236,
227,
177,
40,
140,
187,
164,
161,
172,
41,
40,
233,
156,
245,
227,
224,
32,
32,
139,
240,
97,
123,
103,
95,
231,
122,
96,
82,
88,
77,
118,
46,
125,
107,
203,
84,
79,
105,
78,
133,
41,
161,
125,
40,
199,
42,
138,
41,
214,
221,
255,
134,
215,
123,
120,
222,
208,
243,
203,
200,
112,
179,
245,
53,
102,
99,
186,
240,
237,
159,
213,
161,
268,
164,
230,
227,
134,
233,
171,
190,
270,
147,
70,
208,
48,
215,
218,
188,
146,
161,
171,
146,
187,
291,
185,
177,
174,
178,
128,
111,
139,
172,
173,
189,
45,
207,
159,
143,
145,
111,
167,
210,
147,
166,
118,
179,
145,
250,
252,
302,
112,
189,
39,
250,
114,
126,
35,
287,
121,
229,
248,
166,
179,
194,
149,
150,
199,
121,
208,
134,
265,
153,
175,
211,
36,
171,
146,
238,
132,
176,
118,
158,
176,
210,
264,
89,
294,
278,
285,
259,
139,
129,
138,
267,
318,
258,
201,
203,
264,
245,
140,
232,
246,
315,
197,
195,
174,
250,
38,
267,
278,
307,
298,
272,
220,
217,
281,
284,
295,
278,
198,
251,
263,
321,
279,
237,
254,
279,
176,
34,
271,
186,
194,
223,
313,
210,
227,
205,
35,
190,
161,
306,
203,
32,
289,
212,
238,
275,
284,
118,
214,
247,
239,
96,
113,
238,
98,
104,
257,
278,
101,
98,
125,
180,
221,
202,
132,
127,
187,
84,
153,
136,
329,
183,
151,
43,
131,
162,
149,
229,
148,
42,
211,
61,
145,
165,
206,
127,
137,
205,
54,
82,
243,
211,
126,
61,
135,
321,
112,
42,
133,
236,
279,
175,
149,
225,
219,
225,
323,
181,
172,
66,
261,
232,
234,
222,
57,
353,
199,
276,
208,
260,
242,
252,
164,
213,
236,
183,
235,
120,
244,
248,
177,
241,
176,
175,
206,
190,
198,
237,
296,
253,
204,
53,
194,
184,
189,
131,
168,
175,
246,
52,
166,
147,
118,
193,
155,
180,
46,
69,
44,
167,
140,
114,
156,
194,
179,
209,
156,
187,
164,
199,
351,
212,
139,
187,
255,
122,
121,
218,
183,
116,
49,
231,
244,
177,
147,
218,
352,
322,
296,
48,
230,
101,
47,
173,
178,
138,
133,
204,
290,
365,
123,
125,
143,
208,
40,
129,
239,
126,
174,
35,
279,
149,
346,
305,
221,
278,
223,
177,
123,
216,
307,
262,
262,
233,
133,
279,
205,
317,
278,
201,
252,
295,
291,
43,
167,
277,
297,
299,
359,
254,
246,
250,
104,
224,
39,
214,
242,
188,
288,
132,
321,
327,
182,
40,
227,
39,
127,
191,
153,
278,
213,
199,
218,
122,
124,
156,
163,
255,
215,
179,
180,
150,
106,
91,
104,
91,
256,
37,
250,
78,
218,
77,
100,
42,
165,
77,
43,
373,
39,
325,
168,
132,
177,
172,
126,
145,
384,
140,
181,
172,
178,
61,
201,
206,
182,
114,
239,
205,
235,
221,
252,
194,
140,
186,
201,
290,
315,
158,
243,
139,
319,
163,
203,
192,
149,
245,
213,
62,
128,
256,
148,
167,
103,
172,
238,
212,
135,
271,
140,
216,
108,
180,
135,
217,
271,
54,
167,
166,
160,
178,
396,
225,
68,
144,
54,
229,
196,
198,
241,
53,
162,
154,
112,
161,
117,
153,
119,
44,
195,
383,
235,
83,
398,
103,
154,
215,
195,
41,
222,
171,
35,
298,
124,
164,
363,
167,
237,
168,
217,
195,
197,
172,
78,
194,
438,
314,
167,
266,
147,
279,
311,
368,
327,
420,
216,
244,
96,
247,
193,
252,
42,
94,
393,
392,
138,
361,
450,
205,
330,
276,
208,
155,
314,
187,
160,
137,
308,
131,
166,
147,
268,
432,
325,
164,
404,
174,
417,
151,
257,
342,
162,
231,
339,
197,
318,
252,
266,
249,
234,
111,
270,
214,
301,
409,
412,
41,
39,
277,
284,
287,
216,
266,
356,
378,
204,
110,
36,
402,
304,
356,
39,
298,
288,
294,
152,
323,
282,
272,
40,
404,
395,
46,
284,
333,
348,
38,
307,
417,
252,
45,
147,
290,
132,
183,
172,
403,
401,
310,
419,
278,
135,
85,
185,
296,
108,
59,
92,
282,
76,
39,
463,
304,
190,
261,
76,
163,
171,
249,
144,
245,
428,
211,
208,
228,
150,
174,
212,
241,
214,
247,
162,
194,
211,
174,
160,
284,
262,
166,
188,
248,
223,
197,
182,
64,
152,
223,
280,
180,
158,
277,
156,
148,
158,
229,
184,
253,
213,
138,
345,
430,
203,
328,
283,
110,
189,
261,
245,
151,
190,
125,
196,
199,
381,
447,
185,
144,
134,
124,
219,
173,
240,
60,
162,
38,
127,
157,
247,
278,
140,
152,
231,
121,
181,
327,
157,
61,
153,
137,
176,
57,
115,
55,
429,
135,
246,
228,
163,
202,
55,
185,
147,
249,
442,
421,
180,
150,
183,
138,
55,
175,
345,
51,
422,
140,
447,
133,
150,
335,
139,
236,
156,
278,
316,
182,
324,
156,
241,
186,
329,
106,
213,
157,
227,
43,
194,
174,
219,
333,
202,
111,
412,
141,
345,
403,
172,
460,
278,
49,
192,
142,
179,
139,
303,
120,
416,
358,
179,
461,
440,
300,
255,
147,
199,
321,
200,
366,
301,
391,
162,
361,
279,
365,
313,
411,
294,
271,
435,
102,
41,
320,
161,
183,
255,
320,
296,
333,
217,
418,
322,
331,
294,
389,
284,
399,
125,
436,
339,
362,
229,
150,
321,
271,
309,
174,
309,
280,
248,
121,
147,
299,
348,
235,
489,
224,
278,
305,
85,
148,
81,
263,
222,
315,
427,
230,
43,
421,
218,
438,
207,
330,
72,
495,
233,
164,
341,
153,
155,
148,
305,
284,
219,
137,
457,
490,
89,
468,
326,
180,
78,
344,
172,
196,
221,
251,
144,
197,
322,
240,
135,
196,
220,
470,
172,
203,
71,
239,
195,
67,
208,
234,
285,
222,
171,
332,
190,
169,
196,
190,
162,
184,
182,
175,
164,
65,
39,
230,
155,
195,
265,
242,
171,
289,
158,
258,
227,
169,
110,
296,
147,
190,
208,
155,
236,
151,
140,
140,
116,
464,
212,
153,
313,
175,
169,
152,
477,
244,
144,
140,
125,
112,
202,
98,
207,
462,
118,
97,
207,
459,
390,
367,
121,
187,
51,
388,
202,
443,
336,
118,
351,
193,
37,
278,
158,
255,
305,
182,
211,
173,
188,
187,
464,
181,
51,
350,
216,
346,
177,
241,
324,
312,
181,
385,
275,
141,
329,
381,
190,
143,
250,
274,
182,
407,
90,
315,
127,
42,
303,
195,
177,
123,
49,
174,
171,
266,
135,
316,
191,
340,
435,
310,
156,
171,
294,
189,
181,
140,
210,
553,
202,
157,
284,
402,
177,
52,
342,
143,
247,
280,
382,
309,
125,
228,
149,
351,
445,
235,
416,
149,
204,
260,
318,
148,
399,
54,
379,
338,
305,
304,
290,
49,
363,
209,
268,
271,
283,
156,
262,
44,
297,
388,
298,
352,
298,
38,
294,
367,
322,
281,
451,
426,
136,
215,
422,
351,
175,
337,
328,
291,
491,
401,
441,
410,
197,
274,
110,
348,
491,
507,
347,
112,
466,
79,
366,
54,
273,
279,
513,
369,
448,
143,
168,
534,
369,
182,
147,
358,
411,
246,
232,
224,
221,
154,
507,
179,
186,
259,
251,
153,
176,
200,
92,
336,
343,
185,
231,
259,
168,
209,
167,
150,
217,
314,
263,
243,
189,
42,
175,
192,
82,
189,
163,
147,
196,
183,
163,
170,
315,
81,
147,
273,
159,
264,
189,
391,
130,
133,
147,
154,
151,
375,
48,
152,
43,
148,
305,
452,
226,
141,
138,
198,
142,
228,
288,
313,
149,
151,
309,
151,
367,
117,
143,
462,
455,
109,
130,
36,
276,
79,
205,
60,
140,
78,
144,
96,
287,
543,
241,
154,
468,
77,
320,
489,
126,
203,
369,
247,
254,
289,
259,
169,
138,
273,
70,
372,
40,
458,
197,
158,
239,
203,
147,
255,
242,
113,
193,
375,
477,
311,
207,
170,
72,
171,
203,
347,
238,
226,
192,
538,
185,
274,
121,
173,
170,
334,
162,
474,
170,
260,
378,
227,
168,
160,
300,
155,
195,
70,
188,
259,
205,
525,
361,
69,
203,
327,
316,
119,
259,
376,
158,
190,
188,
348,
294,
160,
206,
180,
242,
166,
411,
168,
111,
247,
139,
336,
144,
402,
177,
292,
111,
340,
123,
240,
293,
424,
324,
276,
119,
194,
238,
169,
298,
355,
376,
159,
173,
92,
224,
207,
138,
437,
260,
42,
225,
387,
430,
220,
325,
396,
312,
43,
173,
480,
209,
539,
353,
179,
332,
504,
498,
95,
475,
368,
586,
58,
48,
137,
346,
93,
502,
53,
336,
575,
492,
143,
177,
161,
393,
483,
38,
271,
133,
536,
36,
302,
311,
478,
451,
126,
278,
272,
92,
209,
476,
201,
180,
249,
438,
109,
202,
255,
251,
112,
205,
278,
276,
176,
199,
191,
246,
207,
180,
197,
194,
185,
179,
106,
395,
40,
409,
190,
224,
197,
159,
168,
221,
164,
168,
153,
300,
158,
452,
178,
117,
98,
180,
183,
165,
148,
140,
95,
266,
216,
44,
147,
83,
82,
122,
82,
172,
129,
81,
349,
261,
133,
322,
499,
378,
288,
239,
273,
146,
224,
462,
175,
436,
186,
546,
115,
176,
515,
185,
317,
177,
226,
393,
199,
165,
186,
163,
266,
516,
211,
80,
245,
242,
510,
250,
112,
145,
490,
45,
194,
106,
228,
401,
135,
44,
293,
267,
287,
215,
549,
85,
147,
80,
122,
182,
177,
282,
194,
255,
142,
212,
202,
141,
301,
414,
151,
143,
283,
139,
243,
251,
520,
122,
337,
255,
330,
495,
231,
314,
349,
538,
477,
358,
472,
471,
295,
350,
252,
501,
260,
319,
516,
40,
43,
149,
312,
237,
130,
290,
503,
42,
112,
380,
122,
223,
205,
158,
351,
137,
237,
125,
218,
130,
519,
206,
43,
195,
483,
233,
167,
179,
403,
568,
183,
512,
433,
519,
101,
236,
577,
84,
94,
428,
423,
569,
415,
330,
495,
285,
542,
558,
312,
133,
39,
178,
411,
240,
510,
275,
312,
126,
204,
336,
300,
233,
225,
126,
203,
438,
158,
307,
273,
216,
267,
476,
287,
199,
225,
211,
223,
258,
123,
235,
349,
214,
464,
224,
123,
207,
133,
531,
204,
213,
122,
213,
200,
193,
202,
503,
171,
115,
177,
174,
188,
155,
350,
199,
114,
243,
490,
106,
278,
98,
117,
110,
105,
209,
152,
191,
96,
486,
132,
335,
145,
331,
592,
51,
190,
43,
159,
543,
241,
211,
119,
252,
483,
91,
119,
118,
514,
357,
238,
173,
101,
438,
376,
102,
230,
501,
227,
97,
352,
89,
288,
157,
335,
45,
103,
469,
146,
495,
99,
522,
269,
43,
429,
138,
189,
361,
252,
223,
249,
42,
161,
99,
329,
131,
484,
299,
255,
114,
40,
158,
302,
151,
243,
323,
164,
519,
101,
278,
192,
208,
253,
43,
139,
100,
192,
203,
311,
164,
191,
185,
315,
326,
165,
289,
385,
206,
114,
601,
165,
541,
99,
288,
268,
258,
134,
433,
303,
256,
47,
261,
579,
498,
395,
162,
384,
211,
261,
375,
413,
551,
292,
201,
520,
134,
409,
280,
121,
377,
341,
493,
310,
132,
483,
151,
262,
531,
271,
442,
477,
510,
152,
503,
45,
487,
592,
477,
289,
146,
507,
379,
429,
538,
323,
533,
143,
536,
353,
231,
331,
144,
305,
262,
324,
509,
343,
522,
244,
238,
40,
337,
489,
239,
509,
136,
220,
237,
244,
254,
205,
523,
236,
131,
203,
168,
232,
468,
324,
211,
190,
492,
196,
235,
134,
343,
291,
256,
224,
155,
141,
486,
474,
132,
260,
202,
518,
158,
171,
40,
335,
219,
217,
197,
507,
213,
573,
145,
186,
39,
196,
122,
209,
537,
285,
247,
494,
103,
203,
118,
108,
116,
112,
41,
117,
484,
203,
200,
154,
115,
459,
134,
541,
335,
177,
339,
285,
189,
154,
556,
233,
99,
153,
390,
155,
87,
152,
195,
104,
378,
312,
537,
93,
293,
346,
121,
91,
362,
454,
558,
206,
351,
141,
275,
42,
105,
489,
525,
131,
362,
288,
266,
290,
186,
267,
262,
487,
281,
89,
413,
278,
502,
248,
264,
580,
239,
182,
176,
119,
264,
160,
218,
314,
176,
276,
144,
168,
263,
303,
548,
307,
295,
375,
264,
449,
434,
132,
370,
223,
448,
306,
416,
613,
389,
281,
262,
159,
386,
408,
128,
42,
369,
352,
293,
287,
164,
41,
581,
418,
293,
275,
218,
414,
125,
559,
421,
203,
176,
324,
268,
517,
99,
523,
46,
149,
511,
326,
534,
508,
432,
214,
163,
291,
98,
505,
176,
546,
94,
142,
53,
537,
126,
490,
363,
114,
547,
530,
337,
154,
256,
545,
311,
228,
76,
267,
367,
132,
386,
309,
393,
197,
372,
383,
392,
243,
359,
252,
263,
130,
154,
354,
86,
148,
211,
213,
223,
367,
230,
269,
228,
350,
176,
650,
239,
244,
262,
235,
314,
570,
147,
218,
363,
240,
213,
224,
210,
178,
232,
155,
232,
205,
203,
548,
362,
492,
519,
141,
258,
460,
117,
213,
214,
214,
163,
220,
209,
180,
178,
123,
499,
272,
125,
243,
103,
504,
129,
186,
124,
562,
202,
453,
453,
238,
193,
153,
116,
39,
187,
323,
481,
141,
194,
166,
176,
148,
477,
139,
198,
121,
166,
47,
547,
290,
154,
300,
44,
514,
471,
357,
96,
130,
242,
251,
312,
420,
159,
147,
209,
428,
205,
613,
46,
138,
213,
146,
305,
290,
546,
337,
366,
91,
106,
130,
391,
162,
121,
160,
119,
317,
453,
253,
355,
174,
667,
176,
303,
215,
93,
562,
286,
202,
188,
240,
43,
314,
348,
410,
274,
200,
521,
405,
274,
436,
92,
168,
203,
356,
512,
587,
447,
267,
320,
477,
206,
106,
459,
281,
124,
242,
653,
92,
188,
449,
370,
153,
411,
42,
263,
259,
329,
517,
410,
432,
285,
157,
164,
152,
493,
278,
186,
455,
321,
155,
343,
187,
269,
148,
354,
239,
202,
575,
363,
184,
552,
445,
44,
247,
112,
292,
120,
436,
43,
303,
531,
135,
567,
41,
516,
113,
307,
399,
382,
525,
76,
86,
137,
522,
343,
369,
339,
256,
76,
405,
560,
338,
324,
366,
343,
331,
332,
350,
433,
366,
505,
640,
124,
387,
142,
432,
274,
250,
630,
415,
277,
210,
127,
241,
228,
219,
383,
235,
221,
274,
210,
228,
188,
217,
202,
214,
92,
290,
594,
516,
537,
415,
278,
237,
137,
201,
257,
208,
166,
46,
41,
224,
277,
102,
256,
322,
250,
87,
154,
247,
299,
215,
134,
199,
238,
229,
232,
126,
610,
185,
115,
455,
181,
432,
228,
225,
167,
122,
199,
223,
249,
81,
117,
191,
603,
436,
111,
193,
440,
178,
452,
136,
128,
189,
589,
129,
181,
112,
79,
244,
234,
702,
167,
174,
773,
374,
490,
173,
210,
380,
515,
288,
268,
204,
45,
462,
431,
232,
315,
156,
79,
749,
185,
195,
508,
786,
599,
232,
174,
118,
226,
153,
609,
389,
376,
201,
222,
81,
776,
162,
227,
365,
289,
193,
587,
545,
194,
170,
179,
373,
153,
265,
192,
156,
204,
281,
344,
498,
538,
209,
202,
170,
448,
141,
257,
377,
277,
428,
330,
163,
532,
612,
173,
277,
437,
303,
704,
135,
454,
315,
429,
566,
45,
176,
313,
531,
425,
191,
44,
123,
285,
512,
132,
590,
751,
157,
285,
364,
419,
152,
395,
173,
278,
164,
292,
398,
383,
262,
160,
291,
598,
397,
192,
221,
451,
265,
491,
453,
139,
520,
268,
532,
487,
432,
194,
39,
96,
331,
611,
149,
39,
325,
597,
339,
186,
607,
80,
374,
77,
332,
417,
285,
360,
51,
41,
279,
501,
150,
323,
42,
347,
149,
152,
41,
45,
521,
409,
274,
317,
123,
407,
242,
442,
379,
617,
44,
263,
242,
218,
259,
481,
232,
216,
493,
125,
246,
232,
230,
606,
243,
42,
519,
386,
246,
206,
209,
385,
438,
205,
157,
172,
400,
194,
201,
207,
205,
166,
39,
108,
226,
135,
220,
215,
114,
197,
559,
207,
233,
169,
625,
226,
201,
46,
201,
167,
246,
178,
170,
115,
253,
234,
264,
401,
634,
164,
104,
269,
186,
163,
48,
246,
153,
615,
518,
117,
182,
40,
184,
115,
514,
404,
133,
159,
153,
627,
248,
247,
208,
197,
232,
117,
522,
217,
215,
192,
144,
178,
215,
162,
84,
155,
245,
209,
330,
45,
146,
322,
285,
79,
170,
185,
468,
44,
327,
333,
176,
174,
487,
215,
309,
617,
156,
185,
207,
149,
842,
283,
246,
192,
81,
174,
690,
275,
298,
179,
163,
383,
133,
154,
242,
182,
290,
378,
185,
574,
298,
495,
513,
357,
575,
301,
467,
307,
429,
800,
224,
509,
423,
805,
132,
347,
594,
44,
351,
456,
800,
326,
628,
488,
413,
741,
711,
433,
180,
317,
512,
614,
388,
336,
727,
303,
573,
302,
488,
819,
299,
424,
722,
233,
551,
391,
171,
269,
289,
340,
263,
232,
327,
198,
828,
531,
47,
528,
170,
204,
166,
112,
532,
278,
95,
526,
494,
202,
62,
318,
204,
167,
159,
170,
441,
175,
133,
156,
382,
124,
611,
148,
664,
143,
214,
234,
586,
388,
410,
194,
120,
527,
659,
460,
229,
241,
374,
241,
100,
228,
624,
447,
468,
218,
275,
487,
239,
238,
233,
412,
239,
46,
201,
366,
243,
301,
152,
590,
410,
227,
215,
238,
192,
236,
560,
210,
275,
220,
208,
143,
220,
148,
231,
367,
609,
229,
215,
162,
235,
216,
111,
167,
166,
462,
228,
193,
160,
374,
486,
163,
218,
116,
568,
99,
212,
518,
260,
229,
264,
249,
256,
453,
224,
564,
83,
148,
228,
178,
548,
124,
194,
534,
168,
254,
233,
185,
490,
209,
81,
115,
237,
114,
175,
80,
165,
244,
161,
232,
484,
181,
248,
441,
254,
174,
310,
207,
335,
550,
503,
109,
184,
428,
190,
168,
304,
553,
394,
198,
258,
194,
239,
564,
201,
333,
673,
152,
189,
141,
78,
472,
211,
167,
453,
150,
200,
307,
137,
145,
556,
49,
248,
353,
335,
313,
583,
292,
79,
151,
435,
582,
332,
525,
514,
565,
351,
297,
285,
536,
329,
882,
45,
325,
346,
174,
49,
525,
302,
479,
273,
497,
167,
156,
466,
40,
260,
167,
259,
314,
247,
258,
670,
591,
297,
328,
196,
391,
233,
162,
38,
591,
252,
343,
716,
106,
239,
298,
561,
216,
209,
200,
756,
579,
204,
81,
203,
157,
299,
616,
557,
388,
157,
608,
176,
320,
445,
208,
717,
553,
198,
437,
225,
173,
154,
215,
221,
600,
437,
208,
176,
215,
195,
626,
144,
155,
210,
208,
198,
188,
295,
193,
41,
205,
221,
212,
572,
665,
200,
144,
292,
190,
174,
287,
302,
156,
142,
297,
113,
632,
238,
109,
491,
236,
40,
293,
109,
46,
106,
95,
288,
1024,
214,
205,
52,
575,
293,
214,
235,
261,
174,
35,
479,
369,
174,
265,
199,
172,
187,
176,
155,
184,
131,
143,
315,
127,
508,
80,
156,
208,
163,
155,
194,
272,
140,
178,
119,
639,
385,
125,
316,
167,
117,
258,
356,
139,
278,
292,
227,
297,
112,
230,
303,
529,
133,
258,
331,
150,
584,
174,
264,
137,
279,
157,
164,
80,
219,
506,
199,
318,
45,
208,
327,
602,
128,
271,
700,
219,
193,
133,
280,
187,
83,
712,
189,
692,
236,
339,
176,
195,
315,
364,
43,
267,
692,
624,
202,
160,
244,
197,
246,
145,
292,
250,
131,
217,
136,
151,
522,
247,
128,
573,
191,
188,
160,
257,
556,
239,
563,
556,
574,
285,
550,
506,
552,
45,
287,
213,
349,
987,
558,
549,
42,
363,
256,
177,
540,
548,
492,
360,
343,
262,
559,
256,
46,
484,
261,
198,
175,
141,
432,
251,
618,
373,
549,
310,
147,
213,
226,
532,
541,
384,
143,
261,
176,
224,
313,
203,
415,
269,
199,
156,
248,
157,
535,
314,
250,
261,
149,
656,
250,
735,
299,
371,
728,
197,
48,
260,
195,
721,
542,
156,
167,
321,
1083,
46,
466,
40,
133,
224,
136,
106,
230,
307,
599,
458,
584,
453,
230,
127,
306,
210,
125,
301,
296,
305,
197,
531,
471,
224,
278,
218,
331,
201,
292,
254,
302,
196,
141,
72,
433,
212,
243,
209,
289,
500,
207,
999,
165,
442,
978,
163,
294,
464,
512,
288,
301,
322,
657,
245,
122,
247,
642,
500,
623,
121,
211,
254,
631,
252,
44,
206,
237,
259,
120,
43,
178,
214,
147,
567,
42,
199,
119,
40,
250,
169,
265,
376,
321,
234,
275,
262,
516,
201,
191,
141,
170,
231,
208,
165,
627,
631,
176,
175,
121,
270,
49,
348,
129,
145,
166,
193,
113,
197,
141,
151,
342,
189,
266,
220,
104,
291,
175,
1005,
132,
426,
287,
318,
131,
180,
220,
159,
201,
175,
94,
133,
444,
201,
200,
93,
192,
441,
214,
221,
279,
180,
176,
189,
322,
160,
212,
112,
199,
151,
43,
158,
240,
206,
645,
144,
97,
194,
299,
229,
96,
567,
212,
211,
44,
687,
194,
280,
227,
574,
97,
192,
647,
39,
200,
111,
618,
96,
185,
581,
188,
624,
127,
307,
717,
178,
219,
189,
212,
741,
40,
294,
193,
173,
236,
173,
254,
656,
344,
196,
573,
738,
257,
565,
167,
242,
285,
571,
256,
168,
255,
165,
157,
629,
279,
561,
217,
39,
260,
160,
562,
42,
214,
302,
199,
399,
207,
243,
563,
421,
561,
197,
144,
204,
529,
157,
1045,
563,
118,
529,
146,
226,
506,
44,
665,
37,
165,
40,
217,
253,
197,
198,
204,
201,
314,
470,
318,
126,
313,
310,
657,
240,
179,
688,
235,
640,
655,
309,
136,
153,
225,
384,
126,
38,
223,
236,
667,
212,
123,
510,
111,
308,
259,
211,
208,
263,
186,
198,
198,
304,
260,
150,
313,
610,
239,
308,
300,
1057,
119,
184,
276,
256,
295,
662,
304,
299,
115,
250,
195,
221,
269,
242,
321,
85,
273,
586,
215,
273,
252,
292,
37,
721,
199,
133,
196,
244,
250,
262,
46,
150,
675,
87,
587,
43,
666,
213,
159,
126,
270,
265,
209,
177,
213,
584,
250,
210,
309,
185,
315,
541,
298,
255,
238,
176,
169,
204,
150,
43,
507,
833,
540,
138,
200,
493,
159,
293,
151,
614,
569,
138,
39,
170,
205,
244,
275,
124,
626,
376,
141,
173,
176,
205,
182,
212,
153,
208,
533,
194,
1070,
152,
160,
261,
219,
172,
706,
369,
184,
206,
126,
37,
206,
41,
204,
222,
269,
193,
289,
604,
217,
161,
259,
619,
595,
185,
153,
267,
208,
629,
111,
39,
187,
588,
463,
370,
594,
164,
272,
194,
293,
160,
768,
257,
233,
252,
242,
145,
1079,
45,
247,
562,
248,
201,
119,
290,
449,
395,
239,
179,
353,
398,
638,
626,
478,
123,
579,
312,
660,
266,
50,
39,
574,
43,
86,
658,
299,
549,
395,
375,
292,
304,
259,
548,
568,
213,
41,
289,
264,
546,
228,
735,
240,
219,
541,
288,
243,
304,
662,
144,
689,
567,
270,
242,
303,
709,
206,
154,
285,
266,
564,
138,
299,
167,
136,
108,
214,
176,
280,
223,
659,
272,
558,
275,
219,
548,
325,
88,
265,
701,
1267,
235,
134,
216,
158,
253,
518,
228,
196,
572,
718,
149,
133,
173,
232,
530,
265,
451,
396,
162,
132,
623,
204,
42,
280,
191,
160,
207,
267,
211,
234,
525,
191,
443,
143,
206,
142,
164,
186,
495,
98,
303,
135,
163,
767,
275,
267,
1220,
215,
138,
235,
573,
315,
248,
158,
147,
257,
545,
191,
248,
145,
188,
37,
233,
237,
265,
338,
197,
211,
242,
230,
477,
189,
201,
225,
683,
148,
121,
168,
142,
219,
850,
192,
553,
209,
264,
43,
40,
271,
184,
264,
36,
237,
443,
153,
183,
153,
302,
1158,
193,
202,
1117,
414,
163,
184,
195,
914,
218,
179,
177,
205,
293,
149,
1165,
205,
134,
213,
45,
130,
1131,
633,
164,
188,
214,
203,
463,
173,
294,
310,
141,
323,
287,
177,
195,
44,
212,
139,
662,
147,
382,
145,
280,
109,
191,
658,
832,
139,
185,
179,
117,
636,
422,
657,
393,
146,
586,
36,
665,
461,
433,
40,
448,
454,
923,
513,
839,
204,
334,
501,
84,
259,
39,
642,
611,
478,
292,
590,
323,
154,
610,
321,
395,
115,
316,
685,
593,
271,
259,
300,
588,
237,
40,
598,
310,
590,
322,
1169,
767,
317,
564,
623,
775,
773,
757,
311,
768,
591,
305,
296,
242,
236,
224,
839,
333,
304,
310,
288,
319,
1192,
135,
241,
603,
235,
221,
574,
284,
188,
570,
131,
225,
184,
45,
172,
152,
600,
166,
564,
40,
302,
180,
615,
42,
163,
162,
152,
41,
173,
165,
162,
289,
394,
152,
204,
164,
597,
390,
122,
40,
806,
162,
223,
600,
159,
130,
267,
167,
126,
293,
189,
259,
137,
253,
167,
172,
40,
600,
228,
166,
154,
188,
182,
99,
610,
345,
175,
174,
211,
146,
216,
176,
331,
162,
172,
598,
297,
182,
207,
796,
190,
168,
129,
212,
171,
203,
595,
309,
152,
132,
683,
187,
426,
120,
850,
228,
38,
591,
291,
472,
331,
291,
193,
176,
589,
288,
252,
169,
276,
392,
163,
205,
168,
680,
162,
155,
441,
558,
172,
315,
503,
133,
136,
161,
153,
707,
151,
293,
201,
218,
704,
920,
352,
41,
150,
311,
681,
183,
689,
161,
311,
350,
42,
1183,
246,
441,
333,
305,
175,
232,
283,
220,
40,
1208,
174,
654,
969,
142,
137,
138,
658,
177,
285,
1217,
44,
627,
180,
40,
294,
165,
187,
229,
145,
143,
205,
659,
142,
156,
155,
367,
611,
911,
222,
284,
195,
541,
463,
377,
111,
318,
125,
623,
672,
137,
129,
263,
677,
641,
349,
284,
380,
326,
640,
43,
51,
70,
259,
375,
256,
379,
318,
137,
827,
811,
37,
631,
285,
648,
227,
844,
567,
276,
629,
327,
627,
284,
282,
320,
245,
215,
508,
298,
437,
182,
200,
304,
1364,
168,
329,
312,
381,
336,
75,
46,
207,
228,
308,
299,
533,
320,
324,
166,
524,
166,
39,
140,
164,
295,
239,
508,
310,
306,
37,
317,
161,
308,
172,
179,
234,
351,
143,
40,
160,
197,
290,
39,
104,
329,
165,
255,
268,
180,
42,
155,
155,
162,
162,
445,
398,
162,
522,
185,
149,
203,
212,
147,
171,
704,
140,
456,
138,
163,
135,
46,
202,
43,
945,
191,
185,
207,
236,
360,
160,
42,
46,
120,
358,
101,
722,
346,
134,
631,
230,
167,
206,
127,
180,
134,
447,
626,
102,
718,
370,
307,
149,
308,
696,
305,
623,
389,
404,
705,
372,
702,
282,
406,
238,
286,
698,
304,
418,
181,
305,
159,
280,
138,
202,
471,
183,
142,
446,
214,
158,
625,
118,
161,
153,
543,
256,
390,
314,
178,
225,
622,
219,
201,
163,
50,
592,
273,
368,
386,
179,
165,
208,
537,
316,
146,
190,
241,
148,
301,
881,
559,
172,
151,
148,
178,
50,
665,
329,
1001,
148,
341,
366,
50,
107,
311,
970,
159,
171,
106,
78,
632,
967,
366,
44,
303,
639,
968,
298,
42,
630,
358,
594,
355,
420,
255,
367,
321,
318,
664,
168,
593,
42,
312,
542,
678,
59,
265,
257,
597,
329,
48,
320,
677,
858,
878,
875,
647,
243,
671,
661,
242,
252,
897,
872,
869,
310,
1447,
1499,
585,
317,
44,
309,
247,
246,
145,
899,
245,
880,
144,
234,
105,
257,
238,
319,
141,
75,
175,
330,
306,
329,
140,
325,
146,
172,
94,
161,
254,
135,
110,
376,
162,
563,
287,
127,
346,
89,
175,
165,
173,
83,
177,
262,
231,
324,
180,
370,
229,
258,
254,
182,
161,
247,
260,
134,
144,
166,
508,
447,
228,
178,
341,
135,
220,
162,
134,
1059,
38,
971,
140,
254,
83,
351,
666,
130,
222,
133,
394,
83,
210,
192,
189,
40,
183,
325,
205,
953,
145,
255,
314,
555,
85,
200,
204,
188,
203,
1321,
671,
463,
536,
492,
195,
1261,
352,
43,
323,
634,
424,
168,
307,
954,
1017,
436,
402,
83,
607,
1310,
785,
396,
83,
138,
153,
1018,
170,
246,
195,
204,
597,
156,
304,
764,
145,
175,
409,
293,
351,
194,
145,
166,
773,
136,
220,
362,
289,
152,
1016,
932,
316,
257,
301,
1237,
45,
107,
160,
162,
608,
332,
621,
127,
371,
384,
283,
377,
167,
174,
932,
195,
268,
163,
191,
603,
135,
607,
192,
126,
336,
151,
578,
179,
39,
1495,
321,
98,
166,
785,
137,
215,
604,
646,
289,
407,
61,
255,
103,
265,
155,
523,
346,
1208,
48,
324,
313,
291,
316,
659,
679,
308,
49,
335,
312,
303,
307,
682,
656,
81,
1550,
297,
908,
680,
303,
656,
243,
705,
737,
939,
295,
1036,
239,
947,
659,
307,
221,
388,
116,
635,
284,
238,
245,
631,
307,
221,
116,
234,
591,
164,
317,
41,
964,
240,
306,
238,
227,
233,
295,
36,
221,
245,
301,
136,
223,
636,
220,
80,
283,
224,
213,
162,
180,
159,
327,
176,
233,
183,
121,
221,
243,
604,
184,
260,
191,
252,
101,
75,
109,
197,
242,
73,
175,
26,
213,
261,
192,
144,
180,
191,
134,
155,
183,
69,
188,
139,
185,
145,
158,
239,
190,
244,
130,
143,
66,
356,
45,
115,
299,
41,
256,
39,
810,
393,
627,
990,
211,
264,
843,
142,
210,
627,
217,
65,
802,
41,
180,
621,
285,
140,
199,
186,
220,
227,
174,
190,
195,
618,
148,
256,
217,
280,
373,
184,
215,
203,
361,
65,
631,
201,
413,
412,
275,
46,
202,
167,
216,
641,
323,
42,
199,
328,
66,
530,
395,
343,
260,
1131,
365,
366,
98,
529,
869,
294,
522,
195,
1138,
420,
392,
274,
172,
377,
670,
667,
283,
60,
312,
303,
668,
656,
355,
330,
147,
235,
719,
625,
45,
765,
267,
232,
684,
42,
147,
758,
556,
237,
742,
41,
49,
139,
665,
233,
230,
651,
167,
688,
251,
336,
228,
1013,
687,
542,
1034,
166,
87,
226,
651,
224,
600,
221,
1030,
233,
219,
147,
219,
223,
347,
984,
651,
36,
87,
215,
45,
131,
216,
204,
544,
210,
333,
178,
157,
191,
220,
70,
215,
200,
1085,
206,
262,
128,
162,
154,
211,
1026,
217,
156,
198,
213,
515,
490,
158,
211,
162,
145,
484,
337,
68,
201,
188,
205,
67,
191,
126,
146,
161,
178,
144,
156,
1114,
184,
232,
155,
340,
483,
210,
181,
65,
169,
467,
158,
1107,
44,
133,
98,
105,
156,
405,
241,
65,
235,
157,
213,
209,
216,
182,
176,
310,
1127,
103,
117,
188,
66,
134,
395,
137,
470,
164,
142,
170,
194,
531,
375,
131,
256,
426,
132,
61,
182,
59,
44,
525,
136,
264,
58,
417,
524,
155,
159,
386,
41,
526,
576,
445,
869,
501,
141,
879,
183,
531,
178,
839,
869,
454,
283,
182,
141,
43,
99,
248,
537,
186,
395,
169,
274,
850,
210,
43,
384,
216,
181,
49,
196,
159,
382,
210,
288,
163,
161,
52,
172,
368,
532,
149,
319,
547,
148,
137,
365,
147,
254,
351,
336,
188,
270,
45,
543,
540,
193,
213,
303,
487,
191,
352,
210,
378,
47,
403,
275,
216,
175,
764,
264,
141,
192,
102,
231,
195,
553,
479,
47,
46,
207,
1121,
553,
41,
141,
127,
455,
209,
56,
131,
614,
427,
210,
208,
617,
151,
203,
417,
199,
787,
588,
209,
197,
220,
205,
140,
929,
151,
160,
80,
849,
193,
1124,
835,
589,
197,
535,
773,
188,
1018,
1055,
144,
192,
199,
196,
1123,
184,
143,
156,
188,
99,
186,
151,
43,
149,
139,
77,
157,
193,
145,
590,
208,
209,
150,
517,
105,
1103,
139,
145,
145,
585,
328,
125,
227,
373,
43,
207,
123,
146,
229,
245,
122,
585,
73,
135,
156,
71,
134,
428,
1083,
1081,
586,
512,
215,
173,
114,
250,
1088,
1094,
148,
152,
251,
585,
503,
165,
65,
140,
215,
175,
128,
196,
147,
243,
190,
113,
44,
537,
156,
499,
43,
64,
289,
176,
46,
231,
158,
121,
172,
63,
519,
38,
166,
439,
187,
37,
62,
60,
522,
187,
515,
59,
43,
545,
59,
1110,
189,
187,
58,
870,
437,
1173,
855,
817,
1406,
142,
398,
169,
167,
173,
178,
352,
334,
190,
1098,
867,
223,
210,
323,
139,
265,
160,
186,
212,
179,
307,
144,
52,
148,
206,
227,
193,
260,
303,
175,
370,
130,
367,
214,
53,
203,
202,
41,
149,
351,
266,
166,
486,
44,
337,
38,
317,
371,
468,
173,
330,
329,
549,
166,
180,
330,
558,
564,
279,
40,
359,
308,
1201,
488,
534,
346,
42,
129,
88,
38,
1185,
486,
407,
163,
422,
483,
1194,
49,
157,
219,
472,
465,
487,
584,
193,
45,
200,
192,
584,
72,
188,
813,
805,
471,
65,
191,
193,
188,
182,
509,
800,
492,
199,
36,
217,
463,
309,
203,
178,
240,
81,
188,
799,
259,
199,
174,
183,
1177,
168,
518,
518,
179,
845,
558,
173,
134,
156,
1172,
1157,
164,
191,
421,
160,
151,
541,
806,
154,
210,
183,
512,
156,
150,
1203,
137,
521,
185,
173,
69,
146,
139,
159,
154,
146,
178,
150,
1827,
164,
511,
152,
142,
200,
250,
75,
195,
151,
188,
147,
163,
65,
268,
243,
519,
153,
140,
156,
347,
174,
500,
191,
249,
63,
170,
167,
164,
274,
190,
124,
44,
61,
303,
471,
159,
468,
151,
234,
167,
134,
430,
62,
206,
204,
109,
428,
162,
187,
59,
185,
121,
246,
419,
425,
159,
162,
1167,
257,
151,
510,
417,
222,
219,
166,
53,
513,
188,
44,
177,
1181,
208,
202,
148,
520,
210,
40,
317,
53,
171,
155,
431,
333,
441,
191,
382,
348,
454,
1218,
438,
144,
155,
903,
367,
57,
338,
434,
160,
387,
867,
179,
196,
230,
328,
429,
157,
904,
40,
329,
212,
154,
164,
903,
191,
58,
232,
878,
449,
541,
134,
136,
172,
358,
200,
486,
153,
275,
541,
1363,
431,
206,
166,
59,
174,
480,
486,
345,
1222,
319,
416,
421,
185,
351,
398,
341,
44,
541,
47,
319,
455,
397,
366,
563,
280,
181,
507,
387,
422,
477,
38,
367,
317,
413,
198,
405,
478,
374,
369,
64,
398,
534,
405,
155,
223,
461,
200,
192,
149,
377,
278,
170,
205,
41,
159,
201,
508,
194,
198,
463,
851,
932,
847,
191,
495,
486,
196,
110,
391,
205,
190,
464,
185,
854,
189,
1189,
347,
1217,
1236,
257,
1160,
185,
828,
39,
183,
637,
1223,
137,
485,
192,
937,
182,
848,
179,
270,
196,
173,
805,
188,
1880,
88,
192,
170,
179,
178,
308,
585,
149,
162,
188,
469,
310,
323,
334,
159,
153,
179,
154,
142,
188,
469,
223,
205,
176,
146,
139,
89,
109,
141,
83,
138,
159,
356,
176,
136,
375,
134,
213,
153,
112,
132,
138,
129,
149,
482,
1284,
397,
123,
138,
132,
187,
179,
493,
114,
397,
76,
107,
203,
112,
166,
75,
174,
349,
409,
250,
615,
173,
74,
116,
112,
209,
232,
65,
446,
159,
359,
189,
141,
286,
476,
39,
439,
114,
64,
46,
179,
182,
377,
263,
149,
221,
176,
147,
418,
1251,
136,
153,
315,
236,
365,
65,
307,
365,
453,
182,
372,
438,
379,
235,
42,
146,
270,
446,
234,
969,
368,
431,
906,
190,
312,
426,
354,
182,
961,
328,
133,
205,
191,
213,
397,
328,
1234,
510,
163,
326,
208,
435,
360,
185,
167,
143,
957,
148,
387,
606,
338,
299,
280,
230,
215,
335,
1904,
125,
159,
42,
169,
179,
432,
242,
218,
391,
172,
183,
164,
273,
308,
430,
434,
291,
430,
508,
150,
290,
481,
908,
403,
328,
328,
203,
427,
280,
386,
230,
377,
429,
375,
444,
961,
190,
191,
361,
278,
508,
158,
51,
488,
187,
163,
586,
180,
321,
132,
288,
185,
346,
46,
189,
157,
176,
180,
256,
445,
553,
552,
190,
174,
862,
903,
169,
516,
314,
179,
839,
893,
174,
193,
168,
1247,
805,
829,
1289,
71,
422,
163,
523,
173,
69,
518,
828,
202,
191,
798,
163,
157,
579,
71,
452,
186,
1355,
509,
1313,
236,
157,
430,
175,
183,
68,
173,
165,
357,
110,
52,
427,
170,
237,
187,
107,
425,
148,
361,
168,
418,
534,
146,
227,
170,
162,
414,
190,
156,
152,
400,
99,
157,
221,
178,
243,
186,
224,
131,
157,
171,
141,
83,
1303,
185,
137,
131,
113,
150,
140,
198,
471,
83,
175,
250,
360,
205,
169,
364,
82,
314,
189,
287,
166,
393,
245,
212,
1344,
387,
243,
338,
154,
229,
283,
360,
402,
206,
188,
450,
434,
312,
143,
366,
375,
322,
1392,
171,
460,
407,
156,
987,
316,
145,
366,
952,
170,
285,
277,
378,
43,
262,
1314,
165,
280,
1333,
147,
392,
166,
971,
195,
209,
206,
320,
190,
405,
343,
464,
282,
456,
220,
152,
196,
320,
387,
129,
423,
258,
261,
204,
195,
174,
405,
301,
34,
625,
279,
414,
351,
410,
621,
156,
304,
177,
477,
415,
280,
331,
352,
50,
309,
297,
670,
177,
474,
457,
264,
203,
310,
512,
268,
193,
161,
279,
217,
172,
379,
574,
506,
207,
173,
472,
187,
1382,
231,
341,
172,
894,
2035,
445,
221,
218,
861,
210,
377,
859,
159,
574,
535,
571,
94,
217,
554,
1293,
204,
208,
989,
1321,
551,
220,
193,
860,
199,
206,
179,
198,
216,
210,
204,
1354,
227,
208,
293,
187,
612,
860,
198,
161,
195,
186,
202,
393,
206,
182,
198,
175,
253,
151,
182,
485,
195,
577,
162,
191,
188,
122,
196,
347,
207,
883,
215,
152,
203,
213,
447,
118,
175,
45,
191,
437,
182,
239,
176,
115,
197,
181,
174,
165,
228,
164,
238,
432,
241,
164,
163,
149,
346,
180,
174,
178,
185,
469,
129,
459,
171,
366,
156,
193,
244,
333,
278,
165,
437,
198,
120,
221,
337,
677,
182,
306,
425,
383,
184,
182,
303,
205,
134,
297,
151,
38,
435,
305,
315,
1037,
476,
213,
333,
154,
197,
340,
44,
314,
42,
1002,
379,
511,
161,
278,
161,
42,
990,
364,
364,
306,
216,
153,
1015,
174,
381,
202,
311,
145,
224,
182,
299,
148,
973,
316,
156,
437,
323,
156,
280,
140,
211,
149,
322,
283,
335,
304,
478,
192,
282,
157,
472,
251,
243,
154,
607,
434,
270,
248,
230,
127,
640,
1419,
305,
150,
248,
435,
596,
200,
202,
241,
507,
174,
306,
432,
353,
167,
246,
95,
312,
506,
156,
201,
151,
435,
1442,
711,
277,
189,
336,
143,
929,
585,
2123,
148,
164,
325,
930,
180,
568,
233,
114,
901,
1423,
959,
480,
42,
1398,
45,
174,
241,
970,
115,
94,
244,
567,
222,
235,
39,
66,
133,
228,
561,
636,
310,
36,
222,
220,
214,
211,
136,
358,
224,
386,
237,
131,
218,
218,
175,
800,
207,
222,
309,
235,
130,
205,
197,
203,
523,
182,
195,
365,
216,
456,
220,
166,
332,
209,
101,
216,
353,
164,
217,
1362,
252,
42,
185,
165,
194,
205,
47,
478,
126,
172,
182,
162,
171,
250,
489,
159,
168,
246,
460,
181,
190,
286,
133,
210,
129,
208,
91,
476,
341,
207,
246,
168,
529,
413,
247,
170,
204,
135,
289,
205,
237,
1339,
296,
522,
139,
197,
146,
151,
294,
38,
137,
166,
138,
89,
193,
271,
222,
283,
2134,
372,
470,
362,
150,
308,
464,
276,
91,
188,
294,
1011,
211,
90,
228,
337,
1034,
552,
240,
250,
202,
91,
282,
469,
215,
314,
185,
319,
1046,
252,
323,
178,
469,
169,
336,
118,
184,
309,
356,
356,
138,
236,
470,
287,
1047,
188,
315,
115,
161,
132,
266,
39,
470,
269,
323,
180,
182,
330,
295,
250,
302,
157,
221,
295,
531,
517,
252,
1487,
212,
230,
248,
414,
353,
251,
179,
42,
167,
149,
159,
240,
949,
209,
74,
137,
504,
458,
66,
219,
138,
327,
181,
566,
197,
123,
175,
43,
548,
42,
318,
2175,
425,
185,
560,
612,
637,
912,
163,
185,
333,
175,
81,
60,
295,
174,
340,
613,
537,
587,
1462,
1541,
271,
243,
237,
473,
230,
57,
301,
233,
228,
237,
724,
200,
300,
1449,
1506,
1500,
298,
167,
1277,
247,
132,
209,
281,
104,
40,
742,
211,
127,
216,
51,
219,
216,
208,
39,
1526,
85,
126,
282,
198,
115,
41,
208,
218,
40,
145,
1544,
209,
193,
201,
248,
187,
537,
253,
190,
230,
209,
42,
41,
78,
328,
202,
266,
49,
294,
540,
251,
186,
190,
184,
39,
184,
195,
203,
175,
181,
352,
245,
195,
78,
288,
192,
190,
453,
195,
1530,
521,
272,
174,
1501,
289,
569,
1506,
254,
271,
174,
506,
80,
229,
139,
157,
229,
1064,
569,
239,
292,
240,
544,
259,
47,
178,
156,
220,
245,
134,
391,
1262,
81,
626,
219,
1067,
40,
277,
270,
154,
1355,
82,
240,
49,
212,
190,
1068,
111,
341,
309,
42,
196,
304,
161,
222,
153,
136,
1034,
139,
245,
190,
182,
147,
266,
142,
154,
295,
280,
44,
198,
263,
187,
174,
370,
237,
303,
273,
235,
370,
251,
277,
391,
248,
160,
146,
277,
223,
473,
203,
229,
436,
406,
624,
200,
377,
90,
182,
533,
474,
344,
531,
155,
645,
356,
644,
524,
384,
644,
476,
967,
103,
38,
521,
54,
267,
946,
351,
67,
935,
448,
250,
645,
118,
1565,
45,
528,
350,
641,
926,
244,
241,
179,
203,
308,
599,
263,
202,
288,
1528,
284,
116,
268,
83,
221,
218,
177,
140,
227,
603,
459,
225,
215,
162,
201,
535,
608,
41,
161,
159,
323,
229,
220,
1541,
1550,
40,
143,
112,
526,
310,
150,
2271,
227,
529,
2288,
42,
163,
40,
194,
251,
107,
526,
531,
526,
263,
271,
233,
1607,
220,
318,
185,
241,
527,
205,
229,
441,
617,
189,
202,
275,
78,
596,
194,
147,
153,
41,
667,
1308,
272,
294,
40,
199,
241,
251,
147,
236,
250,
194,
184,
78,
276,
190,
177,
281,
203,
179,
206,
177,
579,
298,
1639,
223,
127,
301,
248,
611,
184,
1086,
244,
198,
239,
616,
1633,
75,
243,
1130,
204,
279,
1098,
285,
218,
235,
1580,
225,
198,
239,
536,
177,
251,
210,
228,
1065,
181,
175,
265,
213,
456,
1128,
209,
189,
178,
155,
274,
171,
1049,
211,
199,
192,
218,
158,
150,
560,
144,
534,
183,
217,
161,
158,
229,
213,
561,
199,
228,
231,
45,
223,
1072,
444,
158,
472,
307,
279,
219,
39,
1165,
365,
419,
215,
193,
247,
147,
264,
465,
411,
222,
230,
172,
250,
418,
570,
286,
204,
163,
454,
112,
297,
250,
320,
187,
44,
1209,
187,
548,
78,
1639,
399,
63,
548,
299,
697,
716,
270,
663,
339,
423,
99,
651,
692,
217,
699,
963,
208,
255,
380,
699,
950,
976,
692,
198,
52,
243,
236,
1191,
1604,
372,
410,
202,
115,
175,
223,
52,
159,
215,
288,
2331,
233,
210,
463,
454,
51,
47,
158,
581,
194,
140,
49,
248,
207,
292,
41,
155,
460,
253,
238,
111,
49,
245,
691,
367,
249,
213,
238,
233,
36,
237,
247,
108,
214,
136,
136,
226,
219,
185,
39,
175,
189,
575,
81,
189,
203,
257,
236,
240,
234,
255,
217,
260,
176,
584,
128,
169,
133,
207,
479,
281,
288,
150,
173,
217,
227,
152,
119,
578,
192,
213,
587,
560,
226,
41,
147,
1401,
201,
165,
279,
77,
254,
2373,
357,
1402,
210,
158,
141,
273,
229,
478,
1147,
306,
219,
145,
244,
586,
284,
212,
210,
1405,
218,
207,
225,
208,
215,
1146,
122,
246,
218,
114,
668,
218,
233,
691,
196,
1145,
195,
169,
152,
589,
202,
148,
197,
167,
203,
188,
621,
225,
278,
214,
46,
211,
283,
482,
264,
462,
150,
193,
237,
190,
578,
215,
295,
349,
205,
224,
294,
178,
170,
698,
206,
238,
1787,
197,
188,
41,
234,
440,
186,
310,
1191,
264,
169,
315,
1117,
673,
715,
654,
219,
537,
540,
634,
260,
136,
257,
471,
707,
530,
144,
266,
1017,
480,
169,
1005,
1002,
776,
672,
79,
230,
214,
771,
187,
775,
304,
80,
955,
232,
284,
239,
688,
122,
717,
63,
1579,
54,
319,
1537,
1266,
765,
121,
220,
156,
302,
553,
44,
300,
297,
684,
52,
218,
2414,
307,
1711,
192,
231,
121,
397,
278,
47,
306,
453,
206,
367,
238,
173,
201,
217,
299,
653,
291,
196,
1710,
46,
1450,
298,
288,
216,
225,
437,
117,
254,
361,
209,
141,
250,
632,
253,
161,
40,
269,
116,
166,
289,
1652,
385,
115,
205,
237,
253,
114,
173,
43,
233,
385,
174,
112,
291,
1644,
627,
220,
659,
89,
183,
353,
1677,
414,
317,
42,
219,
196,
153,
543,
281,
412,
207,
168,
300,
162,
410,
644,
42,
249,
124,
287,
164,
398,
238,
44,
170,
206,
122,
159,
127,
155,
216,
183,
40,
711,
196,
334,
188,
86,
203,
252,
147,
227,
127,
241,
207,
1332,
40,
278,
241,
200,
125,
191,
1353,
278,
135,
184,
43,
288,
231,
260,
182,
201,
43,
420,
1157,
2444,
771,
147,
527,
139,
245,
273,
589,
1120,
241,
1092,
177,
652,
208,
278,
1412,
309,
153,
210,
218,
246,
537,
1202,
228,
251,
504,
486,
1158,
226,
215,
503,
178,
143,
256,
1847,
1121,
200,
189,
46,
255,
221,
585,
193,
489,
241,
161,
580,
2403,
215,
206,
159,
219,
206,
452,
689,
745,
371,
214,
156,
42,
125,
1093,
248,
527,
366,
374,
1821,
362,
177,
2464,
188,
115,
506,
195,
271,
239,
46,
42,
549,
143,
280,
1828,
493,
262,
724,
569,
101,
811,
137,
1034,
172,
38,
202,
705,
812,
669,
1853,
84,
317,
311,
68,
767,
1610,
189,
1016,
147,
316,
765,
310,
237,
230,
308,
1036,
184,
680,
303,
956,
315,
191,
135,
348,
301,
303,
1362,
307,
2480,
680,
367,
299,
135,
138,
178,
230,
225,
389,
207,
676,
287,
239,
206,
317,
261,
202,
223,
302,
296,
239,
131,
300,
39,
135,
289,
240,
687,
100,
255,
296,
131,
251,
287,
255,
675,
38,
248,
251,
245,
46,
1784,
436,
109,
179,
152,
344,
724,
40,
257,
170,
194,
604,
83,
39,
253,
286,
238,
247,
347,
317,
167,
184,
128,
223,
248,
770,
40,
268,
231,
228,
148,
247,
225,
233,
237,
190,
169,
210,
1706,
415,
226,
151,
1472,
42,
179,
264,
193,
129,
150,
93,
580,
94,
117,
176,
232,
434,
240,
724,
1378,
796,
46,
164,
265,
229,
214,
37,
337,
353,
552,
36,
206,
436,
244,
218,
153,
196,
48,
215,
1835,
284,
245,
239,
41,
214,
227,
1171,
172,
1186,
218,
219,
1775,
650,
214,
254,
197,
182,
556,
249,
1179,
176,
204,
420,
208,
261,
162,
228,
786,
268,
194,
725,
200,
153,
204,
192,
272,
169,
144,
198,
725,
408,
216,
657,
172,
171,
216,
278,
398,
435,
188,
219,
374,
199,
697,
158,
166,
431,
206,
239,
332,
44,
162,
660,
541,
1877,
151,
176,
230,
41,
139,
751,
1423,
211,
312,
410,
673,
425,
338,
402,
41,
169,
664,
312,
41,
191,
299,
364,
1806,
160,
38,
665,
333,
329,
294,
132,
289,
42,
666,
293,
844,
605,
301,
149,
561,
290,
757,
118,
843,
137,
1038,
691,
288,
670,
227,
48,
310,
240,
287,
103,
1441,
1033,
214,
670,
842,
1022,
834,
69,
229,
288,
285,
208,
955,
833,
242,
732,
221,
175,
283,
314,
299,
250,
2396,
195,
245,
94,
143,
249,
296,
240,
673,
734,
249,
43,
245,
222,
436,
41,
240,
578,
235,
438,
515,
240,
588,
141,
251,
247,
64,
140,
380,
755,
220,
214,
238,
141,
430,
202,
394,
1782,
419,
266,
36,
179,
464,
690,
296,
194,
204,
186,
1430,
347,
398,
141,
220,
237,
687,
186,
205,
281,
233,
184,
514,
182,
227,
404,
216,
674,
474,
243,
418,
276,
201,
143,
327,
195,
211,
158,
241,
387,
495,
1868,
232,
349,
685,
217,
182,
154,
142,
167,
141,
793,
713,
176,
227,
224,
156,
224,
317,
1913,
207,
793,
719,
253,
202,
195,
238,
219,
45,
599,
632,
191,
156,
183,
39,
178,
363,
803,
371,
386,
764,
172,
206,
188,
203,
175,
400,
201,
1574,
601,
563,
179,
224,
371,
200,
1249,
1851,
161,
188,
173,
1184,
261,
337,
189,
201,
143,
199,
202,
148,
199,
146,
1191,
150,
498,
216,
161,
178,
151,
422,
164,
138,
1454,
43,
43,
188,
750,
147,
388,
199,
1599,
110,
172,
160,
186,
181,
144,
212,
1244,
75,
41,
291,
288,
290,
397,
284,
288,
40,
1113,
359,
358,
131,
41,
82,
286,
404,
278,
282,
155,
236,
276,
231,
287,
146,
658,
220,
900,
1030,
129,
236,
580,
120,
876,
887,
761,
279,
1568,
109,
1022,
738,
956,
44,
1477,
954,
417,
1842,
128,
278,
222,
292,
289,
692,
53,
155,
779,
880,
171,
243,
240,
878,
249,
47,
751,
2026,
45,
149,
236,
242,
238,
518,
232,
241,
43,
733,
286,
748,
47,
785,
704,
228,
530,
516,
144,
380,
141,
40,
188,
181,
181,
132,
87,
795,
246,
603,
228,
263,
215,
144,
684,
190,
687,
1832,
187,
714,
177,
229,
163,
181,
38,
258,
167,
176,
197,
229,
713,
544,
35,
189,
141,
201,
198,
710,
192,
197,
183,
178,
205,
171,
160,
189,
169,
166,
200,
155,
728,
165,
352,
151,
390,
129,
138,
401,
390,
366,
208,
351,
160,
718,
505,
404,
391,
328,
426,
223,
1495,
153,
720,
252,
2044,
417,
360,
212,
354,
715,
159,
197,
782,
150,
184,
1268,
1187,
282,
158,
154,
163,
116,
155,
794,
1258,
218,
224,
151,
657,
276,
171,
165,
147,
223,
480,
150,
155,
171,
279,
231,
183,
742,
166,
488,
150,
47,
226,
204,
521,
500,
713,
46,
117,
704,
167,
637,
723,
403,
736,
40,
205,
375,
297,
406,
310,
313,
1209,
308,
327,
311,
950,
304,
307,
128,
303,
301,
753,
298,
295,
114,
947,
945,
753,
1034,
294,
385,
292,
758,
287,
53,
74,
1032,
1019,
753,
241,
238,
242,
955,
931,
147,
920,
238,
2033,
299,
291,
72,
228,
652,
742,
48,
150,
744,
685,
107,
487,
146,
236,
149,
231,
254,
2667,
188,
317,
179,
39,
251,
588,
239,
149,
294,
232,
514,
220,
474,
207,
147,
179,
508,
147,
213,
320,
294,
146,
469,
186,
386,
208,
256,
41,
260,
1869,
204,
177,
286,
2024,
264,
675,
558,
373,
382,
231,
268,
37,
333,
148,
221,
357,
239,
713,
494,
154,
196,
242,
252,
158,
1981,
244,
215,
699,
696,
172,
142,
219,
282,
342,
138,
102,
212,
165,
152,
1977,
187,
257,
572,
299,
203,
320,
443,
215,
449,
141,
152,
435,
697,
209,
42,
172,
453,
170,
118,
185,
371,
148,
388,
811,
189,
349,
680,
1973,
225,
372,
234,
194,
793,
379,
267,
2074,
219,
41,
2049,
196,
1266,
230,
1848,
1591,
173,
215,
1263,
43,
207,
141,
1185,
321,
208,
182,
132,
411,
209,
1254,
214,
647,
192,
2031,
141,
244,
198,
146,
218,
161,
187,
284,
148,
284,
800,
45,
823,
211,
198,
173,
209,
203,
171,
626,
239,
518,
2117,
398,
809,
2592,
328,
527,
447,
189,
307,
554,
811,
385,
307,
167,
207,
1200,
177,
764,
304,
482,
2026,
302,
418,
301,
638,
133,
832,
280,
971,
312,
297,
306,
301,
1868,
563,
277,
292,
970,
175,
288,
105,
2133,
1032,
238,
470,
299,
969,
155,
233,
102,
1976,
295,
244,
455,
290,
1633,
233,
71,
956,
301,
98,
240,
144,
225,
957,
232,
1639,
69,
474,
149,
298,
77,
246,
135,
224,
231,
54,
302,
241,
946,
148,
309,
217,
606,
295,
50,
185,
147,
183,
518,
40,
779,
132,
583,
182,
56,
258,
510,
220,
589,
151,
55,
156,
175,
47,
642,
184,
226,
307,
46,
41,
1624,
45,
40,
1770,
302,
228,
175,
234,
42,
186,
139,
159,
36,
223,
670,
138,
344,
223,
2013,
274,
782,
1767,
198,
171,
140,
93,
216,
170,
195,
149,
133,
430,
221,
157,
232,
46,
277,
109,
246,
149,
144,
166,
418,
226,
102,
193,
207,
92,
1665,
96,
206,
38,
269,
149,
2076,
787,
92,
1664,
203,
42,
207,
350,
178,
276,
133,
93,
350,
251,
208,
154,
177,
1182,
358,
275,
787,
212,
95,
201,
661,
203,
176,
254,
191,
225,
189,
1275,
309,
733,
319,
182,
272,
179,
151,
250,
462,
42,
211,
142,
262,
151,
149,
292,
216,
462,
163,
152,
448,
142,
286,
306,
251,
444,
737,
765,
211,
219,
148,
41,
443,
184,
179,
273,
753,
270,
222,
2161,
242,
245,
199,
297,
304,
2132,
244,
343,
490,
145,
39,
258,
285,
166,
288,
286,
246,
745,
468,
281,
1114,
39,
668,
1099,
306,
301,
2155,
227,
279,
476,
764,
661,
458,
223,
172,
581,
1283,
745,
219,
144,
321,
288,
215,
1035,
659,
1033,
296,
151,
240,
239,
234,
136,
649,
1032,
295,
214,
680,
209,
230,
175,
989,
1020,
181,
163,
640,
1706,
225,
1021,
208,
127,
984,
221,
974,
204,
215,
248,
274,
241,
73,
57,
549,
290,
245,
295,
538,
234,
53,
232,
192,
265,
41,
669,
227,
231,
438,
737,
150,
988,
221,
128,
195,
119,
452,
204,
279,
205,
237,
152,
1970,
250,
229,
636,
40,
42,
125,
216,
82,
156,
203,
638,
277,
82,
171,
283,
166,
175,
130,
203,
102,
180,
196,
235,
130,
445,
166,
230,
238,
1851,
474,
226,
166,
458,
2044,
250,
42,
257,
242,
687,
560,
259,
117,
68,
38,
2186,
136,
181,
358,
627,
311,
164,
245,
1832,
379,
179,
270,
504,
2175,
126,
300,
396,
410,
40,
2142,
437,
71,
266,
234,
391,
2091,
394,
243,
41,
195,
247,
1267,
389,
724,
1182,
72,
174,
278,
206,
361,
515,
72,
1266,
633,
143,
543,
205,
512,
71,
1253,
210,
153,
178,
148,
379,
319,
128,
296,
150,
2192,
235,
153,
252,
200,
72,
1762,
224,
146,
1903,
686,
238,
322,
223,
45,
218,
222,
665,
736,
305,
298,
176,
227,
724,
201,
419,
316,
316,
297,
198,
170,
44,
159,
665,
685,
542,
221,
553,
653,
134,
422,
646,
281,
136,
651,
372,
182,
464,
194,
135,
651,
373,
127,
134,
155,
725,
1035,
134,
2114,
1053,
2228,
183,
656,
152,
1048,
1051,
194,
1033,
2241,
219,
1038,
1729,
1047,
656,
223,
52,
1021,
239,
1044,
59,
262,
448,
267,
137,
2117,
207,
222,
653,
215,
265,
218,
593,
222,
53,
213,
101,
208,
353,
44,
201,
39,
1778,
546,
207,
153,
2628,
99,
313,
700,
252,
248,
196,
1901,
258,
247,
654,
78,
720,
176,
69,
507,
248,
151,
252,
345,
256,
156,
718,
235,
614,
242,
151,
72,
45,
128,
238,
163,
81,
702,
699,
186,
567,
40,
185,
699,
38,
140,
691,
72,
480,
156,
194,
181,
245,
170,
176,
174,
232,
180,
174,
66,
226,
168,
125,
2228,
129,
237,
127,
125,
127,
96,
1650,
160,
626,
414,
62,
248,
145,
384,
575,
1885,
190,
472,
132,
547,
408,
261,
50,
318,
623,
301,
240,
45,
180,
684,
1945,
44,
234,
2237,
620,
303,
259,
574,
372,
62,
399,
379,
570,
536,
638,
2186,
63,
523,
162,
187,
118,
623,
192,
337,
1267,
197,
278,
39,
707,
178,
64,
189,
499,
1257,
402,
201,
642,
176,
164,
412,
220,
407,
241,
175,
142,
146,
239,
314,
1278,
266,
154,
264,
151,
303,
246,
630,
250,
389,
195,
227,
43,
648,
252,
301,
183,
359,
1111,
297,
719,
1983,
187,
571,
2177,
2684,
144,
230,
2276,
541,
768,
143,
2204,
679,
1212,
219,
107,
598,
290,
1037,
212,
207,
252,
2052,
1035,
216,
1121,
202,
211,
1033,
69,
613,
198,
580,
106,
1099,
194,
1017,
1097,
192,
623,
211,
184,
210,
206,
193,
189,
235,
144,
94,
182,
189,
202,
1757,
72,
152,
1062,
416,
193,
93,
720,
195,
54,
52,
613,
1067,
168,
152,
491,
185,
274,
496,
152,
240,
2208,
194,
189,
92,
178,
553,
50,
104,
148,
276,
535,
152,
43,
209,
254,
41,
284,
147,
257,
1930,
228,
79,
636,
167,
173,
74,
87,
158,
153,
179,
529,
528,
131,
46,
234,
140,
70,
213,
291,
42,
341,
40,
175,
181,
69,
230,
189,
97,
143,
320,
169,
136,
118,
807,
66,
464,
46,
218,
581,
133,
168,
549,
190,
149,
430,
143,
139,
203,
156,
62,
43,
164,
182,
172,
1577,
440,
143,
155,
180,
305,
701,
222,
123,
44,
160,
1950,
360,
435,
164,
686,
695,
146,
188,
380,
64,
1950,
43,
178,
328,
147,
2096,
63,
174,
184,
2006,
264,
333,
279,
295,
2057,
305,
286,
235,
426,
44,
214,
50,
273,
645,
290,
760,
106,
2079,
215,
1626,
321,
190,
189,
295,
448,
142,
1272,
40,
569,
252,
296,
198,
1270,
186,
178,
314,
186,
45,
184,
174,
294,
223,
152,
2083,
1268,
217,
266,
312,
228,
202,
645,
147,
147,
342,
280,
146,
45,
712,
642,
285,
288,
544,
152,
426,
214,
712,
503,
194,
221,
394,
50,
506,
512,
44,
532,
299,
643,
260,
416,
748,
741,
42,
646,
1891,
196,
1106,
527,
207,
616,
641,
294,
174,
771,
635,
112,
569,
211,
634,
203,
210,
452,
173,
2320,
654,
1121,
209,
321,
163,
1041,
284,
665,
1115,
200,
114,
1039,
183,
499,
207,
1108,
1038,
380,
250,
197,
188,
195,
462,
206,
166,
1036,
191,
203,
191,
443,
173,
51,
195,
189,
226,
154,
96,
283,
182,
43,
208,
188,
706,
2250,
186,
1085,
1109,
146,
673,
276,
525,
177,
665,
182,
40,
150,
145,
233,
154,
272,
574,
192,
689,
468,
822,
155,
149,
92,
438,
203,
145,
149,
167,
146,
593,
2002,
2169,
216,
444,
615,
43,
209,
525,
41,
576,
135,
197,
530,
229,
74,
146,
125,
434,
522,
74,
160,
43,
140,
678,
199,
196,
240,
1944,
1656,
211,
193,
266,
110,
2326,
190,
135,
197,
151,
202,
357,
387,
178,
327,
253,
207,
333,
434,
425,
527,
377,
178,
196,
166,
380,
415,
398,
47,
201,
163,
181,
202,
688,
2195,
570,
139,
345,
74,
457,
149,
334,
492,
376,
162,
280,
198,
533,
166,
339,
140,
201,
485,
186,
47,
293,
480,
567,
75,
204,
358,
191,
40,
281,
325,
326,
1263,
275,
221,
302,
198,
214,
201,
1589,
282,
53,
240,
588,
640,
230,
223,
325,
199,
184,
268,
487,
144,
217,
579,
164,
1344,
571,
180,
566,
356,
144,
158,
1282,
46,
211,
549,
43,
304,
165,
1280,
320,
226,
318,
351,
642,
187,
546,
138,
572,
338,
292,
212,
243,
296,
328,
541,
467,
211,
271,
491,
155,
244,
492,
396,
307,
338,
381,
645,
425,
295,
187,
44,
283,
2451,
2051,
504,
325,
208,
437,
430,
1146,
1106,
214,
101,
463,
210,
1038,
190,
1664,
1129,
68,
208,
1126,
206,
1994,
198,
477,
193,
207,
195,
55,
191,
153,
1123,
174,
46,
1907,
1041,
432,
195,
592,
190,
151,
2085,
149,
62,
159,
178,
206,
117,
172,
210,
164,
116,
133,
1404,
213,
209,
204,
659,
121,
2405,
46,
158,
188,
152,
194,
47,
464,
156,
114,
142,
167,
228,
520,
189,
43,
189,
195,
194,
205,
2128,
112,
158,
186,
46,
214,
595,
169,
91,
215,
2822,
191,
185,
86,
186,
525,
221,
681,
168,
171,
141,
307,
211,
44,
199,
428,
354,
414,
146,
415,
423,
200,
177,
679,
255,
196,
139,
164,
239,
529,
298,
627,
185,
596,
325,
238,
133,
184,
444,
1897,
584,
529,
257,
42,
88,
182,
207,
670,
281,
2133,
396,
327,
284,
527,
90,
628,
171,
2111,
396,
191,
89,
153,
211,
590,
528,
394,
534,
455,
331,
42,
336,
414,
255,
484,
234,
128,
414,
342,
150,
312,
43,
40,
201,
531,
1344,
432,
893,
156,
261,
187,
149,
196,
288,
157,
206,
220,
273,
172,
1277,
138,
232,
583,
176,
260,
412,
429,
180,
213,
166,
246,
175,
239,
2583,
299,
180,
192,
45,
170,
539,
273,
178,
359,
321,
218,
175,
538,
179,
143,
304,
381,
153,
279,
251,
287,
277,
587,
400,
357,
338,
540,
44,
601,
639,
570,
378,
145,
321,
563,
541,
135,
1115,
2237,
218,
174,
145,
537,
226,
512,
168,
122,
332,
254,
256,
583,
431,
375,
148,
576,
89,
145,
132,
1191,
342,
85,
340,
63,
1042,
230,
129,
1793,
1198,
227,
1791,
1172,
215,
1800,
236,
227,
231,
198,
204,
229,
1167,
226,
133,
1045,
64,
224,
50,
185,
225,
346,
147,
68,
195,
179,
50,
327,
217,
215,
210,
225,
129,
523,
239,
223,
2009,
206,
424,
216,
211,
259,
2218,
202,
200,
421,
207,
238,
243,
48,
606,
530,
124,
141,
185,
156,
530,
210,
193,
133,
231,
293,
122,
598,
164,
45,
381,
587,
40,
414,
227,
161,
193,
631,
196,
485,
196,
448,
234,
193,
179,
235,
200,
136,
565,
183,
498,
159,
1695,
178,
369,
2195,
93,
147,
235,
463,
92,
300,
118,
115,
210,
185,
210,
620,
1662,
301,
114,
40,
138,
539,
220,
218,
255,
328,
617,
207,
95,
269,
480,
273,
408,
456,
520,
479,
292,
377,
375,
1835,
443,
2291,
267,
456,
256,
2092,
637,
429,
188,
147,
184,
253,
1338,
1847,
202,
1408,
666,
581,
1353,
218,
156,
220,
191,
370,
1274,
148,
676,
162,
442,
410,
217,
368,
430,
723,
1368,
382,
629,
615,
2627,
185,
184,
460,
322,
272,
336,
253,
591,
628,
387,
582,
332,
348,
423,
328,
163,
46,
579,
387,
342,
436,
309,
43,
591,
1199,
345,
218,
1389,
298,
134,
574,
1188,
193,
413,
1303,
192,
183,
455,
2274,
434,
171,
114,
1227,
658,
92,
105,
1120,
162,
1874,
598,
1042,
147,
163,
1869,
81,
1221,
598,
1791,
1040,
239,
137,
175,
1863,
57,
243,
1193,
2509,
217,
2252,
273,
229,
277,
688,
137,
78,
222,
246,
213,
2801,
249,
1790,
2503,
1870,
1194,
76,
200,
245,
179,
242,
74,
240,
237,
592,
431,
65,
136,
592,
585,
236,
239,
66,
136,
64,
235,
376,
132,
507,
234,
231,
386,
207,
57,
229,
226,
295,
613,
283,
202,
270,
172,
610,
466,
631,
45,
254,
44,
287,
426,
308,
203,
471,
199,
155,
496,
129,
480,
585,
113,
330,
680,
200,
50,
385,
169,
576,
290,
457,
176,
181,
227,
41,
175,
428,
152,
383,
281,
152,
410,
594,
311,
256,
450,
233,
421,
432,
139,
297,
237,
177,
412,
572,
153,
399,
555,
144,
305,
377,
242,
260,
152,
235,
43,
552,
2278,
697,
370,
300,
298,
602,
218,
599,
369,
236,
303,
173,
45,
271,
45,
143,
700,
44,
42,
1354,
236,
583,
267,
220,
331,
172,
188,
640,
568,
205,
164,
190,
209,
1278,
147,
214,
348,
169,
401,
1276,
658,
297,
403,
218,
197,
180,
166,
303,
632,
204,
182,
147,
154,
310,
563,
144,
308,
280,
206,
256,
140,
149,
381,
416,
583,
704,
138,
234,
172,
609,
364,
713,
1360,
586,
379,
153,
266,
320,
589,
582,
289,
240,
280,
150,
363,
511,
291,
352,
582,
47,
40,
2585,
1188,
460,
433,
373,
431,
583,
444,
246,
143,
317,
171,
612,
346,
1243,
348,
199,
1238,
139,
125,
112,
1109,
351,
273,
661,
68,
1175,
1792,
2438,
1864,
249,
1159,
60,
1785,
46,
420,
1137,
237,
1048,
255,
670,
1045,
224,
233,
1401,
226,
320,
147,
238,
2883,
191,
665,
89,
146,
1876,
444,
588,
1803,
253,
331,
1497,
310,
341,
148,
439,
289,
326,
629,
306,
490,
168,
288,
305,
175,
507,
2450,
311,
297,
450,
253,
1807,
203,
204,
146,
327,
237,
270,
187,
454,
602,
316,
275,
286,
157,
168,
308,
273,
162,
657,
144,
47,
259,
614,
45,
109,
271,
194,
242,
597,
118,
456,
159,
50,
145,
215,
242,
392,
264,
177,
253,
122,
589,
224,
469,
235,
206,
147,
275,
400,
319,
592,
187,
401,
237,
442,
454,
281,
407,
320,
295,
178,
173,
438,
218,
202,
155,
562,
259,
343,
167,
373,
239,
554,
272,
243,
297,
347,
679,
273,
585,
2009,
237,
139,
297,
335,
614,
253,
1315,
663,
1412,
587,
227,
151,
233,
1341,
164,
580,
1410,
557,
2511,
1274,
137,
1357,
228,
1942,
1280,
576,
303,
429,
225,
553,
139,
2329,
618,
226,
139,
300,
249,
152,
554,
382,
2395,
174,
242,
550,
348,
555,
173,
277,
464,
166,
248,
1193,
299,
173,
359,
653,
583,
152,
242,
642,
2304,
371,
186,
129,
179,
726,
561,
1297,
451,
479,
78,
1190,
91,
206,
1119,
1105,
544,
145,
1042,
611,
101,
1188,
76,
544,
287,
94,
75,
594,
1799,
1795,
70,
1173,
286,
1785,
471,
1791,
67,
203,
280,
603,
295,
240,
536,
1172,
200,
2714,
247,
62,
247,
1271,
194,
111,
252,
504,
213,
195,
1883,
425,
613,
43,
546,
284,
410,
203,
1806,
43,
603,
339,
267,
57,
333,
1544,
337,
328,
301,
264,
42,
350,
530,
324,
334,
268,
345,
328,
253,
171,
543,
589,
226,
520,
345,
280,
42,
568,
190,
41,
223,
513,
171,
189,
255,
532,
170,
609,
267,
294,
201,
232,
182,
227,
272,
627,
158,
172,
398,
243,
197,
195,
228,
283,
469,
469,
223,
198,
501,
425,
2101,
669,
384,
290,
191,
289,
173,
178,
483,
419,
496,
2094,
172,
144,
45,
221,
697,
279,
43,
483,
196,
151,
223,
233,
184,
329,
188,
447,
275,
214,
616,
282,
184,
279,
177,
197,
393,
186,
2104,
221,
162,
213,
579,
243,
186,
280,
574,
40,
1346,
482,
1357,
547,
162,
517,
136,
270,
495,
149,
1275,
155,
293,
200,
1280,
541,
517,
613,
152,
205,
216,
172,
149,
459,
526,
114,
188,
452,
192,
174,
234,
130,
524,
498,
339,
190,
249,
327,
186,
122,
501,
173,
537,
144,
151,
297,
2769,
2721,
714,
363,
228,
150,
508,
163,
154,
2309,
185,
593,
479,
190,
161,
153,
556,
1939,
488,
586,
152,
187,
1118,
136,
399,
569,
569,
133,
494,
606,
142,
42,
364,
561,
580,
1244,
131,
85,
1125,
45,
1236,
354,
1121,
84,
1793,
96,
219,
128,
1108,
485,
42,
350,
1045,
85,
540,
485,
1801,
1225,
1217,
347,
580,
1869,
232,
312,
247,
82,
1797,
148,
329,
231,
561,
410,
308,
80,
586,
353,
253,
152,
318,
222,
305,
44,
614,
101,
73,
240,
174,
437,
488,
211,
1965,
486,
72,
366,
403,
487,
233,
2072,
442,
301,
241,
287,
275,
578,
1887,
211,
401,
49,
2069,
221,
80,
1814,
232,
396,
321,
177,
75,
394,
331,
229,
584,
406,
401,
414,
541,
224,
248,
515,
349,
555,
344,
490,
1725,
192,
381,
286,
247,
178,
271,
395,
151,
554,
469,
42,
233,
181,
219,
573,
134,
155,
503,
186,
190,
145,
36,
530,
513,
195,
128,
487,
146,
312,
506,
124,
484,
138,
136,
212,
191,
347,
187,
151,
158,
196,
521,
264,
106,
226,
157,
41,
182,
256,
542,
464,
2012,
179,
251,
261,
487,
268,
272,
265,
428,
189,
143,
231,
486,
308,
197,
462,
170,
176,
431,
207,
494,
254,
202,
186,
164,
130,
531,
1354,
529,
204,
467,
41,
1272,
219,
285,
624,
198,
310,
179,
168,
267,
281,
339,
215,
169,
155,
168,
266,
174,
221,
177,
520,
187,
447,
1362,
167,
130,
120,
370,
137,
1353,
163,
207,
125,
2026,
602,
145,
1272,
300,
202,
140,
153,
523,
513,
165,
260,
162,
241,
564,
209,
181,
543,
427,
552,
524,
487,
558,
159,
483,
43,
77,
567,
480,
217,
180,
203,
478,
150,
85,
546,
478,
1293,
217,
458,
147,
544,
483,
111,
549,
121,
106,
187,
165,
551,
81,
136,
485,
74,
1125,
551,
142,
1289,
2602,
287,
1122,
275,
1110,
1280,
508,
382,
367,
589,
1046,
1869,
44,
57,
402,
311,
549,
1265,
326,
1237,
221,
287,
420,
1799,
507,
160,
48,
230,
296,
390,
407,
196,
242,
401,
146,
434,
407,
610,
366,
85,
429,
243,
44,
552,
1809,
420,
418,
169,
415,
42,
171,
527,
408,
120,
518,
243,
426,
41,
210,
178,
85,
43,
1894,
415,
169,
1896,
569,
160,
299,
182,
499,
302,
124,
513,
237,
114,
2000,
1734,
171,
195,
155,
273,
1825,
1387,
324,
205,
131,
184,
177,
109,
154,
73,
404,
183,
153,
225,
474,
203,
184,
210,
338,
114,
540,
149,
232,
149,
236,
526,
148,
179,
104,
322,
166,
456,
499,
423,
487,
261,
297,
475,
1658,
204,
525,
242,
547,
239,
36,
474,
126,
199,
210,
232,
153,
176,
157,
526,
133,
627,
449,
182,
217,
37,
605,
525,
460,
528,
175,
447,
641,
2015,
193,
261,
198,
523,
164,
650,
194,
164,
288,
207,
185,
134,
529,
144,
183,
1271,
488,
148,
524,
246,
175,
138,
201,
1343,
44,
153,
171,
145,
523,
511,
174,
140,
206,
232,
1269,
267,
222,
249,
524,
158,
492,
192,
475,
523,
428,
50,
1287,
358,
204,
369,
203,
172,
494,
198,
327,
144,
209,
346,
195,
443,
501,
641,
126,
580,
123,
373,
604,
163,
134,
499,
91,
587,
412,
512,
96,
168,
124,
561,
2035,
501,
328,
64,
1305,
498,
1967,
1290,
64,
1127,
1282,
2560,
51,
1124,
1969,
138,
421,
392,
91,
1800,
41,
1866,
1282,
186,
539,
382,
54,
153,
411,
1274,
151,
1798,
308,
42,
410,
201,
81,
389,
168,
134,
1119,
162,
37,
342,
296,
324,
343,
486,
490,
196,
207,
171,
147,
569,
99,
260,
1789,
483,
312,
487,
111,
479,
175,
527,
170,
1373,
156,
464,
341,
242,
41,
194,
275,
438,
439,
486,
140,
443,
228,
239,
437,
461,
356,
1887,
187,
613,
175,
179,
493,
445,
411,
198,
200,
637,
241,
172,
598,
526,
173,
185,
136,
194,
253,
191,
171,
232,
615,
313,
164,
219,
397,
174,
203,
143,
195,
494,
124,
129,
248,
181,
313,
1556,
521,
168,
474,
217,
39,
177,
1656,
472,
302,
122,
179,
36,
475,
230,
187,
197,
124,
547,
192,
136,
440,
241,
136,
135,
141,
121,
423,
145,
538,
139,
184,
334,
291,
166,
418,
1827,
663,
253,
225,
509,
197,
405,
169,
642,
325,
460,
172,
172,
201,
164,
345,
160,
163,
215,
213,
210,
375,
186,
514,
1344,
136,
204,
181,
223,
172,
161,
192,
228,
167,
1500,
239,
219,
193,
162,
147,
515,
139,
1277,
207,
158,
312,
430,
321,
151,
463,
544,
441,
242,
149,
1285,
187,
165,
135,
254,
1277,
2583,
174,
445,
513,
330,
366,
42,
464,
708,
1943,
694,
533,
318,
2027,
175,
42,
516,
336,
68,
630,
1954,
1864,
415,
475,
153,
550,
288,
142,
329,
147,
92,
45,
90,
67,
1124,
521,
526,
186,
53,
60,
562,
1124,
244,
165,
263,
1324,
1259,
50,
451,
1123,
70,
1320,
548,
47,
1514,
419,
1203,
2428,
40,
143,
414,
1187,
337,
39,
329,
1337,
230,
401,
1257,
1804,
1345,
321,
320,
396,
508,
410,
1985,
422,
591,
403,
579,
397,
101,
174,
230,
555,
96,
564,
343,
230,
465,
207,
229,
161,
506,
501,
181,
607,
582,
511,
127,
1619,
1807,
222,
515,
249,
84,
499,
151,
508,
138,
397,
496,
1884,
183,
166,
504,
218,
209,
397,
685,
365,
207,
1895,
154,
227,
134,
181,
186,
187,
1421,
425,
165,
171,
360,
167,
129,
39,
215,
177,
137,
180,
190,
178,
168,
207,
158,
121,
188,
126,
1391,
148,
140,
43,
261,
343,
465,
136,
182,
104,
96,
309,
114,
44,
450,
179,
114,
127,
354,
200,
135,
1470,
110,
207,
326,
305,
452,
141,
313,
145,
319,
115,
432,
313,
184,
138,
51,
430,
195,
1834,
756,
173,
332,
315,
2577,
520,
620,
222,
399,
391,
41,
189,
142,
228,
206,
1274,
197,
134,
186,
1495,
425,
318,
197,
165,
202,
178,
168,
185,
130,
147,
1273,
134,
171,
142,
133,
188,
464,
334,
1351,
277,
1385,
438,
191,
164,
195,
464,
305,
170,
190,
139,
326,
661,
351,
210,
371,
395,
156,
163,
159,
175,
150,
157,
625,
45,
188,
321,
191,
40,
114,
625,
143,
325,
97,
1183,
509,
136,
396,
489,
469,
605,
44,
154,
46,
77,
705,
490,
396,
67,
45,
228,
41,
781,
1262,
151,
456,
142,
244,
1231,
1235,
1126,
141,
1217,
450,
508,
44,
1125,
432,
241,
43,
1172,
1353,
1514,
1124,
388,
1507,
1885,
1327,
221,
1112,
41,
109,
290,
203,
314,
1877,
411,
423,
2437,
2058,
115,
217,
41,
227,
325,
234,
1175,
320,
503,
1982,
112,
87,
186,
150,
572,
2394,
313,
420,
132,
96,
1809,
252,
90,
160,
662,
148,
377,
89,
128,
521,
1538,
519,
157,
441,
43,
662,
520,
39,
119,
532,
519,
259,
668,
163,
517,
515,
507,
82,
135,
234,
156,
388,
445,
156,
241,
141,
612,
622,
182,
306,
139,
148,
153,
204,
815,
135,
166,
603,
194,
249,
173,
189,
245,
603,
140,
1473,
790,
119,
660,
183,
603,
169,
116,
150,
43,
39,
620,
367,
245,
193,
39,
288,
170,
210,
409,
321,
375,
235,
430,
145,
188,
309,
381,
106,
176,
363,
222,
209,
186,
225,
194,
130,
281,
168,
359,
134,
209,
394,
349,
1312,
217,
2019,
337,
161,
831,
631,
219,
199,
215,
202,
325,
260,
1265,
166,
161,
279,
214,
375,
353,
222,
1344,
45,
320,
1279,
210,
230,
216,
349,
338,
47,
312,
343,
320,
156,
1361,
144,
169,
347,
266,
175,
208,
42,
341,
320,
626,
1282,
284,
197,
41,
178,
381,
146,
216,
578,
382,
284,
220,
360,
277,
416,
294,
194,
176,
344,
44,
353,
579,
42,
125,
116,
335,
341,
488,
158,
105,
579,
1963,
643,
160,
43,
41,
336,
67,
1958,
1124,
158,
306,
585,
1123,
643,
1219,
40,
1234,
268,
39,
1122,
142,
1227,
586,
280,
1120,
271,
1873,
262,
390,
295,
1111,
292,
1868,
1958,
1463,
1223,
147,
333,
415,
419,
575,
146,
328,
1795,
159,
428,
318,
679,
685,
103,
146,
48,
1887,
441,
244,
379,
134,
1219,
326,
324,
231,
367,
516,
173,
280,
319,
234,
372,
511,
687,
241,
521,
139,
87,
90,
516,
93,
434,
117,
162,
510,
240,
241,
97,
1971,
199,
141,
47,
402,
1899,
42,
147,
601,
506,
44,
256,
40,
128,
433,
1982,
193,
116,
140,
157,
115,
173,
105,
142,
137,
44,
193,
377,
134,
165,
224,
186,
107,
233,
152,
90,
418,
41,
130,
223,
210,
425,
251,
273,
618,
120,
613,
207,
1209,
149,
136,
99,
87,
176,
237,
440,
133,
216,
222,
378,
140,
38,
249,
216,
350,
617,
85,
294,
298,
259,
532,
210,
424,
253,
273,
216,
209,
334,
86,
191,
878,
392,
363,
356,
880,
230,
609,
401,
202,
2302,
2398,
286,
1319,
495,
165,
200,
224,
319,
182,
189,
369,
206,
230,
1315,
167,
341,
147,
1343,
308,
169,
264,
385,
277,
139,
1277,
242,
43,
162,
1497,
130,
137,
268,
172,
157,
353,
322,
1361,
150,
346,
268,
180,
151,
344,
260,
241,
886,
277,
256,
636,
197,
257,
243,
184,
193,
196,
278,
168,
248,
276,
45,
204,
158,
2316,
257,
301,
564,
108,
2098,
1961,
2240,
297,
45,
268,
202,
43,
174,
267,
155,
42,
1127,
376,
1289,
51,
1126,
1125,
48,
1289,
230,
53,
47,
1292,
1123,
1111,
502,
509,
1886,
39,
1260,
1891,
49,
1546,
203,
46,
599,
1258,
296,
501,
1872,
304,
293,
40,
240,
493,
497,
126,
600,
229,
501,
425,
294,
245,
1550,
429,
234,
423,
392,
170,
137,
305,
217,
600,
37,
158,
99,
122,
422,
2396,
107,
264,
273,
126,
204,
227,
144,
167,
207,
271,
419,
257,
408,
142,
125,
418,
128,
124,
343,
619,
192,
120,
127,
114,
1811,
349,
334,
121,
164,
330,
120,
1729,
121,
148,
120,
143,
430,
622,
236,
209,
109,
189,
196,
155,
128,
1893,
226,
117,
157,
139,
409,
614,
351,
102,
288,
121,
121,
223,
141,
284,
37,
292,
251,
333,
284,
290,
36,
222,
1297,
133,
232,
2009,
2004,
86,
36,
199,
1926,
398,
387,
508,
252,
306,
118,
617,
361,
193,
246,
483,
1349,
248,
331,
1300,
163,
282,
1121,
234,
295,
213,
311,
166,
151,
629,
209,
234,
212,
261,
161,
2347,
147,
330,
160,
260,
380,
252,
137,
143,
361,
2220,
373,
238,
300,
46,
207,
237,
41,
225,
201,
192,
246,
178,
42,
190,
1372,
1950,
205,
244,
40,
171,
942,
235,
42,
1151,
199,
1285,
2092,
216,
182,
139,
981,
227,
245,
2036,
282,
2031,
213,
306,
236,
964,
1253,
1119,
75,
291,
238,
1383,
198,
285,
143,
1120,
405,
201,
403,
1117,
390,
49,
52,
385,
65,
87,
1338,
154,
1106,
41,
296,
398,
405,
278,
330,
392,
234,
1040,
197,
212,
291,
1882,
326,
1609,
239,
1334,
325,
343,
135,
321,
111,
333,
1307,
1890,
232,
1614,
1340,
241,
332,
327,
41,
264,
38,
236,
1716,
247,
101,
396,
320,
157,
236,
224,
251,
318,
166,
2304,
312,
186,
1009,
241,
207,
1716,
172,
311,
218,
307,
109,
133,
253,
42,
1800,
106,
229,
41,
131,
299,
265,
253,
332,
352,
261,
586,
265,
279,
133,
161,
325,
160,
135,
262,
214,
132,
257,
522,
413,
160,
178,
42,
530,
298,
40,
264,
98,
140,
181,
216,
46,
136,
227,
186,
521,
181,
157,
132,
452,
93,
152,
306,
129,
224,
290,
432,
239,
211,
208,
40,
215,
325,
336,
291,
686,
226,
355,
1121,
106,
42,
242,
253,
153,
1418,
232,
238,
42,
143,
171,
208,
1332,
615,
264,
545,
218,
1036,
42,
208,
220,
989,
1122,
196,
235,
216,
272,
184,
183,
252,
164,
42,
168,
272,
1361,
251,
181,
276,
168,
324,
199,
40,
550,
141,
208,
545,
1049,
413,
214,
285,
260,
217,
166,
179,
234,
1180,
365,
179,
38,
161,
412,
138,
40,
343,
257,
239,
270,
373,
180,
213,
204,
211,
329,
455,
304,
212,
1726,
1950,
474,
172,
217,
212,
225,
372,
372,
413,
2087,
247,
1010,
1003,
1237,
195,
252,
984,
1007,
189,
461,
189,
400,
161,
242,
182,
186,
214,
157,
46,
1111,
273,
1421,
42,
244,
502,
42,
223,
2044,
41,
1114,
270,
275,
383,
311,
277,
314,
41,
292,
249,
312,
307,
1107,
306,
283,
165,
168,
1042,
315,
1376,
1729,
1718,
275,
1035,
1381,
44,
145,
170,
183,
231,
137,
286,
309,
167,
1377,
217,
490,
307,
98,
2073,
419,
206,
300,
486,
179,
226,
315,
229,
1787,
156,
45,
104,
295,
129,
305,
249,
302,
225,
168,
137,
306,
309,
177,
148,
45,
117,
155,
153,
241,
43,
289,
181,
243,
144,
42,
371,
140,
248,
385,
108,
145,
340,
1808,
461,
1900,
306,
249,
106,
179,
269,
217,
1737,
196,
230,
219,
359,
237,
131,
91,
234,
237,
373,
302,
264,
228,
1730,
207,
225,
213,
134,
220,
228,
308,
259,
197,
172,
119,
1021,
128,
235,
163,
274,
445,
292,
195,
161,
265,
273,
288,
245,
442,
253,
203,
1033,
1345,
1343,
203,
433,
2096,
37,
208,
179,
194,
297,
513,
208,
257,
1117,
265,
253,
269,
240,
1265,
207,
1263,
2007,
244,
210,
1041,
301,
203,
518,
208,
223,
989,
903,
204,
192,
212,
199,
166,
241,
208,
176,
215,
210,
1264,
472,
150,
267,
279,
144,
187,
401,
256,
417,
175,
173,
193,
382,
161,
378,
297,
356,
1058,
231,
290,
1790,
354,
382,
253,
176,
296,
272,
2014,
168,
314,
324,
1858,
1506,
182,
1723,
368,
1593,
1545,
609,
1054,
49,
208,
347,
227,
205,
213,
271,
205,
1106,
43,
45,
227,
171,
169,
137,
1375,
221,
45,
214,
249,
158,
1364,
44,
476,
229,
334,
366,
331,
480,
226,
42,
315,
231,
180,
303,
92,
43,
290,
197,
164,
145,
378,
189,
1104,
170,
271,
361,
1452,
44,
42,
1420,
146,
254,
40,
290,
318,
1041,
327,
1039,
1409,
177,
326,
211,
312,
200,
199,
1035,
1733,
53,
1035,
153,
197,
1424,
291,
309,
1731,
1384,
323,
294,
244,
301,
286,
346,
321,
261,
109,
243,
286,
282,
299,
121,
168,
145,
175,
273,
206,
1814,
158,
163,
237,
43,
286,
148,
168,
283,
164,
137,
91,
201,
166,
212,
189,
134,
212,
320,
122,
870,
162,
88,
131,
101,
274,
205,
277,
325,
144,
123,
82,
196,
244,
247,
282,
215,
242,
40,
121,
225,
1014,
250,
247,
215,
507,
242,
290,
212,
125,
231,
226,
203,
328,
133,
244,
513,
188,
2007,
794,
213,
204,
220,
204,
161,
190,
140,
193,
164,
275,
350,
222,
152,
198,
276,
205,
212,
226,
40,
135,
243,
189,
196,
247,
131,
182,
441,
137,
190,
1257,
204,
1330,
1255,
171,
769,
2089,
190,
224,
357,
1176,
186,
1267,
192,
440,
182,
1169,
192,
43,
203,
145,
215,
193,
277,
180,
163,
852,
1251,
150,
191,
215,
168,
142,
1178,
959,
367,
533,
194,
159,
156,
150,
151,
207,
199,
179,
1837,
1180,
149,
211,
469,
182,
183,
182,
154,
189,
172,
297,
195,
398,
215,
448,
326,
423,
169,
240,
201,
133,
340,
222,
644,
149,
357,
181,
484,
210,
42,
1011,
185,
1370,
166,
210,
199,
48,
41,
191,
37,
164,
543,
208,
547,
203,
488,
524,
223,
181,
180,
155,
112,
569,
477,
501,
49,
707,
288,
156,
472,
466,
344,
46,
1446,
168,
45,
482,
460,
2058,
1439,
1038,
146,
399,
2047,
240,
1429,
87,
1808,
310,
44,
1420,
320,
395,
189,
387,
181,
393,
907,
1455,
218,
319,
37,
310,
317,
479,
1809,
297,
337,
1041,
226,
862,
190,
218,
310,
333,
308,
476,
302,
396,
108,
372,
346,
282,
338,
164,
218,
1877,
194,
289,
91,
334,
136,
217,
426,
145,
189,
154,
1977,
172,
181,
114,
426,
176,
1889,
215,
157,
132,
170,
80,
183,
118,
194,
44,
198,
145,
207,
1830,
132,
195,
206,
150,
226,
185,
129,
1905,
320,
210,
166,
174,
211,
320,
195,
201,
790,
212,
143,
196,
175,
157,
137,
190,
191,
163,
180,
198,
199,
193,
159,
95,
179,
168,
116,
198,
205,
151,
180,
132,
42,
247,
130,
123,
214,
227,
162,
201,
171,
199,
186,
43,
207,
41,
217,
676,
158,
220,
161,
166,
208,
1174,
214,
1246,
363,
188,
206,
210,
215,
1181,
185,
220,
381,
181,
326,
1174,
2024,
1163,
194,
163,
197,
204,
45,
186,
448,
235,
156,
160,
455,
156,
129,
149,
131,
43,
222,
181,
174,
47,
442,
202,
480,
175,
147,
179,
43,
148,
281,
453,
179,
241,
38,
190,
170,
1105,
222,
453,
181,
166,
296,
436,
159,
184,
189,
201,
436,
158,
183,
41,
834,
227,
270,
43,
208,
241,
179,
611,
366,
628,
43,
41,
197,
93,
373,
1491,
160,
42,
180,
207,
41,
1104,
1468,
42,
814,
1039,
161,
1878,
162,
1464,
338,
1870,
152,
39,
218,
319,
185,
1038,
408,
131,
323,
187,
318,
1030,
412,
315,
404,
328,
312,
154,
392,
1402,
42,
315,
219,
1454,
249,
416,
143,
86,
175,
126,
338,
403,
217,
152,
110,
184,
40,
414,
399,
120,
409,
343,
207,
165,
116,
185,
87,
405,
148,
163,
399,
162,
1903,
342,
345,
1900,
164,
111,
153,
45,
201,
162,
341,
232,
319,
186,
136,
180,
1911,
159,
340,
198,
205,
165,
159,
180,
138,
1820,
181,
250,
1997,
176,
160,
753,
40,
163,
498,
130,
114,
208,
1917,
41,
207,
258,
159,
132,
163,
160,
146,
388,
253,
220,
192,
210,
261,
40,
452,
185,
226,
208,
446,
174,
212,
159,
180,
211,
40,
158,
203,
507,
204,
143,
245,
35,
471,
161,
197,
383,
194,
188,
218,
192,
181,
176,
860,
438,
2014,
681,
172,
194,
1180,
113,
445,
470,
209,
41,
155,
1254,
183,
220,
1091,
187,
152,
862,
201,
158,
690,
207,
1176,
198,
143,
317,
193,
1182,
185,
183,
259,
208,
180,
168,
277,
147,
146,
258,
152,
292,
178,
198,
194,
201,
326,
189,
338,
117,
319,
220,
247,
200,
477,
45,
451,
164,
174,
223,
204,
248,
187,
215,
186,
165,
204,
660,
1772,
450,
178,
299,
161,
40,
215,
163,
308,
187,
707,
43,
95,
1461,
42,
1471,
143,
553,
806,
1037,
1029,
45,
637,
1463,
321,
247,
1768,
41,
165,
157,
1779,
1776,
400,
1463,
151,
146,
326,
320,
1995,
1705,
315,
155,
145,
410,
151,
280,
1464,
326,
367,
959,
150,
192,
409,
1030,
161,
169,
403,
408,
1693,
238,
143,
125,
461,
188,
144,
406,
2077,
283,
106,
45,
399,
144,
497,
240,
340,
149,
271,
405,
44,
150,
299,
169,
192,
344,
115,
868,
337,
162,
331,
340,
397,
128,
780,
179,
83,
1717,
661,
327,
146,
446,
175,
324,
183,
151,
508,
120,
426,
142,
334,
118,
129,
137,
119,
182,
175,
1987,
106,
142,
353,
515,
144,
167,
178,
345,
137,
125,
334,
119,
150,
143,
116,
44,
354,
122,
37,
197,
132,
260,
146,
85,
215,
285,
142,
248,
129,
141,
170,
90,
186,
103,
237,
304,
163,
90,
257,
269,
1573,
38,
248,
211,
197,
242,
230,
2011,
209,
259,
192,
468,
238,
180,
2007,
692,
547,
237,
41,
139,
203,
87,
180,
533,
43,
287,
698,
196,
357,
188,
253,
134,
189,
548,
138,
530,
695,
181,
1094,
286,
242,
286,
154,
527,
216,
1257,
304,
167,
46,
256,
1193,
197,
161,
435,
230,
525,
45,
221,
197,
1195,
1955,
224,
349,
704,
180,
180,
485,
153,
187,
154,
546,
167,
209,
1195,
313,
179,
180,
171,
280,
543,
285,
181,
247,
195,
695,
297,
290,
200,
141,
89,
1028,
205,
332,
173,
87,
157,
48,
1512,
188,
1538,
56,
1027,
733,
130,
1017,
949,
85,
51,
1528,
49,
1483,
307,
1605,
945,
57,
163,
169,
307,
44,
1707,
317,
125,
150,
1508,
235,
299,
180,
1486,
227,
233,
182,
223,
213,
172,
177,
403,
51,
342,
340,
235,
232,
223,
160,
314,
496,
338,
141,
125,
157,
50,
332,
164,
123,
1788,
661,
330,
553,
328,
49,
140,
190,
185,
122,
222,
338,
166,
508,
127,
134,
183,
162,
183,
183,
329,
119,
330,
178,
182,
1637,
124,
327,
342,
324,
174,
118,
164,
41,
319,
144,
280,
323,
142,
131,
130,
82,
183,
179,
169,
127,
1963,
252,
100,
273,
189,
168,
232,
140,
105,
137,
81,
166,
94,
137,
1736,
80,
305,
172,
169,
222,
201,
197,
1735,
186,
127,
292,
123,
172,
42,
309,
185,
253,
261,
178,
41,
331,
225,
356,
274,
1734,
257,
247,
1840,
193,
549,
79,
1831,
210,
1917,
234,
268,
231,
267,
200,
43,
166,
1260,
535,
169,
274,
501,
131,
199,
248,
80,
126,
1184,
130,
168,
535,
271,
524,
268,
41,
139,
245,
269,
570,
470,
163,
149,
178,
241,
253,
779,
253,
180,
243,
42,
1186,
257,
147,
153,
555,
228,
46,
42,
172,
149,
229,
1932,
153,
1260,
303,
200,
200,
586,
544,
410,
214,
204,
247,
529,
45,
233,
190,
205,
169,
541,
327,
43,
200,
157,
299,
183,
311,
579,
307,
45,
317,
341,
313,
44,
38,
166,
43,
1950,
168,
172,
710,
146,
200,
93,
71,
1013,
1864,
1548,
36,
131,
493,
803,
1512,
1549,
160,
1548,
43,
944,
504,
1790,
1523,
240,
1513,
1709,
330,
218,
114,
240,
954,
42,
936,
214,
211,
237,
191,
231,
330,
200,
190,
158,
130,
339,
202,
1518,
146,
206,
118,
148,
335,
215,
156,
204,
151,
148,
139,
114,
183,
106,
118,
297,
323,
155,
141,
330,
108,
746,
168,
334,
108,
149,
1794,
330,
192,
121,
151,
321,
106,
314,
120,
326,
82,
42,
132,
49,
40,
108,
1723,
141,
127,
196,
181,
49,
197,
203,
186,
141,
176,
135,
166,
95,
1904,
179,
1715,
228,
182,
122,
608,
121,
279,
146,
353,
196,
78,
257,
101,
41,
253,
38,
243,
189,
77,
145,
179,
284,
151,
337,
336,
128,
124,
172,
310,
259,
77,
190,
185,
126,
304,
605,
120,
223,
273,
138,
79,
438,
242,
249,
213,
311,
237,
260,
275,
214,
301,
140,
39,
777,
223,
306,
202,
37,
208,
94,
81,
253,
252,
328,
201,
538,
146,
860,
536,
785,
864,
1263,
123,
550,
80,
397,
203,
242,
1173,
210,
269,
254,
147,
231,
228,
1185,
376,
205,
43,
404,
150,
269,
348,
549,
1184,
310,
204,
1010,
245,
294,
219,
215,
1857,
249,
110,
539,
1844,
41,
236,
1261,
1838,
160,
271,
139,
230,
141,
211,
123,
221,
468,
230,
269,
193,
226,
293,
479,
456,
294,
269,
364,
189,
203,
38,
177,
266,
161,
233,
320,
106,
267,
196,
191,
241,
184,
219,
350,
218,
38,
210,
201,
137,
301,
76,
162,
567,
489,
200,
1874,
477,
1577,
43,
177,
42,
161,
486,
1577,
944,
288,
40,
1561,
137,
337,
865,
327,
215,
226,
322,
333,
225,
1553,
1599,
1782,
396,
171,
269,
230,
1510,
1522,
304,
324,
907,
216,
229,
211,
319,
200,
1798,
182,
44,
222,
901,
288,
324,
182,
243,
43,
334,
835,
200,
111,
199,
321,
159,
318,
136,
231,
110,
113,
316,
164,
155,
314,
190,
314,
114,
312,
43,
501,
186,
310,
106,
107,
302,
308,
174,
326,
259,
84,
302,
100,
163,
184,
303,
232,
162,
178,
314,
179,
250,
154,
40,
284,
245,
205,
289,
39,
147,
275,
408,
130,
799,
207,
246,
151,
444,
123,
240,
290,
181,
259,
169,
177,
342,
233,
143,
134,
202,
289,
193,
196,
40,
239,
244,
242,
135,
237,
135,
175,
237,
515,
179,
236,
231,
237,
460,
483,
230,
263,
277,
216,
198,
451,
267,
159,
45,
164,
186,
298,
187,
209,
272,
787,
263,
870,
445,
161,
152,
149,
310,
200,
243,
1175,
260,
352,
155,
185,
229,
134,
1003,
296,
300,
283,
175,
319,
251,
276,
790,
463,
245,
449,
344,
152,
263,
149,
1187,
272,
1169,
381,
232,
457,
309,
168,
209,
149,
317,
992,
179,
243,
303,
1264,
1015,
301,
203,
149,
250,
318,
163,
477,
234,
201,
311,
151,
305,
189,
295,
290,
493,
164,
474,
1860,
304,
142,
167,
219,
208,
1784,
166,
232,
79,
141,
469,
898,
462,
309,
170,
424,
470,
163,
1625,
141,
319,
322,
948,
162,
380,
1575,
946,
1611,
1510,
60,
1548,
52,
943,
50,
314,
1631,
1793,
156,
321,
933,
46,
237,
130,
320,
208,
44,
170,
315,
212,
296,
219,
296,
307,
43,
313,
162,
208,
42,
200,
223,
213,
312,
189,
192,
208,
149,
309,
177,
284,
1719,
253,
137,
207,
256,
394,
151,
219,
303,
203,
1799,
1718,
267,
301,
126,
196,
308,
174,
311,
291,
185,
125,
439,
246,
157,
187,
121,
304,
309,
124,
151,
114,
321,
302,
134,
299,
142,
289,
331,
1746,
298,
416,
50,
124,
162,
188,
123,
286,
196,
308,
428,
46,
306,
130,
1805,
157,
120,
151,
197,
264,
303,
201,
143,
104,
38,
189,
220,
331,
1724,
173,
143,
299,
117,
38,
50,
119,
321,
214,
430,
285,
187,
277,
56,
851,
267,
153,
203,
271,
272,
148,
174,
264,
146,
269,
110,
136,
251,
260,
171,
213,
904,
234,
306,
249,
1932,
199,
163,
240,
212,
1180,
419,
202,
165,
870,
239,
159,
146,
206,
162,
455,
236,
479,
1176,
239,
159,
273,
137,
175,
1183,
455,
42,
233,
431,
167,
41,
155,
152,
239,
1166,
153,
168,
201,
397,
255,
318,
149,
148,
143,
144,
466,
152,
179,
260,
42,
189,
149,
356,
280,
393,
454,
225,
260,
1856,
280,
302,
454,
163,
218,
203,
270,
1853,
178,
240,
166,
179,
288,
345,
40,
391,
221,
159,
174,
1849,
111,
169,
343,
106,
144,
215,
324,
168,
378,
340,
1802,
229,
316,
41,
224,
408,
320,
948,
265,
167,
315,
164,
947,
310,
208,
306,
315,
293,
947,
301,
310,
1577,
1603,
297,
45,
1729,
43,
947,
307,
1600,
1785,
1566,
294,
89,
920,
43,
226,
306,
236,
216,
174,
231,
301,
149,
210,
293,
394,
214,
206,
509,
221,
291,
39,
297,
291,
261,
298,
86,
270,
147,
287,
242,
214,
363,
290,
923,
311,
245,
283,
364,
274,
407,
241,
165,
251,
215,
163,
248,
167,
411,
163,
283,
143,
302,
126,
416,
490,
296,
117,
106,
490,
37,
120,
417,
1703,
1682,
143,
160,
114,
274,
155,
332,
157,
307,
405,
285,
256,
141,
153,
1720,
170,
256,
246,
329,
310,
243,
402,
117,
243,
1758,
274,
152,
130,
282,
101,
114,
935,
436,
230,
114,
1738,
288,
141,
38,
1710,
142,
246,
275,
357,
141,
195,
123,
275,
273,
234,
172,
363,
272,
286,
257,
254,
240,
277,
171,
36,
157,
247,
264,
99,
505,
205,
188,
241,
270,
210,
232,
371,
254,
189,
263,
949,
270,
45,
412,
424,
165,
169,
182,
222,
241,
255,
1181,
1850,
150,
1186,
262,
251,
1098,
155,
159,
214,
150,
147,
145,
142,
219,
266,
213,
161,
202,
254,
218,
165,
230,
323,
1169,
234,
265,
257,
209,
789,
227,
238,
392,
42,
292,
226,
957,
208,
273,
401,
243,
198,
297,
303,
222,
256,
222,
359,
348,
212,
436,
265,
228,
43,
190,
194,
203,
42,
41,
424,
927,
228,
562,
183,
287,
184,
329,
496,
199,
1200,
40,
161,
307,
101,
397,
242,
381,
247,
96,
389,
95,
157,
313,
465,
304,
113,
1634,
1009,
407,
433,
408,
953,
1627,
315,
300,
273,
388,
988,
405,
244,
278,
1585,
45,
314,
44,
243,
1595,
239,
298,
310,
951,
1685,
212,
1625,
308,
174,
1884,
230,
36,
200,
152,
254,
397,
277,
246,
265,
298,
238,
246,
229,
114,
319,
1874,
151,
267,
287,
381,
215,
152,
392,
150,
282,
125,
225,
364,
156,
288,
185,
173,
129,
129,
313,
300,
368,
394,
98,
253,
184,
189,
163,
255,
84,
281,
228,
213,
38,
118,
404,
414,
291,
209,
389,
208,
211,
185,
170,
34,
401,
170,
119,
203,
147,
295,
400,
136,
193,
238,
131,
358,
197,
148,
59,
136,
171,
166,
212,
453,
262,
136,
147,
237,
131,
105,
406,
217,
237,
261,
238,
219,
176,
101,
371,
380,
245,
195,
225,
149,
118,
43,
217,
243,
225,
203,
235,
366,
253,
255,
447,
43,
42,
227,
166,
212,
40,
366,
349,
284,
218,
204,
260,
951,
298,
289,
1049,
201,
201,
957,
315,
216,
1178,
213,
204,
192,
206,
240,
186,
187,
369,
167,
260,
1176,
288,
155,
178,
227,
417,
151,
172,
224,
164,
174,
370,
161,
162,
214,
214,
1788,
208,
260,
205,
968,
214,
50,
208,
41,
160,
361,
48,
872,
250,
192,
367,
173,
204,
179,
279,
173,
200,
168,
145,
361,
202,
367,
174,
241,
172,
50,
196,
266,
159,
251,
193,
1016,
235,
166,
1198,
133,
158,
364,
137,
48,
324,
418,
416,
290,
215,
974,
395,
110,
233,
387,
201,
434,
208,
171,
429,
185,
300,
388,
152,
41,
1014,
249,
992,
220,
1658,
154,
226,
406,
167,
1666,
1793,
299,
150,
950,
1776,
390,
380,
307,
396,
1632,
326,
300,
361,
243,
331,
289,
215,
262,
326,
159,
319,
206,
210,
248,
230,
248,
158,
177,
318,
244,
291,
372,
179,
316,
1648,
222,
448,
272,
147,
170,
158,
188,
161,
223,
171,
248,
157,
98,
1724,
315,
330,
413,
185,
288,
319,
156,
99,
267,
161,
236,
271,
305,
474,
112,
287,
1869,
1796,
268,
152,
315,
167,
1779,
191,
160,
166,
151,
251,
323,
1626,
315,
150,
178,
315,
141,
195,
142,
142,
140,
137,
1723,
45,
412,
179,
1715,
184,
266,
141,
152,
123,
198,
231,
121,
219,
130,
241,
272,
247,
192,
43,
1874,
236,
185,
154,
108,
46,
222,
854,
141,
216,
168,
152,
267,
1829,
185,
299,
169,
268,
405,
183,
233,
120,
194,
125,
158,
855,
170,
45,
226,
234,
113,
290,
121,
409,
180,
225,
55,
40,
177,
238,
50,
1821,
146,
51,
43,
200,
261,
1828,
223,
159,
406,
40,
40,
132,
209,
984,
252,
222,
241,
197,
237,
217,
495,
408,
158,
179,
1040,
244,
184,
1133,
212,
238,
206,
542,
257,
380,
496,
1249,
211,
185,
1189,
428,
380,
229,
175,
215,
183,
1187,
129,
181,
156,
222,
375,
166,
380,
203,
189,
438,
169,
380,
244,
179,
152,
1169,
1854,
164,
178,
49,
171,
149,
135,
272,
190,
176,
156,
211,
1019,
376,
38,
1014,
151,
213,
428,
387,
209,
175,
301,
229,
205,
1978,
156,
423,
308,
43,
448,
327,
192,
233,
180,
1024,
383,
290,
301,
43,
38,
455,
175,
113,
1670,
1014,
287,
465,
133,
175,
951,
141,
459,
1943,
1672,
153,
314,
311,
429,
1769,
1653,
211,
951,
307,
142,
1037,
140,
1688,
293,
947,
1670,
204,
71,
210,
334,
414,
411,
1226,
290,
168,
239,
156,
130,
153,
332,
1005,
253,
219,
1743,
462,
163,
42,
341,
166,
317,
208,
40,
336,
333,
240,
183,
90,
217,
252,
447,
243,
225,
147,
151,
321,
160,
152,
265,
331,
215,
129,
243,
287,
174,
134,
336,
258,
132,
156,
463,
160,
210,
150,
163,
523,
161,
234,
329,
175,
332,
42,
103,
91,
39,
155,
289,
298,
272,
217,
195,
321,
138,
195,
227,
174,
202,
163,
169,
117,
258,
380,
197,
306,
104,
194,
139,
37,
268,
343,
229,
235,
152,
176,
176,
135,
192,
147,
207,
124,
937,
115,
112,
129,
185,
932,
128,
200,
434,
133,
238,
125,
979,
279,
259,
120,
129,
101,
143,
161,
160,
260,
438,
256,
141,
204,
161,
105,
197,
111,
250,
196,
277,
251,
289,
46,
440,
272,
249,
204,
177,
42,
174,
461,
169,
164,
404,
177,
278,
290,
193,
154,
250,
454,
245,
287,
178,
252,
215,
194,
1037,
582,
189,
536,
448,
1266,
209,
210,
219,
208,
382,
156,
445,
1173,
200,
167,
47,
170,
186,
160,
319,
327,
445,
211,
439,
1269,
325,
193,
174,
287,
39,
188,
1257,
170,
166,
182,
256,
153,
143,
202,
160,
437,
293,
44,
186,
138,
182,
161,
183,
171,
205,
268,
178,
173,
197,
148,
260,
247,
205,
462,
191,
962,
1061,
311,
190,
267,
205,
41,
457,
44,
144,
344,
454,
401,
112,
336,
307,
183,
111,
131,
985,
164,
109,
1025,
184,
551,
48,
1013,
948,
1733,
167,
39,
947,
86,
38,
942,
1702,
38,
1731,
1735,
40,
168,
317,
296,
150,
934,
38,
197,
214,
1008,
297,
316,
1710,
1722,
222,
249,
308,
992,
138,
125,
139,
402,
246,
171,
406,
397,
156,
37,
78,
153,
401,
120,
43,
139,
179,
1706,
173,
392,
398,
172,
213,
84,
204,
144,
1237,
167,
1634,
134,
173,
1707,
168,
335,
142,
173,
137,
121,
117,
119,
272,
345,
142,
170,
174,
173,
139,
123,
353,
179,
185,
440,
165,
113,
243,
129,
134,
164,
119,
230,
127,
153,
229,
117,
944,
111,
246,
610,
241,
153,
213,
1761,
268,
142,
180,
181,
146,
139,
166,
175,
43,
1819,
173,
338,
41,
351,
235,
189,
158,
260,
203,
113,
245,
41,
948,
945,
317,
229,
201,
205,
199,
199,
144,
186,
350,
194,
198,
185,
192,
103,
510,
189,
660,
163,
961,
341,
216,
209,
326,
616,
159,
223,
207,
157,
175,
203,
208,
53,
163,
269,
466,
315,
51,
195,
193,
189,
169,
224,
135,
199,
198,
466,
199,
158,
1050,
1829,
144,
202,
210,
339,
191,
137,
192,
463,
189,
168,
143,
340,
49,
202,
188,
139,
201,
329,
336,
295,
464,
1768,
152,
182,
149,
349,
228,
186,
1927,
2011,
169,
198,
1826,
271,
176,
181,
142,
167,
293,
232,
195,
238,
182,
190,
173,
42,
46,
202,
1774,
163,
41,
200,
170,
347,
199,
181,
44,
298,
476,
196,
43,
146,
471,
191,
342,
41,
1297,
477,
184,
945,
41,
199,
191,
1785,
159,
945,
176,
1785,
271,
946,
1710,
636,
1739,
1780,
1311,
646,
1003,
1700,
1704,
1697,
933,
314,
307,
319,
1769,
245,
1712,
132,
336,
284,
149,
202,
324,
244,
293,
305,
385,
428,
241,
159,
419,
39,
81,
417,
172,
290,
347,
175,
149,
306,
166,
413,
160,
157,
406,
124,
153,
344,
1701,
42,
142,
151,
216,
414,
162,
293,
177,
192,
1724,
131,
423,
184,
149,
499,
126,
163,
434,
161,
1635,
522,
1726,
140,
149,
159,
329,
161,
310,
500,
670,
271,
146,
120,
117,
441,
145,
118,
510,
156,
40,
236,
168,
204,
223,
219,
188,
183,
166,
1821,
366,
230,
153,
89,
176,
507,
168,
261,
100,
189,
158,
98,
202,
503,
182,
171,
214,
208,
171,
45,
270,
43,
275,
445,
954,
263,
1001,
1809,
312,
1129,
1002,
103,
208,
967,
687,
181,
251,
459,
204,
195,
103,
875,
457,
173,
195,
1056,
191,
871,
149,
202,
235,
161,
1830,
157,
103,
225,
401,
46,
283,
219,
207,
377,
176,
207,
283,
688,
174,
162,
154,
364,
406,
213,
149,
277,
227,
152,
147,
51,
740,
533,
164,
190,
160,
246,
207,
154,
237,
891,
220,
310,
196,
219,
247,
201,
172,
845,
262,
225,
210,
172,
1074,
943,
719,
38,
1377,
155,
53,
173,
172,
944,
43,
1784,
1787,
55,
107,
938,
42,
40,
484,
47,
1707,
1784,
149,
182,
875,
263,
135,
1779,
1705,
1779,
295,
482,
869,
328,
478,
249,
427,
1717,
323,
1753,
135,
318,
94,
425,
422,
183,
275,
316,
313,
43,
420,
173,
418,
251,
147,
225,
171,
120,
438,
410,
416,
240,
178,
161,
414,
230,
133,
76,
135,
212,
211,
128,
150,
207,
225,
407,
153,
1707,
1017,
249,
138,
206,
146,
157,
42,
84,
40,
502,
408,
110,
404,
415,
407,
350,
129,
186,
337,
400,
166,
349,
142,
149,
303,
226,
85,
132,
127,
117,
126,
125,
1813,
175,
203,
113,
122,
99,
328,
224,
142,
276,
157,
249,
257,
132,
243,
120,
848,
363,
186,
1715,
73,
154,
38,
182,
259,
123,
130,
261,
181,
109,
251,
236,
166,
285,
329,
75,
181,
218,
212,
335,
896,
223,
531,
1660,
152,
146,
296,
210,
274,
73,
304,
865,
268,
1357,
756,
1000,
218,
1354,
74,
189,
335,
968,
962,
274,
173,
43,
227,
1833,
200,
250,
250,
75,
522,
180,
196,
287,
149,
263,
222,
75,
531,
198,
161,
389,
145,
521,
233,
155,
417,
244,
162,
210,
531,
379,
76,
401,
262,
219,
377,
372,
792,
275,
1757,
269,
233,
212,
1755,
226,
202,
271,
1441,
158,
545,
205,
240,
485,
395,
41,
184,
223,
255,
785,
1373,
1295,
177,
781,
293,
173,
307,
1363,
179,
41,
276,
1108,
794,
163,
207,
1299,
217,
708,
211,
182,
1793,
97,
129,
938,
230,
194,
405,
245,
276,
409,
375,
723,
249,
401,
397,
406,
1794,
474,
92,
277,
392,
1791,
46,
223,
1801,
200,
53,
162,
1776,
471,
486,
1705,
1687,
333,
302,
157,
106,
91,
229,
1792,
1787,
215,
272,
237,
214,
1006,
211,
249,
405,
205,
43,
268,
412,
774,
335,
210,
398,
90,
201,
124,
300,
166,
340,
331,
100,
111,
308,
164,
172,
325,
275,
1718,
467,
162,
336,
1713,
153,
330,
324,
165,
150,
171,
189,
323,
150,
320,
315,
80,
151,
923,
162,
142,
171,
188,
123,
188,
260,
800,
257,
169,
179,
121,
54,
169,
189,
78,
119,
73,
139,
157,
496,
172,
170,
37,
117,
161,
285,
273,
104,
137,
206,
73,
138,
283,
145,
270,
130,
1735,
221,
206,
166,
39,
393,
246,
149,
126,
243,
132,
242,
417,
239,
144,
100,
137,
204,
1735,
273,
75,
136,
249,
1832,
38,
74,
366,
239,
237,
340,
47,
287,
45,
311,
286,
75,
183,
310,
532,
298,
203,
219,
189,
1347,
273,
526,
133,
185,
211,
802,
227,
207,
195,
305,
336,
244,
459,
253,
199,
298,
221,
285,
870,
218,
194,
855,
1272,
184,
175,
207,
46,
766,
1271,
156,
185,
1346,
132,
154,
229,
252,
163,
47,
274,
240,
144,
148,
451,
195,
440,
1846,
212,
428,
417,
205,
281,
1261,
327,
372,
422,
386,
354,
43,
249,
241,
828,
207,
218,
386,
247,
277,
44,
242,
277,
161,
322,
391,
282,
161,
1114,
249,
235,
228,
127,
1007,
288,
244,
706,
936,
123,
287,
929,
245,
292,
47,
1108,
489,
845,
43,
932,
188,
162,
162,
628,
260,
632,
981,
208,
99,
225,
198,
75,
476,
188,
1295,
932,
474,
316,
307,
928,
328,
257,
270,
170,
1862,
40,
318,
864,
39,
324,
204,
307,
1694,
862,
317,
1712,
1845,
209,
1704,
229,
234,
306,
861,
229,
301,
313,
681,
1801,
221,
39,
219,
246,
119,
236,
190,
191,
179,
197,
90,
173,
242,
189,
863,
309,
301,
184,
647,
238,
119,
143,
233,
207,
41,
180,
360,
248,
172,
273,
200,
257,
243,
198,
234,
186,
281,
229,
173,
141,
169,
41,
181,
117,
239,
161,
127,
151,
225,
163,
43,
101,
364,
181,
187,
235,
106,
120,
254,
513,
230,
142,
140,
113,
126,
174,
43,
42,
108,
119,
128,
541,
112,
195,
512,
155,
238,
44,
1728,
112,
266,
249,
1723,
203,
255,
492,
238,
249,
165,
499,
284,
232,
210,
227,
54,
1733,
170,
107,
515,
229,
195,
243,
540,
219,
47,
444,
299,
287,
290,
110,
269,
287,
38,
422,
281,
232,
260,
139,
1834,
228,
140,
445,
177,
244,
99,
219,
227,
857,
250,
806,
302,
213,
125,
42,
778,
267,
270,
774,
41,
103,
257,
602,
296,
1269,
472,
256,
191,
254,
223,
1833,
1267,
176,
282,
297,
193,
186,
105,
148,
171,
103,
1262,
770,
420,
435,
195,
171,
235,
558,
183,
448,
101,
163,
384,
238,
1832,
414,
288,
251,
314,
1847,
225,
1098,
269,
266,
259,
167,
188,
102,
224,
1261,
456,
318,
407,
192,
351,
260,
176,
36,
269,
232,
458,
201,
616,
799,
206,
158,
180,
564,
660,
247,
162,
109,
494,
459,
96,
396,
181,
237,
278,
41,
54,
257,
276,
229,
283,
337,
41,
275,
932,
291,
168,
285,
922,
255,
314,
859,
425,
232,
163,
1879,
336,
43,
41,
138,
859,
1879,
589,
239,
234,
207,
1704,
1878,
1710,
579,
204,
232,
227,
230,
235,
132,
203,
225,
1877,
376,
857,
227,
206,
201,
223,
215,
209,
221,
513,
292,
494,
132,
150,
1783,
265,
200,
204,
219,
256,
240,
128,
273,
243,
218,
133,
167,
214,
40,
131,
1717,
408,
180,
192,
129,
118,
133,
95,
275,
244,
216,
129,
1890,
116,
83,
221,
189,
134,
126,
129,
120,
498,
438,
128,
136,
167,
170,
40,
127,
45,
224,
284,
126,
113,
434,
332,
215,
475,
260,
175,
39,
251,
140,
440,
124,
214,
105,
187,
168,
215,
191,
289,
139,
256,
190,
158,
178,
122,
208,
405,
92,
210,
228,
167,
1736,
217,
376,
134,
125,
508,
226,
434,
317,
171,
49,
46,
427,
304,
255,
270,
1152,
197,
253,
214,
403,
395,
551,
1244,
533,
256,
1176,
431,
266,
352,
356,
235,
162,
770,
1182,
267,
259,
443,
277,
242,
161,
605,
602,
173,
366,
279,
219,
142,
291,
191,
139,
157,
365,
186,
485,
258,
330,
324,
447,
491,
46,
868,
299,
175,
44,
277,
450,
162,
405,
158,
1098,
397,
463,
347,
457,
315,
178,
502,
196,
317,
454,
286,
1283,
227,
44,
313,
448,
240,
273,
793,
169,
286,
173,
474,
609,
291,
331,
339,
1855,
1860,
423,
41,
446,
249,
46,
48,
236,
41,
280,
1855,
405,
93,
1297,
102,
114,
1289,
458,
188,
243,
172,
208,
218,
188,
324,
171,
51,
42,
1957,
414,
477,
134,
298,
39,
858,
41,
1954,
302,
1708,
272,
855,
1783,
288,
176,
391,
1916,
146,
842,
264,
1893,
1703,
352,
231,
175,
300,
268,
1890,
43,
135,
497,
218,
290,
201,
134,
273,
183,
39,
308,
286,
207,
240,
166,
284,
299,
133,
179,
271,
143,
249,
246,
234,
213,
260,
146,
139,
178,
162,
145,
227,
224,
178,
245,
245,
133,
172,
138,
1716,
381,
241,
241,
113,
132,
128,
1789,
129,
248,
155,
116,
128,
151,
120,
146,
138,
312,
350,
117,
184,
86,
126,
1910,
191,
227,
136,
318,
285,
213,
198,
229,
416,
268,
202,
279,
190,
40,
223,
194,
368,
132,
442,
207,
128,
405,
127,
210,
284,
163,
205,
274,
348,
586,
231,
405,
268,
170,
135,
345,
131,
307,
129,
267,
335,
278,
132,
346,
248,
393,
128,
809,
675,
47,
329,
276,
273,
687,
421,
410,
38,
1244,
770,
293,
280,
228,
428,
1262,
234,
216,
408,
275,
690,
348,
437,
414,
183,
215,
308,
273,
349,
342,
189,
333,
263,
190,
163,
1830,
249,
225,
693,
254,
170,
176,
204,
162,
159,
1192,
211,
343,
990,
922,
467,
44,
231,
153,
162,
221,
298,
192,
240,
252,
41,
231,
192,
325,
152,
251,
224,
293,
314,
1284,
39,
251,
216,
220,
207,
1858,
305,
336,
750,
185,
287,
1860,
109,
529,
226,
239,
429,
166,
472,
41,
61,
233,
717,
247,
148,
464,
216,
193,
141,
857,
135,
1967,
207,
1964,
456,
216,
856,
134,
1957,
452,
152,
236,
857,
1778,
43,
1706,
331,
854,
302,
40,
218,
236,
210,
313,
286,
1888,
316,
176,
453,
308,
322,
235,
136,
300,
233,
239,
156,
144,
299,
296,
235,
210,
174,
134,
177,
431,
387,
168,
45,
313,
1695,
127,
1795,
1965,
132,
254,
235,
237,
181,
297,
431,
310,
173,
212,
152,
249,
334,
252,
196,
126,
162,
144,
183,
153,
257,
227,
155,
290,
159,
276,
152,
123,
325,
76,
148,
114,
303,
45,
299,
131,
243,
156,
254,
147,
49,
309,
226,
452,
247,
115,
219,
301,
215,
440,
124,
258,
262,
321,
666,
229,
200,
133,
152,
251,
440,
271,
161,
342,
317,
188,
285,
340,
433,
249,
124,
141,
1808,
37,
243,
152,
174,
421,
197,
1737,
325,
173,
417,
283,
1258,
153,
460,
229,
218,
272,
38,
431,
261,
1257,
155,
450,
284,
273,
1247,
422,
241,
40,
445,
442,
247,
253,
439,
277,
264,
220,
457,
482,
397,
190,
333,
377,
254,
218,
169,
309,
194,
201,
694,
234,
207,
641,
181,
298,
184,
160,
149,
176,
1750,
392,
281,
223,
250,
182,
257,
412,
201,
201,
167,
184,
43,
443,
276,
258,
157,
266,
390,
226,
217,
437,
1935,
225,
316,
219,
216,
716,
1865,
221,
323,
266,
242,
158,
199,
245,
379,
191,
350,
97,
317,
53,
400,
306,
211,
1207,
42,
97,
282,
327,
428,
366,
114,
150,
60,
111,
316,
52,
62,
1872,
922,
1961,
858,
857,
1960,
52,
856,
1883,
251,
1911,
216,
38,
182,
1957,
185,
218,
264,
818,
173,
156,
322,
215,
268,
169,
232,
206,
238,
1709,
152,
299,
209,
40,
304,
249,
250,
177,
314,
277,
361,
288,
299,
1893,
296,
294,
188,
246,
331,
153,
295,
276,
167,
302,
173,
148,
1706,
242,
182,
90,
333,
424,
322,
256,
739,
294,
249,
292,
150,
44,
1791,
317,
171,
139,
145,
128,
247,
187,
431,
328,
437,
144,
167,
155,
135,
215,
154,
242,
137,
306,
428,
425,
1719,
130,
42,
155,
288,
224,
214,
144,
124,
316,
323,
205,
277,
220,
306,
183,
216,
324,
157,
160,
209,
329,
183,
363,
227,
162,
110,
135,
146,
145,
166,
264,
191,
130,
119,
301,
44,
428,
183,
202,
239,
198,
117,
270,
393,
186,
177,
803,
281,
167,
234,
36,
128,
387,
253,
342,
110,
95,
270,
360,
156,
342,
287,
221,
436,
193,
230,
190,
40,
135,
39,
159,
220,
240,
1264,
244,
424,
1248,
539,
567,
574,
495,
503,
361,
240,
239,
235,
391,
499,
221,
203,
319,
1266,
182,
225,
216,
162,
251,
191,
341,
187,
193,
195,
258,
232,
154,
181,
200,
179,
210,
203,
165,
266,
162,
459,
330,
151,
258,
1191,
318,
912,
150,
182,
314,
208,
313,
206,
393,
335,
151,
149,
299,
165,
308,
275,
161,
46,
319,
218,
146,
154,
211,
228,
286,
42,
189,
231,
249,
287,
240,
192,
48,
235,
278,
224,
508,
216,
207,
162,
179,
167,
1946,
110,
330,
153,
327,
471,
126,
187,
65,
1866,
44,
925,
462,
152,
243,
1883,
1967,
471,
863,
1955,
857,
227,
286,
1712,
472,
1881,
250,
1966,
854,
282,
465,
291,
1711,
366,
247,
306,
177,
1784,
159,
165,
427,
291,
1887,
152,
1711,
297,
868,
42,
194,
248,
217,
375,
319,
433,
175,
431,
168,
1794,
153,
144,
165,
236,
160,
355,
312,
320,
371,
151,
244,
479,
1720,
302,
148,
348,
280,
179,
217,
345,
160,
1718,
111,
173,
343,
159,
340,
475,
299,
214,
190,
283,
188,
338,
130,
176,
146,
248,
182,
336,
112,
334,
152,
127,
187,
147,
402,
108,
133,
196,
233,
145,
309,
203,
281,
158,
193,
157,
129,
279,
271,
125,
116,
151,
187,
41,
270,
154,
119,
118,
317,
428,
145,
152,
262,
170,
281,
169,
183,
260,
114,
259,
244,
123,
307,
1832,
342,
268,
1824,
245,
91,
246,
314,
149,
146,
225,
1737,
453,
252,
234,
271,
344,
186,
45,
336,
43,
783,
817,
379,
337,
147,
273,
244,
54,
578,
1263,
547,
238,
574,
1268,
202,
250,
234,
568,
158,
299,
214,
207,
1263,
300,
1844,
43,
232,
215,
191,
159,
201,
230,
154,
225,
428,
473,
150,
272,
160,
1255,
136,
207,
161,
333,
201,
243,
424,
226,
146,
918,
48,
205,
164,
179,
320,
263,
253,
379,
42,
140,
258,
891,
238,
233,
376,
137,
231,
234,
427,
229,
428,
383,
1867,
193,
48,
41,
46,
254,
230,
240,
325,
45,
889,
130,
208,
899,
62,
848,
807,
