32,
50,
33,
49,
33,
34,
31,
79,
33,
76,
28,
36,
84,
58,
33,
33,
105,
111,
122,
32,
82,
126,
121,
99,
127,
96,
104,
75,
86,
101,
70,
60,
87,
94,
39,
125,
144,
129,
135,
130,
71,
41,
59,
129,
177,
170,
58,
169,
56,
88,
155,
102,
179,
161,
168,
62,
120,
89,
58,
163,
81,
182,
101,
137,
50,
49,
45,
156,
75,
168,
114,
43,
41,
114,
127,
141,
107,
120,
37,
135,
151,
141,
139,
164,
139,
199,
82,
125,
79,
174,
103,
40,
32,
219,
144,
170,
233,
204,
181,
142,
206,
202,
215,
115,
211,
119,
114,
49,
208,
218,
215,
180,
229,
223,
46,
211,
237,
102,
210,
242,
66,
191,
48,
243,
209,
156,
211,
237,
216,
249,
240,
243,
153,
180,
193,
42,
237,
226,
133,
40,
260,
235,
221,
41,
37,
230,
33,
217,
239,
233,
195,
131,
268,
214,
189,
220,
120,
236,
152,
250,
208,
192,
214,
230,
227,
208,
178,
228,
222,
208,
245,
191,
150,
273,
220,
281,
234,
252,
238,
145,
234,
241,
233,
241,
90,
40,
259,
193,
239,
183,
217,
271,
171,
140,
35,
129,
119,
180,
231,
248,
63,
173,
123,
198,
147,
236,
266,
184,
132,
237,
167,
45,
180,
302,
195,
207,
188,
274,
93,
88,
194,
218,
88,
250,
84,
142,
126,
161,
164,
197,
141,
203,
225,
122,
126,
107,
207,
104,
122,
38,
126,
194,
195,
87,
327,
304,
73,
80,
279,
286,
234,
224,
248,
111,
231,
250,
243,
146,
229,
239,
194,
209,
308,
176,
268,
195,
292,
208,
146,
166,
255,
317,
267,
224,
166,
165,
203,
291,
107,
291,
151,
243,
172,
288,
291,
166,
171,
190,
328,
43,
195,
194,
249,
39,
309,
217,
277,
242,
285,
225,
74,
182,
165,
200,
206,
260,
303,
190,
195,
174,
216,
268,
251,
76,
182,
349,
278,
171,
350,
242,
73,
180,
160,
282,
300,
340,
298,
314,
287,
290,
231,
74,
155,
199,
253,
240,
74,
73,
306,
162,
69,
175,
166,
299,
66,
152,
258,
254,
144,
176,
239,
151,
131,
67,
242,
119,
247,
76,
153,
68,
146,
76,
133,
191,
259,
64,
204,
183,
63,
183,
177,
46,
44,
127,
162,
295,
124,
159,
294,
40,
161,
38,
139,
37,
334,
139,
144,
235,
33,
250,
130,
249,
235,
240,
38,
221,
192,
37,
230,
321,
174,
260,
217,
242,
33,
300,
174,
292,
136,
290,
159,
156,
161,
155,
164,
341,
45,
310,
385,
32,
390,
114,
342,
307,
169,
36,
132,
389,
356,
316,
168,
439,
44,
187,
390,
181,
175,
129,
417,
179,
173,
163,
101,
114,
174,
253,
244,
239,
297,
294,
85,
46,
137,
42,
226,
101,
82,
270,
290,
34,
178,
284,
32,
282,
152,
146,
428,
183,
153,
223,
368,
429,
184,
68,
212,
370,
424,
312,
465,
180,
395,
42,
80,
64,
436,
408,
334,
49,
415,
355,
416,
424,
43,
415,
127,
443,
423,
343,
410,
375,
380,
358,
406,
403,
416,
407,
398,
447,
369,
388,
395,
161,
398,
358,
394,
353,
212,
384,
362,
418,
345,
216,
395,
430,
141,
354,
447,
289,
441,
463,
258,
199,
441,
341,
73,
280,
205,
79,
176,
165,
211,
347,
301,
278,
425,
366,
441,
374,
377,
406,
88,
355,
159,
363,
375,
88,
345,
99,
47,
84,
239,
257,
182,
214,
79,
230,
79,
175,
173,
156,
75,
45,
217,
162,
60,
244,
314,
305,
363,
320,
396,
41,
142,
231,
386,
62,
460,
412,
116,
410,
59,
197,
435,
369,
424,
211,
479,
412,
388,
396,
349,
64,
468,
377,
455,
404,
158,
63,
355,
235,
501,
39,
331,
80,
376,
405,
117,
246,
60,
400,
37,
373,
425,
220,
79,
244,
439,
44,
396,
500,
333,
220,
43,
357,
351,
339,
313,
403,
323,
319,
463,
201,
359,
45,
122,
511,
313,
502,
354,
511,
317,
43,
237,
291,
316,
233,
326,
234,
376,
41,
143,
39,
130,
117,
125,
122,
122,
116,
365,
500,
504,
100,
382,
91,
441,
513,
227,
195,
342,
378,
395,
342,
59,
362,
354,
372,
126,
374,
336,
108,
39,
357,
293,
296,
323,
336,
256,
59,
143,
262,
53,
257,
46,
328,
121,
388,
52,
246,
241,
48,
222,
120,
335,
217,
36,
369,
39,
318,
318,
523,
554,
216,
232,
43,
352,
538,
31,
466,
505,
195,
195,
271,
198,
217,
345,
197,
416,
344,
31,
118,
454,
119,
376,
555,
255,
356,
334,
557,
314,
384,
306,
335,
476,
36,
326,
329,
378,
345,
457,
82,
501,
351,
365,
42,
121,
332,
515,
410,
582,
346,
40,
384,
424,
317,
581,
530,
198,
544,
122,
132,
260,
428,
69,
475,
43,
152,
387,
588,
435,
127,
280,
39,
87,
77,
78,
108,
97,
250,
257,
252,
118,
229,
227,
490,
534,
221,
573,
554,
393,
429,
461,
472,
488,
505,
586,
188,
368,
395,
221,
495,
211,
41,
574,
47,
428,
350,
399,
498,
344,
414,
543,
494,
382,
318,
581,
106,
204,
284,
318,
208,
438,
456,
79,
326,
78,
349,
561,
261,
51,
46,
396,
555,
141,
421,
415,
497,
37,
329,
248,
36,
414,
200,
353,
40,
47,
323,
233,
35,
342,
412,
382,
177,
375,
613,
406,
206,
310,
288,
579,
301,
233,
320,
460,
398,
583,
401,
97,
275,
568,
85,
549,
388,
31,
355,
260,
153,
580,
385,
31,
501,
291,
434,
561,
567,
384,
249,
558,
517,
272,
207,
475,
380,
492,
365,
512,
151,
386,
248,
357,
358,
246,
253,
571,
521,
523,
220,
177,
229,
189,
213,
199,
520,
379,
34,
275,
457,
264,
360,
122,
223,
355,
263,
427,
133,
348,
360,
474,
329,
217,
344,
474,
148,
343,
182,
133,
115,
322,
213,
314,
340,
35,
178,
164,
65,
34,
45,
149,
524,
536,
287,
146,
334,
530,
396,
516,
51,
385,
37,
36,
41,
537,
488,
34,
365,
248,
281,
113,
196,
358,
100,
473,
519,
408,
336,
198,
186,
528,
151,
117,
35,
443,
549,
521,
237,
31,
474,
146,
87,
430,
329,
205,
428,
414,
435,
45,
507,
260,
386,
410,
267,
263,
350,
403,
235,
239,
255,
341,
507,
283,
87,
190,
185,
173,
533,
250,
359,
244,
225,
206,
503,
192,
515,
161,
130,
238,
218,
44,
41,
537,
225,
170,
235,
377,
369,
364,
516,
197,
36,
358,
478,
539,
685,
434,
42,
483,
349,
263,
520,
398,
495,
196,
422,
39,
522,
344,
468,
390,
77,
504,
46,
632,
477,
405,
457,
643,
121,
208,
77,
45,
385,
196,
321,
494,
163,
254,
282,
265,
449,
352,
214,
514,
62,
149,
398,
96,
379,
45,
470,
128,
125,
344,
317,
503,
44,
443,
191,
231,
211,
615,
407,
34,
218,
189,
225,
167,
170,
371,
344,
44,
114,
39,
417,
560,
32,
167,
170,
135,
166,
141,
678,
122,
362,
660,
165,
371,
201,
387,
161,
222,
57,
32,
204,
192,
106,
99,
156,
114,
537,
148,
392,
494,
160,
391,
94,
246,
617,
380,
508,
604,
139,
80,
38,
134,
389,
122,
350,
632,
480,
305,
32,
410,
143,
269,
113,
621,
518,
45,
513,
547,
389,
546,
470,
375,
187,
225,
210,
505,
271,
385,
240,
435,
266,
164,
121,
93,
494,
385,
41,
203,
360,
112,
563,
364,
476,
181,
193,
253,
40,
339,
85,
517,
533,
178,
388,
655,
360,
177,
36,
355,
145,
78,
471,
112,
40,
299,
476,
36,
203,
166,
215,
441,
209,
373,
131,
43,
203,
200,
32,
199,
121,
477,
380,
205,
205,
92,
640,
155,
168,
180,
246,
516,
44,
628,
297,
166,
111,
70,
196,
154,
216,
383,
149,
180,
144,
362,
47,
148,
190,
42,
480,
40,
251,
522,
240,
411,
446,
45,
462,
111,
176,
409,
394,
528,
85,
43,
347,
721,
34,
52,
333,
736,
136,
37,
179,
153,
195,
50,
31,
157,
148,
49,
405,
754,
106,
132,
177,
145,
28,
399,
851,
137,
43,
221,
125,
38,
183,
34,
35,
506,
505,
464,
34,
269,
540,
419,
50,
34,
434,
361,
40,
28,
33,
72,
36,
330,
455,
35,
414,
43,
772,
55,
268,
260,
410,
39,
265,
111,
37,
744,
36,
148,
45,
395,
443,
410,
447,
360,
29,
133,
141,
34,
124,
348,
433,
41,
402,
43,
35,
347,
830,
171,
620,
397,
746,
152,
36,
159,
390,
725,
750,
701,
121,
367,
170,
307,
673,
312,
104,
381,
170,
358,
342,
683,
623,
378,
357,
372,
342,
312,
322,
466,
309,
274,
392,
191,
154,
460,
604,
158,
599,
35,
181,
330,
25,
561,
592,
83,
284,
420,
540,
107,
67,
172,
853,
89,
97,
229,
531,
560,
392,
121,
533,
285,
504,
344,
51,
35,
403,
332,
119,
34,
917,
55,
152,
175,
29,
169,
157,
609,
234,
180,
22,
339,
141,
144,
526,
358,
177,
134,
50,
122,
68,
427,
42,
104,
39,
43,
257,
268,
226,
131,
783,
718,
331,
99,
150,
226,
93,
191,
180,
45,
163,
733,
155,
629,
133,
315,
396,
635,
377,
191,
127,
369,
250,
321,
315,
260,
143,
637,
620,
107,
600,
45,
76,
116,
564,
37,
745,
349,
249,
714,
147,
733,
204,
162,
46,
74,
305,
187,
314,
207,
280,
269,
714,
224,
271,
263,
117,
143,
92,
703,
168,
209,
273,
120,
229,
705,
106,
198,
695,
185,
174,
226,
111,
251,
230,
161,
364,
277,
268,
519,
251,
629,
370,
78,
360,
368,
326,
72,
319,
316,
348,
155,
218,
334,
162,
72,
153,
148,
73,
568,
72,
70,
43,
366,
361,
67,
155,
598,
123,
151,
133,
43,
137,
72,
254,
173,
719,
579,
71,
329,
485,
636,
71,
358,
406,
187,
569,
639,
72,
70,
192,
171,
713,
672,
69,
117,
410,
62,
552,
40,
877,
54,
698,
277,
46,
90,
524,
340,
646,
388,
129,
380,
174,
163,
557,
38,
700,
472,
115,
140,
129,
669,
615,
34,
40,
559,
104,
690,
675,
547,
191,
139,
326,
249,
321,
348,
352,
134,
374,
117,
170,
127,
168,
43,
98,
76,
62,
103,
43,
79,
39,
174,
169,
317,
162,
325,
162,
198,
173,
305,
162,
186,
112,
182,
706,
79,
112,
357,
546,
50,
363,
374,
349,
576,
80,
245,
107,
182,
117,
172,
181,
183,
575,
386,
143,
113,
253,
523,
109,
606,
40,
608,
241,
154,
551,
263,
198,
46,
249,
395,
596,
176,
212,
162,
187,
563,
470,
172,
548,
38,
459,
539,
585,
283,
569,
83,
115,
537,
40,
618,
115,
550,
106,
297,
602,
391,
765,
736,
78,
90,
487,
112,
401,
548,
782,
112,
199,
230,
45,
235,
120,
386,
264,
252,
196,
169,
107,
109,
212,
412,
168,
169,
445,
108,
158,
146,
132,
164,
176,
141,
104,
572,
310,
348,
552,
107,
146,
328,
133,
106,
103,
117,
602,
138,
99,
239,
43,
123,
111,
95,
103,
556,
548,
751,
82,
94,
355,
91,
89,
83,
87,
82,
82,
102,
380,
236,
111,
74,
299,
1097,
760,
331,
314,
698,
206,
75,
223,
583,
42,
302,
402,
709,
274,
781,
306,
205,
518,
189,
190,
107,
769,
205,
620,
217,
196,
41,
189,
204,
780,
78,
748,
452,
236,
73,
44,
229,
562,
190,
71,
41,
145,
909,
40,
540,
701,
864,
683,
917,
850,
671,
850,
1185,
839,
211,
575,
890,
587,
62,
121,
129,
462,
768,
119,
703,
575,
837,
89,
763,
86,
826,
34,
71,
558,
278,
1145,
1185,
775,
118,
431,
327,
561,
41,
595,
700,
593,
789,
950,
419,
36,
388,
356,
156,
235,
124,
342,
224,
1208,
678,
222,
1085,
234,
1063,
176,
88,
115,
405,
402,
1096,
799,
202,
91,
113,
122,
1071,
133,
195,
947,
155,
186,
543,
1122,
79,
205,
81,
141,
45,
80,
808,
521,
176,
24,
623,
275,
290,
957,
142,
29,
105,
210,
258,
149,
376,
224,
338,
195,
175,
352,
613,
248,
231,
172,
161,
48,
40,
297,
169,
529,
818,
165,
152,
527,
609,
247,
517,
200,
166,
613,
155,
875,
103,
109,
305,
521,
248,
326,
110,
635,
253,
482,
100,
99,
927,
93,
559,
170,
248,
245,
400,
256,
469,
774,
534,
519,
524,
326,
643,
673,
956,
66,
637,
172,
78,
75,
847,
621,
523,
172,
160,
85,
183,
171,
365,
624,
166,
151,
184,
869,
172,
169,
194,
182,
165,
434,
36,
128,
172,
163,
164,
392,
214,
415,
96,
441,
162,
357,
374,
43,
684,
162,
337,
161,
553,
209,
147,
45,
87,
184,
147,
142,
357,
836,
282,
129,
143,
93,
70,
296,
418,
146,
37,
417,
114,
386,
214,
292,
150,
147,
369,
124,
438,
173,
217,
146,
114,
185,
184,
122,
83,
44,
169,
237,
162,
87,
124,
121,
582,
160,
544,
550,
247,
549,
255,
129,
387,
456,
154,
486,
122,
112,
275,
45,
101,
261,
160,
84,
243,
280,
82,
918,
84,
85,
467,
124,
279,
283,
223,
356,
168,
40,
237,
715,
77,
533,
707,
39,
1297,
1051,
74,
707,
70,
145,
131,
304,
161,
292,
681,
119,
124,
71,
509,
653,
68,
485,
1247,
875,
595,
629,
124,
595,
584,
55,
55,
150,
680,
71,
547,
969,
84,
719,
989,
725,
537,
227,
270,
95,
1196,
107,
56,
1216,
94,
637,
936,
643,
57,
94,
95,
90,
389,
100,
715,
589,
61,
56,
1215,
687,
42,
1170,
115,
113,
123,
660,
1408,
55,
1467,
41,
535,
355,
440,
50,
40,
445,
135,
205,
155,
334,
398,
192,
151,
313,
161,
159,
877,
1337,
167,
388,
300,
47,
143,
675,
359,
693,
882,
361,
358,
554,
43,
42,
88,
43,
810,
248,
86,
391,
75,
772,
89,
153,
743,
1435,
343,
148,
1446,
570,
176,
42,
24,
322,
329,
315,
321,
232,
780,
766,
298,
320,
375,
1451,
364,
184,
1489,
599,
489,
53,
937,
620,
1134,
773,
40,
23,
299,
343,
400,
322,
182,
24,
664,
40,
306,
362,
40,
316,
21,
200,
180,
210,
179,
69,
688,
198,
177,
187,
286,
131,
318,
634,
152,
806,
118,
1265,
990,
326,
39,
666,
412,
42,
1344,
859,
352,
745,
250,
767,
209,
656,
1069,
1069,
1449,
694,
38,
829,
670,
625,
97,
1012,
1147,
178,
158,
818,
1398,
313,
950,
625,
94,
615,
92,
800,
966,
1151,
382,
642,
89,
88,
567,
1303,
383,
827,
703,
238,
520,
1346,
228,
453,
629,
190,
323,
544,
235,
1035,
210,
1423,
211,
235,
226,
683,
98,
320,
66,
97,
1011,
174,
1279,
93,
1081,
880,
1286,
26,
38,
37,
702,
867,
220,
211,
845,
867,
162,
598,
827,
824,
1313,
822,
21,
207,
663,
531,
1292,
169,
709,
1017,
174,
705,
842,
1002,
155,
41,
589,
973,
952,
857,
654,
41,
826,
1017,
930,
1006,
830,
826,
34,
813,
79,
966,
993,
147,
576,
523,
146,
143,
534,
808,
81,
464,
1032,
805,
701,
142,
191,
732,
137,
1046,
751,
691,
865,
183,
259,
297,
673,
308,
596,
297,
463,
292,
159,
290,
117,
240,
137,
277,
440,
415,
127,
448,
429,
633,
224,
85,
270,
565,
633,
274,
144,
109,
597,
264,
287,
295,
264,
270,
950,
530,
47,
222,
995,
975,
210,
208,
186,
184,
120,
672,
444,
683,
405,
41,
89,
266,
218,
887,
1299,
175,
171,
165,
70,
634,
126,
274,
271,
126,
272,
293,
1532,
35,
678,
303,
104,
591,
855,
931,
958,
217,
890,
126,
1007,
575,
606,
1259,
280,
963,
379,
233,
305,
545,
123,
628,
220,
206,
277,
406,
42,
172,
274,
445,
871,
453,
1452,
85,
48,
954,
584,
498,
95,
87,
616,
71,
418,
904,
587,
1379,
76,
974,
187,
139,
983,
138,
868,
40,
867,
952,
1765,
857,
1048,
926,
610,
1281,
943,
892,
1376,
1082,
81,
478,
770,
1289,
763,
501,
488,
40,
901,
84,
1287,
1098,
12,
40,
999,
48,
988,
101,
884,
953,
993,
42,
51,
636,
83,
1577,
683,
55,
243,
1045,
210,
1483,
46,
193,
167,
1444,
326,
894,
1481,
324,
798,
947,
151,
1421,
218,
133,
578,
82,
356,
664,
78,
97,
81,
82,
938,
593,
587,
578,
72,
41,
924,
1440,
36,
88,
636,
75,
617,
65,
64,
336,
1039,
55,
376,
83,
926,
50,
47,
494,
1712,
318,
47,
243,
161,
224,
45,
931,
130,
988,
99,
600,
90,
961,
771,
1449,
1557,
50,
43,
1061,
734,
729,
860,
87,
947,
939,
79,
43,
960,
764,
936,
693,
991,
785,
1044,
748,
39,
1132,
964,
79,
747,
742,
963,
526,
936,
128,
1112,
931,
93,
723,
603,
546,
922,
960,
35,
953,
738,
35,
926,
35,
784,
890,
661,
161,
618,
34,
793,
1002,
1040,
626,
1631,
837,
473,
96,
1043,
414,
38,
81,
934,
1664,
745,
1118,
1049,
1034,
590,
401,
701,
1075,
1650,
1644,
947,
887,
1095,
654,
1082,
577,
892,
574,
1008,
1038,
1067,
80,
71,
1137,
38,
1174,
79,
158,
997,
38,
570,
568,
526,
40,
155,
702,
587,
530,
709,
605,
480,
585,
990,
731,
624,
678,
24,
35,
1098,
24,
547,
931,
37,
165,
1094,
164,
28,
37,
551,
852,
911,
1689,
833,
433,
1690,
420,
171,
726,
1626,
168,
716,
755,
167,
1036,
983,
715,
482,
41,
677,
174,
168,
552,
481,
715,
534,
678,
130,
466,
152,
714,
495,
968,
503,
471,
456,
84,
466,
451,
46,
660,
41,
131,
544,
462,
450,
572,
733,
501,
701,
121,
443,
1857,
126,
967,
132,
88,
964,
503,
492,
41,
37,
2015,
404,
904,
81,
176,
2017,
2040,
1111,
404,
176,
1970,
1060,
1978,
1606,
986,
43,
43,
2069,
59,
2016,
2079,
968,
740,
730,
187,
247,
2027,
1938,
197,
2081,
1590,
406,
1585,
1893,
1042,
1305,
78,
2038,
1115,
1569,
23,
1023,
2025,
983,
979,
1570,
188,
957,
965,
963,
1534,
1545,
529,
1569,
959,
648,
645,
612,
2135,
45,
607,
43,
2102,
983,
563,
539,
958,
712,
92,
40,
730,
411,
529,
673,
147,
381,
388,
391,
409,
427,
945,
1183,
668,
727,
301,
478,
420,
47,
529,
390,
47,
957,
687,
64,
472,
1915,
37,
946,
1863,
1877,
459,
1754,
603,
79,
722,
217,
958,
735,
475,
757,
1070,
158,
1816,
514,
47,
715,
1658,
536,
215,
1534,
1608,
1822,
1533,
1363,
1548,
209,
38,
45,
994,
1362,
1369,
1360,
1203,
1247,
101,
80,
849,
980,
1359,
1362,
396,
1354,
1346,
1352,
81,
697,
1360,
1351,
788,
963,
49,
2177,
1349,
1346,
92,
1279,
980,
858,
998,
2113,
2052,
2125,
706,
2116,
699,
1659,
1232,
482,
2170,
2091,
2067,
2163,
39,
1126,
2108,
2054,
2109,
2096,
812,
2103,
1844,
560,
319,
2083,
177,
2136,
579,
2095,
381,
2078,
2127,
1821,
2125,
2221,
751,
2073,
2064,
568,
45,
806,
1094,
2112,
2101,
2107,
1147,
325,
2116,
840,
1776,
249,
2027,
43,
2100,
2080,
100,
2074,
2101,
1095,
681,
2082,
869,
1715,
44,
781,
1641,
1006,
396,
1656,
769,
2124,
2054,
1795,
396,
419,
731,
2062,
149,
945,
801,
719,
836,
145,
372,
1402,
850,
650,
144,
848,
846,
1398,
1401,
844,
143,
1397,
837,
879,
81,
811,
1395,
867,
624,
143,
1375,
797,
111,
788,
142,
1246,
1368,
1397,
138,
1552,
829,
1383,
1438,
1373,
1333,
1354,
113,
2023,
1338,
1307,
1287,
1326,
1415,
112,
86,
1307,
1287,
2061,
1660,
1285,
108,
45,
844,
1273,
788,
791,
482,
1282,
79,
2103,
2096,
496,
1684,
455,
458,
2101,
927,
862,
852,
2109,
34,
984,
945,
1275,
2115,
790,
732,
671,
884,
115,
1035,
957,
1070,
1206,
1059,
1058,
45,
114,
1256,
661,
2083,
682,
1248,
675,
1645,
2067,
872,
1134,
726,
690,
979,
1370,
1270,
848,
842,
728,
109,
423,
397,
99,
2104,
1260,
1214,
747,
438,
1196,
870,
2182,
429,
2095,
1213,
870,
1186,
840,
798,
832,
1153,
77,
778,
814,
1121,
849,
365,
1908,
1390,
209,
1991,
1106,
360,
448,
961,
671,
1836,
914,
1916,
171,
1116,
367,
780,
2104,
956,
1764,
1075,
2148,
167,
2046,
356,
40,
952,
1857,
1812,
161,
1785,
870,
1051,
937,
1904,
1108,
217,
184,
954,
85,
1705,
938,
2123,
1233,
1117,
2090,
401,
77,
1106,
1803,
2086,
316,
2082,
138,
1937,
1480,
335,
95,
1339,
2195,
1132,
726,
2160,
1342,
1020,
928,
178,
1602,
101,
842,
485,
805,
938,
802,
846,
442,
427,
95,
529,
2136,
1675,
1901,
2079,
939,
871,
2088,
790,
1795,
1846,
2112,
2154,
1821,
936,
926,
52,
2059,
149,
2148,
2179,
991,
1275,
657,
109,
764,
331,
884,
957,
2070,
933,
986,
150,
1881,
999,
858,
2106,
1198,
26,
1015,
2090,
106,
971,
944,
345,
700,
1988,
459,
1949,
493,
2132,
506,
157,
956,
789,
909,
90,
487,
100,
868,
794,
104,
887,
693,
483,
933,
2178,
2138,
159,
848,
983,
2184,
2049,
1935,
158,
328,
158,
1648,
2180,
2091,
1902,
1909,
2116,
2116,
156,
2188,
508,
836,
1909,
2112,
1280,
143,
1274,
791,
2165,
1255,
1271,
1453,
942,
2020,
504,
1251,
1241,
1255,
1970,
676,
152,
936,
923,
1222,
933,
860,
93,
1747,
1971,
126,
823,
913,
115,
1221,
1427,
89,
908,
1218,
84,
957,
1200,
1221,
1070,
893,
1191,
1207,
955,
385,
1016,
909,
1945,
852,
827,
34,
932,
138,
1713,
1978,
713,
134,
922,
348,
464,
141,
120,
1938,
63,
894,
833,
135,
626,
898,
877,
81,
701,
133,
1086,
1152,
1139,
784,
112,
116,
521,
518,
960,
1182,
735,
835,
843,
2000,
936,
842,
853,
824,
496,
1055,
1892,
1886,
565,
1514,
543,
111,
490,
531,
1635,
1335,
579,
2236,
948,
814,
1352,
111,
834,
2079,
948,
1557,
598,
526,
531,
2029,
2039,
921,
270,
2092,
1490,
537,
894,
2029,
213,
1896,
362,
2082,
2067,
1463,
521,
1019,
796,
267,
340,
1930,
1942,
522,
1933,
279,
514,
783,
2172,
770,
720,
1977,
273,
2144,
1946,
266,
994,
261,
1031,
2186,
717,
2032,
258,
1387,
566,
249,
723,
926,
1983,
701,
716,
722,
603,
643,
699,
1558,
1983,
634,
659,
2252,
666,
93,
693,
1106,
2117,
534,
715,
2078,
2046,
621,
627,
727,
597,
1978,
1506,
632,
565,
216,
523,
244,
760,
862,
2210,
78,
342,
2316,
66,
108,
1060,
343,
243,
274,
89,
2264,
272,
225,
83,
78,
223,
721,
767,
930,
1531,
1936,
677,
715,
194,
1749,
609,
548,
556,
571,
80,
188,
2003,
495,
1980,
834,
504,
505,
2229,
2090,
135,
765,
1906,
1346,
1147,
524,
1854,
131,
2147,
2134,
2292,
1630,
271,
570,
2032,
1046,
125,
304,
2085,
2098,
85,
1998,
112,
2082,
312,
864,
874,
2051,
93,
683,
100,
2139,
2023,
65,
1165,
1163,
2070,
1259,
782,
176,
889,
478,
873,
552,
915,
1787,
97,
435,
906,
1060,
894,
431,
709,
1970,
1199,
1155,
613,
476,
421,
766,
409,
88,
97,
41,
600,
860,
433,
1302,
2134,
805,
104,
711,
1562,
615,
1772,
867,
559,
294,
247,
225,
1297,
285,
2138,
1953,
1069,
2115,
2091,
2193,
107,
212,
48,
1176,
322,
308,
2070,
1020,
2007,
1957,
1988,
311,
1174,
264,
1228,
2211,
37,
2076,
1378,
1907,
1951,
1969,
1911,
1088,
521,
1918,
1085,
491,
336,
433,
460,
1014,
1083,
1308,
327,
305,
335,
396,
515,
296,
333,
293,
429,
245,
327,
292,
787,
631,
1529,
515,
39,
251,
678,
175,
245,
305,
1056,
292,
1062,
151,
244,
251,
448,
1388,
458,
1976,
1049,
245,
1295,
1979,
951,
45,
1954,
1012,
731,
2027,
41,
1013,
623,
2109,
592,
818,
816,
1040,
981,
978,
636,
973,
117,
916,
961,
981,
1051,
922,
110,
871,
606,
800,
847,
833,
715,
683,
950,
819,
527,
678,
973,
724,
1668,
688,
1050,
750,
729,
1064,
346,
110,
517,
339,
1781,
676,
2227,
416,
1947,
340,
171,
681,
381,
679,
2262,
644,
1524,
310,
688,
652,
2179,
670,
1814,
342,
40,
2067,
912,
1929,
732,
1004,
1919,
2043,
1450,
997,
41,
625,
1887,
904,
1010,
1796,
2003,
381,
2073,
38,
1637,
217,
771,
113,
2003,
2010,
1299,
1872,
705,
1092,
2065,
932,
1939,
294,
1390,
1304,
387,
1511,
460,
463,
1742,
651,
1647,
38,
1771,
1753,
1709,
2019,
1983,
931,
1845,
2008,
1532,
2287,
2001,
1692,
965,
1588,
2021,
1524,
613,
2061,
2088,
203,
1624,
1531,
997,
1990,
354,
1080,
43,
450,
2345,
1099,
349,
2220,
353,
2013,
82,
241,
123,
2004,
355,
690,
94,
690,
2129,
1053,
1604,
2224,
644,
1264,
2194,
1650,
165,
1089,
2133,
324,
48,
2195,
1077,
119,
2068,
1941,
2007,
124,
2032,
264,
46,
2145,
2075,
818,
494,
1213,
2148,
2374,
1233,
2111,
1021,
49,
2010,
45,
27,
1103,
44,
334,
377,
2224,
1530,
2231,
1115,
596,
498,
2262,
39,
2202,
1728,
961,
38,
386,
1226,
1532,
1741,
151,
383,
1020,
915,
1723,
1693,
355,
1111,
2141,
356,
1022,
2162,
1109,
365,
269,
2113,
49,
1178,
1023,
64,
2293,
1177,
538,
1698,
42,
1129,
1955,
269,
745,
401,
373,
1115,
262,
493,
595,
364,
446,
373,
1078,
1040,
362,
1733,
297,
1053,
398,
924,
2032,
2255,
1013,
904,
547,
89,
1034,
997,
996,
949,
265,
2190,
131,
982,
300,
41,
405,
120,
992,
818,
728,
891,
2231,
1076,
1537,
421,
1303,
1825,
847,
1169,
813,
635,
300,
1835,
2165,
1057,
83,
1067,
1671,
1898,
1633,
139,
91,
2303,
1836,
2278,
1116,
545,
43,
1011,
80,
1366,
2338,
282,
961,
1656,
40,
1640,
404,
39,
1677,
1636,
835,
693,
1870,
1348,
527,
2234,
309,
405,
301,
1798,
2090,
989,
720,
2285,
415,
501,
851,
302,
298,
405,
2346,
309,
329,
1141,
404,
291,
873,
295,
322,
308,
414,
2307,
1033,
1851,
403,
285,
1780,
887,
288,
256,
340,
403,
293,
917,
272,
328,
1413,
703,
380,
402,
374,
635,
392,
221,
650,
307,
310,
605,
327,
379,
604,
234,
952,
600,
383,
1326,
58,
224,
1033,
54,
286,
316,
211,
2032,
396,
867,
1006,
2089,
1026,
2114,
440,
125,
1012,
1349,
272,
976,
428,
2263,
290,
972,
2014,
288,
308,
1387,
1348,
2105,
316,
2343,
41,
1549,
61,
2394,
2186,
2149,
1018,
351,
296,
1949,
583,
285,
1030,
246,
580,
41,
539,
323,
910,
2190,
265,
2257,
952,
44,
613,
1830,
1181,
2216,
2156,
1306,
1941,
1010,
717,
409,
1188,
41,
1500,
1790,
593,
1962,
40,
51,
1854,
2235,
1195,
1125,
1910,
40,
953,
962,
1135,
1299,
776,
1679,
949,
907,
1839,
1845,
267,
447,
2116,
1274,
2172,
1855,
1647,
2209,
750,
778,
222,
1662,
403,
1140,
442,
1108,
180,
905,
2410,
1798,
624,
1640,
1848,
2553,
990,
447,
1232,
96,
477,
441,
364,
991,
1849,
355,
722,
271,
1535,
1486,
2473,
1203,
448,
745,
299,
326,
983,
1202,
1699,
1425,
295,
286,
582,
254,
178,
591,
2152,
719,
338,
162,
190,
604,
627,
285,
342,
2237,
581,
242,
1044,
2178,
344,
527,
256,
562,
293,
992,
693,
300,
1008,
286,
1577,
2437,
2094,
327,
45,
113,
305,
2185,
280,
1003,
261,
1566,
256,
115,
2175,
1706,
313,
2229,
253,
1881,
248,
1137,
1872,
1151,
303,
248,
770,
378,
980,
262,
253,
719,
1210,
1136,
968,
249,
2433,
42,
1695,
246,
225,
2324,
243,
229,
254,
726,
2248,
1821,
797,
1657,
1824,
718,
972,
2490,
1131,
154,
480,
165,
1874,
262,
1699,
141,
478,
368,
1000,
1282,
792,
473,
1797,
154,
1717,
468,
464,
535,
1295,
1764,
416,
1594,
474,
459,
480,
1100,
1674,
42,
470,
968,
1694,
143,
731,
465,
41,
1404,
109,
99,
422,
133,
469,
213,
1692,
88,
466,
1148,
2361,
2187,
656,
1118,
569,
2389,
1478,
2416,
2379,
559,
2542,
184,
614,
1018,
425,
449,
726,
2005,
346,
945,
1411,
2385,
417,
2454,
1871,
2145,
1948,
262,
99,
1322,
2197,
1235,
1002,
1283,
297,
1318,
27,
2365,
523,
195,
51,
233,
2178,
320,
1384,
1032,
266,
2001,
746,
1230,
2048,
1029,
2184,
220,
2348,
2467,
2532,
1889,
2336,
1079,
1689,
508,
88,
1045,
1745,
2247,
1964,
2235,
500,
304,
503,
268,
2213,
492,
42,
499,
1962,
40,
497,
2354,
532,
322,
257,
362,
2181,
2220,
325,
40,
523,
644,
96,
2240,
1996,
520,
292,
200,
1853,
1420,
2359,
104,
1270,
1710,
288,
180,
637,
1478,
1530,
1051,
538,
2315,
1536,
734,
1798,
55,
278,
248,
271,
118,
1043,
254,
284,
361,
258,
2357,
42,
1250,
253,
1374,
211,
1583,
1045,
534,
205,
42,
1029,
247,
1979,
153,
2346,
212,
1353,
797,
253,
1923,
1308,
2000,
695,
2177,
1309,
704,
869,
494,
474,
1124,
185,
2483,
2248,
1202,
192,
387,
166,
41,
707,
2268,
40,
441,
2002,
2012,
205,
159,
207,
421,
41,
1569,
164,
218,
2298,
1434,
2489,
121,
1255,
2507,
172,
537,
132,
1096,
2294,
234,
230,
39,
366,
708,
2504,
220,
2482,
636,
216,
797,
548,
679,
207,
2022,
2410,
38,
1782,
1132,
2276,
2007,
103,
546,
267,
557,
1360,
177,
1309,
1056,
544,
2200,
1110,
140,
443,
142,
2152,
137,
140,
598,
246,
2189,
579,
559,
783,
2427,
451,
442,
195,
275,
556,
713,
555,
435,
1174,
540,
538,
575,
807,
1600,
178,
2348,
517,
43,
1336,
271,
1245,
1725,
1547,
397,
128,
1731,
2432,
1215,
498,
2399,
2234,
528,
116,
2242,
757,
476,
2111,
1246,
132,
82,
161,
2212,
798,
67,
582,
2065,
156,
479,
1773,
572,
63,
1979,
55,
603,
40,
156,
2193,
307,
1970,
44,
1961,
1330,
528,
274,
203,
526,
2047,
45,
448,
1002,
41,
961,
423,
311,
1003,
288,
1858,
1412,
113,
410,
657,
290,
2081,
556,
2114,
1338,
97,
1402,
47,
1950,
43,
490,
533,
2190,
700,
510,
325,
604,
41,
516,
503,
2245,
599,
2325,
603,
1293,
524,
583,
515,
1304,
498,
986,
1983,
502,
496,
260,
1629,
44,
2065,
560,
43,
2253,
406,
2253,
1368,
2030,
2003,
1987,
2472,
1393,
44,
508,
2460,
38,
1889,
2442,
2246,
499,
425,
1717,
49,
1374,
45,
2059,
389,
386,
41,
1977,
369,
380,
301,
341,
1019,
43,
339,
881,
330,
515,
1949,
1182,
566,
488,
84,
509,
82,
2489,
305,
1374,
1363,
2457,
1574,
2479,
783,
490,
46,
434,
221,
512,
45,
531,
502,
323,
2451,
2289,
160,
314,
1729,
2451,
2471,
432,
232,
550,
311,
2326,
2437,
438,
392,
345,
2310,
49,
1805,
47,
275,
1497,
1395,
514,
39,
1495,
1187,
1951,
343,
481,
2278,
522,
1444,
155,
1396,
228,
37,
2229,
2199,
481,
1993,
479,
120,
133,
1801,
2425,
1717,
53,
1718,
1927,
553,
1626,
886,
1814,
470,
76,
754,
354,
38,
75,
1749,
1910,
443,
762,
340,
362,
316,
273,
312,
413,
350,
49,
715,
2443,
1695,
275,
2260,
292,
313,
293,
722,
1595,
226,
241,
297,
2335,
276,
2181,
350,
209,
1485,
2342,
422,
205,
662,
2529,
342,
482,
2438,
42,
75,
414,
39,
44,
415,
215,
1406,
46,
271,
42,
2058,
45,
461,
184,
1405,
39,
397,
409,
401,
66,
595,
1857,
562,
339,
2069,
401,
274,
43,
278,
960,
572,
430,
2166,
2017,
40,
63,
98,
1395,
346,
281,
1696,
1104,
433,
1113,
194,
47,
1834,
1868,
276,
1565,
47,
43,
1692,
43,
2032,
45,
2008,
1684,
44,
275,
249,
38,
1641,
254,
1634,
38,
1931,
401,
38,
2022,
1291,
45,
355,
1512,
1554,
1391,
1155,
227,
600,
41,
552,
1372,
1425,
1707,
43,
42,
2999,
2017,
2008,
2014,
595,
1827,
299,
214,
448,
314,
40,
280,
2990,
1736,
299,
1048,
327,
624,
209,
679,
1799,
42,
474,
2407,
291,
41,
290,
474,
328,
337,
463,
452,
228,
2026,
265,
271,
548,
43,
214,
277,
1955,
444,
208,
1708,
192,
443,
135,
42,
182,
449,
165,
1555,
544,
1659,
443,
1742,
86,
46,
479,
130,
208,
39,
835,
1639,
2577,
2426,
426,
48,
730,
116,
658,
165,
615,
1524,
40,
1570,
214,
2290,
838,
1326,
748,
1612,
2607,
333,
79,
1197,
1372,
1003,
338,
839,
583,
41,
2461,
189,
511,
43,
42,
589,
144,
2064,
2452,
678,
236,
2056,
2171,
437,
45,
420,
2404,
423,
44,
229,
151,
2539,
2685,
1806,
44,
524,
730,
251,
267,
150,
2379,
262,
1504,
344,
279,
261,
267,
118,
1542,
1135,
362,
2373,
273,
2299,
248,
1135,
766,
216,
262,
1206,
317,
2308,
109,
41,
47,
2299,
811,
1393,
275,
1016,
1353,
1203,
2596,
209,
1506,
2559,
1555,
205,
251,
1478,
46,
44,
39,
1635,
2236,
43,
2094,
242,
81,
216,
40,
42,
828,
1078,
1995,
2115,
3091,
1635,
39,
2145,
405,
1566,
2582,
1134,
2125,
590,
2305,
1172,
1667,
1033,
1903,
2394,
74,
1657,
1046,
1496,
1885,
942,
1872,
413,
1789,
535,
282,
1855,
259,
438,
2547,
246,
258,
2240,
526,
1820,
564,
559,
259,
2499,
615,
348,
44,
1713,
2362,
2360,
1142,
816,
1770,
1775,
1984,
2464,
1937,
2681,
2160,
520,
1894,
796,
2285,
41,
1676,
39,
1163,
1642,
1066,
2368,
2889,
1650,
2257,
2415,
2286,
2413,
2116,
3040,
1515,
2241,
2355,
2407,
2050,
2396,
1763,
1639,
2232,
2504,
42,
1601,
3037,
2537,
1567,
609,
1277,
403,
650,
2490,
1997,
1700,
655,
2461,
1989,
2432,
2188,
482,
40,
390,
2407,
953,
710,
2669,
2549,
876,
616,
126,
2420,
2657,
112,
1857,
918,
2488,
1810,
1745,
1705,
1602,
2490,
680,
1726,
226,
1725,
1712,
1660,
2414,
518,
587,
48,
1541,
1707,
1535,
1532,
1545,
340,
2394,
239,
48,
52,
144,
45,
2400,
978,
823,
44,
119,
1160,
51,
655,
118,
2580,
112,
846,
748,
388,
443,
39,
287,
1569,
575,
458,
614,
582,
159,
1005,
586,
284,
366,
101,
1520,
400,
673,
201,
1247,
449,
88,
409,
666,
85,
45,
1026,
731,
2592,
2682,
1112,
1362,
359,
77,
462,
1885,
1033,
2682,
710,
1241,
2710,
1127,
1595,
2682,
663,
628,
1709,
380,
297,
475,
1112,
321,
1072,
372,
77,
381,
1297,
1796,
2602,
1672,
1567,
202,
1769,
691,
762,
636,
2646,
577,
314,
1643,
584,
256,
47,
1349,
648,
45,
262,
2221,
247,
216,
44,
1424,
630,
479,
1500,
539,
254,
1270,
1244,
607,
588,
1784,
536,
240,
178,
1892,
1241,
1222,
173,
662,
110,
1219,
252,
1244,
185,
1858,
1158,
2342,
490,
1040,
2261,
966,
2421,
1172,
206,
99,
186,
276,
2695,
831,
548,
47,
1780,
573,
392,
1272,
1866,
2702,
99,
1807,
92,
1223,
2342,
480,
528,
244,
2691,
1454,
1668,
2664,
2452,
2634,
1178,
2471,
2653,
526,
2707,
2283,
584,
573,
1773,
1602,
2692,
1177,
34,
766,
2539,
2713,
1176,
1197,
1474,
909,
1992,
1056,
1129,
178,
1669,
1524,
196,
513,
1970,
1079,
230,
500,
678,
633,
874,
286,
852,
988,
168,
203,
626,
236,
1946,
840,
649,
634,
45,
619,
1079,
215,
152,
649,
1401,
565,
201,
1344,
46,
1350,
574,
655,
570,
39,
636,
621,
567,
39,
562,
1974,
2060,
1273,
619,
186,
568,
2575,
1103,
503,
1531,
1774,
148,
134,
140,
1515,
2577,
2604,
1081,
42,
127,
1796,
41,
1001,
273,
677,
91,
1092,
3047,
214,
238,
1243,
38,
1127,
105,
210,
248,
115,
1530,
1801,
243,
1105,
101,
97,
110,
43,
99,
1487,
84,
82,
80,
109,
2113,
85,
1405,
81,
264,
219,
1802,
108,
1106,
240,
249,
2504,
1009,
210,
143,
219,
2669,
1246,
285,
574,
1820,
2081,
648,
81,
1819,
97,
607,
2716,
127,
648,
134,
116,
226,
2695,
805,
133,
617,
2566,
650,
653,
1330,
1816,
1429,
610,
243,
2123,
38,
1177,
2281,
678,
365,
2319,
1814,
2104,
908,
1814,
676,
1442,
2280,
638,
930,
617,
629,
2572,
39,
2461,
480,
1311,
81,
616,
613,
839,
699,
120,
2123,
611,
609,
1578,
1185,
604,
631,
877,
2046,
661,
1783,
2904,
124,
879,
2278,
2021,
1381,
224,
605,
651,
230,
170,
207,
660,
1162,
159,
621,
125,
113,
681,
159,
42,
1890,
41,
123,
81,
71,
127,
337,
1960,
2093,
81,
144,
175,
1867,
173,
159,
295,
1073,
1405,
270,
153,
1896,
47,
673,
1190,
216,
1265,
1108,
1773,
671,
148,
177,
153,
667,
1283,
659,
115,
967,
1227,
191,
125,
1176,
1160,
1487,
126,
136,
2168,
704,
1137,
928,
653,
651,
1276,
2448,
81,
970,
101,
157,
172,
931,
1927,
46,
39,
1224,
162,
135,
44,
161,
42,
1411,
174,
1941,
1937,
2971,
39,
38,
2966,
40,
1012,
2498,
156,
98,
2041,
42,
2596,
1956,
963,
2428,
2653,
103,
2846,
1455,
1526,
2652,
75,
99,
2628,
131,
286,
2616,
1278,
151,
115,
2338,
156,
215,
2697,
745,
1937,
80,
2353,
754,
1892,
145,
744,
1532,
47,
2690,
2535,
2012,
2682,
1933,
44,
1201,
1422,
643,
48,
158,
2142,
718,
39,
1054,
1321,
2178,
719,
1910,
1554,
1382,
1311,
721,
1428,
1370,
682,
718,
987,
2053,
115,
2329,
219,
1131,
744,
2143,
41,
951,
816,
1330,
1848,
1415,
1526,
2298,
1987,
667,
2030,
1912,
2051,
605,
143,
531,
692,
689,
2678,
1729,
690,
768,
2655,
1032,
786,
2524,
782,
2055,
2998,
1547,
1928,
623,
2635,
138,
1084,
1382,
1369,
1741,
686,
2187,
2330,
42,
2062,
341,
1107,
41,
2127,
680,
1094,
801,
219,
2652,
672,
1698,
89,
208,
775,
653,
720,
2537,
2580,
864,
1085,
2411,
2131,
1394,
66,
2361,
88,
1466,
1304,
82,
1404,
1902,
769,
2541,
2164,
249,
1998,
42,
1054,
2115,
763,
1412,
660,
1166,
1538,
3041,
279,
324,
1064,
1888,
767,
267,
155,
2019,
1553,
766,
250,
725,
937,
1062,
90,
700,
146,
121,
121,
717,
729,
1366,
2022,
719,
2525,
513,
82,
2708,
715,
739,
672,
40,
819,
719,
910,
2718,
36,
1618,
666,
173,
695,
833,
2024,
2636,
1060,
678,
2075,
2918,
674,
3052,
36,
1955,
716,
2561,
2569,
2472,
652,
815,
1472,
1155,
649,
633,
539,
2421,
2097,
755,
143,
510,
2524,
2007,
110,
2164,
1028,
639,
865,
1263,
2035,
1502,
547,
2164,
607,
1078,
533,
179,
733,
2188,
2653,
527,
2839,
253,
505,
2509,
102,
243,
3052,
129,
964,
960,
299,
272,
998,
2666,
736,
751,
1459,
261,
206,
1054,
245,
233,
1097,
1086,
936,
764,
148,
2595,
2440,
2418,
219,
143,
2477,
2006,
2411,
324,
179,
1755,
126,
207,
967,
195,
2516,
1008,
831,
2497,
45,
144,
2114,
1161,
159,
247,
3064,
136,
2047,
3037,
1440,
144,
807,
2104,
42,
1639,
1104,
200,
272,
2796,
582,
1057,
1126,
1422,
255,
2486,
2086,
2593,
2199,
131,
1056,
1615,
757,
3075,
2287,
1024,
171,
939,
1058,
117,
2602,
1376,
1055,
283,
241,
2096,
335,
2346,
638,
3134,
2509,
2413,
1470,
1947,
379,
2018,
851,
2543,
2182,
42,
595,
604,
1003,
1829,
1877,
391,
1957,
515,
1428,
42,
1471,
2383,
2677,
2330,
665,
147,
1471,
2035,
868,
232,
143,
128,
231,
2521,
633,
83,
79,
1472,
3467,
78,
43,
2056,
323,
1167,
229,
2121,
882,
825,
2419,
1231,
115,
596,
1023,
1263,
2785,
78,
729,
1469,
2518,
2451,
1419,
647,
595,
2619,
1117,
163,
2784,
1039,
2827,
594,
1442,
1992,
1087,
164,
170,
1522,
2514,
2622,
1538,
2361,
315,
370,
518,
2356,
1509,
480,
2117,
44,
1409,
1489,
1485,
368,
597,
373,
596,
2366,
1494,
591,
1505,
382,
220,
2504,
159,
2529,
587,
2623,
1532,
2500,
2591,
586,
2676,
42,
2026,
230,
2477,
2456,
549,
1338,
695,
202,
157,
285,
200,
175,
1709,
1121,
2089,
2079,
2458,
539,
2345,
2517,
2406,
2599,
2122,
541,
2011,
2417,
1726,
3385,
1225,
2011,
2027,
2466,
2801,
45,
419,
70,
2475,
2577,
780,
41,
341,
1062,
441,
971,
703,
381,
390,
984,
2335,
2544,
3267,
1475,
388,
387,
690,
41,
377,
2447,
2600,
352,
384,
956,
978,
43,
218,
2191,
1833,
1565,
2418,
39,
346,
793,
2325,
2209,
1989,
1242,
895,
759,
2015,
1968,
924,
2320,
259,
977,
1471,
2451,
2441,
254,
2467,
330,
2494,
2322,
1561,
2286,
244,
978,
2149,
2135,
85,
2071,
2323,
83,
3279,
83,
1290,
2228,
1573,
2254,
2144,
2347,
1001,
655,
41,
1966,
2159,
68,
1711,
123,
332,
615,
1679,
330,
2296,
59,
660,
2159,
2414,
1674,
141,
675,
835,
2282,
238,
136,
115,
1293,
221,
1145,
668,
514,
381,
114,
685,
1585,
60,
65,
426,
2767,
230,
629,
283,
1081,
2203,
173,
1167,
2081,
976,
2109,
1216,
975,
484,
1011,
239,
243,
418,
414,
290,
76,
1009,
149,
420,
693,
1723,
499,
3233,
515,
101,
1606,
620,
147,
1107,
1102,
492,
1621,
1618,
91,
362,
946,
1153,
2345,
442,
1118,
720,
324,
218,
2384,
344,
2322,
156,
2150,
1018,
3222,
2076,
735,
2261,
458,
74,
169,
2135,
69,
1636,
58,
1590,
442,
2308,
54,
2353,
1005,
952,
332,
1038,
107,
1452,
49,
1255,
79,
45,
2109,
118,
642,
1522,
1375,
1371,
81,
689,
2327,
1673,
1639,
2375,
930,
522,
1021,
719,
2316,
241,
1657,
1639,
108,
1052,
1654,
149,
832,
732,
2424,
2238,
757,
2514,
94,
1604,
137,
218,
402,
1665,
216,
958,
73,
136,
1008,
68,
2094,
142,
1658,
1346,
1680,
1033,
370,
58,
927,
137,
1129,
1666,
92,
1000,
2419,
1005,
738,
128,
794,
124,
122,
84,
187,
117,
98,
85,
1088,
100,
87,
69,
67,
62,
53,
45,
350,
891,
1531,
687,
2636,
1043,
1685,
1533,
1678,
95,
1105,
1563,
89,
980,
686,
126,
2189,
637,
678,
1588,
1106,
98,
93,
583,
509,
1563,
77,
1046,
1008,
1199,
72,
1593,
2930,
68,
1592,
1101,
3175,
1451,
1739,
83,
2530,
82,
1096,
95,
1166,
78,
1071,
1207,
79,
385,
1055,
1181,
69,
2555,
2934,
117,
2282,
1013,
2273,
1207,
2885,
60,
923,
363,
57,
1233,
1583,
53,
2910,
1615,
843,
2285,
60,
1260,
2548,
2177,
2619,
53,
50,
46,
54,
49,
2221,
42,
42,
711,
708,
116,
44,
704,
42,
1964,
99,
2279,
76,
2257,
43,
88,
1290,
1491,
41,
40,
2453,
2707,
2399,
2988,
1002,
54,
1255,
45,
400,
1197,
2299,
1022,
1009,
845,
935,
2259,
1173,
904,
2411,
912,
1048,
1092,
1032,
1142,
2275,
1024,
1047,
1064,
928,
490,
882,
2639,
347,
483,
980,
423,
43,
1185,
1621,
388,
1146,
390,
1058,
709,
1281,
1383,
1789,
1761,
682,
680,
614,
793,
664,
819,
44,
1399,
1758,
794,
49,
780,
2552,
94,
43,
39,
2468,
1034,
90,
79,
1572,
1062,
1232,
1826,
1270,
1258,
513,
1715,
1316,
79,
43,
1559,
943,
478,
1697,
1043,
1635,
415,
1127,
921,
1780,
1111,
490,
938,
1180,
1064,
86,
399,
964,
976,
512,
1431,
1113,
102,
1997,
1232,
64,
704,
67,
43,
2787,
1630,
720,
515,
718,
522,
519,
1681,
1689,
2642,
2359,
441,
1893,
462,
1659,
1964,
42,
1098,
2271,
1504,
1700,
2293,
41,
455,
1518,
576,
77,
1134,
1514,
831,
2983,
1846,
116,
98,
35,
815,
2070,
1603,
1649,
1239,
115,
1254,
1244,
1231,
444,
1651,
1250,
117,
81,
2464,
116,
2745,
2386,
2332,
1334,
545,
531,
1311,
685,
92,
738,
88,
556,
83,
109,
739,
549,
1315,
836,
50,
86,
196,
485,
536,
742,
553,
44,
518,
549,
98,
584,
587,
2038,
1646,
520,
535,
1891,
1270,
533,
86,
2821,
1637,
545,
1259,
1264,
1012,
2615,
71,
455,
1011,
44,
595,
60,
80,
499,
1090,
56,
546,
453,
1277,
1213,
55,
987,
2366,
466,
587,
561,
539,
2063,
545,
81,
1337,
1273,
3672,
2065,
83,
2756,
2153,
43,
1384,
626,
77,
2162,
505,
173,
531,
83,
1168,
617,
541,
627,
2061,
43,
2061,
2061,
1355,
34,
2083,
2449,
1725,
1540,
1347,
1359,
723,
106,
723,
721,
733,
44,
343,
37,
129,
1509,
733,
751,
392,
703,
293,
610,
1342,
583,
1350,
2402,
65,
2378,
545,
481,
435,
102,
96,
91,
88,
84,
904,
901,
2212,
77,
40,
351,
39,
688,
1134,
1501,
681,
895,
648,
670,
620,
681,
2795,
578,
2082,
670,
635,
630,
82,
41,
1547,
616,
155,
39,
1383,
1284,
637,
1349,
119,
611,
1363,
1566,
633,
3763,
1578,
1152,
1782,
39,
1766,
1812,
2108,
82,
1513,
2138,
1516,
1389,
798,
43,
79,
1460,
96,
615,
631,
97,
2056,
538,
624,
1822,
1401,
40,
40,
38,
468,
123,
1837,
40,
250,
55,
2866,
88,
259,
1498,
602,
1533,
2738,
1185,
48,
710,
765,
1411,
613,
736,
1212,
1474,
1283,
1296,
647,
1529,
1502,
89,
48,
602,
526,
560,
725,
586,
1489,
88,
1006,
386,
197,
362,
2164,
2063,
1705,
766,
1599,
48,
42,
1725,
130,
128,
45,
129,
125,
1616,
796,
86,
822,
3858,
862,
54,
130,
1382,
3130,
1838,
117,
3046,
830,
110,
1625,
1369,
84,
1838,
1657,
542,
2468,
2271,
95,
76,
2528,
1606,
1508,
2854,
2870,
1663,
2838,
836,
1709,
3154,
3144,
1869,
844,
1730,
2775,
2754,
2685,
2808,
2854,
2463,
1945,
828,
2287,
1871,
3239,
2179,
93,
808,
1825,
2910,
2697,
2011,
2692,
94,
2195,
1935,
786,
53,
2392,
72,
797,
942,
760,
1573,
949,
938,
742,
775,
117,
781,
744,
831,
721,
1647,
938,
811,
865,
823,
912,
801,
1700,
768,
1947,
1590,
1966,
1737,
811,
79,
551,
94,
91,
81,
845,
837,
618,
717,
325,
480,
469,
468,
644,
1234,
252,
132,
408,
331,
374,
169,
422,
1897,
139,
2811,
133,
136,
132,
75,
364,
1179,
1308,
387,
455,
3538,
452,
973,
392,
377,
371,
2683,
1624,
182,
162,
281,
175,
279,
162,
279,
77,
268,
242,
85,
1173,
2352,
364,
2682,
1113,
449,
167,
154,
144,
1095,
727,
78,
119,
2045,
1088,
726,
752,
694,
138,
137,
136,
1021,
1807,
2838,
124,
3418,
420,
84,
3361,
103,
129,
93,
2007,
2682,
2652,
91,
732,
1192,
89,
1043,
1960,
2042,
1231,
2358,
1208,
95,
39,
1009,
1118,
1099,
86,
3113,
634,
1451,
2708,
77,
2378,
1961,
1082,
140,
1601,
2698,
87,
1186,
1762,
1142,
1600,
1777,
100,
95,
1935,
4516,
79,
75,
4268,
77,
1235,
478,
77,
252,
901,
1019,
4271,
1212,
1548,
1233,
3790,
2052,
1144,
1242,
1017,
768,
1099,
4178,
96,
1090,
1026,
4880,
3154,
4213,
1409,
1230,
4306,
2142,
90,
3405,
3111,
89,
99,
67,
88,
256,
1235,
1065,
586,
1430,
1889,
641,
1063,
4304,
1054,
86,
1006,
4298,
94,
1455,
4347,
987,
956,
75,
1296,
915,
319,
902,
167,
900,
832,
4351,
4453,
827,
4358,
77,
770,
3583,
84,
73,
736,
3539,
3860,
4344,
2039,
1368,
74,
2818,
91,
2810,
699,
4422,
675,
668,
1359,
48,
85,
3997,
86,
4232,
4257,
3092,
1370,
1309,
1370,
1308,
119,
162,
113,
926,
59,
917,
81,
4089,
3151,
1090,
882,
78,
1153,
3254,
841,
2902,
3938,
718,
114,
4342,
112,
2516,
114,
1463,
633,
2989,
1447,
2555,
88,
2221,
117,
2363,
612,
611,
74,
556,
2585,
2242,
3977,
2248,
1368,
76,
72,
83,
556,
107,
2942,
88,
2051,
1456,
1476,
523,
2925,
1480,
516,
1228,
1456,
3698,
1277,
1430,
130,
2281,
1276,
1977,
455,
449,
368,
2316,
366,
3212,
2670,
85,
2136,
1405,
1402,
2403,
2071,
1310,
2412,
2300,
3841,
4455,
145,
1432,
1790,
1425,
120,
4376,
87,
123,
82,
1425,
2940,
1392,
3455,
1435,
73,
4160,
1299,
1343,
695,
2103,
3459,
1185,
1809,
95,
2319,
2055,
2301,
2030,
88,
81,
2298,
2382,
2191,
2365,
2039,
912,
892,
1425,
2289,
861,
47,
821,
97,
2153,
1202,
818,
796,
2335,
369,
359,
1353,
2110,
313,
1401,
293,
2870,
3915,
2384,
3787,
1897,
3546,
1067,
85,
1318,
1208,
91,
1373,
76,
508,
632,
1271,
1275,
457,
1482,
188,
1300,
78,
1259,
736,
72,
4177,
1229,
1328,
1512,
1309,
741,
1404,
1360,
1839,
1268,
1320,
1327,
3130,
292,
1761,
1268,
1240,
747,
290,
1276,
2399,
269,
2403,
2397,
2132,
268,
97,
117,
1489,
75,
931,
2761,
2362,
84,
1569,
103,
101,
3455,
2616,
919,
914,
1887,
2448,
80,
781,
2408,
918,
4653,
79,
44,
47,
1459,
78,
221,
214,
81,
1584,
1592,
2313,
1572,
2358,
91,
1459,
2171,
1659,
83,
2675,
2459,
90,
1611,
70,
2324,
2326,
1665,
87,
84,
241,
233,
231,
219,
2338,
3089,
68,
2326,
1578,
95,
2210,
92,
99,
88,
305,
2517,
61,
70,
61,
78,
83,
144,
3245,
62,
75,
106,
983,
78,
85,
86,
964,
95,
1332,
2917,
3673,
3444,
3242,
611,
86,
81,
85,
3670,
964,
3488,
3254,
3753,
3404,
2283,
3302,
1701,
2830,
4246,
3249,
971,
172,
160,
141,
645,
120,
89,
3317,
2886,
1834,
114,
75,
2367,
2560,
135,
118,
108,
2661,
104,
2642,
78,
1427,
1277,
84,
83,
82,
77,
75,
77,
1023,
79,
81,
2371,
2530,
1430,
2443,
1821,
2464,
78,
89,
1183,
1079,
1161,
1173,
4055,
1196,
98,
62,
91,
73,
89,
1499,
1619,
1515,
1485,
89,
85,
1109,
80,
1957,
1713,
64,
115,
99,
104,
98,
3163,
1372,
2078,
1763,
2474,
1531,
1528,
1946,
83,
76,
2309,
1833,
1965,
173,
1954,
90,
2628,
108,
83,
107,
90,
94,
3728,
3999,
3125,
91,
2143,
82,
87,
2090,
2052,
2077,
2068,
3519,
2587,
2032,
1979,
146,
3343,
140,
3164,
3616,
2107,
2104,
2113,
2107,
2038,
2105,
2041,
2031,
2038,
2030,
2025,
2016,
96,
42,
81,
91,
139,
534,
138,
75,
2006,
2000,
2003,
1912,
70,
4029,
3105,
80,
91,
2498,
76,
605,
1358,
96,
1732,
1744,
50,
2122,
1381,
1358,
1339,
1469,
70,
892,
1462,
5177,
2266,
141,
121,
98,
1242,
1227,
99,
95,
1318,
96,
82,
1745,
2268,
153,
2898,
96,
2014,
1731,
3823,
64,
4444,
2754,
1815,
4406,
2234,
2159,
1878,
3191,
1387,
2038,
1840,
1973,
1854,
2601,
95,
1872,
2744,
2228,
3013,
3863,
1136,
2251,
2828,
2848,
2855,
98,
2640,
3466,
3274,
3893,
583,
2437,
60,
164,
1634,
2220,
2223,
2219,
82,
1728,
87,
2222,
84,
74,
3843,
4372,
92,
1924,
1586,
101,
2816,
3951,
78,
1957,
65,
2671,
2305,
2226,
75,
2234,
1510,
99,
2227,
2161,
79,
2298,
4323,
2310,
91,
65,
73,
2940,
2934,
55,
2946,
3269,
3442,
3328,
2866,
2842,
99,
2366,
85,
2929,
113,
111,
2967,
107,
88,
3523,
88,
75,
93,
2046,
107,
47,
107,
85,
84,
66,
1764,
1181,
2414,
490,
96,
109,
553,
2688,
514,
2046,
2044,
65,
2441,
29,
2316,
114,
2564,
105,
206,
104,
3910,
4326,
2272,
168,
2875,
93,
92,
2432,
165,
2694,
130,
2586,
2135,
2583,
2946,
2601,
2900,
72,
3577,
86,
3089,
3030,
349,
3617,
2542,
3988,
53,
1545,
3316,
78,
87,
100,
4812,
97,
340,
82,
59,
79,
1861,
80,
2735,
1901,
1884,
3442,
4357,
2249,
2108,
369,
585,
3484,
3811,
1165,
4126,
3575,
3595,
137,
1161,
136,
133,
120,
2421,
2480,
78,
110,
82,
75,
3601,
4199,
2632,
2703,
31,
2607,
2677,
2587,
2574,
2693,
139,
1109,
1112,
2703,
2649,
134,
91,
139,
134,
3215,
1449,
67,
1301,
3217,
3188,
2670,
2138,
4443,
3989,
3021,
161,
4893,
2666,
1217,
2704,
2701,
4446,
2900,
465,
3021,
3197,
4840,
259,
3214,
3019,
234,
76,
2695,
3385,
75,
249,
4261,
2702,
82,
1789,
2273,
2649,
2776,
2319,
80,
2864,
2843,
75,
2331,
2397,
3223,
78,
3078,
3217,
3130,
3216,
3503,
4439,
3833,
4283,
1334,
78,
52,
2101,
3244,
2411,
3242,
3119,
4085,
55,
3501,
3514,
5868,
3239,
94,
3251,
1079,
2855,
3236,
3522,
4229,
2951,
1827,
3507,
4069,
3243,
2767,
2202,
4263,
2693,
3518,
2664,
4022,
1644,
1381,
4840,
4885,
4788,
2622,
4382,
4386,
4924,
4803,
3522,
2373,
2669,
2654,
2601,
2029,
4477,
112,
148,
5298,
4308,
4362,
114,
97,
2691,
86,
2603,
3290,
3570,
2780,
3272,
2014,
1551,
3571,
1958,
1252,
1383,
2691,
1954,
2673,
3561,
3589,
3581,
2790,
642,
1955,
2820,
1952,
1971,
2701,
1980,
1950,
4020,
120,
1942,
89,
1087,
4288,
4493,
112,
2407,
4740,
78,
4643,
1843,
3353,
124,
2454,
2837,
117,
1825,
3002,
3015,
78,
138,
122,
93,
3324,
3385,
3334,
81,
2849,
2896,
197,
2705,
3845,
1842,
676,
198,
2456,
5787,
2868,
93,
1884,
2426,
2446,
2197,
2102,
4876,
3328,
2444,
4560,
4422,
2172,
4557,
3833,
2161,
2941,
2156,
82,
93,
4004,
3768,
74,
331,
5356,
3035,
2731,
2728,
3776,
2494,
1597,
2806,
369,
1590,
89,
1278,
2801,
4508,
1517,
4475,
3669,
3323,
2785,
3406,
2200,
3893,
2791,
2133,
82,
3111,
176,
4179,
2904,
1411,
672,
3705,
404,
1575,
1389,
2804,
92,
2094,
1378,
4519,
3899,
3031,
2214,
3760,
2219,
62,
73,
2208,
3674,
2549,
1619,
202,
281,
4117,
2858,
2866,
1455,
2913,
1441,
2875,
2966,
2916,
2815,
2209,
2188,
2948,
2869,
2178,
2185,
2171,
2866,
391,
3449,
381,
4486,
2809,
425,
472,
3182,
2823,
2864,
1942,
2837,
429,
2592,
3006,
3367,
1649,
2854,
75,
51,
1645,
2451,
162,
165,
1108,
2013,
3045,
6123,
2994,
4516,
163,
4279,
6118,
2282,
4533,
4163,
4545,
4673,
3436,
3442,
5012,
675,
2220,
1482,
3764,
170,
3438,
