36,
50,
37,
32,
33,
33,
30,
43,
40,
34,
84,
82,
50,
86,
53,
45,
69,
42,
91,
36,
46,
36,
104,
32,
119,
116,
112,
109,
105,
36,
103,
121,
114,
41,
90,
40,
131,
36,
39,
103,
86,
34,
79,
71,
145,
137,
105,
131,
142,
73,
110,
145,
142,
148,
101,
40,
139,
118,
110,
37,
118,
34,
124,
90,
162,
36,
124,
150,
161,
33,
32,
172,
153,
168,
145,
172,
122,
143,
180,
39,
86,
139,
83,
133,
37,
165,
149,
36,
47,
153,
191,
190,
161,
174,
172,
34,
179,
124,
197,
147,
159,
178,
185,
158,
163,
124,
146,
173,
127,
173,
140,
69,
112,
94,
38,
168,
145,
34,
104,
208,
34,
176,
121,
38,
33,
201,
203,
151,
137,
196,
137,
74,
134,
186,
182,
171,
143,
112,
39,
166,
161,
106,
179,
169,
191,
159,
87,
168,
187,
184,
119,
37,
186,
79,
216,
173,
233,
202,
215,
79,
203,
146,
120,
149,
184,
84,
185,
214,
176,
234,
139,
189,
187,
162,
153,
117,
179,
204,
220,
168,
226,
102,
139,
163,
171,
134,
192,
152,
150,
162,
195,
158,
233,
145,
144,
183,
112,
189,
120,
93,
202,
170,
172,
154,
138,
218,
236,
196,
171,
133,
189,
149,
120,
180,
140,
150,
134,
172,
119,
141,
143,
86,
151,
250,
153,
238,
164,
156,
153,
64,
185,
140,
167,
224,
71,
182,
166,
121,
67,
174,
150,
45,
123,
66,
141,
136,
249,
65,
98,
144,
65,
42,
113,
199,
64,
230,
227,
39,
135,
166,
152,
178,
138,
119,
76,
182,
223,
60,
118,
140,
206,
139,
129,
214,
289,
46,
130,
140,
199,
99,
145,
139,
118,
164,
234,
276,
124,
43,
121,
125,
174,
196,
181,
244,
199,
264,
176,
156,
132,
265,
121,
165,
100,
192,
137,
175,
249,
134,
147,
216,
168,
112,
224,
229,
218,
207,
236,
167,
105,
226,
231,
110,
215,
169,
156,
243,
102,
78,
229,
228,
210,
136,
140,
147,
130,
261,
126,
216,
141,
118,
178,
132,
169,
120,
173,
182,
206,
95,
300,
262,
245,
201,
247,
158,
181,
148,
150,
167,
213,
187,
218,
128,
116,
174,
224,
188,
77,
191,
170,
44,
47,
78,
111,
218,
208,
66,
46,
162,
177,
146,
161,
213,
124,
135,
252,
78,
135,
200,
133,
133,
138,
242,
110,
112,
53,
129,
159,
91,
197,
192,
180,
179,
87,
171,
167,
137,
147,
140,
281,
137,
285,
223,
65,
328,
231,
269,
263,
322,
219,
210,
329,
242,
167,
111,
229,
171,
280,
110,
192,
126,
180,
298,
162,
79,
110,
41,
117,
105,
196,
104,
117,
159,
103,
145,
284,
44,
201,
98,
265,
109,
243,
97,
155,
224,
212,
228,
96,
186,
95,
130,
316,
347,
137,
248,
288,
97,
138,
276,
95,
162,
330,
214,
102,
263,
311,
185,
77,
243,
73,
269,
195,
224,
278,
176,
196,
119,
121,
178,
96,
139,
228,
211,
63,
225,
285,
45,
145,
237,
265,
163,
248,
160,
157,
76,
120,
231,
159,
260,
144,
239,
315,
94,
81,
261,
196,
261,
289,
290,
204,
95,
209,
94,
229,
76,
328,
243,
241,
217,
195,
101,
215,
253,
141,
242,
232,
212,
294,
136,
76,
264,
196,
196,
204,
72,
202,
157,
215,
68,
101,
207,
189,
69,
134,
220,
214,
170,
155,
213,
277,
182,
247,
216,
134,
192,
198,
88,
188,
232,
164,
155,
61,
246,
237,
265,
230,
169,
68,
146,
62,
322,
329,
274,
69,
183,
57,
150,
66,
232,
182,
155,
331,
56,
264,
91,
199,
236,
152,
111,
197,
117,
227,
241,
88,
364,
215,
252,
234,
250,
191,
203,
129,
184,
218,
124,
225,
321,
379,
115,
57,
171,
113,
412,
132,
58,
361,
54,
306,
77,
107,
42,
231,
232,
37,
160,
212,
47,
228,
305,
341,
261,
271,
218,
59,
111,
394,
51,
112,
393,
50,
189,
184,
47,
50,
231,
190,
120,
249,
49,
244,
126,
202,
87,
212,
137,
258,
113,
228,
352,
66,
221,
270,
206,
331,
202,
156,
194,
237,
103,
214,
274,
232,
220,
185,
169,
109,
304,
281,
98,
202,
180,
299,
129,
91,
103,
138,
177,
382,
190,
146,
188,
129,
264,
82,
264,
112,
212,
259,
167,
50,
89,
49,
285,
44,
119,
50,
45,
129,
113,
181,
261,
317,
247,
279,
240,
255,
188,
272,
185,
309,
44,
122,
235,
259,
282,
292,
246,
253,
279,
135,
94,
91,
293,
217,
149,
251,
137,
188,
192,
201,
234,
43,
198,
248,
374,
239,
160,
148,
259,
254,
38,
288,
236,
188,
124,
385,
282,
64,
379,
263,
247,
197,
278,
221,
146,
121,
210,
190,
63,
152,
150,
173,
123,
138,
102,
44,
61,
38,
170,
60,
168,
142,
146,
57,
235,
100,
85,
313,
281,
346,
305,
78,
160,
261,
207,
140,
81,
172,
336,
159,
60,
342,
204,
305,
246,
122,
272,
326,
138,
129,
395,
268,
404,
300,
258,
171,
129,
271,
183,
82,
121,
332,
233,
88,
78,
139,
60,
219,
280,
137,
180,
54,
166,
232,
220,
175,
47,
229,
46,
129,
139,
124,
227,
312,
150,
85,
420,
233,
270,
338,
226,
372,
341,
113,
311,
182,
321,
48,
199,
349,
408,
262,
286,
158,
45,
221,
263,
245,
349,
154,
287,
303,
41,
328,
224,
225,
392,
217,
212,
326,
51,
190,
200,
244,
193,
282,
228,
190,
447,
173,
298,
150,
307,
237,
223,
245,
438,
455,
113,
218,
47,
240,
239,
203,
357,
238,
193,
55,
457,
197,
182,
181,
257,
376,
164,
255,
347,
151,
146,
286,
113,
42,
153,
250,
163,
295,
180,
429,
316,
241,
141,
78,
322,
154,
176,
321,
350,
39,
442,
79,
344,
442,
124,
255,
83,
346,
198,
133,
493,
62,
130,
203,
125,
51,
252,
215,
114,
162,
215,
234,
108,
278,
209,
103,
226,
159,
184,
42,
114,
215,
398,
344,
230,
199,
80,
78,
242,
178,
181,
139,
206,
291,
261,
353,
251,
340,
122,
370,
382,
184,
242,
293,
213,
381,
72,
157,
300,
179,
213,
73,
122,
235,
71,
408,
265,
292,
428,
180,
70,
203,
193,
63,
305,
253,
146,
60,
300,
303,
116,
326,
360,
370,
312,
209,
160,
50,
136,
273,
393,
117,
386,
185,
90,
376,
399,
324,
191,
288,
382,
89,
357,
74,
208,
293,
340,
48,
170,
327,
268,
73,
126,
332,
48,
327,
182,
63,
364,
149,
44,
170,
253,
316,
166,
348,
43,
38,
270,
130,
43,
276,
128,
69,
556,
423,
161,
115,
44,
113,
144,
154,
312,
68,
313,
72,
317,
554,
293,
125,
347,
527,
303,
323,
394,
249,
288,
157,
206,
541,
436,
126,
289,
328,
246,
383,
347,
467,
287,
329,
355,
43,
138,
286,
339,
542,
329,
279,
133,
286,
278,
121,
345,
186,
155,
136,
288,
205,
343,
255,
195,
96,
127,
123,
264,
131,
578,
340,
86,
315,
139,
290,
116,
275,
275,
313,
317,
253,
400,
593,
537,
272,
312,
312,
251,
586,
236,
509,
335,
208,
236,
217,
553,
226,
237,
245,
246,
201,
480,
126,
51,
549,
271,
186,
261,
163,
238,
210,
197,
40,
129,
224,
234,
206,
273,
205,
268,
222,
548,
316,
328,
80,
177,
229,
364,
90,
315,
206,
325,
283,
89,
272,
239,
260,
222,
94,
353,
221,
262,
227,
202,
226,
219,
89,
101,
272,
282,
189,
84,
194,
204,
255,
187,
305,
378,
164,
360,
206,
193,
216,
276,
135,
335,
163,
146,
436,
323,
196,
179,
413,
221,
260,
231,
41,
220,
235,
587,
126,
535,
206,
279,
152,
164,
44,
523,
284,
133,
189,
156,
207,
208,
268,
299,
118,
182,
248,
45,
247,
311,
314,
111,
211,
109,
162,
308,
267,
175,
109,
205,
181,
187,
378,
180,
102,
260,
75,
210,
192,
456,
106,
186,
102,
297,
301,
225,
103,
275,
230,
201,
107,
220,
100,
229,
220,
379,
391,
207,
178,
256,
331,
411,
347,
319,
338,
94,
351,
322,
329,
379,
328,
179,
216,
119,
372,
356,
401,
318,
228,
331,
378,
201,
370,
91,
318,
256,
232,
353,
273,
48,
84,
325,
125,
378,
268,
352,
377,
265,
564,
149,
232,
357,
96,
119,
379,
123,
436,
306,
320,
255,
388,
510,
308,
120,
260,
333,
332,
254,
166,
235,
159,
114,
323,
342,
516,
352,
189,
172,
346,
303,
130,
335,
188,
253,
118,
324,
264,
257,
315,
196,
109,
302,
235,
262,
390,
229,
117,
217,
351,
381,
275,
287,
120,
79,
302,
142,
329,
73,
307,
343,
311,
255,
223,
301,
322,
191,
264,
307,
108,
287,
375,
209,
255,
306,
226,
262,
103,
222,
339,
323,
220,
188,
186,
138,
225,
322,
344,
192,
102,
320,
236,
334,
102,
247,
223,
94,
219,
294,
181,
380,
311,
192,
217,
218,
252,
95,
270,
188,
212,
188,
373,
198,
126,
244,
99,
98,
82,
217,
220,
42,
77,
273,
182,
178,
263,
246,
222,
603,
670,
203,
252,
118,
42,
145,
365,
90,
230,
160,
685,
86,
218,
247,
152,
594,
104,
87,
102,
228,
44,
239,
671,
151,
102,
159,
519,
202,
173,
341,
315,
84,
248,
324,
234,
622,
87,
179,
390,
317,
45,
303,
148,
290,
196,
380,
146,
213,
322,
191,
186,
112,
198,
267,
688,
191,
104,
111,
148,
300,
182,
179,
362,
231,
216,
556,
73,
262,
171,
162,
248,
204,
188,
209,
215,
274,
683,
65,
215,
72,
363,
148,
290,
110,
689,
212,
209,
155,
105,
107,
313,
138,
358,
355,
345,
73,
130,
139,
230,
463,
277,
554,
49,
299,
228,
306,
361,
223,
381,
306,
304,
44,
674,
400,
156,
329,
41,
383,
324,
752,
417,
232,
320,
219,
221,
230,
296,
680,
120,
713,
102,
41,
695,
610,
353,
234,
656,
116,
50,
46,
265,
300,
321,
282,
293,
193,
148,
173,
278,
275,
688,
198,
274,
189,
278,
254,
342,
103,
116,
701,
84,
142,
177,
186,
254,
346,
390,
155,
145,
233,
104,
371,
374,
523,
242,
125,
289,
139,
94,
182,
331,
128,
291,
130,
280,
350,
144,
124,
419,
128,
417,
456,
171,
423,
346,
114,
229,
464,
291,
122,
276,
306,
377,
403,
345,
121,
241,
346,
290,
503,
330,
156,
116,
240,
773,
305,
45,
76,
245,
112,
338,
229,
134,
318,
256,
120,
101,
194,
112,
317,
362,
347,
351,
376,
309,
254,
279,
304,
37,
112,
110,
336,
174,
301,
344,
341,
408,
413,
179,
248,
180,
104,
198,
164,
218,
176,
369,
212,
296,
145,
150,
101,
294,
172,
183,
79,
347,
114,
174,
402,
296,
221,
354,
254,
393,
378,
42,
401,
302,
102,
340,
290,
290,
234,
212,
97,
287,
265,
390,
332,
160,
278,
609,
209,
738,
592,
93,
174,
257,
207,
39,
751,
106,
69,
139,
213,
175,
99,
210,
198,
746,
97,
745,
383,
44,
101,
756,
200,
196,
94,
748,
175,
97,
92,
175,
55,
50,
85,
49,
497,
143,
85,
414,
452,
391,
388,
37,
103,
314,
62,
235,
60,
152,
82,
140,
81,
93,
150,
83,
676,
36,
117,
545,
657,
399,
184,
324,
212,
154,
151,
264,
173,
303,
778,
159,
204,
131,
135,
371,
428,
211,
280,
158,
150,
115,
378,
333,
785,
249,
74,
353,
171,
174,
339,
241,
201,
374,
534,
254,
843,
130,
203,
78,
601,
41,
199,
145,
51,
144,
289,
159,
249,
40,
77,
132,
377,
71,
787,
737,
143,
218,
234,
232,
664,
248,
129,
734,
192,
329,
343,
76,
301,
159,
40,
392,
76,
369,
392,
315,
73,
68,
383,
806,
401,
363,
212,
84,
256,
63,
225,
83,
556,
223,
62,
718,
768,
61,
596,
50,
392,
61,
60,
408,
142,
167,
123,
462,
331,
43,
406,
278,
400,
40,
768,
264,
36,
401,
183,
398,
190,
166,
199,
192,
252,
793,
374,
428,
134,
164,
321,
202,
263,
253,
230,
44,
90,
379,
388,
768,
244,
846,
358,
304,
778,
121,
373,
101,
358,
248,
90,
105,
183,
171,
90,
358,
303,
349,
223,
89,
35,
89,
88,
254,
84,
297,
88,
827,
266,
359,
825,
138,
174,
38,
126,
401,
122,
314,
220,
209,
260,
170,
169,
353,
828,
213,
238,
466,
262,
200,
188,
195,
202,
205,
141,
333,
127,
94,
131,
299,
394,
404,
412,
169,
182,
184,
163,
42,
336,
175,
198,
166,
207,
302,
158,
157,
814,
123,
522,
419,
112,
330,
411,
790,
130,
392,
391,
837,
105,
374,
801,
248,
78,
440,
476,
248,
798,
331,
282,
285,
167,
429,
266,
358,
109,
423,
435,
775,
297,
456,
890,
399,
224,
408,
827,
798,
38,
361,
359,
43,
156,
275,
371,
168,
471,
144,
209,
179,
531,
164,
161,
167,
142,
499,
525,
44,
203,
347,
451,
139,
503,
574,
255,
342,
168,
549,
150,
417,
501,
362,
236,
869,
600,
577,
128,
221,
120,
347,
458,
871,
102,
494,
487,
147,
229,
182,
95,
91,
788,
503,
48,
97,
517,
93,
419,
608,
268,
357,
460,
281,
353,
433,
90,
310,
169,
352,
148,
66,
439,
536,
339,
582,
549,
320,
492,
237,
403,
41,
398,
39,
384,
43,
177,
143,
418,
387,
393,
532,
82,
42,
123,
171,
166,
186,
416,
168,
542,
180,
161,
178,
247,
593,
604,
112,
172,
159,
343,
135,
257,
299,
169,
359,
168,
397,
39,
558,
376,
441,
127,
348,
167,
566,
36,
425,
389,
239,
158,
338,
320,
156,
380,
365,
317,
304,
890,
157,
155,
298,
112,
296,
293,
909,
151,
276,
36,
280,
892,
534,
267,
106,
81,
145,
217,
585,
494,
143,
255,
237,
851,
241,
960,
46,
520,
161,
264,
271,
527,
557,
132,
220,
184,
132,
175,
558,
183,
131,
554,
384,
962,
217,
572,
258,
532,
45,
175,
109,
253,
609,
64,
946,
38,
583,
74,
43,
501,
42,
36,
248,
41,
207,
149,
573,
238,
203,
314,
485,
156,
160,
147,
213,
126,
94,
160,
85,
398,
52,
77,
607,
40,
611,
424,
458,
672,
258,
556,
609,
435,
526,
651,
553,
604,
495,
601,
412,
94,
536,
922,
589,
386,
87,
581,
348,
631,
600,
361,
107,
548,
204,
224,
145,
585,
609,
222,
197,
69,
414,
189,
146,
64,
419,
125,
565,
559,
530,
538,
548,
397,
57,
263,
292,
178,
260,
550,
573,
636,
607,
364,
405,
51,
728,
379,
283,
614,
589,
149,
488,
265,
468,
981,
270,
511,
787,
96,
777,
96,
276,
83,
954,
936,
487,
243,
597,
273,
604,
348,
142,
921,
909,
532,
300,
113,
524,
555,
905,
950,
529,
608,
86,
445,
126,
714,
86,
81,
106,
87,
212,
86,
170,
574,
928,
127,
363,
904,
155,
286,
284,
36,
399,
598,
383,
470,
555,
406,
501,
356,
645,
360,
564,
533,
175,
413,
339,
469,
569,
418,
552,
171,
91,
296,
584,
553,
288,
445,
670,
328,
922,
699,
569,
45,
378,
601,
355,
570,
373,
388,
586,
344,
547,
383,
946,
269,
537,
666,
607,
339,
530,
297,
355,
930,
530,
91,
536,
522,
858,
619,
317,
431,
390,
529,
938,
139,
536,
530,
517,
558,
423,
537,
442,
390,
340,
591,
910,
145,
344,
987,
333,
330,
85,
265,
458,
254,
349,
1022,
249,
537,
275,
107,
249,
81,
517,
497,
1023,
302,
76,
516,
579,
120,
500,
1005,
381,
511,
456,
509,
460,
108,
402,
545,
123,
566,
544,
494,
551,
318,
399,
548,
391,
451,
338,
79,
531,
518,
512,
173,
442,
210,
640,
587,
456,
198,
485,
156,
583,
249,
117,
245,
716,
194,
490,
221,
612,
273,
549,
651,
563,
271,
262,
116,
650,
644,
326,
306,
186,
466,
399,
529,
255,
152,
45,
171,
148,
550,
166,
145,
546,
254,
118,
132,
125,
411,
308,
240,
272,
409,
97,
144,
95,
154,
202,
291,
519,
82,
121,
284,
253,
373,
484,
552,
73,
127,
43,
419,
498,
286,
99,
144,
94,
466,
337,
127,
118,
956,
1069,
440,
126,
956,
1053,
125,
119,
995,
153,
121,
44,
571,
175,
191,
259,
184,
81,
140,
253,
106,
120,
533,
301,
45,
545,
514,
121,
673,
98,
533,
464,
453,
46,
81,
43,
466,
533,
534,
40,
460,
561,
533,
445,
650,
533,
450,
458,
648,
478,
539,
871,
124,
631,
36,
509,
157,
115,
456,
595,
503,
124,
450,
478,
92,
616,
48,
396,
96,
427,
645,
384,
446,
556,
1061,
218,
331,
338,
137,
407,
282,
123,
724,
151,
43,
497,
360,
142,
139,
444,
390,
370,
551,
291,
124,
432,
409,
109,
44,
102,
1006,
89,
486,
105,
82,
1041,
745,
81,
312,
87,
595,
560,
281,
43,
1122,
190,
195,
408,
769,
477,
144,
82,
36,
761,
488,
712,
474,
79,
354,
754,
499,
616,
519,
48,
457,
632,
41,
594,
478,
149,
301,
343,
422,
703,
311,
581,
45,
417,
449,
604,
463,
413,
169,
400,
168,
252,
36,
442,
448,
495,
135,
230,
578,
144,
246,
161,
510,
400,
180,
285,
210,
506,
133,
499,
539,
285,
152,
434,
184,
279,
165,
295,
489,
729,
175,
44,
299,
442,
548,
405,
254,
634,
654,
605,
36,
266,
596,
104,
497,
364,
601,
168,
473,
173,
169,
395,
714,
420,
1078,
383,
233,
742,
538,
511,
506,
496,
252,
405,
138,
1114,
217,
146,
389,
221,
122,
261,
528,
123,
549,
539,
566,
301,
142,
145,
355,
92,
454,
135,
509,
86,
425,
123,
86,
217,
42,
760,
158,
78,
338,
153,
173,
305,
515,
133,
197,
772,
294,
382,
40,
619,
325,
503,
762,
1021,
695,
376,
169,
486,
542,
338,
589,
144,
531,
313,
182,
380,
75,
324,
303,
308,
343,
346,
317,
630,
436,
344,
188,
369,
41,
161,
806,
493,
601,
369,
395,
449,
694,
261,
172,
533,
739,
660,
483,
684,
500,
496,
351,
600,
403,
580,
467,
44,
159,
458,
482,
516,
452,
550,
868,
362,
746,
133,
407,
404,
372,
408,
423,
393,
258,
482,
376,
487,
601,
138,
427,
338,
572,
367,
511,
478,
130,
520,
549,
486,
366,
355,
515,
400,
123,
120,
129,
355,
568,
1054,
486,
464,
119,
889,
395,
303,
117,
338,
500,
485,
335,
512,
320,
483,
505,
137,
548,
340,
621,
356,
630,
496,
345,
389,
366,
540,
259,
388,
152,
95,
619,
214,
303,
43,
495,
380,
42,
627,
386,
180,
203,
131,
322,
105,
366,
117,
92,
461,
419,
610,
111,
789,
342,
561,
529,
520,
45,
491,
586,
190,
489,
533,
614,
111,
585,
335,
512,
534,
89,
140,
687,
310,
367,
310,
194,
784,
183,
174,
725,
703,
344,
358,
364,
298,
699,
41,
372,
41,
273,
162,
42,
590,
73,
550,
350,
136,
81,
766,
350,
84,
481,
632,
83,
458,
1164,
748,
373,
62,
383,
58,
607,
583,
330,
37,
464,
253,
100,
820,
284,
588,
264,
240,
1170,
215,
523,
191,
234,
568,
315,
559,
255,
293,
469,
223,
275,
299,
235,
86,
794,
134,
148,
202,
1167,
1262,
429,
1190,
232,
1191,
605,
282,
549,
538,
600,
666,
382,
120,
392,
408,
269,
290,
755,
642,
563,
548,
68,
518,
754,
318,
496,
242,
606,
302,
225,
570,
393,
542,
257,
549,
578,
551,
135,
420,
178,
426,
164,
662,
209,
184,
552,
223,
660,
416,
163,
354,
263,
582,
458,
140,
171,
46,
426,
119,
154,
164,
108,
259,
40,
215,
229,
93,
430,
360,
493,
176,
557,
545,
509,
167,
1315,
479,
481,
1244,
105,
94,
584,
410,
80,
87,
49,
1236,
333,
591,
210,
451,
140,
284,
521,
277,
474,
649,
298,
284,
403,
234,
471,
386,
1234,
633,
146,
138,
251,
1185,
73,
466,
714,
485,
608,
541,
463,
276,
466,
211,
351,
1205,
930,
188,
284,
160,
278,
509,
301,
78,
334,
492,
180,
211,
671,
234,
630,
148,
822,
296,
177,
109,
143,
292,
237,
225,
285,
287,
44,
642,
42,
243,
390,
1268,
658,
393,
361,
43,
666,
115,
388,
154,
44,
39,
1204,
1286,
883,
309,
38,
1229,
487,
505,
215,
589,
556,
764,
112,
572,
187,
725,
564,
1251,
103,
240,
541,
373,
290,
388,
141,
462,
185,
249,
97,
696,
767,
462,
552,
318,
273,
124,
444,
495,
81,
147,
250,
122,
162,
178,
489,
115,
526,
582,
167,
255,
672,
308,
530,
458,
230,
218,
115,
144,
741,
144,
164,
159,
180,
157,
416,
87,
101,
154,
640,
608,
77,
806,
829,
426,
694,
922,
241,
41,
1195,
165,
48,
531,
479,
508,
632,
247,
219,
654,
417,
155,
81,
479,
608,
657,
157,
471,
87,
1304,
477,
445,
470,
42,
1319,
409,
132,
221,
172,
735,
133,
401,
109,
421,
1290,
511,
1013,
144,
122,
443,
1384,
1009,
108,
84,
95,
471,
159,
82,
108,
143,
80,
133,
350,
466,
291,
477,
218,
155,
709,
367,
962,
163,
473,
255,
91,
281,
487,
678,
76,
534,
640,
282,
48,
280,
697,
644,
411,
498,
424,
923,
280,
274,
333,
341,
269,
40,
552,
592,
140,
481,
414,
162,
235,
1367,
146,
127,
142,
132,
80,
521,
93,
324,
366,
432,
136,
639,
134,
848,
621,
78,
365,
268,
430,
366,
134,
510,
465,
207,
143,
217,
155,
556,
851,
641,
279,
139,
637,
650,
713,
420,
45,
307,
332,
360,
43,
648,
550,
42,
716,
103,
165,
847,
486,
446,
873,
485,
38,
572,
483,
743,
928,
328,
818,
1463,
627,
133,
829,
486,
39,
669,
484,
110,
76,
668,
666,
733,
1295,
689,
1345,
278,
490,
688,
341,
311,
828,
672,
880,
648,
325,
949,
657,
468,
184,
288,
744,
640,
47,
778,
97,
105,
180,
287,
151,
695,
278,
505,
192,
97,
129,
167,
176,
91,
618,
38,
494,
347,
853,
110,
504,
279,
369,
327,
142,
497,
318,
99,
277,
314,
249,
440,
322,
274,
229,
142,
483,
89,
1304,
532,
213,
145,
618,
352,
758,
284,
512,
356,
132,
713,
260,
572,
518,
1146,
528,
423,
224,
152,
92,
572,
473,
194,
676,
233,
720,
1384,
276,
544,
751,
504,
1364,
1503,
1329,
115,
224,
41,
709,
300,
1105,
41,
675,
184,
1259,
321,
600,
1391,
173,
234,
1289,
123,
1389,
644,
37,
118,
1244,
104,
1385,
116,
169,
1013,
151,
1426,
109,
148,
1396,
105,
87,
145,
118,
96,
102,
416,
554,
207,
545,
166,
98,
541,
204,
186,
173,
507,
217,
741,
180,
63,
124,
182,
163,
474,
563,
747,
477,
849,
458,
494,
84,
403,
649,
579,
673,
330,
39,
491,
713,
458,
45,
267,
549,
249,
235,
619,
707,
664,
453,
263,
353,
676,
423,
498,
880,
756,
676,
44,
625,
157,
37,
677,
90,
90,
436,
147,
764,
759,
866,
126,
673,
386,
95,
458,
1366,
580,
169,
574,
564,
43,
136,
236,
75,
491,
556,
261,
493,
169,
717,
596,
490,
425,
1352,
175,
498,
202,
103,
720,
768,
910,
765,
987,
470,
125,
205,
401,
603,
168,
555,
760,
1436,
536,
143,
609,
560,
1389,
103,
553,
520,
106,
150,
767,
481,
258,
233,
511,
146,
581,
101,
104,
654,
660,
421,
589,
914,
692,
934,
1295,
386,
524,
222,
98,
811,
1374,
1414,
627,
47,
133,
502,
413,
825,
42,
525,
892,
430,
140,
1387,
430,
500,
429,
266,
808,
306,
446,
414,
810,
516,
229,
206,
700,
418,
707,
223,
545,
582,
124,
131,
701,
46,
418,
105,
92,
43,
1403,
48,
463,
150,
138,
1398,
1072,
163,
713,
418,
421,
1300,
639,
737,
721,
311,
161,
430,
51,
931,
429,
147,
1359,
153,
509,
649,
156,
125,
127,
472,
399,
679,
1045,
382,
242,
484,
40,
421,
114,
353,
1476,
596,
159,
866,
671,
115,
639,
1302,
177,
597,
1080,
515,
424,
651,
43,
810,
679,
406,
731,
217,
630,
557,
561,
563,
385,
505,
697,
916,
1323,
674,
41,
825,
578,
583,
130,
830,
814,
471,
420,
219,
78,
374,
821,
496,
603,
789,
880,
583,
911,
573,
98,
642,
170,
363,
564,
443,
1258,
354,
134,
219,
345,
1414,
342,
132,
366,
288,
363,
327,
108,
355,
764,
571,
235,
138,
84,
362,
1328,
275,
667,
340,
890,
900,
1533,
863,
1330,
369,
703,
1466,
208,
1397,
1396,
119,
1515,
1489,
536,
1497,
185,
128,
1331,
149,
553,
1346,
192,
454,
220,
222,
464,
185,
196,
177,
169,
300,
1122,
213,
140,
144,
137,
229,
201,
911,
918,
243,
393,
107,
910,
364,
198,
358,
470,
97,
846,
118,
166,
533,
848,
385,
351,
103,
164,
381,
872,
299,
93,
112,
379,
1010,
295,
95,
1492,
848,
203,
351,
197,
209,
405,
146,
190,
791,
454,
140,
75,
1411,
632,
371,
382,
298,
39,
358,
1322,
142,
1351,
497,
753,
859,
448,
801,
327,
423,
426,
144,
408,
1108,
686,
88,
1002,
1490,
40,
1463,
341,
409,
296,
184,
265,
731,
137,
275,
728,
342,
858,
133,
95,
214,
104,
242,
158,
841,
116,
42,
729,
541,
385,
196,
531,
230,
106,
523,
111,
954,
196,
37,
105,
832,
391,
102,
38,
90,
895,
230,
486,
374,
404,
691,
256,
926,
189,
40,
477,
198,
158,
915,
153,
139,
208,
1224,
132,
151,
325,
852,
258,
210,
577,
32,
364,
71,
549,
1381,
308,
238,
42,
525,
708,
283,
417,
733,
531,
513,
425,
496,
450,
434,
676,
697,
134,
40,
914,
712,
453,
403,
328,
699,
838,
272,
618,
943,
670,
434,
455,
601,
980,
320,
332,
529,
490,
475,
940,
456,
863,
406,
862,
916,
941,
286,
936,
906,
394,
218,
287,
872,
854,
860,
248,
1471,
1024,
164,
189,
419,
37,
55,
149,
151,
189,
419,
149,
410,
147,
966,
274,
141,
1545,
197,
1427,
418,
120,
1372,
167,
267,
514,
867,
1263,
412,
284,
429,
168,
487,
1483,
186,
177,
939,
190,
422,
117,
440,
147,
263,
1095,
284,
259,
1090,
714,
372,
289,
1203,
616,
165,
890,
377,
838,
268,
216,
1066,
1435,
431,
343,
285,
499,
398,
421,
157,
388,
588,
719,
741,
220,
384,
417,
562,
646,
549,
985,
36,
444,
237,
396,
452,
1133,
116,
545,
365,
375,
363,
218,
218,
334,
250,
99,
309,
213,
371,
317,
217,
306,
39,
306,
326,
254,
742,
242,
448,
248,
256,
386,
231,
454,
331,
1060,
438,
376,
373,
1209,
122,
267,
230,
384,
1328,
731,
43,
1394,
1472,
998,
1417,
991,
1189,
477,
986,
1284,
263,
361,
172,
296,
1393,
815,
897,
726,
721,
189,
1739,
49,
204,
40,
789,
1097,
52,
151,
1568,
408,
82,
819,
1509,
385,
229,
253,
330,
887,
42,
1456,
266,
1567,
1113,
777,
961,
775,
455,
146,
465,
1384,
267,
178,
84,
1594,
864,
938,
867,
87,
773,
1191,
793,
251,
789,
258,
319,
87,
228,
788,
259,
266,
819,
248,
210,
244,
88,
295,
223,
723,
126,
209,
299,
175,
253,
88,
264,
1107,
248,
709,
273,
199,
617,
651,
45,
816,
829,
458,
47,
237,
1024,
241,
182,
321,
202,
88,
291,
41,
399,
40,
135,
38,
200,
166,
185,
158,
225,
198,
257,
147,
906,
168,
147,
907,
144,
158,
45,
910,
333,
275,
932,
95,
289,
924,
829,
147,
755,
244,
179,
214,
84,
1101,
285,
247,
198,
150,
1648,
285,
185,
171,
164,
260,
150,
115,
238,
154,
116,
124,
677,
183,
171,
169,
705,
129,
119,
611,
126,
104,
1669,
55,
273,
187,
38,
78,
493,
83,
484,
182,
78,
159,
468,
77,
464,
43,
163,
488,
1544,
1435,
452,
484,
981,
108,
161,
1093,
182,
1386,
986,
888,
1769,
695,
1719,
427,
1634,
379,
304,
1539,
384,
1611,
449,
99,
160,
1761,
331,
129,
646,
1110,
78,
681,
155,
470,
131,
118,
1519,
1261,
138,
40,
43,
1201,
41,
86,
372,
85,
1739,
146,
77,
599,
393,
475,
564,
77,
469,
586,
149,
220,
127,
466,
465,
1732,
776,
611,
1056,
201,
353,
553,
432,
611,
1594,
844,
294,
491,
347,
43,
492,
981,
338,
179,
377,
162,
157,
334,
1451,
839,
923,
1791,
835,
445,
44,
1258,
174,
1428,
1913,
39,
1011,
1628,
217,
320,
1718,
912,
221,
1624,
73,
744,
425,
354,
299,
41,
1610,
132,
694,
643,
568,
584,
420,
936,
1154,
117,
128,
1355,
174,
175,
173,
376,
1199,
355,
60,
269,
1197,
150,
199,
834,
130,
69,
848,
124,
221,
128,
1044,
1038,
577,
851,
156,
174,
482,
922,
144,
461,
919,
40,
240,
544,
672,
193,
1735,
152,
614,
743,
122,
670,
966,
1075,
1012,
370,
1322,
1002,
177,
1023,
418,
879,
369,
108,
1838,
582,
1060,
949,
681,
1028,
999,
42,
160,
428,
166,
161,
1644,
108,
1603,
155,
903,
39,
1784,
185,
863,
197,
136,
148,
53,
120,
135,
1124,
619,
631,
626,
141,
977,
1775,
1856,
38,
121,
1676,
999,
1631,
36,
622,
118,
1624,
1134,
161,
136,
643,
1058,
1226,
141,
80,
98,
310,
293,
1047,
661,
104,
1627,
1625,
1709,
603,
1647,
101,
1365,
449,
556,
1619,
503,
543,
101,
492,
1616,
740,
993,
571,
598,
1189,
614,
678,
521,
619,
440,
1809,
573,
425,
1151,
731,
122,
597,
1252,
612,
489,
507,
106,
129,
1479,
567,
123,
191,
229,
950,
394,
458,
567,
509,
390,
409,
211,
548,
560,
97,
250,
47,
1752,
125,
861,
539,
590,
381,
228,
670,
553,
78,
448,
494,
547,
622,
544,
886,
492,
641,
400,
144,
601,
595,
168,
802,
116,
603,
1018,
494,
940,
561,
1001,
94,
453,
544,
295,
967,
1965,
1494,
873,
1744,
40,
84,
616,
1686,
957,
944,
1132,
532,
110,
1722,
388,
923,
115,
908,
327,
200,
134,
1570,
580,
154,
1106,
938,
115,
303,
390,
391,
110,
470,
1667,
49,
44,
114,
1076,
558,
456,
46,
245,
1683,
533,
96,
429,
534,
44,
1647,
148,
179,
434,
1623,
1355,
171,
48,
860,
423,
1650,
125,
193,
813,
584,
887,
379,
1069,
548,
777,
506,
486,
40,
456,
209,
415,
1037,
488,
626,
1394,
1601,
908,
390,
567,
566,
1019,
1028,
463,
588,
43,
430,
623,
466,
1044,
882,
508,
437,
427,
141,
497,
370,
243,
1668,
689,
227,
524,
534,
232,
154,
126,
1022,
316,
518,
105,
142,
998,
1040,
485,
510,
388,
547,
1010,
140,
386,
954,
118,
1223,
395,
123,
1036,
453,
839,
197,
887,
157,
445,
1075,
585,
120,
101,
504,
1074,
119,
1070,
1061,
1065,
484,
41,
124,
439,
430,
743,
54,
483,
362,
1655,
132,
726,
40,
761,
546,
520,
1719,
341,
452,
425,
503,
42,
949,
335,
988,
1741,
599,
189,
402,
152,
464,
317,
546,
1780,
36,
526,
432,
77,
1755,
408,
199,
475,
395,
948,
176,
248,
287,
384,
485,
202,
43,
778,
959,
784,
449,
383,
74,
426,
271,
987,
390,
854,
1001,
515,
275,
42,
79,
825,
181,
147,
226,
671,
180,
224,
39,
218,
606,
1095,
190,
511,
143,
826,
112,
129,
455,
116,
38,
290,
196,
609,
371,
95,
491,
992,
202,
91,
120,
825,
999,
859,
440,
973,
887,
260,
1514,
750,
41,
900,
389,
179,
1023,
365,
445,
121,
633,
355,
111,
239,
95,
182,
263,
128,
322,
293,
1782,
41,
376,
1098,
885,
79,
393,
165,
786,
283,
784,
225,
794,
40,
771,
250,
528,
780,
951,
1021,
796,
131,
627,
1881,
204,
234,
147,
120,
1746,
1751,
369,
99,
400,
495,
266,
1139,
489,
132,
161,
103,
183,
494,
842,
819,
46,
407,
164,
167,
208,
601,
1474,
43,
145,
455,
571,
227,
593,
419,
220,
1419,
688,
626,
226,
1134,
147,
485,
554,
479,
841,
991,
367,
672,
918,
268,
186,
374,
1744,
120,
394,
364,
878,
165,
378,
445,
1343,
760,
873,
101,
168,
1023,
417,
58,
363,
1696,
429,
555,
549,
94,
1724,
229,
293,
106,
139,
176,
100,
184,
1713,
127,
399,
117,
1404,
363,
137,
495,
490,
360,
282,
495,
393,
337,
135,
1669,
953,
598,
353,
489,
119,
117,
897,
126,
951,
943,
461,
102,
221,
898,
199,
41,
417,
535,
1223,
643,
166,
452,
388,
381,
398,
746,
196,
837,
928,
744,
379,
508,
1084,
228,
1776,
963,
255,
533,
1716,
721,
1700,
456,
191,
1378,
450,
1811,
343,
1317,
43,
398,
451,
105,
417,
37,
397,
107,
265,
1142,
236,
811,
864,
42,
540,
809,
926,
937,
165,
889,
1284,
100,
555,
1105,
82,
113,
795,
784,
131,
833,
537,
642,
399,
129,
505,
91,
391,
234,
130,
512,
747,
1988,
381,
876,
355,
925,
491,
1023,
521,
1060,
818,
348,
114,
351,
118,
149,
404,
844,
111,
174,
131,
95,
405,
341,
453,
1278,
447,
46,
1093,
288,
88,
292,
93,
42,
773,
105,
101,
1606,
39,
397,
1311,
201,
90,
63,
313,
352,
137,
1655,
1195,
894,
118,
776,
105,
117,
132,
119,
1123,
702,
1810,
269,
901,
112,
374,
785,
477,
102,
40,
1279,
1212,
253,
1197,
252,
251,
1149,
91,
1035,
251,
176,
1142,
1214,
81,
249,
1179,
150,
1085,
83,
110,
278,
1266,
137,
518,
111,
646,
1383,
1916,
151,
1256,
1375,
436,
106,
43,
310,
388,
42,
474,
40,
42,
328,
1054,
318,
456,
40,
539,
251,
568,
511,
492,
39,
597,
1272,
328,
332,
901,
41,
1669,
245,
1142,
501,
860,
442,
314,
140,
1876,
1082,
158,
291,
582,
263,
354,
557,
189,
1285,
1088,
1025,
341,
153,
852,
2027,
238,
155,
136,
1849,
117,
50,
1596,
944,
125,
262,
943,
75,
902,
38,
358,
844,
57,
418,
557,
1050,
827,
898,
50,
536,
905,
331,
1848,
50,
160,
1526,
490,
489,
104,
1972,
1522,
530,
504,
114,
188,
446,
1183,
849,
396,
454,
386,
2003,
457,
488,
196,
2000,
366,
1205,
206,
1876,
38,
252,
1154,
296,
1846,
384,
477,
377,
496,
1600,
192,
289,
277,
248,
452,
456,
475,
339,
439,
1911,
307,
92,
769,
848,
271,
328,
273,
382,
1105,
306,
1062,
778,
44,
44,
468,
803,
259,
395,
294,
43,
381,
165,
1207,
688,
41,
214,
738,
759,
579,
431,
423,
306,
899,
552,
1963,
239,
484,
167,
458,
188,
452,
264,
424,
433,
307,
376,
925,
39,
90,
1595,
463,
460,
1942,
1973,
473,
264,
485,
256,
302,
528,
242,
149,
325,
1968,
528,
568,
255,
529,
202,
569,
1211,
1596,
506,
514,
44,
567,
42,
553,
477,
560,
1789,
159,
744,
62,
159,
295,
1997,
551,
1439,
804,
1110,
1967,
1881,
201,
1401,
1308,
803,
1749,
828,
124,
787,
214,
993,
935,
1286,
438,
743,
1150,
148,
586,
747,
558,
120,
149,
540,
156,
330,
1637,
186,
722,
1864,
1996,
122,
147,
392,
317,
796,
1980,
264,
1384,
80,
193,
415,
104,
167,
925,
1351,
306,
187,
1934,
222,
748,
1231,
809,
171,
174,
384,
1129,
130,
295,
879,
395,
500,
1741,
314,
45,
512,
469,
359,
1273,
249,
1922,
41,
78,
1642,
289,
395,
57,
364,
296,
304,
445,
511,
81,
165,
129,
325,
303,
270,
828,
195,
174,
1735,
1948,
1403,
1036,
263,
68,
1190,
1735,
1918,
1979,
38,
263,
136,
1726,
2035,
180,
225,
389,
216,
699,
283,
48,
999,
540,
987,
577,
1900,
529,
41,
528,
1806,
66,
986,
515,
1893,
445,
965,
611,
1988,
1503,
1118,
425,
163,
1008,
392,
1986,
1003,
1857,
1537,
37,
63,
60,
854,
998,
1158,
985,
543,
1529,
1109,
1628,
1844,
783,
137,
1892,
792,
1141,
521,
1599,
147,
1708,
1508,
783,
126,
539,
524,
38,
799,
791,
508,
1447,
1005,
499,
497,
168,
1949,
1540,
968,
146,
40,
496,
1282,
525,
571,
1473,
285,
1070,
432,
95,
1414,
280,
341,
189,
211,
78,
271,
211,
379,
1471,
392,
208,
600,
42,
1370,
473,
310,
95,
857,
1517,
80,
386,
811,
22,
413,
471,
22,
44,
1222,
244,
442,
1214,
99,
127,
540,
500,
1252,
567,
177,
391,
157,
434,
616,
395,
302,
1367,
155,
169,
120,
182,
143,
401,
187,
494,
136,
2146,
156,
23,
415,
166,
197,
124,
454,
382,
568,
25,
60,
141,
896,
1790,
1028,
399,
1898,
1949,
313,
1717,
1029,
1716,
1796,
1047,
552,
177,
1850,
189,
1848,
148,
198,
396,
316,
41,
186,
1381,
838,
1895,
965,
46,
310,
418,
41,
1190,
1184,
153,
789,
173,
691,
1954,
1164,
564,
1048,
313,
308,
990,
1897,
1949,
1157,
462,
1447,
1489,
1528,
1935,
1545,
1102,
1150,
354,
51,
565,
956,
1066,
1850,
100,
542,
1362,
317,
52,
1132,
415,
1320,
1844,
312,
42,
1932,
961,
48,
116,
1372,
46,
401,
365,
1833,
1750,
569,
1189,
611,
122,
1818,
45,
600,
108,
112,
380,
1764,
43,
514,
445,
109,
449,
424,
81,
520,
587,
445,
190,
384,
1160,
44,
635,
1156,
186,
595,
1030,
208,
150,
466,
923,
170,
417,
135,
519,
156,
402,
162,
1177,
268,
1270,
293,
422,
87,
876,
154,
426,
152,
532,
394,
444,
148,
71,
946,
381,
1069,
1822,
436,
1418,
141,
50,
1769,
170,
387,
47,
384,
550,
130,
1120,
704,
1108,
174,
714,
1092,
468,
172,
41,
324,
1138,
1098,
1027,
76,
294,
194,
1016,
37,
282,
136,
390,
356,
513,
132,
448,
424,
393,
352,
418,
144,
72,
138,
1381,
407,
369,
45,
182,
400,
611,
1400,
129,
113,
112,
37,
387,
451,
1087,
138,
1913,
418,
395,
271,
324,
374,
386,
171,
903,
298,
161,
383,
1904,
349,
320,
440,
333,
515,
709,
1971,
1838,
541,
472,
434,
1119,
1416,
1827,
320,
446,
500,
345,
334,
1092,
1837,
1799,
76,
41,
446,
383,
178,
311,
41,
432,
1783,
1279,
1130,
611,
124,
669,
1006,
1994,
432,
323,
395,
158,
1381,
401,
494,
655,
525,
540,
283,
322,
1970,
399,
1091,
1055,
387,
311,
382,
1041,
325,
383,
45,
120,
1075,
1859,
421,
1256,
38,
1013,
1001,
1106,
468,
473,
327,
1786,
1293,
1101,
1639,
420,
214,
362,
41,
1767,
376,
1830,
1026,
220,
328,
181,
476,
355,
1830,
223,
420,
1878,
181,
238,
348,
1014,
215,
412,
239,
1116,
988,
165,
187,
1769,
174,
263,
173,
330,
332,
581,
564,
1102,
552,
288,
113,
342,
575,
371,
167,
118,
120,
227,
98,
488,
1722,
137,
144,
492,
121,
189,
1588,
427,
41,
145,
170,
1259,
120,
139,
1721,
124,
145,
128,
1039,
465,
969,
439,
438,
1442,
103,
135,
350,
458,
1784,
952,
1287,
1115,
1978,
101,
1277,
141,
588,
628,
142,
141,
428,
1326,
1637,
46,
399,
304,
133,
591,
283,
46,
44,
625,
523,
1481,
39,
154,
315,
1331,
76,
82,
1892,
1881,
136,
1779,
41,
290,
118,
373,
124,
136,
1902,
99,
431,
162,
1866,
441,
71,
1628,
237,
456,
98,
1750,
425,
415,
682,
243,
776,
64,
409,
481,
236,
240,
450,
1994,
435,
580,
513,
573,
153,
49,
545,
235,
1077,
999,
1011,
559,
543,
557,
1198,
437,
139,
118,
1142,
520,
466,
1027,
188,
528,
409,
495,
374,
38,
116,
457,
522,
97,
570,
223,
256,
254,
92,
145,
1179,
464,
150,
44,
711,
1173,
1169,
1177,
1191,
694,
103,
1199,
1698,
1601,
392,
57,
1384,
151,
39,
73,
444,
491,
105,
98,
126,
703,
463,
541,
433,
527,
460,
492,
374,
193,
48,
318,
1213,
489,
132,
172,
168,
127,
815,
475,
172,
809,
41,
812,
1113,
170,
832,
541,
1303,
275,
112,
505,
538,
1254,
37,
340,
2045,
109,
1868,
443,
412,
86,
440,
1239,
403,
208,
300,
496,
2096,
1756,
583,
183,
403,
179,
175,
76,
80,
588,
524,
39,
507,
2052,
147,
388,
447,
58,
468,
173,
317,
158,
509,
426,
480,
790,
762,
323,
280,
482,
437,
435,
446,
425,
97,
43,
106,
414,
506,
465,
103,
406,
1150,
248,
442,
396,
333,
384,
252,
390,
234,
80,
569,
1035,
580,
571,
378,
1495,
97,
399,
377,
1595,
529,
671,
246,
481,
332,
272,
45,
363,
413,
448,
428,
1439,
254,
178,
452,
372,
53,
463,
39,
670,
1553,
237,
351,
1109,
494,
286,
210,
2006,
446,
285,
752,
261,
1602,
446,
480,
143,
38,
158,
1066,
927,
1081,
170,
119,
679,
672,
1423,
140,
1535,
626,
85,
856,
198,
924,
126,
126,
190,
1263,
592,
168,
118,
150,
431,
76,
147,
447,
2010,
37,
1254,
444,
442,
383,
2092,
199,
381,
425,
417,
233,
423,
441,
286,
1260,
134,
2090,
524,
2092,
1891,
1635,
506,
45,
498,
617,
2018,
1865,
461,
883,
1680,
2036,
432,
476,
1475,
499,
566,
929,
46,
473,
529,
459,
437,
459,
401,
396,
414,
2067,
1043,
46,
179,
190,
397,
560,
601,
350,
302,
169,
1237,
1082,
398,
526,
1436,
1491,
136,
368,
1108,
479,
1070,
178,
483,
586,
739,
1612,
434,
129,
129,
471,
824,
605,
593,
1325,
116,
390,
1281,
1003,
421,
374,
140,
127,
1794,
460,
471,
156,
454,
374,
452,
127,
124,
329,
1510,
1443,
138,
520,
407,
1260,
570,
123,
2027,
41,
267,
1768,
477,
107,
40,
335,
85,
405,
455,
416,
360,
275,
2064,
860,
1948,
163,
167,
43,
1902,
413,
426,
194,
181,
320,
484,
809,
105,
161,
1367,
150,
1521,
1946,
123,
269,
196,
548,
558,
364,
1105,
1322,
135,
103,
1906,
1848,
106,
124,
118,
333,
51,
119,
1600,
41,
96,
962,
48,
466,
40,
334,
470,
862,
402,
443,
352,
1881,
946,
1057,
271,
377,
119,
130,
368,
387,
127,
138,
44,
1897,
329,
310,
41,
487,
85,
40,
100,
1501,
277,
494,
272,
493,
462,
337,
79,
1650,
299,
1607,
133,
402,
148,
1744,
109,
102,
37,
109,
443,
438,
373,
194,
326,
180,
542,
311,
40,
884,
362,
389,
2012,
47,
327,
202,
302,
132,
2197,
1603,
471,
129,
310,
472,
309,
42,
131,
480,
307,
472,
266,
113,
315,
302,
455,
172,
186,
366,
1317,
147,
209,
380,
664,
876,
145,
672,
173,
1587,
102,
381,
722,
620,
269,
726,
144,
604,
792,
918,
183,
261,
263,
134,
126,
800,
274,
1186,
875,
99,
180,
114,
134,
807,
1321,
1181,
113,
1080,
87,
803,
1451,
1701,
116,
154,
121,
1884,
77,
97,
840,
1323,
1521,
700,
189,
1204,
1157,
88,
1521,
1973,
1492,
892,
1411,
999,
1264,
539,
449,
1403,
1558,
81,
964,
117,
126,
1217,
104,
1186,
1381,
316,
315,
896,
511,
532,
1409,
265,
405,
473,
289,
402,
283,
508,
266,
423,
265,
507,
1332,
457,
1784,
350,
507,
50,
418,
473,
945,
151,
184,
132,
187,
102,
370,
453,
102,
1088,
361,
100,
92,
125,
663,
1542,
92,
90,
1435,
140,
636,
381,
90,
1231,
1523,
1590,
435,
1331,
356,
89,
86,
41,
1613,
403,
72,
75,
275,
61,
58,
1609,
1516,
96,
1678,
55,
1552,
75,
297,
251,
50,
39,
2031,
41,
691,
748,
280,
80,
135,
639,
131,
573,
513,
533,
79,
500,
1317,
458,
986,
463,
408,
50,
60,
416,
310,
1868,
43,
211,
2015,
1858,
162,
328,
137,
1977,
51,
130,
1492,
167,
1934,
136,
138,
156,
205,
1646,
698,
43,
396,
151,
39,
416,
1160,
373,
345,
1658,
374,
1538,
336,
334,
288,
1604,
54,
936,
430,
592,
335,
371,
117,
311,
94,
830,
454,
229,
98,
502,
158,
43,
137,
1908,
617,
323,
584,
301,
2134,
180,
284,
606,
444,
743,
1703,
137,
594,
580,
103,
100,
333,
385,
2063,
541,
44,
350,
867,
1571,
453,
700,
582,
545,
766,
1514,
1008,
1594,
534,
725,
591,
1512,
1848,
321,
1323,
205,
390,
187,
1522,
41,
554,
1744,
542,
468,
187,
937,
422,
297,
307,
833,
289,
941,
221,
563,
214,
570,
189,
115,
284,
108,
112,
607,
546,
214,
387,
430,
687,
553,
1211,
1511,
47,
1199,
1156,
126,
271,
45,
397,
1154,
227,
75,
114,
1143,
1108,
40,
1292,
402,
548,
1159,
472,
603,
447,
78,
1737,
554,
436,
524,
385,
652,
561,
408,
1231,
482,
454,
1644,
359,
1607,
591,
1593,
1851,
1730,
520,
1024,
69,
1557,
108,
1123,
80,
1141,
1688,
365,
545,
2228,
1175,
1527,
642,
477,
406,
137,
373,
1514,
1054,
417,
1161,
155,
530,
1642,
624,
2205,
509,
569,
1659,
535,
129,
1735,
235,
386,
38,
45,
177,
315,
298,
160,
36,
41,
170,
268,
310,
382,
323,
288,
247,
1023,
397,
408,
360,
76,
387,
404,
339,
155,
42,
1540,
471,
39,
44,
42,
286,
346,
40,
273,
290,
786,
126,
245,
40,
511,
168,
1232,
77,
47,
1540,
470,
228,
188,
271,
46,
160,
551,
168,
165,
230,
499,
520,
365,
755,
711,
1797,
474,
726,
441,
175,
148,
360,
402,
1747,
430,
1256,
461,
508,
403,
590,
48,
673,
637,
489,
202,
663,
406,
277,
1392,
149,
361,
484,
1452,
883,
1910,
386,
237,
248,
1203,
617,
303,
353,
248,
237,
199,
310,
221,
397,
2286,
594,
202,
382,
214,
189,
1771,
200,
163,
206,
1698,
378,
819,
444,
436,
356,
1087,
354,
327,
383,
184,
319,
1871,
358,
957,
272,
388,
964,
935,
356,
614,
269,
1045,
162,
174,
931,
856,
352,
514,
1034,
1010,
1023,
417,
591,
582,
349,
43,
349,
1688,
447,
167,
157,
194,
964,
311,
344,
1687,
358,
1107,
160,
194,
663,
335,
336,
313,
1757,
1037,
152,
619,
179,
708,
304,
1250,
231,
62,
303,
525,
331,
439,
1425,
37,
1784,
278,
558,
304,
558,
214,
771,
298,
165,
215,
276,
39,
294,
574,
592,
171,
1871,
587,
215,
291,
138,
502,
286,
459,
407,
37,
530,
144,
465,
1063,
380,
914,
277,
1049,
458,
599,
407,
1117,
263,
540,
141,
445,
994,
671,
1727,
1084,
303,
116,
74,
816,
149,
37,
491,
833,
153,
1275,
143,
741,
124,
741,
487,
860,
38,
794,
820,
847,
427,
1624,
247,
45,
589,
1690,
79,
767,
758,
1960,
379,
377,
747,
736,
2392,
362,
1163,
45,
1055,
502,
129,
216,
455,
759,
200,
75,
770,
223,
854,
192,
864,
183,
255,
183,
1075,
163,
385,
173,
194,
130,
223,
1762,
189,
41,
1072,
1769,
776,
150,
124,
695,
50,
765,
1738,
1362,
694,
759,
684,
785,
124,
677,
43,
858,
308,
106,
282,
426,
252,
888,
127,
103,
231,
223,
1390,
185,
646,
518,
211,
504,
408,
1102,
420,
43,
340,
558,
760,
373,
192,
663,
819,
208,
554,
1715,
42,
735,
104,
668,
1777,
162,
124,
340,
592,
459,
114,
804,
402,
200,
541,
482,
196,
166,
1730,
161,
121,
847,
43,
228,
791,
225,
180,
1336,
42,
1902,
129,
153,
1909,
368,
404,
501,
267,
268,
92,
229,
741,
719,
370,
539,
1181,
170,
374,
94,
1203,
519,
443,
998,
2385,
335,
92,
41,
518,
1184,
941,
1097,
310,
548,
314,
408,
1791,
450,
397,
2421,
515,
406,
179,
1170,
518,
176,
126,
166,
169,
172,
153,
343,
735,
160,
122,
171,
176,
292,
654,
158,
529,
311,
99,
163,
479,
1933,
150,
202,
337,
208,
211,
175,
471,
199,
176,
196,
285,
40,
134,
978,
2412,
94,
1224,
1832,
873,
210,
1158,
2180,
2304,
633,
1751,
43,
1227,
930,
1790,
42,
551,
549,
1226,
139,
40,
1218,
687,
1182,
125,
359,
129,
557,
558,
676,
44,
541,
160,
741,
121,
1226,
188,
1214,
162,
610,
116,
202,
98,
655,
84,
154,
172,
2171,
672,
128,
142,
154,
132,
545,
128,
350,
1148,
373,
142,
149,
513,
115,
1249,
192,
137,
818,
399,
283,
602,
502,
1757,
748,
429,
44,
534,
2247,
282,
131,
583,
337,
407,
1897,
1964,
551,
1120,
2081,
388,
1201,
789,
332,
283,
499,
197,
1911,
1378,
324,
273,
248,
1241,
746,
360,
581,
2412,
1237,
2372,
573,
760,
132,
481,
574,
298,
1249,
131,
365,
240,
710,
115,
267,
103,
349,
569,
2482,
491,
220,
1116,
669,
105,
588,
859,
717,
602,
490,
817,
1080,
745,
537,
84,
132,
133,
161,
436,
764,
158,
896,
48,
533,
895,
289,
465,
698,
257,
47,
781,
282,
133,
1096,
164,
43,
585,
179,
480,
856,
1772,
42,
471,
2374,
246,
561,
714,
2348,
258,
181,
43,
448,
569,
799,
1742,
536,
164,
480,
421,
139,
811,
139,
138,
2339,
1755,
588,
500,
116,
846,
1913,
281,
45,
2033,
129,
1892,
392,
1180,
310,
41,
349,
38,
1775,
498,
83,
98,
218,
822,
800,
559,
434,
2244,
179,
934,
792,
38,
694,
2127,
97,
714,
87,
407,
102,
2305,
624,
726,
203,
153,
88,
173,
1881,
1730,
1007,
762,
2327,
1882,
258,
829,
99,
411,
502,
276,
760,
1257,
1604,
42,
571,
740,
171,
662,
230,
998,
1893,
370,
1166,
148,
762,
601,
123,
514,
1250,
515,
1809,
562,
677,
44,
1272,
1776,
308,
1425,
113,
1892,
621,
139,
299,
590,
489,
1472,
745,
1123,
288,
1343,
401,
236,
1414,
2270,
189,
858,
864,
1822,
813,
1003,
772,
167,
142,
853,
2232,
836,
759,
76,
225,
280,
1489,
278,
762,
151,
710,
2024,
159,
185,
1487,
739,
156,
171,
141,
269,
701,
2413,
347,
203,
45,
1925,
782,
390,
2405,
202,
931,
203,
2026,
2201,
198,
256,
427,
504,
277,
184,
172,
2201,
735,
101,
360,
37,
176,
272,
1352,
1270,
1994,
170,
802,
1185,
209,
296,
1207,
160,
214,
81,
460,
306,
668,
589,
57,
285,
189,
52,
127,
173,
554,
655,
1264,
921,
152,
694,
86,
617,
340,
453,
651,
1936,
44,
1092,
466,
487,
43,
41,
996,
731,
1261,
1327,
1004,
891,
283,
707,
311,
529,
551,
322,
195,
597,
154,
926,
2025,
130,
999,
640,
592,
600,
487,
674,
192,
508,
329,
641,
786,
457,
113,
187,
930,
367,
816,
695,
917,
332,
2051,
798,
2004,
293,
307,
627,
913,
482,
300,
911,
844,
265,
719,
588,
648,
898,
910,
183,
437,
617,
768,
827,
194,
137,
705,
147,
144,
617,
671,
937,
860,
574,
781,
46,
614,
522,
623,
858,
568,
514,
571,
162,
856,
566,
419,
624,
263,
516,
429,
209,
847,
687,
284,
578,
46,
661,
88,
257,
486,
631,
38,
261,
626,
430,
552,
50,
39,
939,
2252,
595,
117,
125,
2252,
1813,
602,
173,
160,
510,
45,
572,
1670,
652,
153,
910,
452,
597,
440,
1431,
595,
739,
182,
2097,
1954,
362,
156,
46,
948,
468,
1954,
2246,
183,
2194,
431,
888,
93,
158,
597,
477,
1799,
955,
1160,
38,
137,
628,
43,
268,
103,
242,
239,
258,
1060,
256,
1247,
1430,
342,
234,
256,
237,
250,
232,
1091,
2206,
1077,
731,
588,
449,
2246,
251,
1076,
1088,
611,
498,
1667,
745,
293,
1123,
1665,
317,
617,
280,
735,
239,
508,
44,
305,
746,
45,
48,
1455,
1139,
303,
643,
1574,
1678,
149,
620,
2028,
983,
2204,
1129,
1378,
1360,
2195,
2164,
1562,
1437,
530,
598,
605,
349,
1688,
1707,
549,
439,
186,
1491,
385,
41,
21,
186,
60,
153,
430,
2048,
51,
274,
184,
39,
207,
756,
728,
580,
558,
220,
587,
800,
396,
560,
687,
693,
121,
182,
751,
555,
766,
794,
782,
640,
534,
698,
248,
297,
2128,
583,
696,
357,
703,
355,
404,
121,
2127,
1459,
344,
673,
1041,
242,
676,
202,
156,
1105,
1081,
141,
117,
1033,
35,
261,
2052,
340,
117,
488,
687,
116,
417,
1345,
528,
415,
114,
163,
415,
118,
111,
44,
100,
515,
196,
352,
43,
1638,
38,
318,
2052,
371,
105,
266,
281,
62,
431,
222,
259,
215,
122,
1414,
2235,
234,
204,
543,
160,
206,
201,
272,
75,
219,
226,
745,
192,
694,
688,
691,
574,
273,
367,
525,
95,
447,
1152,
146,
204,
1143,
191,
415,
949,
1170,
736,
756,
715,
76,
1373,
197,
2274,
203,
125,
206,
656,
203,
131,
514,
427,
129,
488,
123,
74,
189,
151,
487,
133,
1238,
135,
437,
156,
1683,
390,
251,
1197,
202,
232,
1768,
600,
331,
385,
476,
306,
240,
263,
41,
49,
799,
48,
591,
204,
752,
370,
993,
890,
380,
858,
392,
726,
209,
257,
802,
1176,
733,
138,
571,
779,
492,
38,
728,
734,
303,
314,
301,
732,
248,
255,
463,
281,
1106,
463,
442,
453,
306,
501,
438,
377,
419,
141,
749,
472,
430,
372,
149,
367,
392,
102,
312,
241,
1535,
129,
754,
2317,
439,
327,
128,
410,
557,
123,
414,
1393,
334,
392,
1551,
1728,
390,
117,
756,
381,
2174,
377,
651,
295,
840,
436,
393,
1574,
102,
1186,
460,
362,
2186,
378,
381,
75,
266,
375,
757,
1180,
324,
321,
739,
498,
715,
354,
320,
2240,
1164,
1170,
319,
315,
86,
371,
222,
1196,
721,
313,
487,
484,
1178,
308,
379,
458,
227,
462,
83,
1171,
1163,
81,
609,
1291,
368,
2076,
109,
229,
649,
1646,
416,
469,
50,
85,
176,
228,
492,
181,
114,
388,
1736,
476,
2249,
145,
307,
226,
92,
221,
361,
230,
1206,
256,
81,
484,
2250,
469,
85,
91,
1147,
320,
345,
491,
179,
228,
1725,
1202,
90,
39,
1185,
948,
287,
274,
804,
196,
788,
424,
179,
1213,
900,
1573,
345,
1578,
266,
324,
856,
105,
542,
1230,
959,
462,
275,
964,
259,
410,
94,
81,
659,
1164,
1208,
2280,
278,
566,
1745,
93,
498,
324,
1018,
93,
463,
603,
170,
1224,
400,
200,
130,
852,
474,
313,
2242,
445,
358,
144,
49,
414,
215,
374,
38,
343,
173,
252,
665,
1255,
436,
653,
104,
280,
562,
1174,
476,
530,
1310,
276,
596,
1620,
256,
357,
211,
309,
539,
106,
1176,
1142,
1172,
395,
260,
285,
106,
1170,
254,
689,
220,
590,
38,
635,
382,
368,
266,
261,
1172,
376,
247,
235,
276,
382,
453,
321,
449,
107,
690,
363,
151,
544,
706,
441,
437,
107,
581,
222,
100,
526,
478,
44,
1261,
536,
371,
187,
179,
431,
291,
388,
403,
1773,
444,
295,
551,
298,
430,
136,
591,
178,
390,
440,
442,
156,
111,
1269,
673,
191,
1181,
186,
293,
645,
415,
1198,
184,
615,
1165,
120,
163,
1172,
392,
414,
834,
783,
417,
393,
129,
1143,
112,
244,
796,
822,
965,
160,
673,
1134,
364,
288,
161,
345,
884,
311,
108,
614,
322,
617,
44,
88,
154,
480,
389,
193,
575,
107,
393,
262,
476,
461,
575,
1176,
1137,
963,
1103,
235,
300,
245,
482,
1175,
1103,
298,
256,
247,
85,
83,
410,
245,
401,
305,
1159,
277,
89,
1183,
403,
272,
57,
268,
74,
287,
1156,
94,
1017,
251,
1640,
167,
201,
172,
75,
333,
437,
146,
235,
582,
46,
1316,
340,
210,
77,
213,
143,
166,
130,
477,
275,
117,
150,
216,
116,
184,
396,
139,
369,
767,
384,
91,
138,
283,
581,
122,
138,
575,
668,
710,
679,
446,
667,
261,
424,
43,
581,
888,
343,
985,
280,
274,
956,
758,
87,
1429,
607,
368,
612,
2150,
696,
2284,
492,
251,
2293,
669,
1449,
634,
351,
2293,
614,
1209,
1277,
280,
308,
1218,
113,
50,
1165,
384,
1147,
362,
666,
318,
242,
251,
2289,
1163,
1174,
260,
267,
417,
730,
818,
139,
1759,
797,
138,
123,
284,
2170,
94,
1847,
42,
803,
506,
622,
377,
231,
132,
299,
386,
1869,
205,
192,
210,
420,
123,
152,
208,
2166,
449,
2296,
111,
456,
440,
584,
629,
1414,
86,
83,
401,
604,
1729,
680,
1149,
855,
609,
655,
279,
424,
205,
47,
428,
168,
1161,
223,
563,
245,
1127,
131,
439,
2293,
415,
563,
341,
412,
89,
276,
76,
258,
1210,
368,
384,
284,
321,
289,
280,
1195,
1193,
238,
639,
411,
279,
704,
663,
364,
323,
271,
2240,
619,
2209,
279,
817,
647,
277,
274,
697,
272,
114,
644,
271,
269,
132,
431,
457,
60,
299,
416,
84,
385,
517,
574,
103,
318,
1736,
339,
83,
808,
400,
1210,
693,
310,
503,
732,
412,
350,
339,
669,
739,
499,
39,
237,
553,
408,
733,
1203,
93,
1473,
1455,
598,
395,
1198,
613,
351,
664,
653,
300,
1209,
393,
1318,
629,
21,
322,
264,
413,
1298,
459,
1206,
321,
160,
288,
711,
783,
257,
181,
656,
308,
180,
401,
1319,
603,
540,
166,
388,
552,
434,
690,
298,
146,
280,
868,
620,
448,
460,
1976,
1346,
165,
981,
675,
81,
165,
1314,
180,
603,
1209,
44,
199,
553,
136,
1230,
509,
536,
376,
642,
549,
60,
505,
148,
631,
161,
181,
400,
126,
262,
594,
240,
502,
563,
174,
696,
642,
1390,
181,
165,
127,
167,
535,
139,
728,
748,
1433,
186,
639,
165,
1386,
42,
1961,
2408,
650,
258,
68,
1026,
298,
734,
1880,
44,
952,
1014,
416,
44,
78,
727,
2378,
497,
246,
456,
312,
724,
90,
549,
423,
110,
744,
139,
249,
1975,
398,
1447,
895,
726,
108,
41,
716,
250,
769,
404,
487,
630,
439,
655,
309,
768,
550,
252,
249,
644,
428,
971,
669,
294,
43,
498,
167,
421,
109,
709,
382,
542,
156,
315,
548,
492,
282,
309,
368,
415,
418,
1241,
406,
237,
527,
450,
1277,
314,
1934,
263,
486,
424,
114,
621,
100,
38,
370,
1388,
437,
493,
77,
365,
1332,
329,
69,
362,
1921,
319,
126,
453,
2349,
1932,
379,
46,
493,
1932,
823,
130,
505,
1784,
1171,
446,
421,
112,
74,
405,
133,
123,
60,
1887,
1557,
466,
1945,
1961,
46,
1356,
1916,
21,
2084,
1955,
112,
1552,
320,
401,
361,
1640,
113,
236,
1816,
117,
1676,
110,
1328,
2002,
540,
51,
109,
242,
1740,
1122,
210,
1307,
1684,
378,
40,
405,
111,
100,
46,
171,
1358,
94,
144,
398,
338,
332,
1239,
376,
85,
304,
335,
1167,
88,
613,
388,
425,
430,
764,
809,
377,
368,
340,
471,
528,
1088,
207,
584,
422,
577,
41,
1087,
541,
1666,
279,
855,
88,
1371,
2452,
296,
396,
414,
976,
337,
118,
453,
968,
350,
362,
208,
429,
355,
303,
42,
452,
304,
341,
370,
332,
302,
363,
288,
254,
52,
327,
918,
1253,
303,
275,
970,
325,
1375,
117,
327,
258,
159,
954,
1258,
237,
322,
1004,
996,
408,
201,
1150,
635,
439,
127,
571,
77,
198,
941,
403,
328,
206,
499,
468,
175,
570,
471,
627,
293,
202,
290,
191,
250,
477,
323,
271,
467,
261,
322,
468,
466,
472,
320,
106,
373,
90,
372,
38,
1479,
60,
461,
1492,
67,
74,
925,
141,
945,
1562,
46,
309,
1000,
272,
211,
249,
272,
1282,
316,
789,
39,
990,
1711,
918,
777,
772,
938,
330,
173,
430,
156,
433,
425,
79,
298,
185,
982,
430,
197,
151,
118,
218,
1756,
1760,
1041,
264,
42,
208,
354,
256,
179,
352,
807,
1962,
2085,
283,
162,
1048,
957,
659,
822,
549,
1401,
233,
789,
41,
921,
148,
531,
207,
1363,
398,
1962,
539,
353,
805,
2046,
428,
77,
589,
1086,
258,
1921,
679,
653,
588,
1680,
773,
178,
493,
1934,
1758,
768,
587,
781,
115,
2049,
247,
2041,
180,
1704,
1525,
988,
1755,
765,
50,
1537,
806,
208,
985,
344,
41,
2242,
427,
824,
416,
88,
340,
1039,
44,
574,
705,
1748,
89,
1885,
167,
2225,
479,
1109,
170,
1282,
253,
103,
203,
499,
39,
434,
196,
98,
176,
446,
1424,
157,
386,
433,
81,
161,
1008,
2021,
994,
80,
1845,
136,
77,
950,
78,
2024,
1052,
1205,
196,
131,
506,
787,
86,
943,
225,
1032,
797,
40,
336,
420,
606,
191,
785,
181,
126,
470,
838,
869,
452,
716,
325,
780,
1932,
205,
107,
224,
609,
43,
568,
189,
572,
43,
796,
915,
221,
87,
721,
531,
899,
692,
220,
698,
712,
220,
161,
704,
670,
974,
513,
510,
1596,
415,
215,
1160,
1002,
499,
90,
189,
206,
80,
1166,
312,
655,
886,
145,
380,
221,
1102,
928,
389,
151,
2095,
159,
423,
909,
371,
670,
40,
280,
197,
120,
1588,
752,
126,
232,
84,
137,
674,
361,
88,
337,
180,
174,
372,
65,
370,
1596,
195,
671,
83,
348,
41,
1508,
667,
341,
857,
300,
835,
510,
80,
184,
40,
287,
2096,
187,
652,
234,
964,
770,
1286,
880,
686,
55,
496,
1007,
170,
598,
548,
217,
1857,
562,
299,
39,
796,
545,
312,
856,
573,
611,
607,
639,
567,
449,
786,
1603,
854,
1939,
596,
348,
835,
242,
669,
634,
764,
670,
765,
347,
656,
563,
794,
519,
498,
1126,
526,
656,
558,
79,
370,
615,
618,
1255,
550,
119,
627,
243,
40,
956,
635,
548,
573,
339,
373,
607,
183,
603,
135,
311,
135,
389,
929,
348,
329,
659,
786,
568,
544,
631,
541,
943,
161,
742,
779,
73,
921,
567,
156,
789,
394,
559,
763,
566,
847,
831,
71,
565,
789,
803,
645,
624,
555,
679,
547,
815,
329,
1817,
537,
539,
282,
261,
779,
557,
1668,
773,
652,
1884,
630,
754,
1619,
2241,
551,
1063,
573,
513,
595,
532,
42,
1833,
2226,
84,
575,
1853,
568,
126,
590,
770,
625,
85,
125,
769,
1175,
444,
666,
288,
586,
136,
39,
2034,
271,
817,
654,
672,
755,
858,
782,
226,
178,
810,
963,
1799,
492,
173,
288,
373,
373,
151,
1647,
1899,
342,
605,
43,
681,
1743,
713,
1661,
639,
223,
557,
853,
624,
110,
1892,
598,
1854,
638,
163,
749,
530,
368,
1887,
327,
557,
75,
708,
2216,
1403,
161,
46,
151,
154,
1509,
618,
102,
517,
77,
46,
498,
40,
712,
231,
126,
746,
320,
1360,
468,
494,
669,
485,
685,
1394,
354,
442,
675,
282,
525,
206,
484,
40,
819,
776,
278,
358,
716,
817,
160,
305,
92,
805,
276,
134,
237,
260,
793,
835,
281,
262,
768,
808,
819,
759,
635,
727,
548,
689,
241,
240,
753,
102,
768,
324,
1378,
1586,
67,
618,
1440,
82,
801,
91,
861,
87,
227,
791,
789,
1612,
864,
706,
805,
825,
204,
220,
836,
294,
100,
706,
731,
274,
821,
461,
758,
655,
887,
597,
335,
167,
837,
283,
655,
224,
423,
563,
695,
502,
407,
351,
282,
571,
164,
767,
156,
608,
391,
1487,
1316,
341,
385,
606,
389,
267,
604,
152,
248,
640,
313,
338,
323,
306,
272,
233,
604,
271,
569,
44,
655,
666,
645,
648,
652,
41,
650,
541,
1673,
557,
568,
100,
660,
783,
70,
916,
618,
607,
86,
613,
596,
41,
1908,
778,
662,
1272,
540,
651,
622,
583,
40,
546,
607,
964,
914,
669,
596,
649,
276,
40,
1948,
169,
544,
794,
217,
673,
686,
759,
266,
1946,
247,
543,
208,
538,
228,
229,
192,
217,
1192,
1947,
280,
778,
234,
507,
1219,
738,
614,
1199,
1870,
745,
667,
38,
96,
278,
714,
244,
776,
832,
582,
743,
1685,
246,
712,
869,
48,
79,
542,
443,
799,
508,
47,
262,
555,
535,
563,
277,
147,
534,
493,
542,
125,
416,
531,
119,
778,
222,
417,
487,
946,
646,
431,
1965,
334,
324,
338,
801,
1348,
634,
210,
848,
301,
634,
615,
917,
2131,
2154,
164,
284,
1126,
1169,
635,
770,
812,
1406,
156,
1966,
48,
57,
749,
1109,
129,
744,
771,
135,
2156,
557,
445,
129,
1821,
235,
765,
745,
725,
243,
473,
909,
566,
362,
114,
629,
222,
825,
167,
241,
552,
54,
733,
136,
210,
746,
269,
718,
770,
186,
111,
2833,
372,
227,
442,
744,
690,
722,
651,
182,
219,
241,
715,
888,
162,
816,
41,
204,
948,
40,
851,
147,
1868,
178,
450,
394,
492,
2125,
142,
853,
378,
693,
146,
371,
127,
1920,
734,
115,
180,
142,
636,
773,
1278,
273,
47,
106,
181,
42,
736,
232,
443,
326,
733,
226,
206,
723,
437,
738,
855,
1153,
707,
746,
787,
731,
568,
944,
1841,
836,
321,
721,
95,
817,
775,
272,
56,
819,
1951,
1514,
584,
1282,
783,
156,
42,
619,
871,
1818,
157,
1233,
202,
614,
1227,
959,
167,
1317,
810,
1966,
42,
917,
185,
40,
831,
482,
572,
317,
2123,
202,
782,
282,
207,
1396,
317,
110,
400,
305,
332,
700,
426,
127,
167,
299,
367,
212,
678,
1960,
42,
316,
135,
1406,
153,
1227,
300,
118,
626,
1167,
1181,
299,
677,
108,
920,
299,
165,
40,
2024,
170,
764,
807,
40,
157,
294,
1840,
872,
428,
915,
821,
435,
614,
152,
291,
604,
221,
290,
435,
295,
227,
122,
294,
100,
225,
603,
257,
593,
594,
83,
776,
100,
70,
76,
702,
92,
837,
1011,
441,
1049,
781,
775,
79,
188,
185,
193,
633,
834,
212,
854,
729,
186,
415,
787,
192,
182,
214,
188,
283,
743,
181,
305,
275,
498,
165,
124,
161,
211,
173,
395,
854,
788,
883,
328,
1481,
115,
840,
671,
117,
784,
1743,
895,
810,
486,
45,
1365,
759,
313,
596,
43,
895,
806,
601,
815,
2023,
1127,
814,
2014,
134,
232,
1459,
762,
780,
906,
610,
783,
487,
752,
600,
593,
494,
299,
769,
532,
42,
2015,
2009,
677,
263,
610,
637,
1929,
439,
117,
247,
815,
2012,
354,
233,
701,
92,
85,
2013,
212,
156,
935,
113,
225,
1980,
683,
83,
226,
199,
2113,
573,
214,
220,
166,
289,
145,
155,
203,
82,
174,
295,
487,
637,
494,
723,
200,
523,
750,
1138,
145,
154,
60,
519,
729,
1125,
70,
749,
446,
162,
631,
39,
629,
740,
331,
748,
661,
361,
584,
582,
75,
191,
358,
700,
339,
526,
77,
229,
253,
114,
802,
77,
906,
769,
1043,
43,
181,
1025,
783,
1972,
763,
580,
853,
1295,
1526,
1970,
876,
666,
120,
1955,
2978,
203,
1124,
857,
710,
406,
155,
178,
516,
145,
119,
807,
460,
819,
370,
597,
1520,
456,
767,
288,
192,
39,
1329,
830,
432,
772,
537,
509,
767,
177,
2175,
111,
572,
765,
155,
825,
2244,
153,
620,
176,
179,
353,
804,
758,
1292,
174,
1041,
167,
294,
331,
141,
409,
593,
829,
807,
544,
365,
1543,
192,
783,
125,
872,
745,
127,
383,
822,
865,
1310,
126,
1992,
117,
2267,
55,
3000,
1177,
203,
1971,
786,
486,
123,
60,
1021,
1304,
854,
545,
767,
748,
351,
42,
526,
910,
572,
180,
567,
577,
844,
473,
572,
769,
835,
440,
370,
762,
2141,
439,
124,
572,
2190,
602,
285,
492,
123,
200,
500,
296,
324,
370,
469,
213,
1313,
565,
557,
218,
712,
1025,
744,
728,
220,
477,
567,
486,
716,
91,
469,
52,
735,
226,
729,
231,
120,
464,
262,
45,
344,
49,
74,
754,
44,
51,
2021,
173,
609,
142,
1229,
822,
122,
42,
744,
665,
1026,
506,
245,
1766,
524,
488,
139,
2025,
531,
1017,
169,
607,
138,
807,
950,
92,
828,
444,
181,
930,
458,
1183,
927,
803,
554,
522,
182,
503,
353,
488,
488,
1149,
492,
86,
483,
1272,
44,
283,
304,
137,
488,
498,
748,
966,
267,
1341,
441,
484,
750,
646,
755,
498,
1386,
323,
140,
481,
462,
748,
491,
2021,
775,
762,
139,
362,
195,
468,
477,
250,
235,
267,
372,
241,
249,
238,
139,
391,
363,
1379,
39,
138,
280,
219,
248,
291,
2042,
133,
445,
753,
432,
363,
232,
434,
430,
427,
506,
171,
130,
190,
109,
238,
129,
155,
370,
383,
503,
40,
420,
203,
844,
255,
807,
815,
171,
62,
1388,
216,
1290,
435,
139,
337,
92,
61,
430,
1292,
60,
43,
52,
279,
56,
431,
1891,
53,
213,
256,
734,
740,
1233,
37,
764,
255,
436,
2078,
195,
676,
672,
1035,
813,
646,
909,
659,
316,
294,
227,
638,
48,
253,
145,
787,
215,
236,
195,
633,
39,
136,
427,
37,
1689,
278,
1313,
43,
1237,
198,
37,
412,
124,
36,
230,
93,
214,
32,
97,
200,
363,
301,
608,
359,
802,
184,
643,
671,
46,
860,
751,
881,
801,
227,
430,
365,
190,
176,
291,
69,
48,
2091,
47,
303,
219,
184,
711,
1709,
243,
1256,
588,
40,
208,
372,
561,
81,
507,
513,
925,
357,
80,
305,
284,
809,
257,
343,
306,
40,
407,
271,
215,
356,
369,
401,
662,
322,
248,
245,
267,
209,
282,
201,
206,
227,
654,
262,
240,
196,
45,
336,
312,
419,
311,
933,
47,
928,
401,
901,
676,
215,
899,
310,
293,
423,
36,
325,
309,
298,
307,
318,
983,
424,
223,
422,
327,
317,
180,
333,
344,
295,
285,
179,
277,
329,
43,
208,
296,
515,
910,
223,
73,
905,
722,
45,
1410,
41,
2176,
873,
2152,
1417,
311,
988,
2197,
282,
1402,
310,
1754,
229,
2181,
2184,
854,
1758,
1104,
149,
498,
241,
1021,
220,
1135,
260,
204,
513,
90,
222,
262,
490,
241,
197,
168,
2172,
340,
349,
2167,
254,
1048,
185,
202,
230,
1058,
357,
1436,
2152,
758,
250,
945,
342,
351,
432,
348,
48,
937,
1171,
338,
341,
187,
159,
336,
389,
1132,
332,
328,
2260,
1813,
323,
1079,
929,
952,
333,
327,
157,
322,
1076,
1089,
862,
1049,
830,
1050,
779,
220,
958,
228,
247,
1176,
221,
331,
43,
168,
309,
484,
494,
142,
1317,
330,
213,
340,
304,
289,
189,
211,
768,
154,
345,
345,
41,
244,
1605,
183,
650,
176,
450,
198,
119,
830,
974,
257,
152,
1606,
213,
181,
202,
339,
160,
385,
230,
379,
200,
39,
38,
222,
220,
204,
858,
389,
186,
2339,
148,
39,
166,
1124,
127,
864,
620,
645,
148,
134,
41,
773,
174,
403,
124,
176,
144,
1031,
195,
132,
351,
83,
190,
143,
1082,
1030,
182,
199,
212,
218,
60,
41,
391,
191,
189,
335,
315,
188,
161,
356,
346,
52,
151,
188,
145,
182,
378,
997,
218,
969,
760,
1157,
1280,
929,
1128,
91,
183,
182,
599,
166,
971,
954,
104,
1872,
714,
694,
1024,
1664,
1136,
478,
1250,
960,
1686,
755,
1613,
231,
384,
191,
1540,
1439,
145,
189,
1603,
326,
1667,
570,
1065,
633,
39,
640,
1386,
295,
1228,
709,
186,
261,
1185,
562,
63,
1002,
257,
958,
274,
186,
527,
1086,
361,
205,
949,
946,
239,
665,
184,
1220,
182,
871,
1428,
160,
1492,
871,
2097,
870,
140,
869,
262,
955,
1308,
971,
133,
868,
957,
641,
117,
955,
537,
100,
556,
114,
930,
1711,
803,
856,
36,
352,
802,
129,
357,
1142,
1543,
776,
206,
855,
415,
2367,
983,
344,
481,
220,
1098,
266,
100,
171,
96,
465,
1130,
799,
1168,
815,
1055,
681,
655,
1217,
1049,
1137,
44,
1306,
42,
216,
87,
368,
443,
482,
352,
410,
1127,
45,
969,
294,
296,
44,
390,
319,
913,
459,
453,
373,
39,
466,
373,
924,
389,
213,
109,
107,
115,
106,
109,
299,
92,
47,
824,
820,
766,
96,
82,
918,
729,
705,
379,
854,
486,
649,
893,
640,
139,
253,
671,
423,
381,
395,
163,
406,
339,
124,
189,
903,
113,
195,
2175,
1766,
267,
3431,
991,
264,
735,
736,
2137,
96,
379,
732,
2366,
88,
921,
245,
2028,
1396,
736,
422,
303,
597,
2362,
624,
679,
2400,
1462,
189,
1775,
192,
430,
274,
324,
644,
910,
349,
189,
1478,
900,
226,
275,
300,
886,
242,
39,
790,
799,
849,
342,
2458,
1343,
57,
102,
35,
1240,
116,
742,
113,
1041,
390,
996,
2449,
1111,
110,
76,
1193,
287,
378,
290,
1100,
108,
1527,
107,
276,
590,
1346,
279,
102,
309,
42,
863,
993,
105,
997,
411,
1528,
431,
238,
943,
272,
233,
1748,
184,
873,
105,
448,
1520,
384,
224,
106,
429,
214,
384,
570,
388,
542,
561,
107,
336,
622,
311,
39,
1679,
251,
988,
692,
227,
944,
268,
497,
225,
77,
747,
1675,
252,
957,
224,
455,
920,
941,
1188,
1286,
230,
936,
610,
929,
1225,
1253,
321,
1406,
1376,
340,
321,
1206,
293,
1224,
887,
1064,
265,
38,
1181,
79,
98,
998,
41,
39,
81,
1675,
627,
224,
194,
286,
1705,
77,
253,
239,
42,
1092,
232,
1650,
214,
231,
248,
239,
257,
260,
183,
78,
788,
200,
195,
257,
1583,
201,
256,
638,
314,
241,
2478,
2484,
78,
1437,
230,
1412,
954,
40,
517,
413,
1599,
45,
170,
41,
427,
451,
404,
930,
105,
923,
38,
226,
403,
778,
1279,
1185,
593,
1183,
1524,
1229,
279,
119,
90,
168,
1306,
82,
1330,
943,
754,
900,
850,
209,
1893,
1608,
1258,
301,
298,
169,
405,
235,
439,
293,
1527,
1312,
290,
466,
170,
714,
43,
921,
918,
1524,
244,
39,
162,
1538,
50,
162,
1479,
1759,
1360,
1495,
748,
1136,
44,
149,
154,
147,
43,
1622,
797,
672,
713,
146,
1567,
1014,
671,
669,
578,
136,
1476,
452,
710,
567,
850,
668,
492,
114,
2527,
950,
107,
668,
444,
447,
1616,
946,
114,
100,
408,
412,
114,
99,
529,
687,
570,
86,
112,
1376,
229,
360,
381,
41,
416,
382,
507,
259,
578,
106,
263,
425,
400,
254,
334,
577,
44,
74,
290,
232,
957,
249,
44,
41,
285,
40,
465,
237,
332,
268,
294,
41,
331,
223,
227,
302,
84,
38,
329,
1360,
1006,
347,
53,
491,
82,
112,
37,
191,
1032,
53,
1376,
782,
1355,
337,
627,
1055,
351,
1073,
1372,
349,
440,
305,
241,
1347,
332,
1260,
176,
566,
1324,
254,
172,
311,
588,
639,
716,
312,
1316,
1199,
307,
556,
1256,
588,
630,
1038,
926,
886,
1042,
140,
1297,
718,
926,
782,
1275,
1277,
382,
2569,
1265,
1367,
863,
775,
1379,
948,
580,
1423,
1260,
1076,
1079,
2573,
37,
1367,
1448,
192,
36,
1252,
656,
607,
354,
646,
639,
666,
656,
185,
638,
40,
398,
648,
780,
368,
263,
185,
1288,
248,
357,
1711,
304,
1042,
170,
378,
96,
114,
1657,
1731,
94,
256,
925,
1214,
1369,
853,
1054,
298,
1430,
1653,
193,
41,
926,
636,
631,
171,
1755,
626,
1448,
614,
1268,
621,
608,
964,
252,
1380,
1049,
494,
367,
891,
1193,
608,
361,
250,
1643,
1126,
224,
339,
236,
269,
1275,
236,
805,
160,
514,
820,
1156,
159,
209,
803,
1177,
804,
219,
175,
1248,
1114,
974,
96,
983,
1217,
791,
854,
981,
160,
1657,
191,
424,
951,
150,
1029,
257,
139,
968,
1269,
1324,
1399,
464,
257,
615,
418,
246,
578,
1683,
522,
1011,
420,
516,
289,
1624,
1093,
483,
2630,
835,
1707,
420,
825,
329,
459,
419,
1595,
824,
144,
1600,
444,
194,
1931,
823,
319,
911,
1355,
648,
193,
1667,
418,
82,
141,
286,
837,
1585,
71,
39,
1592,
1174,
138,
2613,
1567,
137,
105,
1022,
131,
82,
1045,
47,
1058,
1077,
131,
1019,
42,
1729,
1227,
97,
1042,
37,
131,
423,
1304,
1657,
1013,
1471,
835,
460,
1068,
669,
832,
374,
1020,
402,
676,
1020,
54,
1691,
1010,
964,
84,
1587,
1334,
1736,
464,
18,
1647,
87,
1376,
204,
917,
828,
1008,
996,
632,
205,
659,
1613,
1323,
1189,
1036,
1676,
1609,
38,
265,
88,
655,
1767,
604,
263,
1770,
1308,
40,
218,
555,
657,
284,
240,
1746,
186,
485,
1200,
1675,
1005,
1758,
420,
1283,
231,
234,
1634,
202,
186,
265,
323,
45,
324,
170,
1272,
40,
1268,
1667,
167,
480,
820,
404,
1058,
944,
1699,
929,
755,
168,
1340,
1314,
920,
164,
444,
1399,
744,
164,
115,
113,
535,
46,
1649,
89,
164,
923,
83,
985,
1430,
1146,
39,
661,
1635,
385,
1169,
1659,
977,
690,
1382,
1307,
647,
2381,
1236,
1587,
1664,
768,
1060,
46,
1221,
1096,
564,
44,
531,
1233,
39,
758,
756,
490,
1051,
468,
455,
1277,
483,
228,
973,
297,
650,
42,
218,
828,
202,
188,
485,
190,
164,
1639,
740,
502,
252,
478,
2751,
247,
1119,
234,
323,
386,
240,
1047,
232,
1272,
442,
205,
1013,
47,
975,
748,
243,
1026,
568,
96,
139,
469,
828,
452,
542,
240,
90,
257,
161,
108,
734,
163,
94,
643,
127,
1015,
426,
141,
1151,
1229,
953,
1116,
97,
1001,
272,
218,
969,
280,
1731,
1700,
178,
1712,
179,
465,
161,
125,
220,
1742,
109,
184,
318,
539,
267,
142,
204,
196,
276,
939,
1695,
1564,
159,
220,
477,
153,
1709,
46,
426,
219,
139,
1401,
219,
532,
280,
1225,
234,
52,
295,
128,
128,
217,
547,
302,
698,
149,
506,
182,
218,
950,
1143,
172,
715,
1131,
1226,
46,
903,
603,
470,
368,
1118,
554,
367,
1713,
1696,
147,
201,
525,
148,
400,
66,
37,
204,
536,
161,
890,
267,
1010,
498,
239,
1780,
86,
83,
959,
1406,
967,
522,
411,
1417,
1011,
42,
1044,
110,
155,
731,
243,
78,
1028,
107,
96,
123,
984,
763,
102,
1406,
113,
1188,
1457,
154,
123,
288,
613,
1300,
122,
993,
532,
135,
1739,
121,
152,
103,
222,
115,
120,
532,
519,
1034,
1013,
114,
109,
43,
951,
1823,
92,
122,
1953,
262,
978,
1529,
1089,
260,
736,
1361,
921,
116,
1436,
1485,
156,
1729,
109,
160,
1518,
1175,
1604,
332,
1247,
165,
1038,
2485,
36,
1841,
206,
1816,
119,
116,
2259,
67,
115,
105,
188,
990,
525,
56,
177,
186,
566,
53,
483,
524,
500,
578,
450,
488,
53,
103,
786,
516,
48,
116,
2471,
1447,
1039,
48,
212,
1873,
124,
1773,
1431,
47,
1858,
43,
430,
191,
1747,
101,
1011,
494,
562,
107,
833,
39,
1184,
964,
38,
973,
408,
492,
100,
496,
1817,
1757,
1711,
1013,
983,
821,
98,
178,
593,
730,
1022,
481,
1410,
410,
162,
36,
385,
494,
614,
971,
392,
385,
1556,
448,
89,
504,
525,
775,
1697,
44,
1895,
1531,
1578,
1624,
631,
1697,
1046,
41,
1562,
952,
1383,
1563,
138,
343,
127,
1599,
42,
1712,
1195,
278,
38,
1319,
984,
674,
1533,
1601,
43,
1224,
428,
624,
1526,
42,
639,
44,
1715,
1159,
1147,
1636,
1362,
1194,
309,
1485,
457,
126,
981,
1123,
162,
570,
976,
1065,
138,
538,
132,
397,
195,
1096,
201,
128,
217,
126,
1085,
110,
1084,
400,
1595,
252,
165,
387,
159,
1601,
186,
1052,
149,
373,
377,
96,
1597,
367,
1620,
134,
1489,
43,
117,
140,
450,
1504,
388,
1084,
1205,
1547,
1240,
677,
759,
64,
40,
422,
124,
705,
629,
476,
389,
1514,
1560,
1582,
1182,
560,
1650,
630,
1814,
690,
190,
810,
278,
463,
660,
1142,
65,
922,
644,
1078,
640,
309,
943,
112,
453,
361,
61,
1090,
637,
437,
259,
961,
866,
146,
491,
58,
1113,
138,
973,
970,
555,
968,
526,
125,
125,
203,
964,
123,
1578,
120,
1149,
435,
1176,
46,
452,
131,
616,
54,
1126,
746,
1060,
434,
215,
595,
448,
108,
53,
143,
178,
52,
1297,
610,
113,
583,
37,
52,
110,
107,
972,
583,
51,
971,
753,
528,
988,
552,
592,
52,
490,
38,
972,
50,
903,
348,
967,
781,
610,
499,
46,
37,
898,
1660,
973,
846,
484,
46,
969,
42,
967,
1091,
1640,
962,
1242,
897,
497,
1145,
892,
819,
36,
311,
1038,
1101,
816,
553,
1844,
35,
868,
310,
740,
811,
504,
957,
1430,
1066,
309,
194,
1386,
670,
1564,
225,
535,
108,
116,
176,
1157,
1049,
121,
633,
1047,
333,
116,
1057,
211,
152,
1868,
40,
652,
1857,
856,
526,
1234,
1081,
1199,
43,
1517,
1191,
46,
214,
43,
41,
1109,
925,
1815,
1724,
698,
42,
372,
737,
85,
36,
542,
1094,
1876,
1064,
1260,
1110,
1582,
1817,
350,
1063,
301,
1028,
1621,
1296,
1568,
1142,
1291,
590,
1138,
1870,
782,
1626,
379,
1516,
554,
1581,
1230,
463,
344,
42,
668,
275,
896,
343,
1222,
314,
372,
663,
1869,
654,
404,
283,
1457,
1087,
1111,
1807,
657,
54,
503,
1864,
564,
347,
1555,
1116,
364,
1115,
52,
548,
1858,
653,
508,
1862,
1566,
1850,
1601,
672,
95,
1408,
575,
1000,
2042,
1588,
1678,
1531,
921,
500,
1457,
1409,
1466,
897,
1117,
1112,
922,
401,
1000,
549,
243,
1553,
1305,
365,
1167,
443,
150,
318,
829,
240,
562,
1110,
172,
837,
124,
664,
1129,
103,
232,
565,
238,
496,
558,
492,
95,
80,
1103,
715,
1272,
1078,
43,
1537,
1147,
220,
1477,
327,
38,
454,
1004,
517,
509,
1263,
554,
1440,
245,
690,
552,
350,
263,
640,
225,
1076,
1821,
65,
1105,
218,
931,
243,
1350,
251,
1088,
428,
1169,
796,
646,
1482,
419,
223,
245,
1639,
130,
1155,
337,
1021,
1153,
216,
1503,
187,
411,
162,
213,
1386,
934,
1055,
355,
128,
1021,
1082,
1353,
1317,
221,
219,
1887,
188,
648,
919,
224,
1452,
226,
1416,
2054,
1623,
218,
507,
240,
611,
551,
1429,
298,
1758,
918,
312,
141,
818,
1127,
1620,
231,
765,
274,
103,
69,
213,
387,
444,
1697,
250,
569,
103,
2055,
1665,
564,
270,
1176,
568,
554,
563,
1508,
1050,
553,
42,
381,
1655,
154,
187,
858,
1246,
1884,
305,
1477,
2058,
81,
193,
567,
2053,
144,
990,
1197,
884,
903,
1452,
2053,
590,
91,
605,
154,
452,
230,
90,
1043,
234,
188,
718,
1871,
193,
243,
1086,
508,
1243,
198,
605,
228,
220,
1024,
384,
212,
1239,
579,
208,
35,
82,
253,
418,
1151,
1732,
975,
159,
2046,
413,
1336,
948,
88,
879,
946,
486,
2067,
926,
764,
799,
1119,
426,
1716,
859,
64,
857,
276,
85,
570,
1160,
833,
823,
1220,
594,
1252,
85,
1679,
1137,
1825,
85,
1892,
148,
953,
1169,
171,
1154,
1889,
682,
791,
889,
1730,
313,
145,
1885,
125,
1466,
1252,
997,
85,
605,
397,
1677,
934,
85,
292,
275,
1463,
84,
1913,
1504,
608,
1123,
83,
91,
646,
240,
1147,
45,
1784,
83,
163,
624,
1399,
170,
289,
143,
243,
156,
176,
81,
604,
128,
616,
187,
168,
80,
620,
1194,
315,
480,
197,
117,
612,
631,
125,
1256,
566,
1382,
256,
285,
196,
671,
1172,
130,
74,
610,
279,
503,
232,
1348,
121,
184,
60,
1394,
53,
52,
76,
1703,
543,
49,
124,
126,
50,
255,
48,
1521,
139,
633,
41,
128,
1272,
132,
1198,
1017,
890,
101,
215,
58,
38,
127,
712,
48,
1364,
573,
1780,
217,
1459,
1378,
1777,
1100,
152,
1245,
51,
43,
1558,
1338,
47,
518,
1640,
1554,
907,
371,
333,
918,
1923,
1627,
1379,
539,
1631,
1615,
210,
1232,
271,
503,
1704,
349,
346,
46,
390,
1248,
41,
369,
54,
1218,
1319,
979,
479,
1403,
49,
1890,
44,
48,
43,
1402,
437,
438,
1552,
1184,
470,
1119,
279,
322,
223,
1123,
39,
1465,
228,
321,
1094,
571,
310,
610,
48,
1042,
1445,
332,
225,
1210,
270,
1100,
1210,
152,
1130,
150,
590,
271,
1074,
614,
117,
193,
1453,
353,
960,
205,
166,
1801,
49,
576,
711,
145,
526,
353,
146,
1722,
931,
1311,
125,
2001,
256,
330,
183,
1325,
44,
384,
1352,
43,
1321,
253,
343,
801,
705,
102,
124,
434,
252,
414,
329,
287,
305,
443,
839,
1043,
210,
243,
1203,
1585,
266,
438,
296,
228,
801,
232,
495,
435,
38,
500,
394,
1082,
342,
355,
174,
168,
422,
446,
867,
421,
157,
120,
414,
1002,
383,
375,
671,
860,
1682,
1342,
112,
1305,
1394,
732,
1285,
929,
621,
126,
896,
617,
1269,
1272,
159,
116,
691,
95,
556,
1810,
514,
54,
121,
509,
1878,
1319,
1740,
42,
1346,
1339,
1724,
1285,
594,
1264,
1617,
507,
163,
1250,
530,
408,
1135,
1396,
518,
1251,
1256,
1779,
508,
1289,
406,
470,
388,
398,
319,
103,
307,
43,
880,
726,
1930,
1879,
598,
288,
1117,
427,
283,
1391,
226,
449,
1869,
272,
1461,
305,
1142,
1870,
105,
1448,
1717,
289,
295,
1253,
1781,
263,
1296,
96,
467,
1130,
270,
280,
275,
128,
142,
256,
1685,
231,
272,
290,
1353,
1332,
267,
1013,
922,
266,
309,
1233,
190,
96,
651,
845,
1314,
268,
992,
1400,
125,
143,
38,
70,
532,
1742,
1391,
1861,
206,
564,
1314,
561,
669,
42,
399,
139,
41,
861,
39,
1095,
1291,
857,
632,
395,
1532,
1255,
389,
317,
226,
132,
1360,
1737,
927,
1727,
1235,
1232,
1122,
440,
223,
1706,
1976,
1274,
177,
1349,
1228,
1256,
1311,
818,
1432,
257,
1264,
1694,
285,
1233,
133,
93,
529,
1424,
2282,
284,
318,
2281,
74,
290,
136,
1554,
398,
1639,
351,
289,
382,
1253,
1380,
1217,
394,
1242,
1212,
394,
1240,
651,
1252,
942,
655,
1342,
1252,
2085,
1600,
515,
522,
343,
472,
1245,
1290,
651,
366,
384,
1283,
141,
1611,
889,
301,
1244,
377,
1071,
395,
331,
364,
1176,
1033,
362,
1226,
1236,
417,
371,
1310,
299,
457,
1300,
1185,
305,
300,
1072,
1266,
1932,
299,
1265,
1349,
1190,
160,
285,
2008,
370,
165,
1880,
160,
254,
1246,
376,
1250,
359,
1903,
1209,
1345,
1191,
1237,
369,
2000,
328,
1740,
147,
1020,
1259,
145,
221,
356,
324,
354,
1656,
360,
1336,
1164,
1679,
39,
830,
1261,
204,
128,
1723,
138,
551,
1770,
1760,
401,
712,
108,
1274,
1394,
1535,
1876,
440,
319,
1966,
486,
1456,
360,
1470,
2027,
1544,
1923,
1716,
363,
1943,
1301,
40,
542,
1501,
582,
323,
1255,
439,
320,
100,
1401,
508,
1805,
1075,
1249,
663,
1989,
372,
40,
515,
527,
1949,
550,
563,
881,
1443,
1136,
1495,
1549,
1460,
136,
1984,
304,
135,
1892,
1001,
506,
134,
1852,
614,
93,
424,
1997,
1223,
2001,
1240,
1988,
473,
1385,
244,
94,
251,
1929,
1384,
1991,
433,
237,
1449,
2382,
247,
38,
280,
1471,
1048,
1221,
738,
227,
2382,
1903,
290,
315,
523,
320,
1243,
636,
257,
227,
252,
93,
216,
1983,
292,
771,
2031,
227,
1203,
759,
225,
224,
73,
43,
221,
1916,
1248,
42,
1017,
1006,
78,
270,
222,
513,
251,
1217,
1412,
724,
1411,
321,
545,
1235,
563,
1718,
1280,
311,
1375,
2082,
250,
239,
350,
78,
1223,
417,
98,
200,
1948,
481,
58,
1973,
233,
461,
64,
55,
460,
1060,
1963,
1316,
394,
417,
44,
1943,
358,
303,
360,
164,
366,
400,
459,
413,
1406,
355,
384,
1201,
45,
364,
1132,
259,
419,
719,
