33,
37,
35,
51,
32,
36,
45,
73,
43,
71,
76,
38,
69,
91,
85,
82,
73,
47,
51,
43,
61,
84,
31,
38,
80,
122,
112,
121,
112,
128,
109,
101,
128,
136,
139,
131,
113,
111,
109,
84,
150,
80,
106,
127,
90,
86,
49,
67,
128,
137,
127,
41,
109,
159,
124,
83,
157,
145,
87,
78,
54,
106,
75,
175,
85,
39,
172,
82,
120,
141,
38,
53,
157,
166,
48,
174,
169,
160,
146,
179,
115,
163,
173,
183,
162,
127,
184,
129,
156,
145,
148,
184,
101,
167,
129,
164,
169,
139,
43,
183,
116,
132,
114,
201,
190,
142,
203,
101,
194,
192,
149,
154,
125,
185,
110,
172,
209,
200,
70,
184,
186,
164,
64,
180,
128,
201,
214,
202,
203,
153,
182,
111,
99,
175,
191,
148,
121,
230,
153,
156,
169,
59,
144,
201,
220,
199,
191,
214,
154,
162,
205,
67,
106,
139,
152,
61,
165,
155,
196,
161,
173,
187,
168,
55,
68,
194,
153,
209,
148,
127,
242,
177,
186,
217,
213,
180,
173,
203,
208,
186,
248,
155,
141,
183,
140,
168,
147,
123,
141,
173,
235,
206,
258,
117,
133,
45,
116,
178,
128,
197,
127,
179,
115,
146,
233,
250,
206,
265,
164,
183,
203,
119,
131,
145,
115,
107,
171,
236,
125,
167,
145,
233,
32,
132,
45,
274,
96,
150,
135,
256,
131,
121,
202,
237,
134,
249,
121,
122,
132,
86,
119,
138,
222,
109,
92,
97,
137,
232,
136,
114,
302,
135,
108,
32,
160,
268,
240,
135,
198,
41,
125,
199,
227,
160,
218,
212,
31,
246,
204,
197,
101,
178,
201,
186,
223,
172,
82,
194,
152,
220,
201,
111,
117,
71,
209,
275,
65,
86,
195,
77,
178,
104,
61,
85,
156,
307,
212,
219,
275,
164,
191,
74,
146,
162,
191,
189,
60,
238,
84,
158,
202,
214,
177,
41,
155,
181,
189,
71,
116,
220,
121,
239,
159,
171,
277,
274,
127,
128,
297,
198,
198,
245,
155,
212,
57,
294,
40,
34,
301,
217,
65,
176,
183,
104,
62,
163,
311,
119,
128,
99,
45,
167,
100,
169,
286,
164,
165,
115,
36,
135,
312,
149,
123,
39,
35,
109,
216,
212,
181,
123,
146,
189,
183,
143,
194,
206,
119,
138,
197,
150,
163,
240,
212,
136,
122,
210,
210,
227,
330,
151,
175,
68,
79,
204,
227,
198,
272,
175,
289,
212,
52,
122,
310,
142,
184,
140,
132,
331,
270,
131,
231,
126,
326,
262,
295,
255,
206,
162,
236,
315,
239,
190,
194,
281,
88,
251,
48,
207,
293,
266,
242,
171,
223,
88,
212,
62,
228,
210,
245,
212,
171,
236,
45,
124,
237,
174,
271,
34,
117,
130,
90,
117,
153,
33,
203,
151,
157,
274,
202,
284,
147,
34,
140,
271,
206,
175,
155,
54,
243,
237,
94,
91,
154,
61,
113,
253,
90,
285,
111,
272,
159,
175,
189,
170,
129,
230,
126,
44,
110,
127,
245,
141,
141,
350,
395,
161,
142,
201,
157,
175,
171,
201,
155,
318,
194,
374,
147,
35,
197,
212,
204,
206,
74,
41,
184,
317,
223,
153,
196,
229,
185,
155,
162,
293,
132,
319,
94,
195,
268,
264,
241,
165,
198,
49,
249,
355,
233,
294,
225,
289,
236,
352,
261,
220,
238,
138,
174,
176,
248,
350,
352,
423,
247,
390,
191,
402,
427,
89,
416,
386,
89,
405,
401,
375,
206,
43,
277,
307,
379,
419,
334,
165,
381,
275,
388,
240,
181,
394,
362,
117,
366,
342,
162,
350,
174,
350,
337,
399,
131,
39,
238,
386,
262,
354,
394,
219,
129,
141,
322,
362,
251,
140,
337,
335,
172,
112,
35,
310,
41,
176,
175,
111,
229,
190,
300,
145,
357,
267,
329,
332,
275,
344,
81,
110,
240,
357,
243,
355,
338,
334,
203,
195,
404,
318,
391,
517,
346,
238,
233,
336,
278,
153,
446,
303,
202,
297,
336,
135,
222,
159,
444,
208,
221,
242,
289,
207,
190,
246,
257,
142,
285,
296,
155,
164,
226,
292,
296,
170,
296,
292,
220,
210,
146,
176,
235,
203,
155,
186,
207,
300,
207,
170,
255,
231,
212,
228,
43,
47,
265,
336,
221,
205,
189,
268,
510,
459,
119,
139,
448,
313,
100,
152,
116,
154,
469,
137,
31,
78,
186,
118,
287,
216,
202,
164,
46,
307,
266,
132,
210,
243,
255,
218,
238,
142,
235,
252,
199,
168,
86,
122,
235,
279,
216,
319,
344,
211,
222,
39,
225,
299,
229,
37,
47,
171,
161,
152,
190,
196,
105,
195,
319,
171,
136,
184,
35,
330,
123,
224,
150,
122,
135,
274,
152,
201,
266,
235,
192,
158,
201,
189,
44,
441,
156,
150,
175,
137,
132,
42,
115,
157,
216,
344,
180,
133,
102,
496,
42,
66,
115,
416,
85,
508,
233,
235,
231,
46,
125,
224,
138,
158,
363,
148,
146,
173,
182,
182,
239,
395,
50,
129,
334,
213,
313,
184,
81,
393,
171,
206,
192,
337,
230,
93,
411,
89,
83,
368,
123,
315,
81,
87,
184,
521,
94,
86,
119,
211,
117,
42,
184,
202,
299,
366,
177,
210,
228,
43,
182,
200,
171,
222,
187,
358,
113,
537,
300,
354,
164,
121,
304,
173,
197,
188,
150,
210,
380,
280,
174,
102,
222,
228,
479,
68,
297,
537,
207,
319,
202,
160,
306,
353,
197,
138,
40,
165,
332,
146,
199,
333,
142,
255,
103,
66,
297,
321,
254,
32,
336,
87,
298,
313,
217,
176,
223,
79,
272,
260,
234,
89,
78,
246,
225,
115,
315,
225,
327,
50,
558,
214,
85,
83,
130,
248,
170,
448,
245,
470,
218,
132,
326,
449,
246,
154,
311,
288,
281,
37,
35,
601,
435,
301,
227,
204,
91,
301,
283,
359,
243,
168,
136,
329,
217,
273,
31,
301,
346,
297,
231,
145,
591,
330,
100,
273,
273,
217,
133,
80,
455,
519,
71,
431,
307,
174,
328,
96,
83,
294,
285,
256,
111,
110,
288,
338,
416,
115,
104,
568,
276,
66,
94,
169,
372,
83,
282,
511,
277,
224,
35,
47,
602,
358,
206,
444,
672,
297,
259,
193,
326,
298,
424,
32,
204,
288,
364,
319,
176,
444,
317,
229,
377,
129,
375,
172,
147,
309,
32,
278,
177,
242,
129,
176,
241,
41,
317,
105,
97,
191,
116,
315,
271,
607,
95,
87,
41,
258,
208,
40,
570,
191,
239,
289,
273,
491,
306,
90,
118,
367,
226,
249,
244,
556,
200,
158,
608,
452,
38,
76,
328,
160,
29,
35,
70,
176,
430,
288,
290,
227,
116,
295,
48,
78,
121,
188,
179,
395,
193,
298,
258,
367,
270,
296,
134,
283,
118,
115,
647,
182,
240,
234,
178,
634,
158,
219,
140,
321,
346,
310,
574,
452,
76,
354,
557,
350,
494,
46,
180,
361,
41,
126,
268,
290,
321,
301,
170,
369,
114,
169,
218,
261,
434,
256,
288,
280,
41,
336,
380,
299,
371,
276,
563,
263,
256,
216,
105,
327,
269,
231,
89,
359,
44,
448,
351,
195,
85,
636,
380,
443,
306,
324,
442,
299,
329,
84,
353,
278,
584,
275,
324,
44,
612,
316,
89,
333,
228,
643,
272,
371,
229,
88,
288,
659,
346,
45,
42,
214,
44,
256,
259,
218,
32,
223,
244,
236,
248,
192,
218,
357,
175,
158,
581,
155,
192,
194,
173,
206,
165,
378,
183,
91,
222,
152,
134,
47,
157,
195,
143,
344,
196,
145,
140,
304,
174,
302,
167,
107,
116,
334,
150,
198,
309,
280,
196,
211,
177,
361,
202,
296,
136,
236,
345,
233,
655,
391,
332,
300,
158,
157,
311,
459,
288,
302,
291,
236,
324,
410,
281,
319,
116,
43,
309,
379,
307,
343,
328,
287,
123,
340,
316,
338,
214,
43,
282,
339,
347,
218,
39,
480,
331,
332,
315,
732,
345,
124,
299,
476,
397,
91,
111,
144,
402,
458,
291,
131,
204,
265,
348,
321,
319,
145,
240,
316,
85,
459,
143,
282,
270,
145,
110,
42,
657,
611,
51,
273,
338,
122,
239,
391,
281,
109,
195,
286,
615,
405,
210,
105,
382,
602,
232,
302,
361,
287,
315,
293,
311,
320,
201,
363,
309,
302,
292,
280,
93,
155,
268,
306,
310,
291,
290,
36,
140,
335,
327,
337,
238,
207,
188,
305,
257,
166,
664,
196,
360,
247,
444,
359,
278,
311,
158,
354,
243,
421,
240,
148,
321,
418,
203,
473,
357,
119,
93,
232,
198,
184,
420,
154,
168,
174,
95,
157,
308,
163,
210,
161,
355,
168,
467,
306,
40,
303,
464,
256,
233,
238,
122,
459,
433,
352,
357,
154,
287,
252,
199,
373,
336,
493,
48,
331,
328,
252,
198,
165,
427,
156,
44,
151,
33,
185,
201,
332,
147,
241,
117,
182,
373,
660,
398,
152,
100,
119,
129,
127,
326,
271,
356,
239,
136,
193,
435,
142,
247,
143,
111,
135,
312,
535,
59,
48,
136,
189,
72,
349,
152,
97,
321,
368,
131,
238,
264,
48,
91,
58,
314,
47,
371,
128,
279,
292,
89,
324,
85,
236,
406,
88,
122,
84,
381,
312,
33,
57,
348,
264,
349,
307,
382,
310,
126,
302,
285,
395,
294,
84,
174,
306,
269,
40,
358,
433,
152,
275,
356,
29,
258,
723,
384,
322,
334,
120,
255,
307,
426,
314,
293,
40,
392,
386,
293,
370,
441,
405,
295,
94,
397,
480,
38,
86,
421,
42,
195,
386,
244,
419,
368,
65,
446,
301,
99,
409,
181,
44,
338,
469,
397,
228,
50,
385,
346,
385,
198,
385,
255,
75,
40,
146,
406,
206,
791,
39,
423,
385,
756,
519,
199,
277,
357,
506,
367,
587,
317,
350,
101,
413,
605,
310,
312,
273,
395,
391,
353,
345,
186,
317,
353,
299,
304,
266,
27,
282,
239,
316,
371,
290,
238,
259,
379,
332,
569,
248,
210,
38,
48,
95,
236,
90,
198,
579,
231,
237,
197,
194,
188,
114,
223,
229,
227,
691,
219,
248,
70,
194,
437,
153,
125,
192,
358,
225,
192,
522,
365,
182,
314,
219,
261,
336,
143,
129,
170,
300,
422,
182,
310,
342,
407,
132,
262,
337,
127,
350,
180,
213,
129,
479,
89,
350,
115,
222,
122,
328,
212,
257,
150,
242,
439,
166,
149,
217,
809,
198,
49,
109,
134,
162,
132,
340,
111,
342,
326,
395,
301,
350,
300,
331,
122,
445,
328,
343,
99,
43,
313,
218,
209,
199,
445,
95,
321,
85,
325,
116,
299,
114,
318,
90,
154,
342,
44,
53,
178,
490,
353,
206,
131,
633,
334,
87,
147,
130,
330,
133,
121,
162,
229,
463,
367,
228,
65,
289,
364,
566,
173,
601,
472,
363,
427,
90,
421,
703,
287,
301,
335,
609,
365,
364,
148,
303,
443,
173,
374,
395,
321,
402,
189,
285,
338,
278,
413,
180,
564,
198,
289,
394,
535,
297,
187,
232,
281,
269,
390,
369,
96,
106,
101,
153,
257,
438,
347,
101,
307,
372,
142,
208,
315,
387,
178,
182,
241,
152,
92,
177,
256,
147,
84,
374,
265,
87,
138,
129,
149,
95,
80,
342,
286,
342,
335,
297,
472,
44,
413,
435,
185,
326,
41,
34,
184,
326,
78,
320,
365,
96,
77,
351,
343,
297,
433,
299,
178,
111,
266,
247,
389,
194,
100,
244,
77,
290,
396,
48,
273,
37,
323,
362,
118,
226,
208,
350,
73,
291,
65,
68,
259,
201,
91,
53,
94,
49,
84,
214,
64,
89,
473,
324,
284,
172,
71,
436,
450,
127,
249,
121,
372,
101,
78,
340,
361,
239,
212,
388,
275,
295,
240,
233,
294,
251,
341,
523,
339,
335,
109,
427,
297,
258,
420,
304,
224,
251,
315,
239,
379,
318,
390,
384,
116,
354,
542,
43,
215,
321,
372,
334,
466,
441,
136,
103,
618,
192,
53,
183,
346,
370,
130,
366,
266,
582,
149,
366,
294,
280,
98,
349,
128,
138,
494,
321,
623,
632,
333,
294,
124,
299,
628,
38,
84,
70,
171,
733,
184,
449,
43,
119,
190,
186,
234,
39,
441,
226,
43,
426,
358,
645,
74,
223,
333,
63,
252,
113,
728,
393,
47,
569,
129,
682,
46,
653,
385,
43,
380,
584,
480,
70,
71,
425,
168,
437,
280,
384,
370,
424,
318,
385,
309,
337,
363,
284,
259,
34,
432,
333,
250,
508,
256,
39,
266,
382,
308,
109,
293,
487,
595,
570,
384,
320,
106,
36,
239,
491,
372,
334,
245,
348,
393,
282,
33,
326,
617,
722,
216,
107,
306,
320,
322,
44,
580,
78,
333,
369,
43,
249,
93,
298,
243,
86,
297,
200,
706,
114,
93,
286,
196,
305,
298,
392,
323,
265,
185,
156,
304,
469,
188,
200,
376,
442,
692,
362,
300,
399,
361,
724,
290,
298,
221,
360,
222,
678,
347,
286,
151,
233,
359,
175,
189,
93,
378,
126,
340,
351,
202,
89,
253,
143,
254,
530,
321,
67,
371,
522,
446,
165,
201,
365,
178,
227,
413,
345,
315,
278,
361,
329,
344,
285,
646,
748,
479,
352,
39,
193,
266,
305,
61,
228,
130,
150,
261,
282,
38,
228,
512,
377,
87,
731,
681,
46,
387,
688,
43,
33,
456,
141,
179,
340,
31,
42,
487,
215,
418,
261,
703,
427,
585,
343,
113,
200,
329,
543,
289,
315,
36,
313,
438,
305,
41,
347,
207,
309,
332,
120,
356,
303,
422,
282,
246,
236,
120,
269,
278,
116,
120,
251,
32,
375,
219,
135,
134,
208,
261,
424,
177,
173,
362,
547,
218,
196,
180,
359,
325,
220,
293,
39,
44,
400,
241,
164,
534,
581,
717,
543,
378,
485,
646,
193,
140,
433,
337,
369,
585,
658,
627,
618,
121,
262,
181,
362,
594,
329,
116,
451,
747,
554,
255,
355,
227,
509,
459,
190,
242,
290,
560,
378,
197,
388,
168,
559,
178,
283,
424,
544,
324,
347,
491,
709,
435,
37,
91,
216,
321,
532,
330,
88,
211,
34,
504,
734,
518,
451,
175,
235,
44,
793,
327,
275,
348,
205,
761,
172,
272,
260,
445,
233,
311,
38,
301,
413,
44,
257,
483,
300,
391,
402,
210,
198,
471,
413,
785,
204,
336,
475,
249,
323,
453,
170,
252,
323,
539,
370,
434,
86,
95,
48,
297,
125,
187,
248,
265,
289,
446,
283,
677,
175,
205,
192,
281,
174,
258,
558,
30,
194,
295,
45,
766,
167,
218,
759,
44,
150,
271,
763,
315,
183,
36,
137,
145,
229,
97,
182,
347,
598,
233,
785,
161,
262,
155,
83,
80,
174,
561,
762,
227,
595,
158,
599,
460,
77,
83,
401,
371,
305,
378,
47,
144,
45,
311,
93,
111,
463,
385,
141,
399,
160,
453,
437,
410,
84,
141,
407,
82,
64,
119,
461,
782,
452,
283,
186,
352,
446,
359,
313,
413,
416,
77,
139,
391,
325,
414,
473,
167,
428,
725,
447,
164,
151,
461,
291,
442,
751,
298,
157,
356,
582,
41,
398,
381,
83,
340,
471,
404,
183,
544,
88,
294,
304,
135,
217,
221,
252,
207,
175,
302,
295,
134,
267,
144,
220,
303,
210,
136,
187,
206,
437,
410,
134,
592,
182,
174,
543,
92,
70,
174,
31,
133,
181,
612,
328,
224,
122,
309,
139,
174,
620,
552,
340,
498,
33,
266,
184,
109,
114,
615,
95,
507,
417,
600,
108,
166,
95,
623,
300,
90,
576,
262,
362,
34,
527,
82,
196,
288,
316,
184,
94,
98,
91,
843,
284,
384,
583,
98,
468,
267,
416,
574,
279,
528,
120,
261,
245,
527,
474,
430,
298,
518,
452,
761,
217,
213,
310,
272,
148,
286,
475,
464,
406,
286,
135,
280,
486,
145,
99,
403,
369,
295,
499,
418,
422,
476,
415,
509,
423,
445,
153,
612,
573,
499,
180,
200,
433,
363,
548,
303,
419,
526,
913,
546,
43,
203,
418,
372,
202,
320,
515,
99,
160,
434,
155,
41,
531,
38,
746,
560,
636,
139,
124,
154,
757,
193,
43,
573,
444,
899,
883,
419,
518,
543,
452,
272,
406,
507,
496,
354,
436,
279,
302,
126,
561,
107,
628,
370,
540,
84,
582,
83,
508,
357,
506,
458,
193,
48,
644,
46,
58,
33,
358,
193,
205,
152,
369,
119,
150,
396,
311,
347,
624,
929,
281,
382,
41,
472,
80,
148,
250,
369,
264,
99,
57,
112,
383,
146,
340,
152,
46,
782,
200,
42,
577,
345,
935,
512,
37,
499,
796,
455,
394,
491,
474,
454,
514,
51,
335,
471,
398,
306,
277,
482,
39,
453,
384,
279,
82,
283,
206,
148,
139,
266,
189,
233,
343,
357,
647,
425,
71,
483,
811,
586,
539,
495,
260,
437,
459,
100,
412,
189,
444,
110,
597,
447,
178,
252,
498,
539,
39,
44,
458,
576,
351,
170,
348,
41,
357,
253,
392,
32,
39,
363,
268,
596,
510,
136,
192,
461,
266,
189,
346,
507,
525,
516,
38,
432,
88,
485,
81,
481,
509,
80,
44,
471,
39,
410,
469,
494,
871,
883,
47,
494,
431,
40,
472,
448,
492,
81,
456,
255,
594,
594,
431,
543,
114,
353,
35,
344,
331,
564,
180,
730,
145,
131,
115,
205,
103,
190,
188,
164,
797,
143,
103,
39,
626,
152,
135,
186,
521,
534,
464,
133,
463,
119,
282,
404,
172,
121,
128,
259,
490,
153,
473,
145,
120,
478,
118,
398,
294,
151,
422,
537,
290,
135,
74,
497,
328,
439,
513,
977,
575,
573,
282,
367,
806,
454,
635,
328,
382,
844,
667,
262,
430,
107,
843,
576,
277,
333,
322,
594,
454,
102,
543,
215,
242,
874,
990,
934,
615,
103,
839,
100,
974,
449,
472,
314,
622,
210,
931,
198,
351,
615,
199,
236,
298,
267,
40,
203,
254,
323,
251,
198,
385,
464,
249,
924,
536,
390,
567,
243,
975,
213,
473,
308,
242,
161,
247,
322,
211,
473,
239,
209,
492,
367,
300,
357,
176,
320,
882,
108,
1061,
30,
314,
454,
332,
46,
284,
480,
504,
164,
251,
428,
123,
417,
150,
182,
108,
430,
413,
559,
535,
189,
183,
499,
160,
465,
454,
598,
415,
489,
184,
73,
347,
412,
365,
373,
227,
316,
975,
377,
114,
261,
492,
959,
649,
340,
456,
197,
212,
675,
177,
32,
622,
597,
162,
386,
203,
82,
208,
209,
156,
657,
195,
349,
605,
646,
411,
297,
304,
159,
206,
401,
540,
306,
618,
219,
943,
358,
589,
33,
634,
652,
437,
505,
554,
245,
627,
597,
182,
45,
861,
978,
240,
165,
824,
1003,
156,
119,
489,
48,
892,
652,
104,
350,
523,
260,
257,
298,
417,
141,
177,
51,
265,
524,
472,
533,
578,
44,
187,
429,
428,
475,
43,
525,
621,
117,
260,
141,
628,
97,
210,
449,
126,
253,
517,
415,
356,
248,
502,
394,
142,
1037,
392,
443,
522,
84,
544,
394,
433,
389,
33,
169,
165,
143,
631,
970,
164,
387,
200,
939,
320,
909,
434,
33,
403,
375,
377,
382,
402,
615,
94,
356,
713,
690,
492,
322,
406,
521,
288,
297,
334,
198,
646,
265,
517,
159,
463,
163,
512,
115,
595,
303,
503,
400,
323,
398,
1067,
529,
42,
428,
41,
352,
1059,
573,
275,
217,
152,
212,
529,
312,
558,
246,
696,
84,
43,
32,
327,
494,
300,
158,
162,
470,
541,
325,
518,
299,
748,
559,
381,
403,
510,
270,
507,
588,
98,
224,
536,
578,
485,
141,
211,
982,
145,
114,
44,
1169,
514,
468,
86,
1067,
98,
138,
440,
456,
83,
128,
45,
308,
655,
357,
70,
96,
479,
741,
86,
451,
62,
555,
306,
471,
45,
222,
299,
750,
325,
523,
730,
43,
349,
465,
439,
42,
483,
324,
292,
35,
219,
333,
208,
640,
247,
77,
1052,
37,
120,
30,
118,
496,
653,
103,
248,
101,
558,
181,
221,
342,
51,
505,
124,
220,
406,
1030,
592,
665,
273,
386,
188,
409,
250,
571,
152,
580,
429,
392,
440,
394,
487,
579,
86,
316,
372,
85,
444,
1130,
81,
463,
219,
645,
89,
164,
666,
58,
57,
69,
267,
581,
1148,
191,
56,
311,
157,
826,
662,
599,
1063,
599,
581,
152,
343,
643,
317,
116,
150,
199,
441,
589,
89,
456,
333,
436,
130,
774,
285,
292,
262,
487,
86,
283,
108,
40,
170,
482,
145,
370,
739,
124,
75,
463,
484,
55,
120,
550,
377,
464,
409,
659,
559,
97,
321,
432,
729,
113,
55,
132,
543,
288,
699,
76,
1136,
512,
488,
636,
612,
57,
357,
38,
161,
522,
117,
546,
264,
207,
683,
174,
471,
506,
688,
494,
558,
42,
39,
273,
455,
327,
172,
294,
348,
146,
599,
273,
577,
532,
75,
153,
738,
414,
290,
363,
210,
441,
416,
121,
206,
496,
153,
209,
621,
322,
348,
587,
194,
38,
157,
142,
114,
651,
117,
82,
1192,
797,
210,
70,
362,
777,
401,
333,
424,
522,
187,
663,
623,
157,
339,
697,
629,
338,
163,
84,
326,
94,
152,
419,
364,
759,
164,
745,
470,
571,
737,
515,
521,
741,
377,
208,
518,
192,
515,
422,
726,
497,
373,
71,
47,
330,
459,
71,
326,
691,
486,
310,
617,
458,
532,
355,
357,
472,
185,
141,
133,
429,
772,
335,
141,
786,
228,
258,
574,
137,
183,
433,
122,
113,
130,
99,
109,
84,
424,
448,
389,
90,
958,
427,
189,
405,
715,
510,
652,
240,
576,
559,
469,
307,
41,
414,
443,
447,
436,
610,
480,
301,
20,
597,
584,
458,
467,
534,
449,
528,
430,
422,
47,
765,
391,
566,
90,
326,
336,
668,
509,
354,
522,
489,
590,
375,
763,
156,
886,
494,
728,
409,
259,
369,
195,
96,
711,
558,
458,
69,
57,
200,
1192,
45,
442,
93,
339,
484,
548,
403,
434,
135,
702,
699,
169,
483,
350,
267,
435,
479,
433,
673,
49,
389,
257,
194,
813,
668,
237,
19,
692,
637,
719,
233,
165,
166,
143,
958,
138,
234,
558,
367,
1431,
593,
472,
586,
680,
212,
530,
614,
81,
287,
733,
510,
390,
507,
495,
390,
469,
267,
525,
511,
393,
625,
168,
790,
522,
428,
239,
323,
167,
41,
476,
372,
362,
711,
452,
43,
468,
234,
324,
38,
306,
431,
161,
46,
43,
83,
499,
455,
40,
556,
456,
261,
559,
354,
668,
503,
292,
572,
551,
976,
459,
276,
335,
506,
444,
262,
648,
634,
342,
1142,
481,
180,
75,
415,
639,
464,
1216,
63,
473,
428,
1203,
396,
704,
84,
385,
703,
503,
502,
712,
46,
699,
154,
445,
149,
478,
304,
130,
378,
701,
638,
275,
580,
96,
648,
309,
630,
486,
553,
549,
305,
347,
642,
810,
664,
169,
86,
247,
402,
332,
79,
683,
337,
416,
346,
376,
292,
397,
497,
340,
682,
648,
355,
322,
400,
490,
972,
656,
466,
415,
649,
339,
591,
283,
640,
468,
301,
464,
322,
1164,
831,
803,
820,
266,
731,
81,
657,
329,
706,
342,
389,
433,
633,
1402,
179,
491,
451,
157,
689,
640,
251,
613,
1528,
88,
508,
56,
379,
393,
684,
38,
1097,
507,
652,
584,
274,
38,
297,
203,
648,
850,
382,
530,
370,
475,
427,
339,
238,
495,
566,
1480,
359,
875,
634,
507,
407,
726,
432,
310,
166,
934,
43,
629,
517,
691,
176,
39,
737,
200,
1207,
249,
169,
514,
489,
104,
284,
100,
357,
169,
428,
639,
453,
505,
241,
434,
358,
411,
351,
387,
166,
114,
290,
85,
592,
530,
68,
1054,
633,
848,
94,
80,
460,
82,
278,
617,
45,
229,
148,
996,
359,
615,
124,
176,
647,
1456,
555,
97,
39,
95,
490,
128,
573,
212,
572,
127,
757,
390,
478,
486,
499,
39,
363,
160,
319,
718,
286,
377,
508,
512,
43,
328,
51,
784,
44,
47,
105,
736,
212,
218,
758,
227,
401,
122,
107,
1456,
153,
87,
45,
474,
415,
302,
531,
540,
386,
81,
377,
255,
181,
44,
509,
572,
769,
597,
632,
679,
228,
509,
852,
305,
109,
639,
261,
610,
650,
612,
608,
634,
399,
79,
187,
83,
43,
367,
402,
417,
282,
146,
40,
332,
36,
341,
361,
40,
408,
582,
1084,
313,
631,
492,
267,
37,
76,
787,
439,
782,
489,
297,
433,
651,
440,
482,
615,
768,
644,
825,
312,
400,
205,
308,
393,
256,
183,
849,
250,
211,
57,
653,
1102,
188,
757,
669,
832,
997,
185,
139,
742,
767,
517,
1505,
673,
179,
780,
131,
532,
40,
278,
866,
255,
753,
247,
43,
246,
826,
343,
809,
684,
552,
568,
622,
712,
331,
76,
367,
702,
560,
220,
855,
700,
1427,
783,
1465,
694,
876,
511,
268,
791,
142,
109,
231,
116,
718,
483,
1511,
47,
326,
104,
807,
43,
274,
532,
1179,
626,
546,
583,
758,
125,
134,
530,
830,
1721,
539,
460,
607,
406,
517,
1636,
562,
802,
553,
495,
174,
809,
548,
237,
1747,
679,
880,
798,
579,
770,
1459,
349,
101,
541,
228,
539,
1746,
269,
531,
569,
343,
739,
592,
488,
654,
592,
493,
589,
563,
607,
54,
532,
1403,
1261,
538,
508,
236,
608,
1632,
246,
557,
832,
250,
529,
194,
236,
1062,
563,
195,
896,
694,
490,
193,
1042,
534,
1674,
423,
654,
445,
722,
582,
504,
660,
517,
707,
471,
606,
484,
641,
627,
83,
785,
150,
698,
638,
627,
1425,
352,
540,
562,
462,
805,
605,
637,
350,
661,
562,
392,
788,
634,
583,
746,
630,
1461,
123,
459,
346,
342,
1248,
642,
561,
640,
70,
744,
533,
824,
826,
98,
652,
1315,
43,
492,
571,
1089,
561,
762,
604,
1408,
358,
91,
617,
534,
555,
364,
359,
817,
630,
624,
830,
560,
489,
625,
328,
338,
169,
619,
562,
839,
758,
517,
156,
534,
507,
555,
630,
378,
142,
1762,
802,
242,
561,
506,
597,
241,
948,
572,
620,
111,
618,
1361,
560,
694,
411,
549,
475,
510,
459,
512,
553,
598,
683,
805,
518,
629,
729,
622,
80,
476,
744,
734,
136,
636,
394,
621,
173,
655,
43,
570,
207,
1336,
126,
520,
610,
589,
510,
592,
492,
132,
597,
770,
899,
1466,
226,
500,
871,
416,
372,
512,
1262,
736,
154,
610,
1582,
1280,
1381,
357,
686,
714,
635,
1266,
838,
528,
628,
1463,
851,
45,
533,
488,
1324,
46,
472,
681,
932,
524,
475,
497,
406,
368,
334,
86,
189,
1586,
193,
398,
107,
324,
613,
678,
243,
643,
534,
662,
937,
351,
1755,
361,
1733,
45,
1391,
629,
102,
573,
75,
654,
873,
678,
944,
954,
45,
776,
377,
386,
932,
517,
562,
655,
431,
533,
516,
1905,
722,
1775,
36,
1439,
516,
558,
855,
196,
79,
196,
184,
592,
649,
39,
140,
428,
632,
601,
549,
496,
1126,
632,
47,
214,
1211,
301,
847,
189,
458,
41,
456,
517,
676,
1206,
252,
1602,
42,
191,
178,
413,
188,
1635,
1521,
443,
198,
830,
1028,
572,
555,
606,
1634,
730,
412,
565,
43,
910,
740,
593,
773,
87,
726,
125,
88,
44,
727,
77,
666,
706,
93,
593,
88,
1464,
1040,
895,
774,
1605,
615,
103,
838,
1686,
927,
823,
547,
627,
862,
1091,
774,
1155,
546,
976,
976,
1047,
666,
601,
650,
813,
564,
780,
1471,
1238,
1154,
699,
469,
183,
865,
594,
683,
1228,
858,
664,
468,
520,
669,
806,
1202,
701,
610,
1385,
411,
743,
667,
110,
421,
659,
451,
1062,
774,
114,
883,
95,
469,
43,
495,
1660,
105,
79,
1708,
1323,
390,
378,
608,
659,
108,
909,
1734,
613,
800,
786,
807,
428,
431,
46,
643,
657,
843,
612,
432,
690,
614,
634,
608,
906,
478,
240,
789,
83,
791,
773,
628,
777,
89,
72,
371,
871,
936,
419,
575,
853,
768,
591,
738,
585,
720,
638,
584,
506,
476,
781,
948,
502,
44,
1129,
43,
1329,
561,
161,
453,
1458,
44,
726,
1423,
432,
855,
688,
872,
1299,
43,
387,
502,
990,
410,
792,
679,
806,
956,
740,
473,
464,
516,
981,
761,
556,
994,
824,
802,
1317,
465,
456,
705,
1687,
471,
1062,
800,
638,
1078,
284,
1327,
696,
1047,
537,
579,
205,
780,
217,
1939,
1666,
614,
207,
881,
1046,
134,
1541,
1055,
128,
728,
255,
780,
1661,
1104,
231,
682,
97,
149,
692,
531,
1065,
699,
125,
512,
327,
1561,
1235,
1054,
756,
89,
663,
757,
444,
121,
1111,
81,
117,
728,
1352,
125,
92,
1047,
772,
883,
660,
235,
620,
615,
1038,
456,
770,
847,
304,
416,
759,
436,
220,
264,
390,
939,
262,
1027,
1061,
675,
661,
389,
658,
411,
384,
237,
490,
97,
726,
874,
615,
714,
466,
1812,
842,
179,
589,
281,
681,
422,
1927,
285,
233,
739,
779,
282,
39,
340,
310,
713,
335,
415,
305,
730,
646,
715,
1082,
519,
765,
497,
539,
1346,
676,
329,
1807,
360,
688,
429,
665,
433,
212,
625,
1597,
789,
1786,
583,
226,
328,
172,
707,
519,
602,
271,
302,
188,
1725,
671,
319,
796,
109,
349,
168,
397,
268,
284,
698,
368,
356,
740,
471,
153,
420,
466,
286,
928,
468,
448,
120,
424,
688,
353,
118,
121,
666,
300,
89,
734,
296,
404,
1855,
447,
616,
424,
611,
515,
482,
911,
125,
614,
410,
476,
697,
926,
93,
358,
847,
680,
769,
860,
934,
327,
677,
445,
1058,
884,
768,
89,
870,
741,
959,
787,
652,
325,
1670,
850,
228,
761,
354,
876,
104,
908,
190,
91,
172,
319,
190,
669,
872,
869,
702,
644,
733,
213,
953,
455,
200,
869,
375,
579,
742,
785,
560,
308,
893,
1100,
1990,
122,
120,
258,
712,
238,
511,
169,
441,
642,
148,
286,
1998,
386,
172,
647,
849,
514,
169,
164,
286,
800,
721,
688,
2001,
146,
83,
1909,
1116,
327,
906,
966,
489,
1111,
1053,
303,
922,
1005,
275,
665,
234,
753,
808,
1173,
245,
793,
230,
214,
144,
333,
1205,
1740,
256,
323,
216,
1701,
200,
1707,
147,
80,
1313,
149,
1196,
1308,
240,
142,
1844,
805,
1836,
1805,
479,
866,
721,
1497,
192,
1751,
564,
990,
759,
521,
1854,
556,
473,
824,
187,
587,
710,
1752,
676,
97,
526,
898,
558,
562,
895,
537,
187,
867,
507,
889,
139,
927,
903,
564,
790,
505,
161,
802,
937,
332,
878,
404,
965,
651,
428,
261,
1109,
653,
846,
863,
976,
1128,
1977,
310,
565,
861,
1255,
676,
1371,
598,
134,
1326,
689,
400,
407,
148,
338,
121,
473,
97,
329,
308,
244,
584,
764,
417,
234,
319,
471,
411,
300,
351,
249,
1172,
254,
701,
174,
238,
116,
980,
98,
301,
379,
404,
375,
98,
340,
267,
722,
224,
88,
405,
541,
185,
81,
751,
866,
181,
1191,
810,
517,
1565,
780,
888,
489,
402,
943,
578,
354,
1230,
424,
749,
189,
457,
2007,
137,
157,
463,
674,
148,
984,
59,
1892,
57,
1000,
441,
430,
659,
369,
50,
658,
747,
56,
185,
549,
45,
370,
1007,
789,
1276,
920,
369,
298,
968,
1264,
1233,
749,
344,
2046,
1008,
435,
113,
1563,
473,
191,
1292,
957,
348,
97,
1236,
303,
1959,
965,
754,
1571,
957,
824,
116,
1251,
1282,
1538,
1249,
925,
277,
523,
1234,
250,
82,
1316,
41,
103,
1115,
361,
284,
1858,
347,
49,
245,
947,
38,
816,
113,
1240,
1061,
1012,
100,
287,
97,
286,
1423,
873,
86,
572,
789,
281,
273,
184,
1004,
845,
881,
814,
726,
1377,
343,
807,
397,
198,
729,
955,
861,
830,
2062,
1823,
403,
902,
867,
863,
737,
41,
1146,
1539,
856,
104,
353,
2031,
1926,
285,
880,
1815,
954,
875,
1820,
873,
1799,
917,
284,
875,
313,
1646,
739,
47,
851,
42,
81,
877,
565,
522,
527,
38,
1684,
853,
726,
883,
937,
188,
798,
460,
2085,
449,
751,
252,
830,
1871,
798,
2079,
225,
888,
1893,
303,
180,
909,
538,
293,
882,
1547,
436,
164,
79,
218,
812,
189,
845,
540,
430,
873,
1203,
1179,
823,
1067,
816,
472,
1109,
525,
504,
507,
1999,
1110,
1065,
458,
1178,
979,
501,
2093,
150,
894,
1276,
1916,
884,
900,
387,
618,
448,
1379,
232,
617,
883,
561,
877,
2085,
132,
2105,
390,
2096,
1208,
2050,
43,
76,
1610,
547,
95,
38,
539,
68,
387,
343,
551,
653,
356,
326,
554,
311,
454,
418,
321,
129,
41,
733,
758,
927,
996,
483,
40,
400,
124,
580,
977,
993,
1166,
126,
1880,
860,
107,
962,
1674,
406,
475,
1076,
398,
1014,
975,
122,
428,
281,
120,
88,
177,
186,
947,
1164,
822,
756,
792,
193,
1031,
910,
148,
194,
618,
40,
144,
925,
323,
311,
302,
1416,
314,
936,
958,
1404,
77,
546,
1451,
1133,
152,
1451,
319,
1510,
421,
93,
1124,
1405,
153,
340,
1473,
1000,
1631,
806,
95,
297,
835,
986,
1080,
935,
326,
144,
734,
1780,
275,
533,
1488,
380,
562,
889,
970,
711,
164,
516,
476,
184,
207,
187,
1014,
445,
295,
740,
1415,
129,
2018,
1064,
845,
606,
1118,
478,
1000,
895,
403,
599,
1886,
446,
171,
838,
1048,
290,
1191,
1416,
775,
1068,
809,
810,
1426,
827,
41,
887,
149,
176,
1379,
771,
449,
121,
1930,
39,
1488,
291,
495,
1277,
38,
1298,
1820,
939,
737,
406,
548,
315,
1813,
2193,
1639,
273,
455,
501,
767,
1009,
175,
1698,
1901,
862,
1838,
1507,
1465,
973,
2158,
623,
875,
575,
385,
356,
2122,
186,
346,
42,
482,
384,
1537,
344,
316,
1108,
578,
286,
289,
694,
273,
972,
636,
299,
2183,
306,
1493,
1682,
297,
80,
2070,
947,
915,
177,
439,
811,
1592,
511,
1647,
56,
1401,
1031,
951,
1719,
738,
192,
1635,
950,
91,
1157,
2154,
2223,
807,
77,
529,
205,
41,
331,
94,
610,
2172,
1420,
67,
728,
2162,
826,
575,
1346,
1041,
1311,
369,
60,
137,
1636,
58,
249,
57,
2151,
41,
132,
49,
1792,
1908,
652,
439,
1952,
689,
1906,
82,
834,
234,
1603,
42,
1706,
114,
731,
248,
841,
133,
99,
1232,
184,
1348,
1509,
81,
1192,
854,
2012,
2137,
1436,
82,
1052,
409,
80,
953,
1969,
837,
2130,
80,
2080,
430,
871,
70,
2080,
446,
738,
591,
600,
112,
1963,
1153,
2142,
128,
269,
950,
326,
788,
76,
102,
1198,
1250,
1931,
578,
100,
708,
1038,
2107,
784,
1535,
457,
1208,
966,
1930,
710,
351,
577,
79,
329,
456,
1583,
2162,
451,
958,
1101,
1593,
2073,
1685,
2068,
1056,
283,
52,
1073,
1156,
1030,
845,
367,
2034,
1409,
286,
152,
365,
113,
667,
629,
134,
1204,
521,
47,
956,
751,
115,
972,
807,
1213,
802,
41,
1259,
114,
307,
83,
338,
2313,
1602,
1464,
499,
1918,
333,
1390,
320,
1782,
1026,
1768,
583,
1451,
580,
998,
1368,
1367,
2158,
590,
547,
993,
1019,
1055,
1905,
728,
128,
1389,
1029,
1076,
1003,
1425,
287,
273,
112,
731,
137,
121,
99,
92,
195,
314,
311,
559,
283,
858,
86,
383,
50,
70,
566,
562,
734,
63,
567,
1268,
565,
46,
970,
569,
1484,
1389,
610,
1105,
1177,
1106,
954,
1449,
863,
518,
40,
780,
1256,
529,
1613,
1014,
1306,
1133,
321,
312,
1397,
600,
682,
326,
588,
273,
832,
1032,
1053,
44,
94,
946,
1065,
275,
946,
1168,
523,
84,
806,
2278,
99,
1473,
1395,
1522,
566,
1496,
842,
1452,
487,
1116,
200,
600,
880,
1100,
1036,
446,
186,
992,
642,
538,
40,
996,
803,
610,
847,
411,
1477,
363,
486,
1456,
2208,
71,
896,
291,
414,
480,
745,
1181,
1432,
550,
816,
1210,
644,
2228,
694,
96,
488,
1140,
1309,
2225,
977,
448,
916,
85,
480,
994,
85,
872,
1105,
379,
1364,
157,
434,
526,
930,
409,
1700,
457,
563,
113,
489,
561,
1028,
1009,
1001,
1048,
926,
1040,
1688,
354,
604,
2268,
922,
1065,
44,
1086,
1031,
1026,
1047,
985,
614,
694,
2292,
633,
436,
358,
855,
424,
712,
911,
1230,
1136,
1107,
446,
465,
851,
617,
2118,
904,
952,
401,
889,
440,
1009,
971,
1154,
1032,
728,
1109,
737,
834,
903,
426,
406,
2294,
433,
1397,
400,
418,
518,
1972,
697,
517,
611,
1571,
554,
496,
517,
535,
804,
598,
204,
1357,
2334,
498,
676,
927,
1642,
320,
429,
666,
189,
376,
453,
668,
819,
40,
1433,
933,
2321,
917,
504,
872,
717,
643,
191,
684,
63,
1126,
636,
755,
1166,
578,
1366,
675,
166,
346,
160,
243,
163,
1006,
94,
2311,
540,
68,
1102,
587,
1253,
552,
1731,
1264,
775,
433,
752,
2311,
1254,
938,
920,
538,
910,
658,
860,
554,
977,
766,
285,
1619,
984,
986,
655,
644,
617,
891,
506,
334,
93,
120,
85,
146,
888,
638,
289,
2317,
507,
479,
1330,
53,
831,
501,
1933,
773,
329,
500,
739,
1341,
958,
1291,
537,
956,
964,
562,
448,
848,
1003,
1586,
49,
130,
44,
489,
1412,
754,
892,
42,
428,
456,
45,
739,
390,
982,
461,
43,
880,
1029,
1338,
370,
479,
419,
822,
377,
1580,
114,
980,
48,
2174,
1062,
734,
902,
965,
759,
1140,
329,
1043,
916,
40,
490,
398,
976,
2398,
358,
505,
47,
1336,
397,
375,
508,
2376,
317,
117,
439,
421,
455,
135,
596,
2168,
406,
357,
284,
463,
517,
1043,
493,
699,
483,
403,
43,
488,
679,
675,
1153,
411,
798,
990,
1691,
879,
637,
48,
787,
973,
1075,
931,
356,
1129,
42,
1276,
696,
1206,
234,
780,
467,
1508,
1170,
176,
419,
1460,
445,
940,
1379,
560,
425,
340,
512,
561,
1432,
374,
1618,
1357,
1262,
1179,
1283,
1025,
612,
49,
2354,
762,
484,
321,
365,
1392,
1672,
1133,
1552,
668,
490,
1274,
388,
989,
265,
1194,
1316,
211,
493,
1504,
230,
1563,
1111,
1274,
1138,
889,
200,
1105,
952,
553,
569,
1166,
1547,
2368,
1002,
1367,
1275,
763,
253,
600,
154,
278,
1050,
1217,
64,
2483,
1134,
1051,
1071,
46,
259,
91,
359,
1066,
1145,
542,
566,
552,
533,
470,
1425,
483,
1654,
513,
820,
1415,
2029,
178,
304,
396,
1386,
426,
44,
191,
559,
996,
422,
1660,
42,
485,
1472,
513,
1049,
939,
1228,
1014,
168,
1570,
938,
1023,
1672,
555,
800,
1647,
1374,
147,
435,
915,
937,
205,
926,
812,
937,
1541,
204,
469,
898,
1389,
197,
1254,
405,
379,
660,
165,
390,
1379,
2312,
181,
938,
1423,
52,
444,
646,
1583,
106,
772,
44,
985,
1457,
350,
464,
543,
989,
1504,
359,
1061,
977,
989,
1094,
975,
1052,
977,
647,
87,
933,
323,
1581,
334,
131,
41,
327,
309,
1175,
331,
130,
1301,
828,
961,
202,
43,
189,
945,
1208,
202,
231,
46,
805,
72,
827,
45,
1526,
247,
45,
810,
1077,
464,
1605,
938,
74,
1348,
38,
1539,
1620,
403,
1253,
1424,
867,
221,
852,
928,
1692,
939,
563,
279,
886,
123,
946,
691,
80,
1447,
345,
231,
597,
1581,
838,
103,
37,
922,
97,
786,
876,
742,
741,
726,
114,
43,
711,
948,
1994,
1277,
246,
83,
1259,
1881,
202,
38,
48,
45,
1286,
1855,
39,
1085,
97,
943,
1007,
1100,
1741,
38,
334,
1046,
44,
327,
792,
1463,
1215,
41,
1383,
620,
324,
1380,
1423,
930,
1510,
989,
1532,
762,
40,
303,
1228,
79,
1327,
275,
114,
1613,
1398,
640,
95,
748,
1330,
46,
1293,
1550,
560,
502,
1760,
468,
631,
549,
1143,
933,
310,
267,
501,
1126,
436,
1117,
932,
953,
1593,
497,
402,
893,
1108,
49,
1121,
1081,
1336,
1169,
713,
290,
1235,
1005,
1130,
708,
41,
38,
1645,
1202,
1077,
657,
327,
332,
1186,
642,
583,
1113,
840,
1110,
1235,
136,
956,
725,
43,
90,
1407,
2229,
583,
41,
1110,
1338,
1136,
1061,
91,
960,
1025,
1246,
1107,
413,
279,
1061,
1204,
966,
577,
366,
1512,
1488,
587,
1423,
1095,
1124,
1220,
282,
1109,
1588,
1007,
1495,
175,
263,
296,
1274,
596,
270,
952,
672,
898,
1368,
433,
227,
704,
941,
963,
2363,
320,
972,
1032,
960,
95,
987,
335,
2330,
311,
1563,
374,
159,
317,
1036,
336,
367,
44,
255,
309,
336,
167,
2015,
758,
81,
1284,
1290,
461,
1230,
367,
272,
1013,
1305,
274,
44,
1008,
77,
284,
682,
153,
268,
192,
206,
73,
1420,
272,
50,
41,
253,
176,
449,
313,
394,
974,
271,
1241,
222,
40,
276,
1027,
939,
1695,
894,
465,
1163,
355,
1350,
148,
742,
117,
1422,
91,
78,
491,
257,
1290,
254,
462,
440,
750,
536,
1271,
1008,
167,
1255,
313,
42,
162,
70,
63,
164,
1127,
259,
1176,
48,
276,
175,
47,
1285,
1065,
99,
303,
345,
354,
1280,
105,
1230,
1226,
1590,
89,
1227,
1014,
1484,
1317,
1026,
1317,
1570,
267,
272,
696,
1258,
421,
83,
341,
82,
187,
341,
325,
290,
304,
101,
90,
88,
40,
48,
46,
1310,
267,
407,
160,
272,
1082,
2000,
1344,
73,
439,
1082,
39,
423,
1338,
1068,
1074,
41,
1094,
1607,
636,
410,
379,
43,
1092,
44,
1516,
541,
751,
1175,
351,
40,
317,
1268,
44,
284,
1156,
509,
86,
1363,
1126,
1081,
1117,
1060,
562,
50,
47,
836,
1124,
1080,
232,
1415,
388,
423,
1874,
353,
438,
433,
695,
1424,
46,
1016,
348,
1015,
794,
402,
411,
327,
323,
639,
323,
569,
845,
326,
440,
75,
417,
1806,
81,
74,
681,
1697,
1615,
76,
1952,
1665,
977,
1070,
535,
1055,
52,
513,
393,
465,
42,
2009,
301,
1153,
444,
254,
332,
1562,
357,
740,
803,
870,
355,
475,
256,
2642,
390,
755,
727,
2531,
2100,
1478,
888,
441,
800,
328,
800,
1442,
311,
327,
1013,
386,
1081,
382,
738,
765,
58,
446,
58,
689,
406,
58,
491,
380,
1597,
1270,
1855,
54,
1081,
1401,
322,
1661,
2684,
1446,
834,
576,
774,
1334,
843,
39,
414,
1047,
1224,
778,
417,
41,
1560,
1033,
1073,
1895,
1226,
788,
1063,
827,
979,
41,
974,
1191,
40,
395,
991,
991,
997,
879,
781,
1110,
469,
408,
604,
101,
400,
737,
1647,
1051,
43,
40,
1576,
2068,
592,
709,
506,
679,
988,
938,
680,
1238,
732,
1278,
689,
1238,
665,
563,
602,
833,
609,
936,
748,
656,
648,
502,
732,
922,
862,
917,
871,
465,
494,
649,
1685,
617,
865,
776,
384,
705,
1089,
881,
732,
685,
490,
691,
414,
721,
376,
538,
114,
1473,
699,
921,
1759,
825,
2044,
1302,
629,
790,
1807,
353,
43,
1299,
1760,
779,
637,
1915,
1705,
115,
1052,
114,
1775,
652,
980,
769,
363,
1846,
741,
1328,
1576,
714,
616,
987,
471,
623,
601,
859,
181,
1852,
629,
1257,
493,
645,
1201,
869,
2102,
1217,
737,
232,
220,
1209,
1675,
1815,
1497,
59,
94,
117,
71,
773,
1086,
98,
43,
813,
604,
1910,
1575,
1335,
896,
798,
1141,
1200,
566,
210,
934,
641,
1042,
813,
40,
849,
821,
1079,
971,
693,
422,
624,
585,
655,
361,
550,
649,
737,
366,
44,
42,
791,
83,
113,
128,
101,
713,
469,
694,
424,
45,
554,
531,
552,
882,
807,
491,
1309,
494,
449,
556,
663,
1031,
768,
534,
599,
831,
681,
44,
992,
839,
77,
622,
60,
713,
92,
60,
480,
914,
760,
2066,
703,
427,
1676,
1052,
430,
425,
1159,
441,
55,
814,
777,
76,
769,
2043,
850,
1771,
1717,
485,
224,
2096,
859,
433,
866,
814,
544,
542,
743,
1915,
765,
495,
738,
59,
619,
760,
915,
752,
863,
752,
465,
1062,
200,
452,
45,
746,
1757,
1912,
2335,
1865,
1177,
330,
2072,
819,
700,
186,
842,
1958,
700,
45,
661,
619,
1908,
180,
806,
568,
173,
1046,
1038,
888,
378,
310,
39,
899,
581,
571,
853,
925,
861,
637,
705,
2347,
858,
816,
767,
623,
729,
933,
169,
683,
148,
779,
1959,
1286,
942,
895,
710,
758,
97,
108,
650,
130,
2419,
705,
660,
76,
2172,
1104,
78,
1076,
1255,
403,
739,
929,
964,
443,
913,
38,
1852,
2173,
962,
68,
535,
813,
578,
645,
806,
1870,
810,
805,
547,
653,
1620,
456,
469,
1509,
473,
44,
50,
567,
410,
507,
955,
468,
853,
920,
485,
91,
465,
737,
205,
618,
436,
104,
1589,
100,
210,
93,
198,
76,
831,
464,
848,
414,
430,
847,
396,
542,
797,
1546,
513,
756,
1567,
1056,
551,
1438,
718,
822,
1559,
802,
2009,
367,
1131,
836,
541,
1570,
957,
431,
585,
1730,
707,
414,
487,
1057,
1041,
1014,
1062,
1006,
951,
1223,
1887,
2234,
726,
1166,
1049,
731,
875,
874,
1807,
1186,
846,
887,
499,
413,
718,
2093,
319,
1560,
652,
649,
830,
1562,
1631,
886,
397,
909,
1015,
693,
2210,
2079,
748,
886,
838,
757,
471,
702,
2182,
1057,
428,
517,
407,
744,
598,
392,
1014,
102,
587,
475,
97,
1567,
661,
425,
98,
928,
1049,
902,
388,
915,
1123,
485,
387,
2122,
858,
516,
1538,
862,
744,
2094,
1047,
614,
514,
923,
955,
759,
87,
670,
778,
577,
609,
445,
525,
435,
2070,
889,
1848,
445,
570,
216,
1077,
205,
442,
532,
891,
1705,
136,
1031,
93,
131,
673,
936,
750,
548,
130,
905,
112,
375,
133,
3186,
376,
777,
435,
79,
530,
805,
78,
622,
428,
83,
905,
552,
499,
232,
414,
408,
485,
404,
1070,
403,
91,
797,
219,
244,
614,
1349,
428,
1648,
90,
84,
450,
558,
74,
247,
591,
611,
442,
70,
960,
800,
414,
418,
731,
789,
610,
217,
638,
70,
396,
789,
982,
524,
1670,
1845,
1132,
156,
659,
609,
138,
2312,
1323,
116,
1696,
1111,
907,
749,
821,
44,
979,
2266,
659,
42,
821,
1112,
642,
502,
636,
860,
1192,
1160,
519,
629,
1149,
1176,
883,
977,
2943,
628,
654,
169,
890,
658,
47,
1245,
578,
627,
1141,
47,
191,
622,
540,
1076,
1149,
624,
1112,
128,
877,
890,
134,
655,
128,
870,
44,
124,
523,
1192,
122,
1116,
109,
1137,
636,
337,
460,
94,
109,
133,
209,
209,
303,
865,
105,
634,
1042,
631,
1074,
987,
533,
49,
104,
87,
673,
47,
1049,
468,
888,
68,
1071,
603,
953,
46,
441,
429,
844,
48,
1222,
827,
118,
439,
1150,
1207,
832,
1053,
758,
1165,
834,
44,
3041,
2194,
816,
158,
856,
1057,
3060,
1156,
551,
1756,
830,
586,
1081,
2658,
691,
509,
673,
1037,
696,
440,
557,
1018,
854,
682,
1068,
84,
3233,
586,
604,
78,
323,
306,
2571,
942,
662,
307,
688,
966,
913,
241,
951,
1783,
1276,
2345,
226,
892,
1274,
225,
1189,
603,
422,
1041,
578,
903,
872,
875,
1051,
983,
44,
76,
668,
694,
412,
1201,
1227,
339,
2701,
408,
1666,
316,
947,
786,
412,
1257,
499,
863,
869,
339,
621,
1760,
1041,
886,
2443,
693,
508,
1308,
691,
978,
390,
1115,
1398,
678,
848,
977,
2348,
1110,
411,
43,
106,
611,
424,
1201,
78,
264,
853,
40,
834,
778,
39,
805,
898,
818,
704,
915,
748,
1006,
1065,
643,
802,
756,
705,
588,
796,
644,
1396,
416,
483,
406,
3324,
300,
1122,
271,
656,
404,
827,
311,
664,
343,
776,
287,
630,
422,
762,
806,
1033,
744,
52,
406,
553,
40,
338,
403,
406,
441,
42,
394,
479,
369,
2096,
474,
583,
41,
45,
367,
546,
967,
259,
412,
43,
376,
313,
337,
768,
1418,
2101,
87,
783,
2155,
386,
340,
217,
2149,
48,
382,
185,
2452,
44,
81,
290,
78,
1201,
203,
236,
253,
306,
266,
317,
815,
46,
618,
435,
672,
441,
204,
314,
237,
2382,
963,
810,
674,
632,
313,
321,
275,
837,
287,
842,
290,
1130,
268,
495,
782,
850,
631,
448,
1081,
557,
434,
620,
995,
372,
679,
298,
630,
380,
1111,
91,
1053,
1173,
92,
1114,
459,
1006,
88,
92,
1022,
1281,
813,
807,
195,
911,
540,
1141,
527,
651,
838,
625,
239,
1144,
233,
1399,
543,
308,
1200,
692,
1150,
531,
642,
542,
500,
97,
913,
69,
495,
543,
80,
514,
1051,
98,
426,
470,
1025,
1114,
504,
1111,
775,
1016,
76,
1031,
1057,
918,
989,
791,
1439,
1124,
969,
39,
1387,
1188,
1147,
744,
972,
279,
2451,
881,
364,
636,
616,
1019,
878,
640,
723,
1027,
420,
622,
1170,
841,
881,
554,
728,
1154,
1206,
995,
1568,
569,
867,
450,
438,
352,
758,
1125,
588,
455,
343,
336,
737,
268,
1214,
923,
1126,
1024,
1329,
1429,
105,
661,
2628,
543,
506,
564,
94,
1476,
1488,
1012,
1006,
312,
791,
100,
558,
513,
313,
1089,
2218,
404,
1120,
1097,
1169,
445,
1459,
84,
85,
1629,
2650,
3470,
48,
371,
618,
75,
309,
438,
1881,
193,
336,
1636,
325,
968,
1311,
306,
442,
963,
309,
960,
1652,
831,
947,
350,
1308,
479,
1380,
1229,
1207,
902,
966,
456,
2488,
1169,
2285,
930,
412,
460,
341,
844,
2384,
2475,
491,
1743,
1163,
1131,
1203,
417,
964,
1314,
968,
381,
1947,
115,
1221,
1025,
1138,
477,
449,
112,
3605,
1481,
2958,
1956,
114,
107,
1218,
283,
1406,
2738,
808,
463,
1068,
2517,
944,
96,
1181,
572,
3236,
1119,
1227,
841,
1434,
1238,
1177,
1181,
968,
1123,
1159,
1087,
336,
476,
1691,
38,
1555,
475,
1546,
1771,
1414,
561,
498,
280,
596,
659,
1144,
1458,
465,
1263,
74,
1181,
823,
97,
364,
464,
510,
945,
354,
834,
1012,
615,
773,
117,
745,
243,
945,
942,
243,
3166,
544,
2531,
580,
1036,
88,
2144,
650,
80,
369,
556,
881,
2029,
1306,
1245,
408,
480,
86,
1151,
608,
378,
1220,
1063,
206,
26,
1111,
2373,
75,
255,
1069,
430,
1224,
254,
357,
2048,
232,
1472,
986,
231,
484,
1243,
224,
2169,
2192,
1150,
528,
889,
341,
2093,
308,
277,
267,
53,
246,
220,
192,
80,
218,
217,
212,
194,
173,
104,
108,
382,
105,
99,
141,
165,
1879,
467,
89,
1127,
82,
104,
97,
506,
237,
1092,
102,
816,
969,
234,
717,
1160,
101,
1678,
712,
87,
679,
1547,
1177,
1078,
556,
1272,
637,
1206,
1133,
122,
594,
141,
1282,
617,
587,
1127,
280,
1422,
663,
487,
57,
1090,
237,
487,
1173,
622,
596,
535,
607,
1036,
238,
614,
615,
590,
750,
725,
345,
458,
561,
541,
721,
431,
36,
699,
82,
1105,
176,
1187,
515,
116,
1335,
511,
506,
159,
624,
749,
961,
536,
842,
1596,
1096,
604,
583,
1587,
455,
481,
1017,
724,
95,
1076,
323,
481,
464,
429,
1268,
551,
738,
627,
1317,
619,
521,
542,
1321,
1085,
124,
551,
512,
988,
39,
40,
823,
44,
1229,
532,
109,
423,
85,
779,
629,
774,
487,
43,
284,
42,
77,
41,
710,
780,
1866,
303,
515,
708,
873,
684,
93,
40,
355,
538,
791,
39,
1631,
651,
61,
1622,
652,
571,
530,
1246,
1632,
3500,
660,
375,
572,
666,
572,
1923,
1051,
798,
1428,
1049,
1199,
715,
2999,
539,
739,
3137,
1928,
2578,
2978,
2560,
3035,
953,
634,
3471,
1004,
115,
683,
527,
1250,
595,
764,
571,
721,
2094,
1662,
700,
2586,
645,
620,
803,
1152,
491,
1011,
813,
620,
969,
621,
1174,
1018,
890,
609,
2006,
1506,
713,
929,
984,
607,
695,
797,
1319,
1779,
2079,
836,
689,
310,
2059,
2032,
769,
2985,
514,
701,
315,
571,
90,
3050,
310,
704,
565,
761,
3758,
585,
917,
934,
895,
629,
605,
72,
573,
541,
817,
239,
620,
2322,
604,
1255,
2933,
603,
238,
755,
611,
716,
234,
686,
1791,
1768,
778,
209,
937,
612,
340,
718,
1763,
906,
580,
2002,
466,
233,
445,
210,
87,
709,
665,
177,
94,
880,
85,
872,
1112,
554,
731,
637,
67,
701,
77,
1136,
645,
359,
626,
3450,
747,
92,
3450,
89,
1503,
43,
630,
688,
741,
86,
81,
76,
1509,
74,
87,
70,
94,
80,
723,
949,
1045,
825,
780,
805,
540,
325,
950,
995,
657,
1021,
547,
1012,
40,
597,
521,
73,
677,
480,
669,
362,
737,
1075,
669,
721,
580,
49,
784,
735,
654,
370,
43,
431,
610,
589,
777,
528,
537,
651,
684,
547,
904,
564,
1655,
647,
736,
622,
633,
537,
503,
574,
622,
754,
1031,
91,
661,
40,
479,
1441,
601,
46,
1310,
433,
1217,
729,
724,
816,
374,
477,
682,
37,
531,
564,
75,
530,
465,
614,
52,
77,
551,
765,
754,
1635,
1699,
680,
488,
895,
878,
836,
770,
528,
478,
913,
733,
476,
490,
793,
797,
766,
1816,
823,
604,
1849,
692,
565,
741,
819,
110,
1639,
768,
845,
1556,
787,
743,
94,
559,
819,
611,
511,
607,
834,
83,
820,
848,
826,
774,
708,
503,
743,
563,
707,
2634,
99,
571,
464,
2791,
713,
590,
498,
48,
97,
565,
57,
89,
391,
87,
836,
712,
57,
738,
76,
55,
682,
47,
299,
653,
605,
43,
2167,
738,
496,
2722,
428,
717,
2633,
586,
737,
1874,
735,
418,
414,
388,
692,
678,
767,
759,
336,
508,
658,
493,
647,
359,
515,
795,
45,
639,
634,
619,
474,
663,
735,
81,
495,
685,
672,
2222,
516,
609,
87,
635,
332,
304,
650,
3570,
297,
266,
4365,
67,
65,
770,
3336,
979,
515,
548,
929,
780,
2224,
730,
82,
1072,
626,
677,
1924,
641,
524,
545,
82,
712,
803,
88,
116,
657,
83,
297,
3912,
2282,
3947,
333,
857,
334,
634,
63,
86,
757,
47,
619,
345,
532,
794,
459,
641,
543,
1803,
42,
32,
781,
359,
675,
421,
707,
388,
1785,
739,
559,
2499,
4019,
889,
666,
272,
586,
268,
3181,
820,
489,
290,
733,
2959,
845,
2375,
701,
698,
2949,
810,
703,
757,
3092,
197,
570,
194,
445,
609,
388,
581,
720,
865,
2229,
915,
488,
923,
569,
627,
1666,
1030,
345,
674,
582,
2660,
518,
713,
512,
872,
498,
665,
919,
757,
1016,
255,
506,
688,
687,
233,
658,
1846,
501,
678,
454,
668,
608,
846,
438,
4102,
718,
205,
1015,
71,
1645,
2743,
773,
517,
65,
201,
793,
190,
439,
645,
2641,
690,
2659,
1100,
650,
87,
495,
185,
177,
225,
358,
987,
778,
616,
378,
228,
145,
157,
94,
145,
2435,
3678,
101,
202,
362,
1650,
546,
460,
130,
3758,
813,
912,
501,
852,
1573,
1641,
142,
1863,
718,
132,
3728,
962,
906,
310,
735,
556,
870,
509,
864,
85,
755,
853,
791,
785,
572,
361,
506,
365,
72,
1093,
65,
335,
508,
93,
463,
38,
717,
1382,
44,
732,
1738,
923,
678,
3925,
1576,
141,
659,
2556,
72,
168,
444,
2543,
98,
690,
76,
4294,
47,
2416,
2440,
373,
75,
3992,
2391,
68,
3954,
822,
52,
291,
363,
660,
740,
3194,
494,
687,
1747,
335,
502,
1754,
788,
435,
681,
688,
631,
708,
2098,
526,
547,
3018,
486,
1024,
1845,
2096,
895,
1929,
1989,
1851,
510,
891,
99,
647,
900,
458,
585,
395,
1997,
1019,
456,
536,
287,
40,
755,
2695,
388,
1027,
3228,
947,
695,
640,
645,
1941,
486,
727,
2800,
965,
368,
770,
615,
385,
283,
242,
43,
591,
601,
255,
1152,
43,
392,
598,
508,
766,
537,
284,
333,
456,
388,
434,
430,
276,
524,
437,
1127,
318,
3715,
1000,
430,
385,
707,
462,
780,
2317,
572,
368,
488,
1118,
310,
305,
773,
1018,
1178,
1172,
613,
2344,
2403,
2400,
603,
971,
2375,
719,
2309,
553,
924,
427,
288,
3641,
420,
640,
353,
3443,
252,
48,
731,
86,
116,
163,
3355,
138,
114,
2450,
412,
436,
95,
3465,
911,
3558,
50,
722,
738,
98,
558,
39,
1239,
307,
426,
395,
719,
3508,
522,
911,
42,
3370,
964,
367,
306,
2734,
3483,
636,
648,
45,
82,
46,
594,
528,
3583,
539,
509,
2083,
390,
1975,
75,
618,
3110,
46,
709,
536,
522,
138,
80,
529,
799,
1180,
497,
286,
2524,
612,
753,
118,
911,
305,
83,
452,
4069,
1988,
2466,
425,
2192,
2289,
45,
289,
515,
94,
352,
1982,
2491,
799,
376,
3129,
903,
1009,
998,
738,
3397,
787,
794,
3363,
3270,
802,
841,
79,
1992,
227,
996,
840,
211,
636,
615,
433,
728,
737,
711,
630,
3610,
218,
342,
3756,
42,
425,
480,
362,
497,
226,
43,
366,
2943,
421,
545,
540,
114,
440,
330,
1114,
335,
550,
865,
436,
587,
823,
544,
586,
117,
516,
121,
471,
545,
97,
996,
2433,
537,
447,
577,
2097,
566,
492,
806,
506,
334,
444,
535,
748,
1074,
481,
477,
496,
917,
413,
43,
587,
47,
409,
1923,
106,
2446,
101,
783,
511,
71,
587,
92,
609,
2558,
123,
960,
767,
94,
1569,
2511,
87,
332,
570,
4012,
2860,
41,
508,
82,
433,
45,
541,
42,
1956,
362,
431,
357,
356,
239,
2576,
429,
734,
45,
74,
75,
42,
4197,
740,
576,
49,
685,
40,
39,
609,
927,
339,
556,
551,
467,
941,
548,
359,
3453,
524,
533,
1336,
320,
585,
910,
649,
1041,
306,
923,
1084,
709,
1108,
2829,
521,
1179,
874,
817,
550,
3506,
943,
945,
772,
943,
785,
1837,
1087,
768,
110,
678,
1820,
496,
922,
477,
515,
1286,
539,
470,
85,
537,
526,
498,
488,
519,
389,
558,
64,
585,
48,
86,
707,
340,
1798,
574,
46,
505,
477,
44,
781,
4052,
4296,
603,
558,
4102,
384,
345,
674,
627,
1185,
866,
361,
1089,
455,
517,
799,
836,
307,
676,
529,
990,
796,
587,
124,
674,
1998,
853,
933,
823,
1271,
1340,
395,
99,
405,
543,
2095,
576,
638,
1116,
388,
531,
584,
491,
392,
541,
366,
818,
355,
98,
412,
79,
807,
448,
443,
427,
94,
1644,
550,
805,
1627,
431,
77,
1840,
3144,
4601,
351,
3863,
435,
465,
83,
734,
624,
891,
1497,
390,
1089,
404,
550,
520,
358,
3582,
84,
41,
901,
166,
2092,
3163,
3684,
1331,
430,
2753,
750,
670,
3490,
636,
1368,
3473,
3995,
954,
491,
733,
751,
327,
1071,
39,
640,
1767,
426,
3529,
3419,
590,
694,
1740,
1913,
631,
585,
514,
107,
1743,
102,
1893,
570,
476,
1014,
88,
566,
504,
453,
609,
417,
765,
552,
301,
512,
1431,
202,
889,
684,
809,
1393,
4371,
381,
643,
370,
756,
723,
494,
1213,
516,
721,
487,
758,
2791,
3759,
393,
440,
567,
302,
2830,
294,
2261,
377,
1750,
438,
891,
761,
1254,
501,
476,
370,
165,
483,
372,
613,
366,
3520,
414,
1040,
649,
400,
320,
1235,
384,
476,
636,
429,
122,
267,
718,
1300,
672,
274,
502,
130,
373,
793,
328,
585,
1247,
631,
534,
387,
91,
555,
497,
477,
499,
304,
489,
526,
335,
422,
515,
411,
570,
501,
3777,
508,
497,
688,
345,
457,
2584,
1552,
2005,
164,
573,
4158,
715,
488,
503,
4948,
708,
211,
3629,
1088,
3458,
403,
496,
203,
717,
2884,
294,
462,
3976,
173,
2353,
490,
3094,
437,
127,
489,
2351,
36,
98,
2792,
2800,
257,
112,
2352,
76,
401,
171,
606,
1861,
1994,
1459,
3354,
300,
87,
626,
84,
254,
78,
1829,
318,
65,
597,
614,
2007,
659,
1849,
1272,
583,
1235,
593,
567,
859,
437,
572,
466,
343,
283,
464,
277,
541,
1484,
619,
480,
642,
774,
571,
43,
758,
1119,
1541,
755,
885,
292,
763,
110,
366,
464,
652,
468,
582,
1002,
173,
85,
1463,
872,
1052,
133,
315,
302,
4010,
469,
90,
768,
314,
119,
400,
1479,
4104,
328,
112,
304,
312,
782,
129,
119,
88,
333,
118,
59,
627,
782,
682,
778,
612,
688,
1231,
1235,
637,
465,
641,
546,
568,
62,
204,
656,
639,
86,
458,
426,
407,
426,
506,
571,
375,
294,
350,
540,
512,
1219,
580,
680,
2794,
505,
1551,
39,
390,
697,
647,
580,
517,
3625,
580,
469,
503,
289,
558,
770,
396,
341,
592,
1218,
578,
320,
42,
621,
559,
3898,
209,
812,
703,
502,
318,
448,
558,
560,
569,
529,
331,
3566,
452,
380,
559,
221,
519,
486,
687,
1251,
458,
46,
260,
3861,
917,
3948,
611,
910,
503,
43,
2315,
2303,
780,
41,
78,
4404,
474,
106,
840,
1891,
3879,
77,
1867,
3772,
49,
731,
45,
3294,
3370,
81,
44,
227,
687,
704,
328,
82,
347,
529,
406,
3626,
358,
1228,
83,
663,
1275,
252,
246,
256,
237,
46,
45,
256,
86,
728,
353,
443,
36,
398,
3924,
4089,
48,
664,
45,
40,
1974,
88,
250,
253,
743,
727,
1008,
635,
490,
218,
651,
280,
82,
467,
406,
274,
885,
3683,
1639,
72,
585,
475,
3044,
97,
44,
1634,
2049,
90,
768,
673,
325,
1357,
640,
462,
48,
729,
651,
366,
937,
1104,
455,
2036,
426,
227,
1384,
41,
546,
2012,
4901,
2765,
821,
5103,
4717,
491,
574,
143,
870,
445,
289,
663,
3090,
70,
3106,
449,
4988,
676,
2003,
1966,
459,
3957,
453,
3083,
4192,
632,
627,
46,
640,
112,
662,
680,
108,
426,
46,
526,
4075,
4207,
3148,
521,
182,
1657,
308,
691,
708,
91,
159,
773,
666,
689,
126,
2784,
39,
2270,
716,
126,
81,
559,
113,
72,
4608,
83,
3505,
3807,
76,
369,
146,
144,
2921,
306,
498,
108,
366,
79,
1506,
678,
1744,
74,
53,
612,
391,
581,
3954,
239,
89,
2960,
49,
3435,
95,
354,
69,
85,
385,
74,
5078,
61,
305,
52,
754,
423,
4615,
41,
4470,
400,
376,
4501,
3186,
3184,
3531,
37,
46,
41,
216,
498,
411,
4147,
89,
408,
523,
604,
618,
2579,
712,
389,
45,
776,
722,
653,
43,
685,
4326,
89,
545,
762,
539,
97,
493,
456,
356,
716,
876,
366,
2623,
435,
224,
671,
752,
366,
679,
674,
804,
46,
613,
1623,
674,
246,
664,
970,
113,
117,
662,
862,
782,
820,
714,
840,
657,
851,
821,
421,
711,
703,
41,
826,
504,
350,
686,
328,
603,
563,
304,
38,
575,
633,
862,
750,
616,
387,
501,
671,
528,
591,
3703,
459,
3661,
506,
248,
862,
818,
653,
688,
388,
565,
854,
4345,
447,
3752,
366,
862,
2696,
95,
743,
633,
637,
373,
417,
435,
845,
750,
803,
746,
717,
538,
705,
47,
538,
529,
635,
651,
1042,
318,
768,
632,
131,
100,
596,
122,
2163,
500,
2144,
111,
46,
749,
588,
618,
128,
4911,
735,
695,
4866,
41,
820,
502,
520,
636,
681,
870,
45,
627,
391,
537,
633,
761,
40,
164,
162,
3330,
601,
49,
128,
814,
634,
626,
134,
589,
125,
580,
813,
479,
578,
604,
46,
722,
93,
636,
806,
926,
45,
100,
713,
2784,
732,
135,
89,
36,
88,
669,
127,
3323,
44,
4149,
83,
609,
69,
629,
3404,
4175,
4885,
2245,
3310,
44,
574,
3393,
2004,
4926,
560,
4171,
89,
78,
606,
647,
607,
308,
176,
77,
310,
180,
135,
72,
86,
704,
1936,
2937,
885,
3313,
110,
2732,
350,
702,
4429,
2715,
39,
709,
972,
2727,
836,
704,
4019,
2936,
2659,
899,
732,
643,
897,
818,
3106,
713,
3105,
748,
5558,
573,
731,
2448,
208,
623,
204,
701,
207,
747,
153,
3483,
4593,
4316,
730,
703,
3586,
2878,
1543,
677,
2797,
720,
34,
742,
767,
764,
721,
741,
680,
710,
621,
615,
3867,
707,
920,
1039,
834,
934,
164,
756,
684,
135,
626,
116,
113,
656,
772,
243,
106,
690,
239,
85,
692,
701,
324,
692,
622,
75,
4371,
730,
753,
731,
2774,
649,
4787,
697,
753,
716,
777,
982,
845,
901,
480,
2988,
681,
703,
726,
712,
720,
723,
734,
730,
667,
2966,
827,
991,
2973,
714,
655,
725,
692,
684,
1632,
738,
669,
690,
676,
692,
682,
79,
72,
682,
695,
664,
669,
665,
647,
679,
659,
647,
650,
630,
623,
668,
90,
696,
688,
735,
679,
2555,
638,
5550,
641,
661,
649,
672,
669,
610,
626,
5052,
2569,
524,
2555,
665,
3944,
3848,
659,
698,
632,
617,
3590,
603,
1968,
141,
682,
124,
2615,
544,
686,
124,
659,
747,
651,
732,
96,
1972,
673,
722,
681,
968,
708,
1078,
749,
761,
1084,
835,
565,
1089,
503,
801,
5480,
1020,
795,
3586,
4602,
833,
5306,
844,
223,
199,
626,
74,
3695,
180,
707,
5453,
5450,
4418,
867,
672,
846,
662,
655,
2602,
3691,
707,
841,
86,
597,
695,
1032,
79,
4506,
1007,
4598,
1047,
86,
1129,
1033,
1121,
572,
1011,
5334,
693,
1016,
5143,
78,
82,
3693,
5158,
664,
606,
719,
750,
881,
712,
582,
4030,
2141,
83,
1094,
897,
