32,
33,
36,
68,
38,
46,
43,
69,
73,
81,
44,
43,
104,
74,
101,
98,
96,
43,
65,
76,
118,
65,
116,
60,
36,
113,
50,
123,
47,
92,
109,
44,
118,
43,
131,
41,
119,
111,
117,
116,
135,
132,
136,
112,
101,
103,
43,
122,
108,
118,
44,
136,
129,
133,
113,
154,
131,
127,
112,
120,
111,
38,
113,
36,
89,
37,
83,
124,
109,
173,
153,
82,
128,
49,
112,
147,
105,
166,
155,
45,
97,
179,
151,
92,
145,
129,
139,
171,
130,
151,
165,
128,
163,
71,
78,
145,
161,
167,
127,
118,
157,
196,
148,
111,
188,
82,
152,
122,
162,
165,
180,
170,
85,
146,
75,
125,
176,
175,
146,
125,
174,
124,
146,
118,
163,
147,
175,
145,
211,
123,
170,
132,
154,
210,
142,
208,
162,
107,
183,
140,
162,
106,
171,
161,
58,
144,
44,
156,
159,
113,
57,
223,
137,
216,
179,
211,
168,
208,
145,
148,
43,
57,
217,
182,
121,
182,
117,
125,
56,
133,
149,
140,
141,
160,
49,
172,
198,
186,
74,
44,
180,
46,
118,
160,
223,
209,
174,
214,
228,
232,
172,
177,
229,
154,
194,
210,
149,
198,
189,
137,
205,
168,
178,
119,
177,
197,
157,
46,
184,
220,
234,
158,
233,
237,
175,
208,
217,
242,
170,
209,
199,
122,
179,
129,
42,
249,
147,
141,
211,
37,
231,
150,
117,
134,
175,
232,
171,
116,
37,
110,
161,
229,
47,
113,
129,
134,
84,
61,
259,
205,
153,
66,
149,
36,
233,
91,
182,
42,
180,
161,
160,
69,
170,
156,
41,
129,
258,
137,
217,
156,
74,
166,
153,
184,
250,
149,
164,
172,
233,
138,
135,
139,
111,
196,
75,
167,
199,
268,
199,
186,
166,
110,
134,
182,
195,
285,
165,
65,
165,
85,
218,
187,
172,
216,
203,
135,
293,
183,
160,
169,
188,
229,
122,
44,
301,
71,
98,
183,
115,
154,
97,
66,
177,
128,
199,
65,
173,
112,
179,
155,
129,
161,
183,
261,
160,
60,
126,
209,
173,
170,
49,
112,
125,
298,
241,
41,
140,
43,
173,
194,
259,
148,
138,
230,
279,
119,
141,
281,
218,
252,
101,
177,
40,
226,
317,
97,
174,
113,
321,
156,
198,
126,
265,
124,
313,
151,
41,
154,
166,
144,
205,
185,
281,
268,
271,
285,
199,
245,
296,
234,
170,
271,
247,
174,
226,
308,
321,
42,
175,
289,
235,
40,
311,
278,
305,
129,
269,
270,
128,
249,
253,
113,
316,
203,
265,
149,
110,
37,
283,
186,
104,
197,
148,
37,
147,
191,
34,
145,
140,
166,
110,
202,
110,
229,
94,
58,
102,
290,
96,
99,
76,
180,
168,
175,
181,
342,
95,
149,
159,
235,
223,
242,
231,
81,
205,
241,
235,
138,
224,
129,
179,
80,
298,
232,
51,
247,
211,
245,
229,
228,
113,
201,
110,
225,
135,
50,
213,
253,
240,
347,
206,
340,
175,
255,
223,
179,
50,
244,
38,
331,
239,
311,
265,
174,
172,
206,
262,
204,
232,
207,
264,
260,
200,
195,
159,
193,
202,
110,
199,
185,
348,
47,
212,
177,
161,
192,
100,
183,
174,
153,
367,
267,
153,
114,
176,
154,
231,
249,
103,
170,
149,
130,
158,
136,
137,
39,
240,
240,
323,
97,
146,
145,
144,
47,
129,
38,
188,
144,
164,
141,
134,
168,
116,
171,
364,
38,
259,
164,
273,
185,
120,
259,
105,
131,
180,
244,
182,
278,
157,
154,
311,
40,
226,
232,
415,
240,
123,
39,
152,
245,
317,
155,
279,
303,
101,
128,
311,
197,
271,
289,
414,
249,
354,
197,
277,
360,
199,
332,
157,
361,
356,
173,
305,
357,
292,
343,
277,
335,
367,
333,
121,
347,
206,
354,
316,
310,
41,
359,
359,
307,
226,
315,
164,
322,
41,
301,
277,
296,
314,
281,
264,
303,
43,
112,
169,
40,
65,
39,
253,
65,
200,
38,
196,
37,
114,
101,
137,
37,
93,
349,
159,
52,
89,
317,
143,
162,
88,
144,
156,
40,
139,
153,
145,
129,
234,
241,
138,
106,
176,
140,
224,
120,
235,
49,
194,
227,
178,
117,
106,
192,
178,
226,
231,
243,
178,
215,
207,
270,
225,
205,
250,
235,
242,
183,
196,
207,
229,
204,
236,
246,
46,
169,
296,
145,
162,
58,
241,
372,
153,
228,
228,
222,
191,
316,
49,
207,
236,
183,
172,
257,
42,
123,
134,
176,
410,
168,
306,
197,
126,
298,
187,
234,
153,
145,
278,
356,
206,
148,
178,
421,
415,
150,
307,
198,
134,
392,
153,
331,
93,
249,
347,
182,
187,
89,
399,
236,
197,
121,
41,
196,
188,
167,
170,
318,
138,
212,
194,
140,
160,
177,
325,
206,
205,
128,
208,
178,
129,
185,
390,
327,
193,
259,
391,
186,
138,
289,
323,
136,
374,
200,
196,
331,
300,
216,
255,
326,
311,
214,
357,
332,
188,
304,
160,
381,
400,
317,
197,
302,
245,
211,
325,
414,
323,
253,
440,
442,
141,
38,
393,
326,
273,
125,
214,
341,
359,
326,
335,
359,
263,
261,
380,
319,
38,
368,
323,
404,
410,
349,
312,
299,
358,
381,
36,
345,
266,
386,
422,
109,
448,
187,
38,
454,
456,
84,
220,
444,
66,
38,
64,
134,
453,
257,
64,
176,
500,
335,
255,
368,
216,
62,
45,
255,
57,
151,
64,
148,
312,
155,
131,
464,
163,
57,
152,
98,
144,
438,
262,
258,
127,
97,
133,
124,
440,
359,
115,
79,
253,
168,
146,
134,
151,
91,
173,
201,
129,
205,
333,
147,
236,
291,
341,
189,
212,
120,
195,
242,
227,
224,
48,
224,
247,
153,
222,
330,
357,
214,
274,
186,
255,
246,
122,
167,
151,
162,
223,
45,
223,
253,
142,
184,
182,
308,
45,
264,
148,
192,
296,
133,
356,
278,
41,
69,
174,
191,
455,
200,
291,
150,
138,
436,
37,
217,
422,
167,
118,
132,
42,
104,
449,
435,
108,
135,
356,
176,
196,
468,
423,
148,
188,
164,
108,
106,
146,
209,
253,
35,
171,
97,
194,
149,
263,
170,
160,
441,
187,
175,
390,
131,
34,
46,
408,
120,
279,
173,
133,
136,
411,
424,
139,
132,
431,
351,
238,
44,
375,
137,
342,
198,
372,
36,
256,
290,
38,
320,
430,
150,
404,
402,
35,
154,
267,
233,
384,
96,
306,
321,
246,
377,
297,
157,
327,
353,
33,
282,
377,
387,
340,
185,
150,
134,
480,
321,
432,
352,
383,
406,
361,
151,
397,
313,
362,
117,
418,
325,
38,
290,
320,
315,
381,
114,
243,
493,
311,
335,
124,
483,
315,
49,
326,
232,
221,
449,
436,
173,
203,
95,
174,
172,
310,
496,
41,
478,
197,
325,
48,
134,
68,
456,
276,
435,
126,
266,
121,
333,
303,
429,
168,
86,
356,
134,
274,
342,
76,
80,
167,
313,
504,
158,
138,
462,
179,
175,
73,
229,
35,
315,
56,
248,
202,
130,
194,
200,
299,
220,
154,
210,
148,
218,
135,
191,
255,
194,
268,
176,
62,
266,
192,
110,
191,
251,
61,
261,
167,
245,
296,
130,
184,
247,
288,
255,
339,
239,
267,
258,
241,
253,
72,
183,
242,
266,
249,
520,
319,
173,
191,
140,
353,
149,
50,
308,
172,
474,
154,
477,
136,
132,
261,
166,
367,
45,
130,
109,
44,
350,
467,
127,
114,
345,
430,
152,
144,
132,
353,
351,
189,
479,
477,
135,
192,
271,
47,
128,
198,
346,
301,
281,
296,
150,
456,
334,
158,
189,
241,
187,
182,
334,
48,
472,
372,
245,
116,
391,
354,
188,
170,
44,
364,
360,
470,
391,
180,
468,
332,
193,
348,
172,
527,
182,
314,
313,
195,
486,
471,
354,
152,
43,
191,
379,
193,
393,
337,
206,
272,
259,
177,
478,
44,
321,
44,
131,
190,
486,
470,
409,
397,
327,
359,
167,
490,
297,
187,
498,
46,
445,
308,
386,
201,
236,
422,
276,
335,
246,
437,
365,
351,
447,
314,
496,
488,
310,
466,
198,
257,
363,
217,
429,
310,
363,
275,
192,
324,
228,
497,
40,
492,
348,
190,
503,
225,
358,
383,
188,
435,
147,
117,
175,
97,
374,
227,
200,
477,
86,
363,
435,
509,
515,
148,
38,
233,
505,
117,
228,
488,
113,
203,
192,
286,
179,
298,
486,
114,
455,
294,
312,
109,
280,
309,
183,
138,
263,
173,
136,
79,
276,
286,
270,
178,
365,
260,
301,
189,
254,
263,
204,
76,
145,
283,
276,
182,
174,
123,
204,
140,
162,
174,
388,
133,
201,
284,
468,
152,
170,
152,
162,
144,
153,
398,
219,
145,
275,
149,
195,
111,
174,
471,
171,
139,
73,
155,
306,
145,
147,
405,
260,
537,
183,
127,
119,
321,
155,
335,
479,
432,
497,
158,
127,
378,
426,
98,
375,
41,
485,
226,
474,
112,
225,
361,
101,
342,
244,
197,
147,
491,
74,
324,
194,
228,
317,
455,
167,
527,
182,
526,
90,
343,
458,
196,
232,
176,
75,
371,
202,
173,
139,
446,
180,
381,
202,
195,
220,
232,
202,
372,
412,
523,
145,
206,
195,
156,
155,
190,
353,
111,
74,
164,
335,
146,
242,
334,
192,
74,
232,
313,
343,
366,
160,
362,
450,
227,
515,
356,
531,
271,
285,
428,
346,
308,
491,
41,
38,
316,
445,
170,
402,
172,
281,
335,
375,
375,
492,
409,
246,
455,
572,
170,
394,
132,
519,
238,
295,
221,
495,
422,
170,
111,
468,
96,
173,
493,
41,
140,
571,
92,
45,
91,
535,
489,
103,
430,
43,
206,
309,
94,
159,
39,
204,
92,
264,
475,
383,
337,
256,
144,
534,
448,
141,
358,
39,
387,
341,
338,
265,
321,
254,
208,
247,
507,
241,
301,
291,
120,
526,
195,
192,
113,
45,
203,
280,
215,
194,
297,
174,
274,
186,
356,
176,
160,
143,
209,
199,
178,
149,
451,
114,
211,
180,
182,
94,
215,
489,
172,
110,
189,
442,
167,
200,
294,
452,
109,
183,
439,
39,
195,
184,
373,
191,
496,
323,
175,
394,
45,
76,
101,
173,
301,
506,
147,
99,
501,
411,
297,
448,
472,
378,
152,
193,
250,
502,
451,
356,
290,
552,
432,
338,
220,
287,
141,
201,
87,
125,
194,
116,
96,
45,
200,
200,
459,
429,
207,
121,
354,
249,
85,
247,
356,
141,
212,
497,
93,
487,
456,
155,
126,
213,
351,
450,
142,
182,
255,
374,
158,
504,
190,
146,
223,
307,
97,
211,
465,
209,
433,
167,
331,
162,
153,
193,
381,
174,
205,
136,
523,
226,
224,
221,
350,
200,
292,
300,
508,
282,
200,
323,
521,
376,
298,
361,
212,
308,
220,
482,
295,
293,
498,
179,
306,
277,
97,
338,
287,
581,
277,
278,
39,
525,
510,
312,
373,
276,
273,
324,
220,
166,
207,
343,
572,
320,
255,
359,
202,
294,
186,
260,
152,
313,
265,
120,
43,
454,
114,
198,
184,
491,
162,
160,
189,
455,
37,
404,
546,
91,
250,
194,
92,
166,
86,
103,
218,
598,
545,
46,
61,
143,
483,
514,
444,
107,
492,
600,
97,
555,
514,
286,
79,
272,
521,
575,
262,
237,
185,
361,
52,
302,
350,
75,
267,
176,
526,
165,
150,
175,
279,
148,
242,
521,
128,
314,
317,
222,
311,
236,
306,
199,
418,
129,
310,
247,
565,
200,
251,
247,
230,
134,
387,
242,
243,
260,
213,
404,
229,
340,
211,
263,
228,
514,
287,
194,
213,
222,
329,
207,
277,
350,
516,
201,
244,
536,
499,
242,
141,
255,
467,
213,
131,
94,
213,
377,
398,
155,
124,
242,
254,
359,
145,
317,
291,
290,
38,
251,
333,
311,
365,
227,
218,
310,
520,
281,
341,
538,
235,
200,
199,
131,
269,
156,
294,
347,
198,
518,
517,
178,
377,
309,
257,
352,
335,
510,
307,
250,
178,
185,
174,
188,
253,
148,
38,
153,
168,
132,
551,
233,
169,
318,
149,
411,
127,
501,
101,
149,
279,
162,
178,
153,
401,
338,
139,
259,
287,
231,
303,
376,
140,
359,
247,
498,
335,
277,
492,
309,
396,
564,
390,
378,
146,
326,
381,
39,
431,
341,
145,
292,
499,
411,
515,
117,
43,
395,
255,
286,
274,
157,
239,
402,
540,
542,
371,
178,
336,
149,
255,
173,
197,
529,
468,
542,
271,
405,
413,
464,
390,
551,
271,
39,
362,
244,
539,
500,
222,
167,
479,
270,
360,
145,
267,
474,
555,
107,
483,
98,
253,
475,
278,
605,
168,
144,
533,
454,
390,
141,
46,
139,
48,
488,
45,
123,
141,
488,
43,
57,
116,
249,
81,
421,
598,
257,
121,
512,
101,
595,
630,
84,
288,
148,
532,
570,
221,
323,
338,
341,
331,
89,
338,
258,
342,
315,
245,
275,
264,
360,
152,
253,
274,
234,
384,
246,
244,
561,
176,
273,
195,
512,
585,
287,
239,
261,
537,
39,
224,
150,
182,
234,
186,
391,
244,
263,
539,
230,
224,
160,
353,
386,
158,
451,
239,
133,
43,
200,
245,
119,
41,
233,
250,
134,
159,
116,
609,
305,
330,
256,
105,
348,
39,
88,
222,
571,
161,
373,
666,
294,
191,
372,
194,
302,
349,
247,
321,
294,
225,
198,
384,
220,
365,
156,
313,
161,
172,
180,
386,
170,
176,
280,
301,
197,
44,
217,
222,
383,
161,
294,
273,
206,
304,
237,
302,
153,
160,
604,
152,
258,
502,
176,
276,
167,
156,
669,
194,
435,
184,
631,
230,
178,
203,
188,
278,
270,
600,
144,
172,
208,
363,
143,
384,
283,
210,
569,
291,
188,
327,
558,
270,
629,
163,
251,
566,
450,
188,
368,
42,
552,
311,
174,
180,
294,
139,
168,
593,
553,
337,
330,
45,
641,
483,
481,
394,
179,
386,
160,
43,
551,
329,
418,
117,
450,
489,
297,
558,
200,
273,
488,
336,
143,
232,
503,
553,
42,
182,
514,
374,
500,
297,
155,
43,
41,
140,
494,
147,
506,
505,
146,
491,
624,
44,
460,
143,
103,
616,
126,
72,
203,
291,
270,
516,
51,
205,
259,
194,
240,
201,
395,
665,
201,
408,
193,
358,
254,
280,
364,
573,
287,
192,
444,
305,
346,
225,
542,
279,
396,
532,
295,
496,
287,
220,
529,
641,
292,
307,
444,
291,
279,
198,
283,
628,
193,
243,
621,
103,
278,
302,
298,
303,
722,
597,
237,
271,
382,
110,
160,
189,
353,
641,
342,
155,
37,
631,
167,
156,
385,
186,
124,
158,
380,
200,
273,
254,
42,
321,
322,
125,
319,
167,
128,
210,
202,
174,
251,
291,
43,
188,
41,
194,
160,
197,
187,
199,
458,
208,
141,
146,
140,
194,
191,
295,
201,
292,
207,
627,
168,
128,
211,
408,
184,
208,
196,
213,
148,
286,
173,
313,
190,
726,
249,
166,
325,
224,
197,
392,
157,
191,
305,
185,
174,
177,
314,
682,
402,
198,
202,
334,
183,
373,
244,
186,
149,
45,
217,
456,
402,
213,
452,
560,
358,
388,
238,
219,
225,
414,
383,
361,
259,
200,
627,
402,
551,
207,
222,
376,
389,
356,
269,
641,
334,
419,
354,
160,
345,
405,
46,
137,
185,
505,
188,
43,
628,
127,
538,
240,
646,
38,
449,
143,
204,
190,
503,
627,
612,
352,
190,
158,
173,
95,
544,
420,
186,
78,
212,
165,
194,
492,
150,
542,
374,
124,
588,
47,
535,
121,
44,
99,
38,
519,
487,
333,
111,
83,
328,
484,
37,
88,
316,
250,
533,
315,
212,
307,
575,
134,
366,
170,
423,
260,
701,
327,
412,
401,
674,
380,
376,
478,
231,
333,
325,
192,
270,
420,
323,
376,
338,
186,
201,
672,
324,
146,
686,
186,
224,
310,
316,
150,
257,
158,
344,
332,
364,
223,
293,
250,
391,
795,
134,
715,
323,
362,
203,
306,
309,
728,
192,
203,
48,
90,
112,
225,
466,
46,
301,
298,
694,
237,
200,
158,
214,
248,
315,
398,
335,
179,
390,
223,
442,
651,
157,
202,
275,
376,
413,
194,
387,
517,
287,
416,
317,
443,
172,
86,
44,
175,
566,
151,
160,
339,
238,
285,
166,
222,
326,
302,
158,
266,
345,
196,
347,
330,
142,
202,
157,
164,
320,
579,
141,
388,
119,
231,
178,
233,
336,
274,
187,
648,
381,
165,
159,
284,
196,
403,
196,
214,
198,
120,
159,
602,
137,
189,
449,
258,
267,
197,
474,
167,
229,
146,
432,
582,
38,
201,
211,
203,
169,
232,
654,
457,
436,
555,
159,
195,
409,
170,
188,
415,
455,
177,
626,
122,
187,
311,
450,
201,
346,
135,
159,
438,
160,
523,
206,
330,
392,
139,
221,
337,
194,
178,
145,
158,
155,
412,
264,
479,
298,
248,
181,
173,
695,
135,
145,
139,
257,
812,
239,
162,
396,
219,
203,
214,
492,
449,
434,
222,
397,
729,
353,
278,
161,
42,
766,
239,
50,
154,
138,
171,
347,
194,
197,
500,
156,
154,
212,
602,
148,
301,
596,
101,
92,
731,
361,
84,
242,
468,
136,
216,
590,
128,
359,
103,
477,
370,
76,
42,
858,
75,
37,
344,
369,
430,
302,
369,
105,
96,
230,
360,
205,
216,
75,
345,
423,
310,
186,
174,
462,
456,
655,
439,
336,
403,
220,
461,
150,
327,
45,
299,
197,
222,
259,
420,
149,
385,
41,
249,
404,
428,
44,
311,
383,
344,
216,
145,
410,
196,
172,
307,
313,
150,
255,
212,
161,
145,
321,
306,
610,
93,
249,
627,
127,
345,
314,
342,
117,
337,
341,
173,
146,
200,
337,
107,
418,
385,
306,
101,
298,
199,
188,
289,
439,
343,
583,
353,
419,
415,
45,
245,
155,
43,
37,
223,
144,
526,
337,
474,
164,
201,
293,
133,
250,
266,
431,
193,
162,
168,
144,
120,
388,
200,
190,
197,
150,
361,
154,
414,
256,
564,
340,
169,
127,
241,
133,
621,
261,
171,
253,
369,
223,
39,
456,
250,
828,
232,
563,
275,
332,
215,
204,
240,
202,
359,
443,
481,
200,
491,
172,
580,
196,
383,
318,
167,
256,
390,
241,
499,
192,
598,
356,
223,
388,
153,
307,
533,
438,
329,
291,
561,
383,
293,
300,
343,
212,
471,
283,
311,
241,
171,
217,
300,
149,
332,
297,
175,
174,
291,
135,
43,
185,
278,
164,
491,
510,
44,
43,
460,
904,
532,
184,
438,
263,
232,
414,
920,
628,
154,
272,
310,
49,
137,
403,
103,
88,
493,
427,
45,
131,
387,
144,
63,
84,
48,
380,
652,
423,
111,
44,
420,
646,
117,
148,
703,
470,
249,
105,
437,
230,
462,
350,
187,
443,
458,
433,
205,
408,
306,
251,
262,
185,
233,
119,
425,
323,
216,
199,
248,
663,
461,
205,
418,
834,
121,
172,
309,
412,
232,
167,
136,
410,
359,
349,
184,
345,
135,
340,
305,
737,
155,
344,
200,
688,
247,
340,
38,
215,
464,
221,
700,
296,
411,
221,
130,
713,
458,
185,
497,
177,
194,
38,
709,
452,
229,
210,
162,
515,
246,
389,
228,
231,
148,
598,
276,
233,
214,
563,
196,
288,
693,
186,
144,
593,
204,
229,
193,
259,
181,
274,
232,
195,
183,
361,
185,
195,
41,
151,
277,
165,
274,
262,
36,
164,
377,
363,
209,
183,
268,
198,
256,
231,
698,
178,
178,
209,
208,
423,
206,
210,
153,
536,
525,
347,
451,
207,
558,
214,
42,
398,
177,
353,
250,
677,
189,
236,
149,
249,
337,
596,
160,
141,
280,
196,
200,
229,
190,
267,
143,
390,
218,
312,
250,
190,
170,
295,
423,
150,
705,
178,
671,
288,
272,
129,
219,
528,
239,
591,
265,
39,
255,
311,
251,
149,
672,
377,
352,
345,
152,
40,
293,
182,
207,
688,
515,
294,
237,
382,
287,
162,
681,
416,
177,
681,
41,
444,
925,
186,
665,
41,
343,
122,
197,
665,
305,
645,
155,
103,
209,
106,
642,
317,
95,
675,
197,
140,
429,
643,
82,
132,
592,
68,
428,
131,
56,
401,
635,
622,
148,
124,
47,
390,
158,
188,
94,
225,
468,
44,
474,
468,
232,
212,
396,
434,
494,
231,
192,
493,
42,
1009,
470,
219,
156,
487,
297,
484,
369,
192,
237,
599,
416,
156,
413,
308,
73,
226,
399,
190,
236,
178,
187,
299,
225,
288,
317,
164,
155,
230,
248,
175,
520,
219,
197,
472,
416,
413,
204,
137,
124,
582,
515,
160,
339,
251,
183,
412,
349,
219,
383,
526,
78,
175,
411,
184,
260,
345,
562,
148,
270,
467,
152,
490,
159,
188,
150,
725,
102,
545,
122,
177,
165,
194,
517,
168,
178,
228,
227,
126,
250,
191,
36,
217,
145,
226,
188,
181,
232,
292,
158,
195,
195,
235,
144,
309,
170,
155,
166,
110,
230,
689,
721,
135,
173,
237,
254,
190,
171,
170,
254,
274,
714,
153,
165,
212,
1042,
220,
35,
191,
158,
122,
220,
178,
182,
216,
186,
178,
236,
597,
147,
202,
204,
986,
691,
540,
183,
207,
189,
184,
184,
165,
675,
200,
460,
157,
599,
194,
297,
279,
184,
250,
457,
510,
166,
166,
183,
396,
292,
146,
253,
248,
290,
684,
233,
662,
183,
682,
276,
699,
231,
250,
131,
671,
151,
248,
156,
193,
647,
363,
534,
145,
242,
186,
168,
305,
41,
148,
623,
301,
715,
40,
642,
667,
738,
381,
302,
190,
182,
655,
718,
138,
382,
305,
646,
248,
715,
150,
187,
275,
71,
242,
151,
201,
144,
403,
60,
49,
152,
325,
71,
150,
448,
42,
149,
638,
41,
467,
68,
46,
598,
135,
168,
597,
51,
141,
46,
208,
427,
210,
351,
426,
141,
442,
195,
421,
177,
546,
48,
413,
209,
448,
555,
462,
148,
527,
357,
46,
199,
175,
188,
536,
176,
194,
408,
503,
157,
484,
415,
412,
315,
286,
299,
404,
306,
169,
138,
408,
182,
247,
206,
239,
45,
236,
350,
403,
400,
160,
336,
296,
596,
660,
305,
169,
241,
151,
300,
456,
44,
194,
129,
295,
172,
258,
125,
148,
146,
42,
600,
648,
159,
87,
248,
175,
520,
41,
164,
53,
349,
234,
337,
1110,
543,
554,
715,
257,
342,
137,
407,
195,
204,
203,
141,
556,
356,
666,
174,
184,
200,
118,
229,
337,
140,
121,
156,
265,
722,
156,
251,
148,
135,
93,
694,
683,
146,
245,
200,
305,
173,
92,
168,
96,
147,
91,
169,
467,
542,
139,
146,
262,
226,
160,
244,
394,
221,
204,
1057,
93,
393,
272,
194,
638,
178,
516,
188,
190,
193,
176,
165,
625,
694,
256,
208,
223,
603,
213,
193,
151,
166,
446,
187,
542,
621,
180,
263,
164,
180,
650,
103,
178,
198,
261,
46,
195,
171,
756,
162,
648,
245,
170,
175,
157,
165,
46,
282,
219,
202,
276,
222,
127,
211,
228,
154,
133,
194,
40,
154,
1095,
558,
434,
125,
634,
101,
550,
434,
141,
544,
131,
367,
127,
354,
650,
430,
494,
379,
1103,
164,
335,
168,
502,
216,
66,
57,
660,
409,
496,
481,
474,
208,
41,
1170,
207,
655,
37,
498,
403,
332,
655,
577,
571,
180,
497,
185,
549,
324,
591,
1086,
401,
398,
607,
377,
752,
305,
393,
497,
180,
46,
150,
297,
348,
392,
109,
304,
302,
248,
387,
174,
183,
239,
385,
413,
236,
725,
376,
140,
147,
246,
80,
235,
157,
226,
340,
336,
496,
149,
394,
184,
332,
128,
136,
222,
335,
164,
724,
327,
247,
151,
331,
114,
249,
150,
171,
231,
326,
323,
134,
229,
82,
115,
397,
214,
319,
124,
195,
226,
195,
225,
385,
318,
700,
221,
180,
81,
245,
185,
193,
80,
581,
370,
49,
174,
331,
162,
122,
1103,
683,
77,
159,
147,
167,
598,
189,
172,
154,
153,
153,
42,
683,
172,
203,
178,
40,
230,
171,
162,
221,
131,
360,
159,
210,
72,
609,
186,
164,
733,
193,
72,
241,
692,
204,
230,
620,
1117,
254,
194,
410,
217,
491,
159,
143,
636,
259,
180,
205,
437,
220,
198,
135,
603,
303,
69,
125,
191,
646,
173,
253,
168,
130,
548,
179,
160,
194,
1090,
43,
627,
207,
238,
183,
404,
528,
207,
679,
123,
211,
584,
276,
533,
233,
354,
222,
201,
160,
548,
163,
214,
213,
607,
119,
230,
188,
326,
103,
712,
117,
162,
358,
662,
370,
176,
86,
727,
312,
469,
319,
416,
457,
132,
441,
659,
317,
163,
414,
78,
236,
261,
308,
117,
74,
298,
42,
312,
450,
190,
47,
316,
173,
124,
103,
46,
546,
574,
307,
64,
572,
311,
201,
212,
589,
579,
307,
1251,
158,
692,
179,
45,
305,
299,
573,
531,
148,
38,
363,
492,
102,
637,
508,
305,
496,
245,
100,
235,
647,
239,
182,
301,
44,
633,
228,
588,
234,
244,
194,
93,
232,
485,
214,
239,
142,
221,
101,
210,
228,
237,
183,
495,
213,
232,
119,
102,
128,
226,
235,
209,
165,
134,
230,
183,
222,
202,
226,
229,
156,
224,
127,
262,
196,
74,
36,
48,
111,
641,
611,
601,
129,
140,
481,
229,
73,
157,
215,
590,
473,
227,
158,
143,
189,
363,
535,
127,
152,
620,
174,
111,
127,
70,
190,
142,
215,
39,
615,
186,
734,
227,
325,
190,
181,
195,
201,
175,
154,
202,
243,
590,
130,
566,
176,
435,
209,
124,
138,
525,
179,
174,
41,
127,
196,
178,
407,
257,
60,
239,
224,
178,
507,
204,
208,
319,
1195,
197,
463,
1293,
144,
215,
319,
1162,
296,
300,
228,
250,
186,
498,
488,
1191,
524,
158,
33,
464,
264,
262,
739,
186,
1163,
237,
210,
160,
698,
59,
247,
208,
256,
170,
340,
185,
44,
234,
338,
312,
146,
190,
230,
710,
54,
262,
205,
181,
353,
61,
718,
188,
142,
185,
223,
282,
46,
119,
149,
242,
113,
210,
469,
37,
235,
250,
59,
269,
477,
195,
467,
228,
60,
202,
43,
171,
276,
1268,
463,
321,
167,
178,
191,
316,
400,
1308,
316,
729,
287,
389,
486,
276,
222,
475,
218,
483,
373,
275,
224,
300,
86,
748,
436,
179,
232,
535,
203,
38,
224,
202,
497,
220,
218,
215,
610,
213,
412,
211,
211,
604,
209,
206,
112,
204,
761,
578,
290,
202,
197,
224,
419,
200,
226,
190,
193,
696,
182,
240,
196,
155,
143,
222,
624,
496,
85,
211,
141,
394,
154,
712,
86,
681,
210,
158,
204,
378,
187,
690,
151,
218,
184,
201,
179,
71,
204,
183,
456,
165,
148,
151,
157,
149,
144,
192,
213,
683,
100,
199,
147,
126,
86,
192,
72,
145,
73,
197,
132,
156,
162,
143,
725,
45,
130,
48,
76,
40,
254,
494,
147,
548,
177,
141,
178,
503,
684,
134,
236,
180,
198,
218,
246,
162,
200,
504,
69,
145,
151,
243,
195,
118,
136,
67,
155,
145,
227,
574,
188,
42,
145,
107,
64,
796,
156,
257,
170,
197,
393,
200,
149,
56,
504,
148,
170,
200,
182,
240,
258,
188,
323,
56,
312,
157,
132,
141,
793,
237,
213,
51,
172,
1213,
791,
482,
324,
240,
43,
52,
516,
1360,
1241,
219,
285,
334,
279,
325,
186,
1230,
202,
194,
755,
534,
340,
54,
200,
218,
213,
301,
748,
144,
152,
257,
54,
292,
272,
43,
213,
267,
337,
285,
159,
233,
187,
269,
289,
258,
147,
255,
56,
478,
472,
116,
252,
777,
311,
38,
469,
241,
178,
214,
1239,
302,
220,
56,
135,
468,
459,
302,
294,
128,
292,
264,
319,
158,
56,
203,
195,
198,
494,
303,
764,
47,
494,
467,
112,
495,
148,
197,
200,
501,
139,
193,
239,
243,
784,
196,
223,
188,
191,
543,
229,
177,
495,
135,
526,
164,
785,
79,
189,
39,
187,
492,
220,
1384,
632,
138,
213,
142,
130,
729,
137,
490,
205,
395,
126,
221,
760,
197,
76,
42,
186,
563,
207,
186,
132,
196,
171,
75,
282,
145,
152,
176,
185,
144,
227,
155,
427,
187,
200,
607,
274,
44,
293,
230,
182,
486,
171,
233,
141,
143,
132,
767,
51,
204,
424,
423,
139,
243,
123,
429,
668,
123,
281,
152,
489,
172,
41,
192,
135,
198,
116,
219,
128,
208,
63,
215,
203,
140,
141,
209,
218,
423,
248,
215,
193,
126,
187,
153,
204,
166,
202,
147,
498,
132,
175,
177,
156,
169,
44,
168,
125,
162,
173,
184,
263,
50,
183,
815,
191,
49,
450,
877,
297,
213,
814,
337,
191,
356,
178,
156,
209,
286,
170,
844,
148,
203,
808,
340,
305,
137,
309,
41,
232,
175,
274,
838,
299,
51,
778,
275,
443,
265,
136,
164,
158,
230,
190,
344,
337,
320,
186,
188,
302,
352,
441,
337,
230,
479,
212,
438,
296,
476,
277,
437,
159,
330,
426,
306,
424,
259,
355,
306,
1431,
754,
267,
326,
368,
366,
707,
148,
236,
118,
477,
319,
392,
726,
361,
113,
476,
403,
40,
117,
109,
351,
627,
113,
108,
105,
103,
475,
45,
244,
239,
88,
416,
40,
328,
163,
265,
55,
664,
678,
243,
62,
225,
477,
54,
725,
797,
48,
637,
195,
665,
79,
214,
41,
739,
653,
604,
812,
130,
243,
625,
182,
353,
42,
152,
36,
343,
147,
272,
78,
151,
223,
160,
194,
262,
167,
198,
275,
240,
145,
558,
219,
418,
205,
291,
237,
218,
43,
839,
144,
74,
351,
139,
266,
489,
140,
72,
165,
234,
68,
224,
861,
210,
305,
177,
175,
198,
141,
137,
209,
138,
196,
174,
160,
173,
496,
162,
173,
193,
143,
133,
41,
66,
172,
163,
287,
179,
219,
177,
285,
65,
218,
39,
91,
189,
173,
151,
220,
847,
293,
229,
830,
183,
152,
139,
424,
158,
788,
162,
201,
213,
178,
226,
105,
123,
66,
169,
782,
450,
162,
64,
170,
98,
190,
151,
225,
43,
132,
61,
424,
239,
216,
348,
316,
418,
249,
148,
1308,
505,
209,
1314,
202,
130,
307,
322,
408,
61,
821,
139,
190,
358,
189,
314,
348,
408,
166,
367,
776,
155,
1522,
295,
197,
190,
65,
324,
465,
410,
379,
1361,
382,
320,
64,
756,
446,
370,
461,
390,
281,
64,
461,
44,
428,
1483,
339,
157,
334,
319,
193,
924,
236,
149,
324,
68,
374,
311,
462,
337,
119,
42,
375,
263,
170,
453,
321,
159,
38,
147,
181,
455,
279,
249,
181,
245,
189,
69,
226,
65,
254,
453,
142,
182,
884,
167,
60,
174,
712,
202,
452,
453,
181,
173,
295,
710,
179,
144,
266,
535,
178,
259,
417,
823,
169,
206,
172,
88,
177,
317,
235,
165,
168,
205,
327,
705,
181,
359,
163,
157,
559,
201,
233,
895,
143,
148,
187,
230,
142,
197,
201,
244,
223,
137,
134,
219,
184,
775,
179,
417,
263,
198,
230,
233,
168,
133,
238,
308,
162,
185,
211,
176,
196,
167,
230,
853,
146,
69,
140,
138,
1563,
238,
249,
218,
258,
65,
136,
177,
177,
220,
158,
275,
220,
155,
188,
351,
222,
189,
157,
192,
154,
60,
171,
45,
180,
233,
198,
214,
139,
181,
445,
47,
333,
449,
191,
1392,
61,
208,
124,
104,
440,
125,
148,
171,
102,
365,
196,
154,
58,
158,
174,
890,
181,
332,
136,
161,
169,
190,
54,
138,
185,
166,
49,
150,
144,
53,
797,
141,
235,
185,
355,
175,
330,
184,
403,
208,
287,
181,
330,
839,
281,
222,
209,
199,
171,
300,
166,
41,
357,
1303,
452,
143,
55,
307,
399,
134,
180,
192,
449,
342,
464,
902,
163,
56,
45,
323,
408,
449,
150,
341,
888,
758,
920,
155,
326,
342,
194,
297,
55,
919,
375,
286,
307,
451,
299,
167,
362,
451,
35,
365,
141,
301,
275,
231,
457,
348,
124,
292,
436,
367,
399,
341,
168,
946,
166,
175,
348,
453,
998,
195,
177,
111,
111,
135,
1012,
122,
165,
196,
451,
62,
44,
445,
194,
464,
192,
190,
782,
304,
182,
461,
88,
435,
186,
127,
178,
295,
48,
39,
769,
299,
173,
435,
184,
169,
451,
179,
151,
174,
1596,
198,
768,
224,
190,
443,
271,
256,
922,
169,
758,
523,
451,
412,
301,
146,
199,
178,
407,
147,
177,
145,
224,
85,
426,
174,
451,
155,
143,
215,
179,
190,
142,
148,
40,
261,
87,
81,
141,
160,
80,
306,
75,
42,
74,
158,
456,
138,
186,
102,
273,
114,
76,
198,
175,
164,
183,
187,
450,
126,
179,
136,
902,
175,
222,
199,
142,
165,
206,
167,
877,
63,
163,
46,
377,
123,
179,
148,
387,
208,
62,
137,
191,
168,
453,
199,
397,
394,
184,
178,
362,
378,
270,
348,
486,
66,
956,
175,
194,
197,
328,
983,
438,
175,
956,
200,
195,
194,
328,
173,
67,
394,
198,
429,
159,
388,
327,
369,
171,
194,
337,
325,
455,
41,
191,
371,
66,
300,
374,
447,
289,
186,
1648,
350,
602,
136,
1493,
394,
384,
205,
144,
318,
316,
398,
441,
355,
419,
371,
483,
350,
157,
481,
305,
985,
211,
463,
387,
297,
225,
266,
142,
477,
446,
130,
404,
112,
302,
116,
510,
459,
221,
48,
282,
822,
88,
229,
451,
58,
181,
179,
41,
235,
333,
81,
372,
553,
321,
458,
185,
180,
72,
467,
177,
333,
231,
170,
212,
255,
175,
283,
281,
100,
234,
340,
994,
518,
169,
145,
195,
810,
565,
257,
160,
295,
98,
188,
932,
179,
174,
146,
153,
239,
192,
184,
138,
177,
202,
164,
161,
176,
197,
146,
120,
137,
481,
1412,
104,
291,
104,
154,
176,
151,
137,
60,
150,
317,
153,
90,
38,
391,
149,
200,
925,
262,
246,
516,
156,
1005,
322,
225,
191,
79,
247,
242,
536,
78,
182,
152,
593,
259,
197,
216,
239,
1018,
198,
114,
513,
179,
204,
178,
68,
169,
192,
339,
182,
530,
161,
137,
187,
65,
128,
212,
188,
164,
220,
351,
151,
491,
166,
473,
218,
170,
502,
349,
1026,
156,
129,
23,
328,
506,
242,
205,
488,
521,
45,
139,
49,
176,
264,
168,
344,
184,
65,
411,
197,
321,
410,
1020,
188,
166,
1405,
551,
406,
977,
213,
524,
1356,
210,
989,
398,
151,
425,
392,
198,
415,
386,
997,
387,
192,
159,
251,
390,
213,
968,
147,
384,
61,
382,
440,
390,
249,
531,
188,
198,
421,
360,
329,
279,
508,
288,
312,
302,
160,
178,
285,
39,
381,
279,
137,
228,
414,
146,
413,
1042,
311,
356,
1605,
258,
470,
149,
437,
1433,
155,
265,
358,
355,
913,
309,
40,
353,
452,
188,
328,
285,
177,
440,
108,
285,
181,
522,
446,
94,
411,
523,
453,
522,
306,
155,
119,
39,
921,
547,
523,
166,
38,
545,
363,
346,
275,
129,
344,
521,
168,
1057,
265,
212,
893,
43,
97,
361,
39,
876,
84,
1057,
891,
220,
193,
217,
1763,
346,
178,
1028,
189,
556,
197,
252,
201,
194,
210,
149,
939,
105,
227,
1041,
153,
151,
412,
194,
360,
184,
181,
140,
405,
95,
139,
367,
527,
1082,
149,
41,
578,
56,
76,
437,
262,
259,
77,
238,
171,
200,
1006,
74,
79,
1098,
38,
177,
226,
254,
203,
174,
163,
196,
48,
336,
73,
174,
148,
1191,
1011,
248,
1071,
217,
552,
333,
161,
72,
556,
256,
36,
329,
520,
284,
206,
146,
249,
249,
330,
553,
271,
73,
389,
170,
368,
375,
412,
515,
426,
364,
169,
40,
405,
399,
402,
200,
229,
301,
219,
171,
1111,
950,
384,
211,
67,
389,
210,
194,
235,
998,
462,
385,
172,
145,
226,
176,
366,
161,
1316,
69,
171,
412,
1037,
40,
368,
963,
596,
168,
175,
304,
328,
316,
331,
145,
1030,
301,
357,
570,
410,
286,
177,
300,
590,
1787,
319,
414,
314,
48,
352,
655,
597,
349,
411,
348,
602,
323,
347,
316,
378,
569,
567,
318,
197,
1058,
482,
144,
388,
191,
142,
641,
156,
189,
195,
277,
617,
243,
421,
171,
281,
201,
150,
419,
158,
622,
190,
92,
624,
112,
416,
77,
613,
591,
49,
70,
44,
414,
943,
68,
613,
205,
43,
410,
284,
592,
393,
213,
917,
246,
228,
570,
197,
409,
195,
182,
192,
39,
1104,
104,
178,
158,
1073,
246,
326,
160,
242,
404,
174,
204,
210,
224,
101,
177,
158,
435,
218,
45,
238,
153,
220,
147,
100,
321,
237,
1854,
373,
234,
191,
219,
232,
135,
1105,
169,
194,
135,
1052,
413,
602,
235,
1103,
140,
230,
1197,
372,
100,
221,
205,
594,
197,
98,
142,
220,
42,
618,
421,
228,
218,
84,
130,
251,
204,
40,
625,
80,
238,
196,
273,
428,
77,
211,
141,
319,
245,
318,
119,
299,
342,
413,
236,
207,
164,
79,
340,
41,
153,
436,
330,
280,
186,
590,
400,
221,
212,
565,
632,
79,
237,
308,
288,
137,
550,
271,
388,
219,
441,
166,
429,
343,
252,
395,
162,
205,
450,
327,
220,
1083,
628,
79,
224,
160,
1081,
320,
130,
392,
1397,
284,
177,
204,
149,
180,
1355,
79,
135,
614,
156,
392,
363,
1071,
1080,
225,
1911,
1186,
170,
388,
641,
140,
248,
317,
133,
237,
270,
348,
331,
1288,
1078,
50,
636,
1509,
168,
1814,
441,
469,
329,
356,
382,
253,
312,
636,
435,
624,
298,
345,
149,
383,
599,
159,
297,
410,
428,
205,
367,
584,
323,
178,
346,
591,
200,
347,
112,
160,
614,
433,
399,
360,
151,
185,
585,
625,
164,
318,
108,
591,
100,
44,
619,
1029,
1303,
963,
1028,
626,
1019,
960,
414,
38,
468,
37,
314,
920,
296,
212,
412,
285,
224,
157,
1136,
135,
1047,
1177,
465,
217,
40,
200,
167,
210,
472,
143,
161,
293,
184,
38,
1061,
215,
93,
448,
160,
361,
290,
131,
284,
430,
288,
114,
82,
283,
250,
197,
139,
276,
113,
616,
580,
1062,
112,
374,
258,
387,
253,
617,
369,
38,
371,
252,
1922,
289,
222,
447,
1077,
416,
339,
48,
235,
318,
177,
601,
110,
621,
212,
226,
128,
328,
230,
224,
507,
312,
216,
357,
214,
619,
236,
164,
176,
182,
189,
431,
344,
41,
324,
168,
1108,
618,
315,
286,
233,
202,
1217,
228,
608,
349,
291,
199,
592,
275,
257,
45,
190,
348,
152,
43,
211,
296,
245,
591,
41,
241,
225,
234,
277,
437,
212,
182,
274,
417,
260,
218,
287,
182,
211,
209,
304,
428,
416,
667,
130,
1223,
1136,
320,
1143,
182,
473,
147,
440,
486,
1091,
269,
1089,
414,
137,
209,
178,
408,
358,
197,
1046,
424,
241,
1775,
305,
157,
613,
407,
153,
403,
118,
1362,
211,
158,
426,
228,
641,
475,
235,
322,
256,
347,
391,
42,
396,
249,
222,
498,
197,
198,
423,
227,
384,
259,
330,
622,
192,
281,
579,
197,
714,
391,
402,
259,
180,
155,
358,
357,
200,
604,
1138,
242,
212,
574,
623,
172,
402,
155,
584,
109,
450,
431,
1882,
288,
530,
102,
978,
1211,
551,
966,
523,
316,
37,
521,
952,
226,
438,
148,
222,
220,
689,
431,
296,
87,
201,
205,
208,
253,
646,
272,
147,
328,
320,
146,
323,
200,
343,
326,
45,
505,
286,
318,
312,
663,
673,
468,
280,
311,
287,
294,
694,
369,
285,
283,
687,
1172,
342,
351,
257,
276,
362,
192,
36,
305,
242,
249,
200,
307,
339,
193,
255,
159,
481,
324,
209,
218,
311,
52,
269,
193,
142,
171,
365,
153,
330,
188,
246,
267,
173,
197,
330,
157,
283,
150,
144,
186,
603,
594,
152,
278,
222,
204,
600,
140,
182,
330,
39,
364,
304,
190,
167,
316,
230,
36,
218,
217,
120,
270,
317,
345,
242,
328,
198,
354,
228,
39,
236,
127,
253,
342,
290,
183,
208,
328,
1322,
507,
1119,
290,
203,
171,
164,
376,
1048,
256,
192,
219,
682,
187,
348,
147,
1229,
157,
174,
612,
1137,
171,
323,
248,
155,
280,
214,
190,
612,
191,
1131,
134,
1319,
135,
1156,
613,
111,
623,
232,
158,
329,
164,
250,
354,
218,
614,
126,
47,
1733,
234,
501,
690,
53,
654,
179,
258,
1240,
1110,
429,
246,
480,
330,
201,
133,
39,
344,
1173,
1870,
497,
239,
616,
134,
171,
309,
604,
497,
330,
711,
592,
38,
226,
593,
40,
127,
595,
466,
664,
200,
683,
1030,
326,
584,
687,
582,
318,
1020,
209,
988,
128,
322,
291,
201,
606,
1018,
247,
245,
580,
518,
228,
198,
329,
1274,
269,
318,
1287,
140,
277,
328,
322,
89,
241,
317,
214,
469,
305,
185,
170,
503,
313,
312,
306,
109,
347,
207,
686,
319,
301,
508,
305,
169,
294,
300,
1208,
292,
1316,
222,
166,
242,
328,
241,
300,
173,
163,
324,
246,
158,
251,
170,
611,
307,
210,
164,
298,
45,
41,
309,
295,
229,
183,
721,
231,
1377,
158,
281,
210,
189,
166,
178,
194,
167,
318,
258,
483,
183,
782,
399,
230,
307,
246,
209,
167,
186,
284,
214,
264,
642,
154,
546,
166,
280,
367,
195,
131,
296,
150,
196,
156,
353,
272,
169,
225,
540,
138,
399,
167,
277,
205,
146,
107,
136,
505,
691,
380,
196,
272,
199,
1221,
191,
722,
216,
352,
185,
511,
260,
271,
1129,
132,
235,
286,
153,
203,
382,
280,
369,
1135,
159,
1206,
248,
151,
226,
149,
158,
401,
143,
476,
138,
644,
1141,
374,
155,
364,
487,
266,
230,
1383,
185,
1436,
314,
176,
273,
169,
219,
282,
160,
46,
125,
170,
1357,
172,
512,
620,
1368,
213,
1193,
137,
221,
170,
365,
621,
181,
364,
732,
150,
1118,
619,
298,
185,
349,
180,
634,
148,
191,
131,
41,
83,
650,
497,
723,
635,
127,
494,
585,
619,
729,
81,
223,
655,
66,
59,
614,
127,
51,
1049,
726,
655,
152,
1053,
237,
37,
687,
1045,
47,
213,
691,
612,
599,
360,
1041,
289,
363,
204,
242,
249,
334,
337,
1330,
325,
466,
237,
722,
332,
334,
316,
277,
324,
280,
543,
288,
218,
331,
162,
309,
692,
317,
286,
1269,
325,
1289,
1296,
317,
162,
160,
200,
404,
156,
324,
234,
44,
316,
198,
309,
1291,
670,
312,
311,
307,
210,
234,
184,
1339,
134,
297,
1428,
1362,
670,
1370,
319,
153,
565,
670,
234,
279,
254,
229,
433,
190,
161,
198,
198,
712,
158,
261,
168,
700,
319,
184,
161,
46,
307,
571,
180,
198,
284,
163,
168,
197,
199,
168,
413,
314,
176,
39,
161,
1452,
148,
135,
399,
673,
394,
199,
287,
99,
215,
176,
390,
171,
431,
40,
202,
694,
115,
139,
418,
184,
269,
182,
204,
103,
144,
406,
239,
122,
153,
127,
166,
187,
405,
145,
189,
349,
162,
158,
318,
677,
117,
329,
241,
214,
248,
153,
197,
670,
178,
132,
198,
191,
230,
41,
151,
409,
201,
146,
141,
124,
1193,
189,
635,
144,
161,
684,
202,
417,
212,
233,
141,
181,
254,
702,
162,
1378,
679,
48,
218,
679,
155,
170,
163,
175,
420,
163,
655,
325,
43,
187,
184,
688,
153,
42,
537,
162,
659,
788,
473,
162,
1257,
686,
49,
706,
635,
590,
244,
239,
628,
163,
86,
156,
453,
443,
619,
358,
659,
97,
1253,
1446,
620,
309,
1120,
1268,
1109,
283,
330,
137,
139,
396,
1448,
382,
50,
167,
1043,
346,
232,
599,
86,
266,
677,
264,
75,
367,
1411,
251,
48,
148,
322,
143,
262,
785,
1407,
85,
334,
259,
596,
238,
240,
148,
329,
45,
253,
186,
315,
318,
333,
310,
1413,
195,
147,
726,
147,
321,
44,
145,
308,
252,
187,
325,
130,
621,
317,
40,
630,
316,
238,
320,
254,
604,
620,
123,
159,
88,
705,
339,
145,
308,
135,
215,
156,
367,
690,
1915,
154,
297,
140,
190,
646,
325,
683,
139,
814,
138,
184,
182,
681,
341,
164,
137,
361,
188,
692,
663,
260,
134,
201,
1462,
184,
465,
1349,
265,
98,
165,
175,
657,
147,
132,
172,
222,
468,
127,
183,
96,
184,
121,
185,
190,
150,
188,
98,
126,
508,
144,
201,
1433,
165,
218,
167,
1202,
165,
1224,
166,
179,
552,
265,
426,
199,
453,
96,
158,
1262,
464,
186,
95,
672,
144,
206,
213,
167,
157,
187,
169,
198,
491,
191,
199,
193,
170,
174,
150,
1576,
214,
1587,
246,
137,
166,
183,
340,
1262,
345,
196,
163,
163,
167,
45,
204,
141,
458,
164,
1373,
191,
164,
650,
442,
723,
173,
663,
687,
164,
438,
648,
145,
822,
512,
154,
362,
470,
577,
664,
303,
643,
148,
372,
721,
118,
661,
1268,
390,
118,
1122,
658,
301,
309,
162,
658,
651,
515,
157,
103,
647,
160,
1434,
1455,
98,
1123,
157,
309,
678,
42,
320,
1111,
678,
329,
52,
60,
1454,
305,
129,
1046,
225,
687,
240,
309,
630,
296,
323,
1043,
245,
224,
647,
311,
330,
219,
303,
37,
534,
223,
320,
324,
568,
241,
218,
221,
331,
127,
316,
164,
1448,
321,
482,
255,
126,
451,
272,
323,
312,
250,
254,
334,
248,
246,
666,
195,
239,
638,
245,
118,
192,
200,
238,
236,
118,
44,
659,
161,
79,
246,
512,
330,
142,
207,
78,
206,
1492,
200,
551,
466,
139,
740,
290,
359,
36,
147,
118,
277,
552,
2019,
152,
250,
602,
229,
181,
662,
461,
192,
153,
682,
151,
208,
160,
199,
159,
68,
41,
700,
757,
181,
64,
491,
140,
565,
700,
529,
225,
219,
174,
691,
221,
147,
1392,
254,
260,
142,
135,
160,
190,
255,
43,
204,
757,
215,
68,
40,
172,
191,
510,
195,
201,
196,
758,
157,
69,
363,
170,
181,
228,
734,
211,
189,
142,
169,
696,
181,
1255,
1276,
210,
66,
186,
177,
176,
42,
1532,
537,
167,
208,
126,
1377,
294,
171,
178,
311,
223,
592,
175,
441,
365,
1303,
548,
205,
153,
150,
376,
146,
166,
1658,
162,
328,
147,
506,
509,
359,
705,
1335,
209,
119,
579,
1315,
390,
169,
190,
156,
359,
219,
539,
44,
719,
181,
521,
551,
43,
282,
1976,
141,
327,
698,
187,
424,
325,
683,
679,
44,
699,
100,
648,
1120,
320,
302,
692,
1109,
682,
427,
1505,
92,
659,
300,
82,
304,
232,
295,
233,
1039,
659,
1514,
1398,
1582,
324,
188,
711,
1503,
98,
1489,
237,
223,
294,
226,
302,
241,
235,
245,
234,
41,
1648,
46,
86,
244,
208,
234,
160,
231,
201,
221,
226,
230,
758,
228,
718,
145,
95,
208,
226,
239,
223,
562,
749,
218,
222,
217,
217,
159,
157,
48,
1444,
217,
180,
35,
131,
211,
116,
244,
610,
496,
77,
170,
167,
550,
411,
318,
192,
40,
519,
709,
74,
72,
240,
185,
183,
39,
1557,
177,
198,
165,
746,
247,
68,
652,
649,
234,
172,
194,
135,
199,
194,
678,
137,
178,
231,
184,
534,
124,
153,
164,
118,
185,
168,
492,
64,
96,
117,
321,
1478,
1460,
159,
224,
271,
199,
42,
187,
220,
249,
171,
748,
198,
259,
39,
235,
262,
288,
169,
1452,
253,
265,
183,
261,
1542,
446,
233,
156,
425,
230,
64,
1421,
207,
809,
63,
215,
198,
198,
195,
1340,
278,
431,
221,
328,
379,
64,
190,
252,
669,
203,
164,
207,
251,
200,
232,
366,
210,
194,
600,
182,
263,
371,
508,
200,
357,
191,
322,
58,
1589,
386,
163,
340,
1108,
339,
1509,
229,
237,
217,
1107,
206,
695,
573,
41,
299,
731,
672,
293,
764,
151,
211,
180,
200,
728,
246,
604,
227,
328,
722,
1113,
144,
1602,
560,
209,
211,
272,
43,
245,
224,
480,
1369,
223,
1107,
141,
1593,
725,
692,
196,
724,
711,
232,
221,
1451,
670,
218,
92,
1539,
1044,
44,
78,
288,
1564,
216,
185,
211,
255,
182,
68,
691,
227,
209,
216,
207,
1906,
188,
601,
192,
141,
160,
509,
61,
199,
59,
738,
203,
206,
158,
221,
153,
246,
607,
569,
58,
199,
203,
197,
57,
2036,
560,
574,
193,
189,
49,
196,
578,
427,
92,
181,
241,
43,
173,
209,
182,
77,
508,
40,
167,
215,
170,
144,
225,
162,
49,
683,
479,
193,
623,
656,
161,
72,
195,
252,
672,
240,
69,
189,
225,
245,
1653,
200,
169,
67,
196,
234,
464,
66,
232,
194,
531,
488,
223,
186,
60,
203,
497,
131,
269,
203,
565,
187,
283,
200,
625,
250,
265,
36,
357,
198,
274,
168,
188,
546,
63,
166,
595,
702,
580,
161,
169,
304,
631,
282,
43,
180,
1575,
237,
689,
157,
248,
42,
344,
63,
40,
41,
244,
279,
531,
288,
773,
311,
679,
264,
1501,
435,
232,
347,
396,
223,
406,
1367,
332,
739,
49,
1417,
348,
252,
43,
1582,
1366,
219,
1360,
285,
175,
718,
358,
248,
132,
211,
290,
414,
216,
402,
215,
272,
150,
163,
364,
1640,
235,
1634,
1105,
192,
292,
199,
1630,
184,
321,
1627,
283,
617,
243,
91,
711,
804,
293,
708,
316,
217,
829,
224,
212,
216,
205,
677,
41,
203,
211,
677,
748,
739,
201,
220,
217,
206,
207,
729,
196,
46,
2022,
43,
1044,
105,
226,
249,
140,
1612,
46,
781,
204,
191,
213,
247,
748,
1113,
1044,
1617,
752,
186,
198,
176,
45,
196,
164,
1501,
323,
185,
168,
183,
192,
191,
358,
43,
100,
182,
151,
333,
173,
38,
211,
161,
163,
153,
159,
157,
178,
208,
158,
155,
275,
101,
1705,
153,
165,
207,
186,
240,
184,
694,
184,
99,
226,
179,
154,
148,
1590,
195,
1585,
1582,
39,
239,
1521,
385,
36,
173,
82,
205,
202,
197,
79,
249,
234,
194,
180,
78,
42,
38,
695,
1572,
225,
155,
235,
1619,
78,
581,
236,
171,
643,
338,
222,
219,
208,
161,
613,
226,
302,
40,
149,
235,
609,
248,
287,
172,
576,
122,
162,
619,
409,
351,
247,
540,
39,
244,
665,
229,
283,
1440,
217,
678,
249,
517,
209,
214,
182,
202,
686,
210,
1537,
234,
722,
219,
219,
42,
261,
715,
249,
43,
237,
550,
194,
255,
728,
235,
1588,
2042,
556,
275,
42,
236,
184,
208,
155,
1373,
47,
736,
1441,
169,
37,
225,
243,
1762,
258,
1589,
348,
1368,
280,
269,
758,
196,
1191,
252,
233,
39,
261,
278,
798,
272,
45,
195,
160,
241,
239,
197,
301,
262,
619,
388,
1731,
194,
212,
210,
41,
208,
328,
170,
651,
206,
285,
661,
201,
628,
603,
827,
42,
190,
196,
314,
814,
200,
246,
183,
187,
161,
742,
196,
190,
1124,
178,
142,
1121,
183,
742,
527,
174,
190,
1109,
805,
1536,
1400,
184,
1643,
811,
179,
1649,
193,
781,
173,
1044,
150,
212,
189,
1637,
171,
1739,
143,
208,
153,
182,
151,
203,
573,
148,
696,
200,
159,
204,
170,
196,
174,
612,
785,
817,
175,
640,
38,
238,
45,
202,
104,
107,
629,
119,
40,
167,
271,
700,
38,
35,
144,
112,
701,
1600,
609,
189,
245,
1581,
258,
609,
225,
179,
249,
636,
214,
140,
193,
86,
176,
171,
126,
1735,
172,
85,
136,
474,
216,
164,
599,
183,
181,
1675,
139,
420,
124,
536,
85,
240,
684,
39,
292,
122,
171,
200,
285,
207,
602,
84,
236,
190,
581,
139,
124,
184,
808,
185,
244,
41,
120,
1484,
701,
438,
858,
803,
858,
498,
204,
87,
292,
653,
199,
624,
40,
265,
646,
629,
145,
638,
87,
1739,
588,
274,
262,
1809,
145,
130,
136,
293,
125,
141,
156,
145,
142,
619,
261,
137,
188,
148,
653,
249,
125,
435,
152,
226,
127,
614,
270,
1511,
130,
194,
231,
1756,
150,
457,
228,
136,
423,
149,
46,
278,
375,
408,
1374,
43,
1368,
245,
224,
45,
192,
1863,
1654,
1789,
214,
43,
101,
553,
227,
42,
284,
312,
754,
648,
208,
45,
215,
219,
204,
202,
214,
741,
749,
210,
871,
758,
1118,
203,
200,
537,
1109,
100,
867,
195,
1271,
217,
602,
41,
358,
202,
221,
503,
200,
357,
1472,
192,
213,
840,
207,
40,
602,
1043,
217,
806,
192,
281,
188,
197,
126,
203,
1038,
428,
2028,
213,
218,
224,
192,
798,
208,
122,
591,
184,
134,
200,
461,
582,
270,
77,
1611,
214,
1627,
183,
426,
1676,
172,
2125,
165,
121,
234,
705,
135,
170,
454,
214,
127,
607,
126,
178,
211,
188,
116,
175,
138,
87,
207,
137,
243,
184,
193,
125,
172,
152,
194,
549,
215,
199,
85,
156,
164,
152,
217,
140,
149,
147,
84,
123,
140,
171,
122,
106,
119,
167,
148,
77,
43,
141,
112,
265,
658,
125,
313,
159,
260,
121,
108,
301,
612,
40,
230,
108,
148,
113,
223,
695,
78,
141,
117,
214,
743,
599,
654,
398,
1907,
1696,
664,
82,
634,
208,
44,
132,
40,
335,
281,
199,
224,
268,
185,
155,
232,
205,
196,
209,
238,
185,
83,
612,
264,
196,
337,
618,
341,
195,
195,
648,
659,
299,
149,
543,
281,
304,
136,
676,
140,
140,
47,
42,
284,
209,
723,
179,
127,
163,
46,
274,
571,
187,
178,
134,
224,
697,
516,
160,
1371,
229,
274,
288,
1514,
45,
699,
1834,
572,
1376,
43,
172,
650,
41,
756,
135,
647,
172,
316,
176,
1455,
1759,
181,
661,
672,
116,
1810,
249,
1103,
319,
151,
112,
565,
315,
578,
874,
48,
854,
661,
1041,
567,
866,
39,
561,
1033,
194,
177,
210,
1039,
852,
552,
1022,
163,
855,
223,
207,
205,
303,
116,
115,
248,
264,
548,
668,
64,
41,
112,
127,
543,
676,
102,
205,
165,
43,
672,
102,
268,
163,
611,
112,
619,
322,
111,
521,
242,
43,
1744,
110,
608,
172,
156,
1858,
200,
179,
1967,
199,
228,
83,
183,
240,
40,
534,
148,
1512,
190,
197,
609,
203,
80,
220,
245,
181,
198,
1814,
1845,
93,
192,
194,
79,
170,
221,
212,
125,
102,
327,
291,
543,
272,
681,
186,
189,
219,
596,
162,
212,
247,
275,
267,
1910,
161,
191,
174,
309,
552,
702,
1306,
535,
44,
207,
215,
42,
78,
119,
532,
309,
1825,
42,
696,
209,
223,
525,
673,
79,
1748,
662,
551,
78,
164,
195,
269,
661,
154,
79,
180,
720,
170,
121,
167,
1802,
257,
164,
132,
173,
123,
241,
365,
127,
145,
82,
908,
322,
140,
138,
356,
295,
369,
658,
538,
524,
329,
476,
504,
334,
210,
266,
603,
480,
39,
161,
743,
422,
1451,
1292,
1388,
170,
263,
284,
1802,
165,
225,
260,
146,
185,
625,
576,
482,
310,
225,
274,
172,
224,
1919,
1039,
2164,
924,
563,
222,
680,
911,
226,
97,
862,
173,
589,
1040,
215,
221,
213,
840,
277,
212,
228,
1038,
230,
140,
48,
209,
1789,
288,
213,
209,
574,
1035,
223,
114,
1895,
66,
153,
411,
1815,
1798,
598,
49,
1852,
210,
228,
225,
45,
195,
283,
222,
115,
357,
239,
204,
1695,
40,
207,
404,
231,
114,
250,
200,
1709,
156,
46,
113,
148,
338,
213,
38,
142,
119,
198,
1456,
196,
160,
207,
114,
196,
162,
237,
189,
490,
37,
37,
180,
161,
107,
228,
162,
581,
203,
247,
177,
462,
39,
161,
180,
239,
218,
214,
116,
38,
157,
215,
108,
90,
149,
153,
77,
820,
98,
314,
287,
313,
216,
494,
95,
97,
303,
237,
240,
517,
40,
79,
191,
318,
336,
304,
218,
766,
97,
336,
195,
380,
125,
203,
263,
233,
323,
182,
172,
603,
239,
486,
78,
786,
193,
272,
302,
292,
42,
349,
395,
216,
328,
365,
301,
387,
516,
222,
493,
381,
122,
163,
45,
1822,
110,
168,
184,
286,
483,
169,
1822,
202,
381,
224,
157,
175,
379,
1823,
165,
473,
1823,
612,
156,
164,
270,
314,
172,
189,
154,
155,
152,
339,
136,
634,
335,
303,
121,
472,
236,
366,
134,
128,
149,
159,
392,
139,
253,
411,
1843,
1241,
213,
265,
43,
684,
409,
413,
2230,
487,
624,
149,
428,
234,
376,
331,
154,
575,
359,
186,
212,
1467,
1842,
1374,
1383,
164,
1473,
378,
378,
147,
1345,
409,
565,
396,
155,
752,
560,
135,
558,
345,
343,
1346,
140,
1869,
897,
223,
91,
1106,
554,
227,
219,
1038,
89,
57,
1033,
223,
560,
898,
215,
1873,
75,
210,
56,
549,
885,
213,
1866,
191,
865,
1871,
1485,
206,
327,
210,
222,
205,
202,
190,
222,
371,
1871,
149,
197,
125,
55,
53,
201,
86,
87,
1860,
387,
159,
143,
276,
193,
124,
102,
1858,
197,
52,
386,
476,
123,
97,
426,
123,
1719,
291,
738,
239,
46,
55,
428,
507,
1710,
215,
339,
95,
227,
45,
504,
217,
41,
2002,
492,
221,
268,
213,
326,
416,
215,
192,
503,
178,
415,
370,
494,
242,
351,
208,
273,
356,
183,
283,
233,
555,
119,
316,
275,
367,
298,
218,
288,
543,
393,
243,
40,
259,
1469,
41,
317,
207,
435,
217,
269,
117,
326,
224,
100,
180,
174,
196,
253,
358,
157,
544,
177,
171,
474,
248,
120,
332,
102,
350,
431,
208,
44,
456,
468,
323,
327,
409,
41,
300,
40,
142,
436,
191,
206,
404,
512,
181,
43,
244,
413,
167,
222,
188,
136,
411,
172,
117,
349,
153,
508,
212,
336,
124,
197,
257,
154,
329,
502,
362,
42,
172,
307,
298,
329,
146,
294,
319,
347,
162,
358,
44,
260,
290,
393,
182,
135,
306,
2232,
281,
569,
814,
2274,
2028,
1471,
444,
1381,
239,
159,
1922,
1113,
41,
573,
130,
204,
820,
527,
189,
167,
559,
1475,
155,
150,
1464,
1102,
105,
435,
213,
156,
567,
1884,
929,
906,
1036,
381,
270,
236,
224,
397,
233,
234,
233,
168,
166,
199,
45,
214,
63,
351,
586,
907,
599,
243,
911,
233,
199,
374,
152,
245,
197,
73,
48,
237,
226,
222,
1566,
244,
144,
244,
442,
231,
241,
516,
116,
125,
222,
835,
855,
242,
220,
258,
109,
227,
134,
49,
171,
44,
163,
214,
238,
91,
157,
221,
219,
97,
40,
98,
138,
309,
245,
428,
333,
98,
83,
218,
524,
138,
116,
268,
239,
286,
257,
81,
92,
213,
158,
281,
312,
230,
101,
117,
227,
531,
144,
95,
140,
425,
321,
208,
204,
98,
39,
165,
320,
199,
203,
103,
529,
197,
164,
149,
42,
1915,
48,
139,
178,
186,
363,
189,
268,
523,
880,
425,
236,
205,
361,
183,
521,
140,
150,
516,
174,
287,
613,
40,
1918,
235,
141,
251,
334,
245,
152,
533,
551,
1648,
303,
136,
250,
232,
218,
283,
310,
262,
188,
143,
230,
39,
248,
362,
270,
606,
306,
259,
257,
102,
600,
1841,
204,
129,
100,
215,
43,
44,
170,
301,
448,
291,
385,
169,
248,
481,
179,
194,
247,
168,
546,
1829,
200,
592,
160,
152,
321,
159,
318,
1934,
546,
171,
126,
139,
218,
264,
239,
466,
534,
49,
2229,
277,
374,
294,
185,
236,
188,
180,
175,
378,
548,
129,
229,
51,
579,
890,
185,
260,
223,
258,
625,
203,
887,
252,
138,
493,
886,
551,
1342,
148,
226,
52,
271,
50,
1466,
1426,
145,
382,
177,
351,
46,
553,
1250,
270,
835,
1122,
375,
43,
543,
698,
1386,
1115,
950,
148,
1105,
307,
316,
908,
144,
356,
661,
71,
171,
1039,
1960,
287,
273,
43,
1043,
1038,
225,
1976,
139,
292,
896,
904,
244,
281,
44,
244,
571,
200,
855,
272,
236,
224,
236,
662,
135,
139,
291,
167,
332,
223,
229,
155,
2099,
138,
198,
230,
290,
249,
246,
288,
285,
41,
290,
148,
87,
254,
257,
250,
41,
286,
133,
255,
283,
393,
40,
346,
254,
42,
279,
91,
178,
204,
258,
133,
186,
171,
252,
267,
214,
279,
193,
136,
157,
138,
145,
421,
302,
165,
230,
241,
136,
195,
128,
208,
263,
297,
196,
228,
174,
217,
40,
141,
94,
113,
159,
152,
175,
191,
452,
194,
104,
213,
337,
209,
256,
272,
226,
310,
130,
238,
1837,
130,
285,
272,
589,
228,
221,
185,
662,
262,
354,
606,
209,
348,
41,
233,
615,
257,
143,
687,
172,
222,
391,
427,
156,
1754,
187,
687,
150,
369,
131,
137,
282,
138,
620,
181,
328,
249,
281,
257,
385,
1924,
137,
297,
286,
869,
47,
1837,
1852,
687,
620,
234,
341,
262,
854,
229,
862,
163,
47,
171,
158,
212,
446,
209,
897,
646,
332,
170,
383,
621,
243,
45,
287,
479,
44,
571,
188,
1469,
435,
394,
283,
41,
1246,
295,
40,
2050,
1543,
2168,
1472,
572,
255,
234,
1457,
966,
1471,
671,
573,
108,
121,
564,
505,
882,
498,
1117,
42,
562,
688,
873,
1105,
2309,
1041,
239,
1037,
93,
216,
886,
231,
148,
383,
677,
859,
865,
1027,
215,
172,
239,
247,
288,
1590,
881,
120,
932,
327,
105,
504,
41,
331,
327,
1807,
220,
277,
38,
329,
326,
337,
172,
324,
321,
231,
144,
276,
317,
299,
261,
38,
322,
313,
166,
150,
210,
180,
270,
173,
329,
318,
159,
455,
275,
171,
225,
174,
310,
176,
587,
190,
142,
131,
126,
168,
142,
248,
182,
240,
225,
142,
248,
286,
173,
163,
1737,
228,
256,
199,
259,
121,
1650,
243,
316,
208,
257,
168,
170,
218,
245,
233,
121,
120,
149,
115,
263,
217,
139,
101,
177,
627,
664,
260,
221,
168,
154,
256,
760,
158,
264,
245,
704,
214,
162,
194,
218,
576,
179,
114,
123,
165,
109,
153,
106,
157,
185,
141,
246,
737,
114,
627,
619,
43,
246,
211,
187,
251,
117,
194,
175,
124,
520,
219,
681,
174,
603,
757,
738,
154,
150,
611,
205,
234,
142,
193,
221,
192,
183,
178,
255,
1837,
1498,
156,
182,
1844,
187,
167,
190,
203,
150,
209,
207,
1764,
154,
739,
141,
611,
765,
242,
178,
187,
745,
1329,
1469,
212,
290,
580,
950,
178,
160,
732,
925,
1055,
579,
1059,
2044,
284,
361,
280,
149,
576,
251,
127,
748,
567,
341,
1038,
893,
308,
1035,
131,
1667,
849,
938,
765,
246,
1036,
444,
1799,
298,
1032,
69,
1866,
225,
228,
844,
1023,
341,
236,
230,
94,
753,
201,
837,
386,
768,
226,
71,
248,
200,
290,
187,
743,
198,
798,
748,
1813,
289,
341,
388,
995,
162,
162,
57,
334,
338,
310,
55,
45,
156,
342,
163,
52,
175,
579,
461,
172,
162,
151,
335,
332,
328,
699,
331,
218,
326,
201,
89,
165,
54,
263,
498,
1417,
213,
181,
713,
252,
195,
192,
240,
186,
149,
164,
159,
256,
257,
717,
162,
260,
224,
267,
119,
45,
200,
94,
240,
182,
269,
93,
243,
233,
183,
723,
271,
94,
173,
173,
244,
238,
164,
254,
180,
216,
593,
157,
173,
154,
180,
424,
194,
185,
145,
125,
152,
259,
200,
330,
45,
251,
223,
194,
141,
801,
605,
160,
210,
220,
134,
613,
233,
188,
278,
274,
200,
125,
280,
170,
178,
168,
284,
146,
183,
1131,
209,
156,
819,
178,
146,
209,
163,
206,
136,
162,
133,
147,
164,
154,
165,
158,
162,
219,
159,
180,
195,
1464,
162,
157,
308,
134,
141,
144,
46,
1134,
130,
251,
785,
778,
1552,
160,
1536,
154,
45,
236,
110,
48,
1020,
170,
1555,
1138,
1473,
651,
303,
1458,
174,
48,
1002,
612,
390,
45,
164,
171,
760,
188,
93,
116,
1137,
1035,
876,
1142,
328,
1034,
419,
2229,
948,
1148,
298,
140,
118,
756,
328,
1035,
304,
789,
318,
327,
1034,
849,
300,
432,
1801,
99,
169,
388,
292,
692,
784,
96,
105,
196,
1876,
1886,
641,
277,
217,
754,
86,
95,
298,
582,
399,
308,
1871,
773,
250,
798,
403,
76,
304,
117,
207,
136,
1982,
84,
698,
639,
143,
167,
139,
338,
132,
682,
684,
109,
85,
336,
405,
78,
75,
326,
2080,
324,
105,
332,
162,
124,
74,
404,
397,
1810,
160,
304,
402,
225,
1897,
2072,
443,
81,
162,
321,
158,
70,
624,
58,
703,
188,
1734,
57,
182,
629,
308,
1330,
1987,
307,
84,
628,
225,
161,
172,
223,
213,
624,
181,
173,
43,
185,
167,
247,
232,
707,
181,
279,
242,
164,
180,
154,
153,
237,
193,
224,
53,
222,
469,
42,
186,
697,
201,
111,
175,
180,
136,
142,
215,
106,
39,
274,
673,
193,
259,
153,
172,
162,
237,
129,
279,
121,
298,
191,
245,
105,
265,
800,
151,
150,
194,
316,
160,
106,
185,
139,
645,
703,
128,
142,
105,
203,
43,
192,
133,
2354,
199,
122,
168,
178,
201,
1829,
129,
147,
189,
53,
158,
200,
134,
235,
776,
1848,
636,
328,
257,
808,
840,
274,
274,
175,
114,
192,
193,
1459,
180,
207,
113,
304,
99,
729,
476,
234,
107,
156,
152,
639,
661,
402,
1455,
188,
2118,
224,
176,
705,
650,
227,
642,
70,
46,
156,
149,
813,
1101,
321,
70,
731,
649,
1029,
729,
232,
354,
1122,
528,
655,
199,
1797,
727,
1148,
586,
1066,
2148,
62,
1020,
46,
2521,
182,
1796,
327,
561,
146,
425,
1347,
1339,
301,
1131,
325,
81,
142,
2396,
306,
42,
722,
237,
1886,
1129,
135,
51,
249,
42,
134,
41,
82,
197,
426,
1803,
71,
125,
416,
140,
129,
40,
39,
410,
426,
140,
441,
417,
139,
187,
406,
287,
42,
404,
150,
410,
172,
402,
275,
1995,
193,
87,
261,
85,
169,
1241,
226,
40,
178,
915,
295,
148,
340,
36,
351,
114,
86,
98,
159,
242,
144,
332,
383,
138,
37,
185,
45,
220,
229,
341,
262,
138,
254,
124,
463,
1258,
237,
157,
1518,
193,
130,
2092,
140,
246,
243,
240,
243,
82,
217,
262,
115,
686,
121,
131,
129,
211,
285,
359,
1274,
196,
212,
124,
130,
116,
250,
186,
1756,
213,
117,
685,
148,
119,
166,
166,
400,
159,
127,
166,
673,
147,
1222,
313,
237,
728,
701,
1278,
955,
949,
138,
293,
163,
839,
613,
652,
134,
788,
340,
646,
41,
277,
247,
255,
1024,
250,
247,
237,
140,
258,
160,
148,
1554,
660,
43,
177,
219,
185,
298,
173,
101,
2122,
732,
124,
136,
182,
695,
212,
113,
133,
662,
1474,
1113,
229,
206,
2116,
692,
1112,
355,
461,
87,
652,
209,
130,
47,
657,
505,
703,
53,
166,
913,
746,
54,
654,
418,
1036,
1041,
651,
459,
54,
313,
732,
43,
375,
1007,
80,
418,
163,
624,
1965,
38,
312,
306,
1022,
369,
649,
726,
956,
305,
199,
224,
52,
127,
1259,
735,
220,
417,
534,
75,
233,
230,
178,
225,
219,
473,
213,
125,
100,
429,
75,
400,
424,
239,
206,
647,
900,
1312,
124,
84,
141,
213,
419,
151,
1976,
913,
40,
417,
153,
46,
105,
415,
611,
908,
413,
125,
1970,
2490,
408,
123,
1900,
412,
1186,
42,
349,
200,
107,
344,
404,
348,
178,
1813,
1809,
340,
344,
191,
169,
181,
42,
82,
115,
101,
39,
171,
82,
142,
161,
182,
238,
81,
171,
225,
137,
130,
41,
159,
147,
154,
189,
824,
130,
120,
170,
183,
78,
169,
623,
258,
606,
136,
1248,
246,
223,
152,
288,
647,
241,
185,
838,
280,
195,
120,
248,
363,
152,
168,
555,
602,
230,
1190,
102,
126,
2568,
181,
232,
236,
128,
1497,
220,
75,
1215,
161,
563,
216,
189,
142,
625,
191,
225,
147,
170,
180,
938,
175,
625,
129,
253,
178,
222,
143,
266,
1543,
126,
129,
1539,
617,
583,
199,
908,
2121,
46,
1459,
234,
190,
1043,
222,
47,
175,
420,
190,
170,
483,
1534,
45,
44,
194,
238,
383,
44,
726,
766,
184,
46,
218,
2124,
723,
1029,
1171,
1016,
302,
2118,
352,
48,
1165,
42,
1204,
46,
657,
324,
724,
308,
955,
46,
81,
721,
41,
658,
1206,
394,
397,
485,
683,
648,
319,
394,
275,
129,
554,
417,
209,
1750,
577,
1084,
41,
216,
796,
1172,
396,
1032,
394,
332,
1020,
158,
389,
145,
1160,
327,
954,
1211,
790,
797,
190,
412,
144,
44,
1426,
197,
365,
136,
2530,
561,
238,
1802,
328,
334,
319,
400,
170,
110,
1972,
327,
321,
235,
285,
238,
1967,
193,
1263,
153,
298,
234,
771,
472,
327,
220,
321,
668,
206,
200,
109,
320,
318,
251,
129,
315,
941,
141,
224,
310,
117,
231,
238,
122,
531,
209,
137,
720,
125,
148,
1879,
40,
108,
107,
257,
251,
116,
99,
38,
249,
232,
199,
104,
791,
168,
248,
219,
246,
120,
154,
245,
229,
163,
150,
205,
829,
163,
838,
75,
254,
147,
43,
128,
184,
1716,
147,
447,
178,
742,
137,
140,
170,
222,
109,
178,
43,
96,
70,
338,
133,
118,
1924,
1521,
176,
70,
44,
600,
2103,
177,
356,
111,
230,
358,
482,
196,
226,
612,
356,
301,
172,
333,
233,
468,
176,
250,
301,
189,
2522,
390,
184,
306,
1219,
179,
177,
278,
650,
233,
166,
714,
139,
175,
141,
853,
47,
1544,
285,
360,
700,
42,
558,
117,
254,
250,
508,
234,
189,
264,
1536,
1531,
191,
44,
230,
234,
115,
214,
42,
2124,
226,
1550,
1190,
274,
197,
242,
225,
180,
293,
997,
1605,
420,
312,
135,
199,
367,
296,
560,
1079,
41,
294,
135,
288,
474,
244,
283,
293,
649,
180,
71,
282,
1118,
368,
369,
290,
372,
629,
282,
346,
1146,
269,
280,
421,
222,
1464,
235,
503,
227,
836,
56,
135,
1035,
1038,
2052,
226,
1195,
2472,
1033,
233,
836,
221,
52,
815,
1328,
244,
1243,
45,
800,
1020,
44,
601,
215,
239,
218,
224,
650,
876,
1973,
229,
221,
42,
214,
217,
104,
143,
224,
1980,
212,
204,
203,
592,
590,
1481,
159,
136,
212,
184,
584,
1301,
174,
142,
159,
137,
621,
114,
157,
135,
161,
174,
182,
384,
159,
217,
39,
102,
152,
225,
574,
266,
141,
145,
214,
266,
37,
217,
152,
98,
542,
171,
213,
100,
206,
44,
167,
211,
209,
195,
162,
695,
662,
210,
82,
164,
161,
1810,
143,
181,
245,
78,
102,
219,
77,
593,
533,
129,
145,
155,
887,
533,
132,
98,
130,
189,
623,
139,
45,
132,
145,
1918,
71,
669,
338,
315,
292,
237,
40,
2086,
617,
332,
301,
639,
613,
297,
69,
381,
195,
745,
228,
640,
1525,
183,
1524,
287,
1450,
157,
69,
170,
1112,
171,
1672,
196,
182,
320,
250,
199,
197,
139,
162,
400,
356,
681,
158,
283,
176,
307,
368,
290,
174,
426,
150,
400,
936,
365,
581,
934,
147,
752,
1131,
241,
122,
622,
138,
279,
1112,
308,
241,
858,
254,
47,
38,
647,
276,
1463,
405,
2029,
214,
232,
212,
265,
1115,
271,
641,
53,
567,
683,
353,
220,
208,
207,
211,
199,
218,
335,
280,
294,
207,
269,
275,
205,
219,
568,
166,
85,
561,
285,
202,
200,
258,
201,
227,
54,
309,
42,
233,
199,
220,
1105,
297,
318,
197,
247,
660,
192,
196,
184,
507,
182,
402,
1036,
192,
875,
190,
1087,
1034,
176,
214,
148,
868,
178,
161,
1495,
173,
600,
380,
862,
1967,
147,
212,
249,
208,
146,
200,
2056,
585,
165,
847,
153,
236,
1038,
1285,
232,
143,
190,
175,
158,
193,
215,
1585,
201,
757,
43,
163,
201,
102,
211,
42,
210,
260,
624,
303,
519,
175,
102,
176,
93,
167,
83,
283,
145,
98,
298,
167,
1795,
519,
218,
79,
559,
145,
155,
2066,
191,
45,
79,
182,
199,
505,
144,
123,
141,
90,
78,
523,
829,
78,
180,
130,
909,
41,
263,
204,
1662,
75,
907,
491,
125,
527,
301,
76,
230,
38,
324,
176,
354,
176,
605,
1600,
42,
300,
559,
829,
42,
552,
417,
75,
252,
302,
341,
194,
1599,
76,
310,
374,
418,
226,
192,
1712,
309,
1522,
192,
300,
639,
154,
494,
1453,
538,
294,
153,
189,
1621,
846,
759,
1536,
212,
631,
1434,
273,
470,
142,
767,
166,
300,
851,
331,
276,
855,
257,
2022,
276,
1101,
561,
999,
2036,
255,
1455,
422,
392,
148,
319,
1606,
270,
1687,
477,
553,
857,
315,
1612,
475,
207,
475,
288,
203,
273,
272,
459,
391,
325,
139,
182,
443,
178,
296,
467,
273,
554,
191,
189,
205,
44,
190,
175,
58,
201,
788,
253,
185,
86,
184,
555,
181,
176,
70,
1103,
2604,
179,
175,
141,
172,
46,
134,
1037,
59,
889,
146,
238,
488,
138,
887,
1627,
141,
154,
2520,
41,
57,
74,
861,
560,
47,
240,
62,
212,
502,
853,
201,
43,
1040,
249,
152,
377,
176,
189,
240,
207,
231,
112,
262,
271,
111,
191,
173,
1042,
110,
232,
173,
1982,
109,
80,
237,
186,
1542,
227,
40,
229,
250,
235,
1991,
109,
199,
280,
314,
236,
1817,
139,
2064,
209,
234,
259,
162,
208,
151,
1984,
189,
284,
221,
125,
234,
173,
509,
160,
233,
263,
174,
227,
819,
812,
244,
44,
143,
736,
510,
169,
79,
43,
209,
137,
180,
550,
78,
336,
77,
500,
276,
1431,
253,
1913,
253,
1428,
430,
156,
346,
1557,
40,
76,
904,
306,
228,
503,
1349,
278,
306,
511,
276,
407,
277,
1420,
316,
345,
392,
505,
1350,
2089,
277,
352,
77,
334,
2017,
349,
1671,
658,
327,
307,
102,
1675,
447,
177,
47,
1694,
45,
324,
198,
2614,
196,
447,
527,
310,
294,
293,
1630,
263,
227,
321,
310,
183,
183,
206,
478,
187,
157,
1451,
330,
368,
751,
519,
191,
431,
357,
323,
146,
445,
479,
195,
681,
768,
50,
937,
383,
1549,
376,
276,
158,
2039,
271,
183,
399,
682,
1682,
448,
270,
312,
862,
2126,
43,
772,
393,
53,
301,
212,
42,
1706,
165,
449,
269,
386,
473,
721,
772,
1468,
1466,
468,
252,
390,
1468,
190,
82,
215,
218,
238,
452,
207,
214,
202,
76,
212,
207,
920,
791,
218,
183,
64,
172,
59,
68,
205,
183,
200,
195,
155,
203,
466,
50,
1043,
195,
874,
166,
1040,
396,
66,
293,
224,
873,
46,
191,
920,
243,
217,
195,
49,
172,
186,
483,
191,
178,
247,
148,
184,
183,
204,
217,
48,
259,
254,
234,
152,
292,
175,
44,
274,
310,
305,
329,
2056,
2626,
179,
160,
200,
1800,
243,
182,
45,
194,
1458,
467,
230,
43,
371,
113,
896,
458,
165,
215,
707,
217,
202,
256,
179,
187,
211,
200,
231,
336,
210,
223,
232,
102,
142,
193,
147,
184,
200,
219,
233,
168,
117,
114,
112,
435,
86,
112,
169,
1446,
104,
201,
453,
1897,
108,
195,
422,
163,
193,
157,
86,
45,
184,
443,
136,
41,
729,
1912,
1912,
1904,
156,
321,
131,
87,
260,
180,
268,
172,
314,
1482,
251,
132,
237,
1425,
194,
304,
234,
341,
197,
1348,
164,
39,
83,
1007,
821,
374,
250,
292,
41,
232,
345,
49,
171,
322,
85,
193,
434,
283,
1353,
353,
919,
450,
332,
43,
319,
177,
308,
352,
1728,
1760,
193,
1622,
86,
211,
201,
1754,
194,
24,
349,
2028,
199,
309,
198,
211,
335,
154,
229,
374,
223,
332,
168,
44,
273,
452,
178,
212,
1688,
48,
164,
354,
193,
163,
337,
372,
48,
677,
448,
675,
330,
385,
165,
526,
297,
681,
49,
457,
335,
2029,
2628,
676,
329,
302,
765,
458,
767,
298,
330,
772,
945,
291,
368,
346,
307,
49,
453,
197,
1182,
449,
44,
1110,
526,
58,
775,
354,
790,
55,
224,
180,
379,
45,
48,
128,
952,
217,
335,
44,
1467,
498,
222,
1108,
356,
932,
43,
1039,
896,
207,
317,
459,
214,
197,
1038,
221,
347,
231,
2049,
37,
1036,
871,
123,
219,
180,
471,
312,
877,
1024,
478,
171,
1896,
331,
1572,
242,
717,
1079,
218,
283,
215,
1872,
990,
454,
2069,
211,
36,
264,
214,
1980,
1966,
122,
209,
1561,
290,
405,
1796,
166,
106,
206,
1894,
204,
201,
185,
236,
427,
208,
219,
471,
214,
200,
197,
232,
224,
193,
195,
433,
210,
219,
162,
1335,
202,
460,
117,
218,
152,
215,
197,
197,
116,
246,
298,
172,
1598,
208,
152,
237,
227,
116,
167,
157,
295,
323,
443,
641,
160,
109,
126,
137,
177,
165,
636,
168,
2080,
83,
262,
647,
150,
1002,
220,
825,
827,
1423,
280,
382,
648,
369,
776,
363,
1413,
1014,
264,
358,
327,
418,
245,
326,
83,
202,
423,
251,
317,
295,
146,
458,
84,
200,
333,
415,
233,
347,
228,
231,
202,
453,
460,
1933,
309,
86,
186,
665,
199,
380,
201,
459,
369,
153,
207,
1451,
584,
407,
374,
181,
669,
401,
319,
460,
201,
219,
207,
319,
583,
460,
939,
336,
249,
429,
247,
276,
1569,
518,
209,
238,
250,
598,
1830,
311,
205,
344,
338,
298,
230,
337,
283,
335,
531,
1788,
264,
230,
44,
382,
180,
469,
230,
216,
513,
771,
226,
470,
220,
1839,
209,
2052,
687,
471,
82,
113,
48,
69,
174,
480,
471,
615,
936,
230,
477,
452,
63,
919,
62,
1036,
292,
43,
161,
2696,
61,
939,
202,
1034,
237,
230,
474,
60,
229,
1026,
1841,
278,
43,
236,
457,
184,
119,
476,
230,
168,
176,
228,
225,
188,
122,
188,
1154,
220,
167,
204,
270,
224,
238,
217,
882,
1521,
1652,
38,
220,
1254,
164,
121,
244,
212,
203,
232,
1812,
1545,
477,
208,
218,
221,
216,
725,
121,
219,
212,
398,
203,
1035,
119,
211,
231,
215,
208,
169,
210,
167,
235,
311,
2175,
423,
234,
115,
46,
173,
184,
259,
44,
114,
492,
173,
173,
214,
241,
201,
203,
466,
322,
184,
187,
131,
226,
181,
145,
151,
366,
246,
235,
168,
87,
48,
348,
366,
211,
435,
363,
1436,
260,
1434,
254,
1519,
836,
392,
85,
523,
288,
249,
385,
1434,
460,
382,
198,
373,
88,
331,
327,
475,
523,
1889,
841,
369,
83,
232,
338,
205,
463,
1883,
354,
187,
847,
211,
371,
757,
157,
498,
1436,
441,
372,
174,
46,
202,
492,
178,
350,
456,
210,
1950,
765,
189,
279,
243,
411,
215,
202,
501,
593,
221,
500,
201,
422,
1891,
476,
439,
217,
212,
514,
380,
685,
40,
317,
259,
361,
51,
509,
265,
686,
1111,
468,
354,
465,
452,
48,
379,
154,
459,
209,
84,
487,
427,
239,
45,
1872,
882,
200,
346,
70,
501,
273,
41,
1037,
268,
937,
1041,
801,
698,
1036,
496,
167,
221,
1031,
903,
39,
369,
930,
239,
222,
1021,
126,
1347,
253,
926,
237,
218,
205,
1103,
367,
469,
197,
278,
232,
1156,
218,
138,
241,
232,
292,
338,
211,
218,
126,
241,
714,
38,
124,
891,
236,
199,
203,
240,
231,
123,
184,
181,
2720,
805,
195,
227,
236,
193,
239,
1770,
123,
192,
232,
119,
224,
202,
1740,
228,
480,
211,
266,
224,
174,
409,
211,
1729,
232,
336,
222,
475,
240,
1972,
479,
257,
169,
2008,
203,
197,
211,
470,
2058,
157,
208,
134,
120,
366,
162,
141,
252,
1664,
421,
112,
282,
146,
1745,
188,
127,
42,
144,
189,
361,
94,
142,
515,
38,
217,
363,
312,
174,
1416,
214,
356,
94,
335,
292,
369,
580,
1349,
227,
431,
358,
95,
597,
283,
42,
511,
929,
1437,
594,
209,
1352,
190,
926,
94,
43,
486,
846,
198,
300,
215,
196,
249,
226,
96,
224,
215,
193,
2114,
294,
559,
190,
176,
154,
1966,
161,
239,
193,
250,
200,
475,
287,
153,
580,
494,
248,
454,
189,
356,
415,
2194,
121,
244,
538,
373,
429,
202,
492,
219,
471,
470,
406,
2129,
196,
2135,
45,
362,
358,
458,
238,
438,
469,
241,
410,
432,
209,
336,
97,
217,
462,
238,
291,
235,
98,
211,
67,
500,
58,
551,
57,
698,
301,
1035,
40,
968,
372,
57,
67,
53,
474,
506,
964,
1774,
933,
272,
1031,
1997,
548,
1041,
568,
148,
1040,
265,
800,
911,
247,
2255,
511,
287,
236,
329,
1025,
217,
475,
175,
125,
180,
204,
150,
548,
249,
324,
712,
1019,
226,
40,
204,
374,
300,
300,
196,
39,
234,
467,
304,
187,
130,
447,
291,
292,
194,
225,
253,
1897,
449,
249,
159,
404,
290,
132,
318,
304,
245,
577,
2006,
44,
82,
141,
256,
1037,
731,
292,
41,
432,
196,
134,
418,
398,
421,
459,
165,
483,
694,
216,
2079,
198,
382,
185,
167,
196,
390,
287,
362,
579,
164,
373,
155,
266,
45,
376,
156,
187,
537,
204,
487,
512,
530,
356,
532,
269,
748,
1663,
518,
38,
1571,
500,
299,
337,
443,
479,
1663,
356,
489,
411,
168,
400,
2195,
52,
203,
2191,
153,
396,
209,
401,
398,
836,
470,
2793,
470,
189,
194,
263,
39,
174,
187,
147,
387,
195,
202,
282,
205,
457,
221,
216,
444,
47,
165,
210,
105,
43,
313,
178,
359,
184,
427,
268,
502,
337,
2006,
293,
247,
471,
1689,
216,
233,
227,
477,
353,
760,
40,
383,
304,
357,
403,
229,
44,
630,
472,
484,
506,
488,
349,
579,
1605,
387,
421,
270,
1959,
443,
310,
778,
291,
570,
489,
528,
1044,
473,
333,
100,
46,
481,
71,
687,
501,
695,
789,
67,
62,
1098,
170,
355,
45,
1040,
161,
382,
52,
982,
1037,
296,
978,
589,
240,
1034,
481,
115,
260,
352,
977,
969,
1253,
289,
478,
262,
274,
193,
321,
877,
260,
47,
294,
1026,
42,
1243,
2253,
253,
134,
1907,
287,
161,
418,
167,
561,
166,
2097,
190,
458,
135,
288,
236,
285,
318,
278,
1882,
320,
497,
167,
189,
277,
324,
230,
483,
513,
225,
235,
165,
2080,
576,
156,
162,
333,
469,
351,
48,
261,
150,
265,
2163,
398,
358,
394,
303,
318,
324,
326,
419,
2153,
2074,
160,
306,
2085,
370,
2767,
162,
374,
466,
462,
436,
185,
223,
328,
1280,
88,
51,
995,
304,
155,
264,
330,
251,
229,
161,
245,
396,
299,
383,
250,
2130,
494,
127,
224,
483,
36,
161,
487,
475,
133,
243,
336,
504,
173,
113,
215,
306,
148,
303,
296,
522,
226,
630,
232,
550,
296,
1525,
437,
308,
560,
1007,
472,
254,
441,
45,
537,
328,
1443,
395,
215,
475,
1588,
209,
562,
462,
349,
1521,
488,
1449,
339,
548,
1429,
545,
230,
227,
172,
198,
350,
212,
1445,
2208,
313,
155,
210,
318,
202,
339,
1593,
46,
156,
763,
476,
308,
349,
168,
324,
201,
178,
223,
310,
42,
419,
47,
581,
196,
478,
676,
388,
409,
765,
256,
547,
373,
180,
472,
156,
442,
197,
498,
380,
305,
375,
2086,
260,
2081,
381,
466,
256,
301,
300,
287,
545,
247,
413,
371,
463,
2107,
336,
276,
257,
540,
778,
470,
373,
301,
863,
436,
322,
529,
382,
350,
482,
117,
465,
47,
83,
872,
2735,
56,
442,
47,
962,
50,
41,
541,
420,
289,
49,
1040,
1042,
1039,
1037,
524,
43,
1008,
42,
185,
217,
183,
621,
291,
380,
41,
1520,
2252,
336,
1884,
2322,
983,
41,
1010,
978,
338,
329,
619,
325,
321,
717,
710,
294,
274,
239,
291,
492,
166,
335,
398,
366,
299,
289,
274,
515,
396,
39,
347,
2149,
188,
146,
267,
469,
392,
301,
711,
45,
110,
153,
160,
221,
398,
987,
385,
279,
992,
151,
391,
723,
332,
2135,
990,
222,
147,
383,
132,
462,
196,
222,
160,
435,
112,
302,
315,
409,
274,
138,
314,
2325,
505,
131,
2200,
112,
114,
265,
371,
312,
340,
424,
128,
203,
330,
581,
245,
126,
335,
378,
121,
384,
508,
286,
164,
466,
193,
616,
542,
499,
188,
179,
454,
465,
605,
424,
443,
41,
376,
383,
415,
358,
544,
1526,
406,
40,
576,
491,
1442,
272,
349,
357,
466,
1435,
1440,
498,
2361,
933,
41,
1356,
418,
1426,
394,
748,
461,
225,
1353,
1361,
437,
216,
2298,
258,
215,
493,
193,
194,
220,
131,
275,
279,
192,
560,
284,
520,
275,
129,
2295,
268,
182,
553,
759,
318,
266,
506,
342,
256,
234,
255,
176,
158,
229,
167,
337,
278,
270,
251,
157,
176,
396,
772,
394,
488,
293,
384,
677,
544,
369,
382,
346,
357,
324,
531,
1082,
458,
307,
394,
262,
376,
329,
2159,
253,
413,
870,
397,
437,
572,
2033,
957,
1919,
547,
263,
44,
433,
315,
256,
601,
301,
551,
783,
349,
162,
503,
1058,
992,
247,
52,
144,
1039,
50,
503,
537,
154,
199,
273,
962,
41,
2331,
205,
119,
494,
1029,
234,
350,
515,
2180,
288,
2246,
260,
1028,
1460,
380,
495,
323,
372,
314,
41,
382,
419,
892,
291,
335,
288,
313,
707,
39,
806,
520,
346,
709,
493,
2071,
350,
323,
116,
121,
303,
976,
410,
2064,
428,
336,
109,
311,
540,
238,
41,
128,
441,
356,
1727,
119,
167,
255,
2158,
426,
118,
97,
430,
400,
275,
382,
468,
106,
421,
498,
426,
420,
526,
320,
135,
97,
131,
440,
292,
257,
285,
348,
251,
279,
497,
171,
310,
245,
137,
293,
161,
383,
241,
244,
373,
234,
126,
2267,
227,
229,
278,
203,
529,
132,
1784,
358,
188,
2088,
410,
242,
268,
276,
438,
506,
121,
104,
258,
348,
163,
519,
362,
158,
322,
389,
513,
186,
150,
317,
40,
341,
320,
316,
1422,
338,
39,
208,
313,
400,
558,
293,
925,
436,
254,
1440,
41,
271,
426,
377,
195,
252,
209,
216,
1369,
923,
163,
376,
1356,
387,
416,
2234,
269,
370,
141,
209,
317,
346,
584,
192,
745,
659,
324,
351,
402,
187,
263,
312,
575,
285,
398,
674,
514,
212,
261,
200,
43,
303,
275,
578,
236,
209,
276,
250,
300,
526,
41,
480,
294,
207,
272,
276,
2256,
472,
1907,
41,
292,
515,
676,
669,
41,
306,
279,
417,
397,
2444,
326,
219,
334,
264,
327,
253,
2222,
2215,
140,
262,
2221,
41,
420,
256,
228,
466,
254,
319,
190,
308,
272,
490,
277,
586,
113,
485,
264,
297,
221,
95,
184,
46,
475,
264,
515,
2248,
37,
86,
46,
555,
43,
164,
253,
1102,
312,
127,
45,
493,
501,
1103,
43,
198,
397,
1016,
334,
179,
258,
557,
2166,
293,
425,
466,
1051,
118,
543,
531,
255,
287,
348,
2255,
360,
1050,
396,
2075,
402,
797,
490,
36,
422,
299,
808,
386,
314,
333,
408,
262,
256,
109,
440,
2271,
407,
87,
886,
333,
431,
207,
265,
368,
2475,
492,
254,
185,
275,
2096,
147,
404,
2174,
174,
321,
811,
635,
501,
381,
82,
492,
182,
487,
347,
631,
338,
317,
547,
422,
43,
2172,
208,
486,
246,
248,
187,
42,
357,
217,
37,
315,
431,
306,
296,
84,
177,
121,
487,
908,
178,
377,
246,
316,
231,
44,
89,
185,
212,
196,
119,
116,
162,
507,
159,
328,
154,
199,
135,
127,
310,
280,
456,
317,
225,
40,
217,
645,
473,
2256,
183,
85,
275,
303,
736,
347,
197,
274,
266,
315,
286,
499,
166,
262,
210,
264,
1417,
209,
194,
238,
293,
142,
1144,
235,
492,
295,
210,
272,
384,
1167,
44,
178,
516,
286,
40,
1358,
44,
226,
832,
323,
246,
221,
651,
665,
197,
308,
215,
212,
214,
301,
301,
1442,
213,
189,
209,
340,
188,
189,
183,
251,
169,
180,
307,
206,
748,
2131,
170,
1365,
237,
185,
207,
320,
45,
165,
153,
279,
666,
167,
2204,
167,
764,
235,
313,
172,
486,
211,
536,
209,
47,
215,
309,
2946,
156,
248,
138,
669,
404,
234,
533,
249,
582,
257,
178,
161,
502,
594,
413,
226,
277,
1193,
173,
228,
158,
286,
791,
599,
585,
161,
490,
291,
154,
584,
253,
464,
671,
262,
2908,
509,
265,
503,
164,
474,
334,
220,
88,
1084,
1120,
2467,
49,
172,
47,
1031,
684,
36,
79,
45,
1119,
1075,
438,
1033,
531,
160,
358,
386,
333,
64,
174,
346,
1078,
2136,
321,
334,
111,
49,
345,
2152,
35,
64,
1670,
230,
221,
468,
175,
1668,
233,
331,
2570,
466,
561,
462,
166,
423,
299,
204,
314,
513,
184,
152,
1366,
223,
433,
171,
178,
557,
225,
271,
190,
522,
167,
287,
1991,
296,
117,
520,
153,
254,
2244,
41,
566,
285,
293,
315,
167,
94,
237,
328,
43,
528,
225,
504,
88,
128,
154,
126,
198,
145,
240,
94,
500,
315,
320,
317,
125,
223,
329,
313,
366,
232,
112,
197,
316,
164,
44,
1678,
213,
171,
168,
106,
333,
45,
169,
122,
462,
672,
574,
362,
1377,
285,
148,
209,
198,
125,
2376,
138,
323,
258,
143,
175,
189,
117,
201,
212,
138,
186,
254,
507,
236,
586,
104,
176,
252,
180,
136,
294,
168,
202,
652,
2264,
259,
156,
168,
1297,
138,
2285,
268,
1236,
283,
2570,
266,
383,
121,
647,
293,
163,
215,
557,
1167,
330,
253,
1444,
182,
260,
659,
384,
177,
312,
248,
1431,
185,
2706,
174,
2393,
41,
212,
593,
263,
496,
173,
284,
225,
220,
234,
180,
307,
175,
158,
287,
181,
568,
150,
171,
187,
323,
41,
157,
577,
156,
2365,
485,
254,
484,
274,
152,
400,
194,
1243,
573,
276,
603,
233,
591,
155,
168,
151,
47,
577,
2375,
255,
418,
574,
259,
243,
260,
152,
2603,
156,
496,
266,
513,
267,
148,
2100,
413,
202,
2693,
2342,
236,
345,
263,
60,
548,
59,
452,
255,
415,
234,
1110,
1144,
1040,
509,
69,
143,
54,
1150,
1144,
286,
1034,
244,
1140,
459,
1129,
227,
1760,
45,
59,
239,
61,
112,
55,
1641,
159,
2147,
363,
501,
250,
247,
329,
1729,
93,
507,
497,
329,
535,
103,
590,
486,
1807,
622,
433,
2255,
265,
266,
312,
413,
309,
533,
599,
588,
282,
1358,
234,
583,
562,
48,
260,
581,
254,
172,
575,
242,
170,
258,
327,
161,
107,
188,
153,
234,
616,
188,
320,
581,
186,
585,
142,
37,
130,
325,
237,
157,
197,
358,
169,
167,
262,
276,
313,
578,
209,
197,
140,
274,
130,
200,
264,
358,
166,
121,
179,
221,
292,
115,
262,
589,
213,
150,
181,
161,
485,
172,
133,
148,
171,
2360,
238,
147,
163,
183,
379,
141,
129,
44,
560,
45,
155,
117,
151,
437,
265,
39,
191,
111,
129,
281,
314,
120,
146,
264,
131,
86,
125,
219,
192,
269,
203,
209,
187,
339,
2276,
204,
143,
150,
163,
1446,
2451,
221,
204,
185,
532,
204,
259,
193,
176,
207,
645,
1248,
251,
197,
161,
178,
200,
256,
1445,
394,
154,
41,
576,
1177,
179,
200,
207,
161,
494,
178,
195,
396,
145,
276,
1323,
212,
168,
194,
282,
571,
220,
409,
186,
245,
490,
290,
496,
173,
410,
142,
281,
132,
363,
138,
145,
159,
1963,
206,
557,
40,
1334,
261,
43,
150,
168,
1605,
245,
1282,
173,
349,
416,
2467,
584,
106,
415,
414,
46,
97,
262,
282,
41,
1102,
338,
1206,
1204,
2682,
236,
121,
147,
1040,
1189,
2480,
447,
1035,
190,
42,
2138,
211,
37,
1042,
220,
1023,
234,
1184,
2050,
511,
515,
48,
1183,
126,
139,
286,
480,
428,
522,
503,
2436,
476,
41,
657,
163,
1662,
156,
261,
44,
163,
2530,
2065,
83,
275,
611,
249,
221,
214,
618,
660,
247,
607,
179,
277,
2715,
272,
166,
617,
605,
612,
148,
194,
249,
182,
278,
199,
192,
169,
191,
2349,
40,
129,
269,
542,
154,
189,
2002,
225,
442,
179,
250,
124,
243,
197,
201,
250,
187,
175,
38,
286,
1999,
257,
171,
129,
168,
188,
135,
178,
182,
200,
1381,
132,
284,
184,
2087,
215,
134,
224,
128,
2077,
199,
165,
138,
43,
386,
317,
378,
182,
180,
684,
124,
181,
177,
42,
188,
180,
555,
196,
197,
189,
420,
180,
252,
169,
157,
269,
459,
39,
247,
177,
183,
326,
405,
206,
205,
173,
1259,
157,
268,
2757,
156,
2654,
651,
168,
221,
441,
377,
180,
1230,
322,
204,
44,
206,
197,
577,
174,
2190,
164,
168,
183,
1435,
492,
218,
176,
167,
201,
2122,
201,
147,
1456,
198,
224,
590,
156,
1182,
430,
289,
361,
2735,
408,
197,
1231,
2691,
2120,
192,
158,
47,
155,
154,
168,
416,
167,
351,
179,
408,
153,
185,
663,
563,
201,
498,
47,
490,
489,
399,
1155,
2207,
2180,
405,
487,
243,
157,
223,
164,
43,
154,
416,
47,
183,
224,
406,
46,
2401,
701,
220,
2695,
287,
335,
44,
300,
404,
189,
200,
313,
298,
274,
299,
204,
42,
39,
373,
81,
275,
251,
2397,
334,
1244,
1036,
188,
321,
395,
248,
1031,
38,
327,
1210,
453,
1210,
1208,
1022,
201,
531,
220,
189,
215,
41,
430,
958,
1225,
196,
1971,
187,
217,
167,
503,
1697,
39,
226,
148,
1174,
423,
418,
227,
191,
430,
245,
412,
682,
218,
170,
141,
339,
208,
180,
1186,
681,
2130,
395,
279,
287,
44,
159,
109,
136,
161,
190,
610,
678,
148,
546,
214,
615,
128,
119,
172,
1915,
619,
367,
162,
42,
169,
602,
156,
532,
149,
611,
1939,
189,
155,
221,
136,
601,
2077,
363,
174,
360,
151,
186,
256,
228,
371,
440,
425,
211,
210,
217,
198,
171,
161,
708,
117,
43,
201,
40,
401,
142,
265,
181,
167,
100,
851,
141,
138,
180,
212,
182,
719,
198,
178,
242,
41,
160,
455,
192,
305,
153,
337,
891,
251,
314,
176,
614,
384,
159,
181,
305,
157,
402,
39,
185,
208,
140,
1757,
478,
205,
379,
235,
160,
1975,
470,
1986,
179,
2076,
223,
156,
2218,
182,
2802,
227,
257,
331,
189,
1091,
2797,
141,
174,
209,
213,
472,
173,
739,
158,
732,
147,
227,
155,
205,
175,
177,
206,
456,
44,
730,
158,
304,
209,
211,
227,
174,
179,
132,
658,
182,
171,
187,
223,
427,
227,
181,
164,
176,
482,
1353,
410,
304,
415,
659,
206,
52,
288,
1685,
191,
196,
1511,
43,
301,
1333,
232,
248,
1105,
512,
39,
191,
38,
201,
202,
481,
388,
279,
332,
2760,
48,
94,
234,
741,
431,
182,
193,
1641,
160,
199,
2748,
1033,
474,
44,
204,
234,
2731,
324,
1033,
273,
1289,
1276,
277,
116,
176,
2728,
1795,
1262,
1729,
294,
1019,
172,
398,
419,
1223,
956,
1250,
279,
317,
323,
321,
241,
42,
169,
316,
1763,
246,
240,
337,
177,
148,
151,
305,
604,
199,
38,
255,
608,
189,
594,
147,
226,
241,
161,
240,
2059,
519,
361,
154,
2756,
212,
142,
177,
189,
185,
128,
106,
516,
204,
171,
435,
97,
233,
458,
176,
609,
87,
190,
104,
529,
143,
523,
183,
142,
194,
158,
603,
443,
191,
189,
198,
1833,
185,
2506,
1997,
180,
161,
150,
143,
156,
2005,
447,
213,
253,
138,
182,
139,
931,
785,
203,
170,
792,
252,
180,
123,
158,
168,
114,
273,
201,
325,
148,
169,
322,
461,
230,
165,
141,
150,
842,
202,
451,
352,
155,
39,
171,
563,
468,
141,
943,
150,
291,
350,
259,
198,
309,
249,
465,
570,
1346,
189,
150,
244,
299,
1513,
143,
188,
267,
2106,
297,
1128,
209,
282,
958,
106,
194,
736,
212,
2049,
491,
2782,
1513,
246,
214,
368,
702,
1353,
237,
2836,
473,
1127,
224,
103,
434,
408,
201,
1516,
171,
2060,
283,
482,
225,
164,
191,
211,
187,
227,
198,
1511,
177,
197,
202,
47,
1089,
2193,
152,
173,
483,
186,
1446,
199,
228,
405,
151,
192,
1616,
159,
177,
167,
421,
476,
1276,
1645,
285,
297,
222,
406,
415,
883,
244,
296,
179,
178,
1371,
204,
487,
184,
211,
402,
201,
552,
172,
192,
182,
187,
160,
224,
494,
271,
509,
200,
1446,
496,
2051,
44,
753,
668,
431,
99,
382,
202,
231,
668,
203,
316,
64,
669,
57,
1033,
1300,
1008,
281,
2068,
1293,
54,
1297,
45,
44,
53,
333,
150,
42,
765,
1294,
953,
1894,
191,
180,
952,
322,
1280,
334,
356,
314,
41,
308,
138,
237,
169,
172,
164,
766,
242,
227,
694,
45,
172,
249,
226,
422,
136,
700,
230,
1587,
194,
42,
2058,
281,
957,
232,
238,
157,
1996,
419,
545,
341,
161,
182,
514,
162,
517,
443,
46,
158,
252,
134,
1974,
2175,
228,
175,
257,
40,
289,
121,
220,
197,
131,
188,
129,
510,
256,
147,
524,
224,
131,
196,
440,
181,
261,
179,
175,
444,
82,
146,
190,
209,
2081,
175,
96,
109,
532,
698,
189,
250,
90,
438,
200,
239,
200,
183,
89,
297,
179,
149,
244,
174,
162,
130,
272,
167,
133,
90,
171,
474,
697,
464,
468,
174,
167,
318,
399,
507,
230,
213,
281,
202,
367,
136,
280,
242,
88,
300,
466,
270,
43,
173,
1421,
87,
859,
38,
259,
2193,
395,
216,
851,
255,
463,
211,
39,
809,
468,
303,
226,
323,
254,
90,
217,
408,
222,
230,
187,
2044,
205,
233,
277,
193,
244,
185,
264,
170,
196,
175,
236,
205,
159,
216,
209,
254,
215,
161,
2113,
156,
193,
154,
165,
442,
658,
500,
282,
227,
503,
487,
560,
180,
468,
658,
411,
384,
368,
403,
300,
191,
1372,
219,
1456,
225,
186,
412,
1381,
229,
222,
228,
659,
226,
1372,
198,
182,
203,
648,
307,
291,
238,
220,
2218,
175,
578,
156,
670,
189,
236,
85,
250,
221,
668,
352,
57,
176,
45,
812,
300,
351,
996,
183,
578,
89,
322,
1361,
60,
952,
300,
243,
670,
1334,
59,
55,
189,
1332,
1349,
951,
251,
282,
490,
242,
934,
592,
292,
422,
230,
51,
414,
247,
420,
127,
218,
147,
232,
580,
46,
175,
43,
264,
301,
180,
499,
46,
178,
226,
183,
452,
220,
165,
165,
38,
176,
272,
184,
205,
437,
518,
174,
246,
236,
306,
278,
124,
203,
193,
2023,
241,
183,
247,
133,
502,
339,
41,
224,
225,
426,
210,
228,
436,
122,
217,
329,
2018,
437,
336,
419,
121,
224,
459,
236,
537,
181,
1982,
417,
424,
351,
327,
121,
117,
121,
2060,
84,
415,
1904,
244,
1990,
113,
154,
262,
172,
155,
87,
176,
235,
1931,
112,
536,
170,
244,
1983,
86,
40,
317,
272,
293,
529,
234,
118,
193,
235,
249,
158,
210,
343,
172,
232,
539,
250,
42,
231,
41,
175,
2101,
85,
1413,
407,
135,
523,
284,
245,
476,
267,
2188,
219,
86,
147,
1350,
147,
333,
199,
87,
1334,
37,
49,
260,
2123,
480,
219,
224,
316,
193,
1352,
209,
320,
382,
280,
230,
225,
183,
213,
166,
866,
151,
465,
218,
264,
170,
165,
212,
178,
148,
2109,
492,
266,
1000,
381,
471,
157,
2120,
220,
426,
45,
191,
169,
205,
536,
254,
1175,
649,
48,
52,
246,
268,
207,
290,
2136,
483,
456,
199,
36,
237,
269,
204,
235,
166,
2045,
478,
514,
207,
472,
219,
151,
1296,
297,
40,
1199,
195,
1250,
235,
469,
113,
196,
512,
199,
196,
484,
39,
158,
946,
946,
409,
381,
415,
1405,
943,
398,
1414,
472,
278,
380,
391,
154,
139,
316,
408,
225,
398,
229,
942,
397,
391,
1394,
930,
129,
1399,
224,
390,
286,
222,
127,
1392,
492,
251,
42,
200,
228,
41,
1354,
243,
1134,
331,
127,
1998,
337,
623,
391,
447,
158,
341,
249,
195,
37,
248,
1623,
389,
250,
310,
549,
127,
1962,
205,
315,
227,
184,
167,
242,
173,
240,
245,
337,
213,
332,
195,
342,
223,
232,
216,
167,
2129,
328,
1982,
337,
164,
221,
220,
122,
178,
156,
157,
159,
220,
210,
160,
279,
327,
1973,
324,
157,
408,
463,
319,
100,
165,
210,
189,
173,
318,
252,
179,
119,
242,
177,
357,
407,
241,
292,
242,
201,
167,
127,
202,
233,
235,
542,
167,
252,
310,
162,
537,
270,
274,
207,
405,
121,
44,
172,
294,
268,
159,
199,
152,
136,
209,
83,
187,
222,
126,
239,
125,
287,
225,
150,
186,
288,
97,
1343,
269,
338,
214,
280,
269,
492,
384,
264,
469,
460,
97,
771,
317,
1264,
289,
261,
273,
483,
238,
1334,
545,
806,
2152,
209,
245,
204,
1350,
316,
222,
294,
368,
236,
320,
168,
492,
258,
322,
230,
2096,
284,
228,
2156,
543,
267,
224,
251,
285,
262,
226,
218,
212,
164,
377,
182,
211,
276,
427,
220,
281,
405,
155,
152,
353,
286,
476,
371,
230,
572,
208,
494,
218,
503,
388,
305,
368,
422,
276,
466,
202,
491,
204,
225,
1050,
293,
233,
222,
159,
2123,
269,
202,
539,
251,
461,
520,
171,
208,
232,
287,
223,
259,
219,
546,
1246,
329,
322,
190,
106,
798,
161,
77,
1300,
339,
375,
60,
373,
58,
807,
274,
324,
946,
1467,
322,
58,
945,
372,
307,
316,
597,
942,
312,
152,
297,
150,
414,
861,
1439,
323,
39,
213,
318,
146,
306,
1418,
685,
110,
218,
248,
1415,
299,
311,
326,
380,
230,
290,
141,
1693,
307,
225,
1430,
124,
296,
421,
50,
1519,
520,
1822,
121,
47,
305,
163,
255,
229,
242,
1397,
153,
169,
132,
109,
201,
177,
1808,
329,
210,
127,
92,
107,
214,
205,
399,
181,
227,
177,
140,
206,
482,
288,
77,
157,
136,
251,
170,
147,
709,
1804,
135,
178,
47,
133,
115,
394,
249,
135,
43,
42,
158,
443,
135,
94,
403,
210,
134,
256,
116,
366,
561,
198,
165,
80,
94,
141,
279,
191,
287,
297,
177,
215,
217,
152,
177,
254,
175,
45,
226,
218,
251,
39,
168,
141,
294,
140,
332,
123,
270,
116,
127,
112,
364,
230,
244,
337,
258,
159,
234,
184,
231,
205,
244,
1025,
178,
97,
856,
251,
240,
270,
2016,
439,
772,
1255,
844,
330,
2008,
278,
277,
257,
434,
1263,
724,
1347,
364,
229,
241,
248,
426,
274,
1249,
220,
362,
1272,
222,
867,
195,
864,
309,
230,
566,
1345,
208,
197,
861,
195,
186,
579,
777,
330,
235,
383,
174,
165,
186,
277,
193,
272,
360,
558,
481,
574,
176,
497,
323,
412,
489,
382,
546,
229,
380,
227,
441,
297,
43,
281,
215,
398,
993,
224,
213,
43,
244,
259,
228,
205,
245,
263,
36,
182,
288,
242,
206,
301,
287,
326,
399,
372,
384,
240,
232,
281,
192,
52,
42,
358,
106,
940,
319,
1470,
158,
44,
332,
937,
414,
44,
405,
313,
927,
1458,
233,
864,
312,
189,
319,
228,
1453,
326,
201,
308,
323,
199,
44,
1472,
322,
48,
146,
160,
204,
304,
302,
299,
1706,
205,
425,
255,
145,
499,
426,
1978,
187,
1873,
507,
238,
2086,
120,
316,
244,
1493,
1605,
457,
210,
144,
284,
311,
176,
38,
200,
299,
1696,
44,
907,
235,
623,
1705,
379,
242,
144,
166,
249,
234,
525,
254,
437,
212,
196,
232,
251,
141,
236,
183,
347,
117,
368,
277,
190,
261,
430,
250,
225,
428,
151,
327,
102,
175,
177,
220,
45,
142,
206,
2284,
309,
721,
311,
140,
201,
184,
247,
190,
329,
123,
485,
160,
447,
84,
210,
332,
279,
321,
129,
42,
264,
401,
208,
130,
201,
275,
279,
159,
123,
1894,
120,
38,
178,
236,
240,
217,
170,
42,
110,
220,
201,
716,
421,
155,
198,
195,
263,
249,
276,
130,
140,
239,
268,
172,
109,
237,
151,
139,
1834,
238,
248,
143,
429,
196,
41,
209,
284,
232,
202,
39,
1345,
319,
272,
38,
1335,
234,
1352,
188,
309,
2015,
245,
209,
206,
1260,
1265,
313,
371,
182,
211,
232,
335,
199,
163,
193,
319,
219,
174,
296,
215,
204,
267,
237,
163,
202,
319,
251,
244,
275,
205,
182,
196,
229,
200,
435,
240,
160,
196,
407,
262,
200,
243,
169,
438,
205,
198,
332,
406,
205,
797,
369,
180,
176,
213,
416,
376,
359,
148,
393,
336,
46,
253,
309,
258,
922,
389,
175,
221,
390,
208,
213,
345,
300,
126,
284,
145,
118,
322,
239,
265,
272,
209,
591,
180,
226,
366,
180,
161,
394,
432,
247,
1949,
931,
406,
896,
70,
309,
321,
161,
275,
345,
405,
38,
682,
494,
307,
858,
605,
927,
976,
1524,
460,
1505,
144,
328,
945,
138,
210,
177,
319,
304,
1505,
1531,
191,
159,
176,
1526,
856,
1879,
329,
347,
43,
328,
1521,
304,
1804,
469,
42,
296,
241,
300,
159,
294,
315,
291,
405,
352,
220,
161,
246,
313,
246,
228,
323,
179,
158,
252,
276,
206,
205,
314,
150,
396,
247,
458,
236,
157,
205,
249,
202,
149,
303,
409,
88,
119,
179,
126,
283,
274,
393,
109,
189,
148,
145,
193,
179,
314,
1807,
398,
108,
152,
262,
131,
1560,
113,
285,
290,
39,
111,
2278,
157,
267,
115,
341,
136,
148,
1891,
257,
202,
1899,
251,
258,
141,
246,
160,
41,
146,
123,
419,
429,
121,
226,
154,
131,
157,
1915,
212,
220,
285,
373,
170,
331,
282,
47,
41,
346,
260,
224,
241,
217,
43,
356,
429,
261,
41,
302,
1261,
1267,
215,
307,
1266,
238,
420,
552,
412,
284,
522,
224,
316,
161,
375,
337,
223,
1264,
299,
370,
875,
185,
208,
257,
157,
262,
220,
195,
189,
153,
381,
201,
201,
261,
213,
877,
237,
378,
395,
166,
466,
323,
332,
216,
135,
248,
877,
388,
915,
452,
960,
271,
252,
304,
224,
145,
295,
320,
331,
147,
184,
222,
404,
247,
307,
308,
208,
217,
206,
347,
265,
198,
975,
308,
169,
305,
211,
231,
452,
235,
204,
251,
578,
332,
419,
367,
210,
179,
248,
39,
1363,
474,
414,
198,
1958,
919,
233,
242,
197,
2323,
94,
1562,
61,
854,
361,
577,
214,
46,
153,
135,
94,
178,
454,
997,
575,
856,
84,
1563,
51,
854,
852,
2182,
1686,
564,
1537,
1563,
43,
324,
1800,
1790,
194,
166,
41,
809,
62,
304,
1523,
150,
359,
1624,
209,
288,
209,
203,
178,
1650,
304,
302,
101,
154,
321,
297,
221,
334,
317,
329,
243,
142,
129,
1884,
39,
241,
228,
306,
315,
147,
328,
172,
311,
122,
238,
258,
324,
167,
316,
177,
134,
162,
310,
173,
98,
308,
124,
205,
131,
43,
209,
1884,
262,
107,
2197,
219,
106,
228,
116,
208,
126,
311,
39,
326,
353,
204,
286,
115,
189,
188,
138,
239,
337,
143,
164,
150,
159,
208,
212,
178,
217,
100,
140,
275,
271,
176,
432,
247,
40,
253,
900,
217,
368,
233,
290,
40,
206,
1331,
42,
534,
368,
41,
1242,
287,
249,
868,
445,
40,
237,
278,
628,
280,
334,
1933,
228,
876,
41,
440,
235,
1265,
634,
1045,
439,
434,
301,
245,
182,
210,
174,
356,
170,
248,
277,
192,
160,
217,
230,
141,
210,
434,
155,
125,
183,
215,
198,
169,
171,
962,
205,
182,
146,
238,
179,
190,
194,
148,
179,
154,
385,
373,
182,
180,
213,
152,
380,
303,
236,
299,
181,
203,
261,
591,
190,
256,
470,
175,
318,
285,
148,
342,
293,
401,
308,
209,
194,
265,
239,
299,
307,
384,
503,
365,
238,
189,
227,
148,
459,
110,
196,
988,
144,
282,
289,
267,
89,
48,
49,
338,
1575,
236,
848,
203,
845,
56,
162,
411,
1596,
52,
396,
845,
43,
466,
382,
39,
181,
1567,
844,
351,
216,
843,
322,
202,
222,
116,
319,
177,
269,
150,
313,
334,
163,
468,
285,
264,
130,
217,
1577,
1806,
336,
248,
263,
170,
341,
326,
320,
318,
272,
145,
116,
1762,
341,
139,
335,
1801,
42,
1019,
311,
308,
216,
317,
1758,
94,
151,
297,
300,
154,
179,
246,
119,
436,
336,
229,
110,
259,
156,
480,
233,
160,
307,
336,
333,
1906,
269,
420,
294,
223,
328,
169,
268,
176,
332,
100,
131,
327,
167,
433,
325,
242,
163,
131,
140,
161,
123,
200,
247,
292,
169,
135,
116,
1016,
229,
145,
172,
161,
187,
378,
464,
433,
182,
48,
1011,
301,
159,
165,
149,
297,
203,
1914,
187,
498,
261,
41,
185,
1827,
46,
452,
449,
166,
194,
220,
957,
41,
273,
338,
259,
249,
265,
246,
271,
234,
249,
210,
243,
402,
48,
180,
46,
1928,
235,
39,
223,
1130,
216,
715,
177,
160,
455,
388,
256,
211,
205,
140,
224,
875,
274,
253,
447,
123,
150,
161,
189,
221,
156,
443,
179,
178,
185,
157,
152,
886,
239,
44,
964,
244,
205,
274,
169,
204,
103,
450,
147,
190,
193,
201,
45,
715,
226,
182,
149,
56,
208,
467,
169,
42,
203,
1106,
180,
253,
451,
215,
731,
42,
1069,
152,
180,
194,
450,
239,
927,
480,
255,
358,
188,
693,
181,
186,
109,
51,
227,
39,
459,
203,
379,
283,
180,
881,
267,
146,
265,
75,
1648,
476,
1643,
1079,
197,
42,
1611,
864,
43,
308,
241,
861,
39,
262,
166,
317,
479,
858,
1601,
1821,
361,
856,
1783,
43,
1658,
328,
707,
335,
219,
130,
1812,
43,
327,
221,
176,
313,
310,
1081,
124,
713,
42,
170,
214,
397,
321,
217,
193,
39,
1099,
43,
234,
174,
223,
367,
317,
182,
398,
214,
235,
222,
451,
405,
137,
186,
242,
168,
217,
162,
396,
151,
42,
201,
181,
325,
349,
491,
172,
1983,
227,
122,
345,
348,
199,
121,
129,
270,
129,
1823,
343,
118,
182,
217,
261,
349,
235,
113,
343,
253,
43,
311,
166,
1856,
212,
112,
1909,
102,
220,
262,
152,
397,
174,
141,
187,
97,
292,
168,
157,
463,
259,
125,
310,
155,
186,
1919,
261,
264,
152,
368,
165,
110,
204,
170,
348,
148,
740,
433,
146,
169,
184,
213,
862,
189,
303,
208,
232,
303,
449,
203,
899,
1329,
278,
208,
1345,
185,
304,
326,
174,
161,
316,
1352,
312,
206,
174,
874,
213,
157,
442,
203,
41,
287,
1361,
185,
1273,
540,
1135,
763,
274,
225,
211,
192,
164,
215,
89,
190,
189,
168,
240,
204,
203,
195,
203,
269,
183,
157,
189,
306,
166,
712,
155,
155,
183,
519,
153,
172,
542,
223,
214,
147,
163,
1259,
186,
145,
473,
749,
42,
712,
169,
204,
309,
141,
138,
749,
169,
163,
269,
244,
2036,
181,
162,
534,
168,
263,
420,
137,
168,
148,
228,
190,
159,
187,
893,
478,
393,
47,
366,
247,
418,
1891,
264,
261,
172,
1667,
337,
69,
2041,
43,
465,
860,
1664,
892,
859,
709,
36,
247,
218,
170,
40,
857,
1709,
1666,
856,
246,
166,
221,
218,
1660,
322,
332,
311,
314,
85,
330,
1652,
337,
42,
208,
1176,
260,
322,
132,
526,
773,
186,
794,
1659,
1101,
218,
414,
452,
217,
42,
130,
259,
83,
184,
209,
214,
1110,
255,
87,
167,
421,
178,
415,
167,
164,
410,
167,
413,
241,
50,
405,
155,
282,
157,
403,
171,
131,
349,
195,
410,
402,
1903,
135,
242,
219,
150,
209,
123,
1874,
173,
233,
192,
226,
122,
201,
117,
219,
159,
39,
227,
116,
179,
223,
412,
183,
383,
120,
156,
244,
254,
142,
221,
44,
203,
292,
228,
209,
167,
238,
172,
135,
201,
43,
214,
1902,
202,
167,
183,
2003,
43,
106,
139,
128,
210,
161,
267,
149,
365,
172,
127,
38,
192,
168,
160,
161,
37,
167,
167,
195,
137,
2006,
154,
453,
263,
154,
280,
462,
204,
817,
1356,
1265,
182,
1094,
157,
792,
1051,
903,
138,
42,
218,
316,
181,
210,
1356,
308,
155,
137,
44,
1259,
163,
556,
214,
551,
192,
221,
144,
206,
555,
241,
231,
562,
174,
189,
228,
203,
1279,
157,
143,
230,
245,
133,
223,
206,
280,
48,
180,
741,
767,
213,
554,
378,
169,
131,
168,
476,
151,
208,
41,
213,
190,
163,
339,
178,
821,
212,
144,
180,
126,
551,
293,
96,
213,
59,
399,
158,
195,
200,
323,
188,
211,
1726,
921,
319,
39,
581,
198,
1694,
182,
1700,
858,
780,
1665,
1663,
1928,
168,
857,
392,
236,
856,
1938,
144,
181,
671,
388,
329,
229,
1100,
333,
135,
515,
316,
181,
579,
251,
130,
425,
422,
225,
778,
177,
184,
504,
862,
1949,
744,
248,
152,
174,
134,
1013,
222,
423,
271,
421,
165,
576,
94,
168,
1862,
207,
417,
312,
164,
583,
161,
413,
224,
189,
1767,
173,
160,
196,
412,
173,
322,
328,
40,
168,
184,
426,
420,
93,
175,
149,
141,
178,
221,
170,
185,
511,
1819,
224,
160,
145,
176,
127,
198,
164,
583,
187,
171,
125,
134,
206,
159,
417,
137,
450,
135,
197,
520,
223,
159,
182,
196,
169,
515,
235,
347,
194,
140,
202,
158,
299,
152,
173,
129,
342,
210,
47,
173,
146,
172,
481,
122,
125,
190,
289,
194,
207,
128,
182,
42,
2006,
185,
155,
2048,
224,
42,
2020,
37,
137,
202,
104,
356,
482,
137,
353,
146,
170,
213,
207,
153,
217,
2094,
832,
890,
190,
141,
1089,
2054,
211,
199,
577,
153,
199,
223,
839,
204,
318,
309,
163,
232,
148,
45,
192,
454,
162,
498,
145,
189,
179,
173,
172,
154,
536,
198,
136,
173,
309,
47,
208,
168,
193,
42,
184,
548,
176,
471,
1005,
48,
42,
208,
154,
198,
145,
927,
827,
221,
180,
146,
486,
193,
548,
183,
367,
519,
165,
481,
144,
393,
894,
874,
43,
893,
116,
142,
106,
41,
160,
164,
191,
181,
495,
920,
1741,
579,
45,
803,
179,
319,
42,
859,
41,
1728,
304,
39,
45,
859,
1784,
1685,
572,
1728,
325,
148,
1688,
2066,
311,
1683,
860,
315,
146,
502,
1683,
187,
224,
43,
308,
1683,
323,
43,
117,
863,
221,
170,
203,
483,
165,
143,
179,
1882,
121,
432,
136,
167,
43,
1629,
220,
1880,
130,
431,
136,
210,
131,
1722,
153,
118,
179,
424,
166,
162,
151,
154,
133,
422,
197,
341,
240,
432,
190,
239,
276,
427,
166,
143,
164,
437,
115,
423,
186,
162,
150,
184,
355,
346,
261,
918,
187,
1720,
169,
186,
225,
179,
360,
263,
354,
164,
164,
143,
118,
407,
175,
116,
129,
221,
202,
244,
127,
178,
183,
195,
206,
111,
173,
139,
193,
189,
426,
152,
227,
197,
313,
386,
347,
185,
176,
155,
214,
604,
220,
152,
174,
203,
637,
280,
331,
180,
151,
178,
371,
666,
143,
142,
183,
188,
205,
194,
325,
216,
144,
227,
150,
156,
156,
41,
171,
195,
182,
315,
141,
447,
143,
146,
377,
2030,
192,
203,
168,
44,
572,
368,
1148,
160,
152,
144,
145,
1932,
391,
155,
149,
372,
111,
179,
44,
906,
187,
551,
158,
341,
176,
155,
170,
154,
192,
130,
884,
938,
196,
321,
560,
1011,
160,
181,
282,
259,
554,
1375,
921,
401,
1329,
181,
602,
312,
232,
2089,
106,
558,
136,
2033,
558,
1757,
60,
324,
554,
70,
54,
321,
268,
1754,
863,
48,
1760,
43,
1687,
221,
37,
586,
137,
1692,
42,
223,
165,
260,
186,
171,
177,
205,
581,
320,
159,
236,
1690,
490,
40,
246,
1928,
150,
155,
41,
869,
181,
1759,
1847,
151,
139,
301,
169,
495,
150,
331,
337,
169,
1893,
130,
573,
388,
134,
1704,
327,
491,
135,
413,
263,
431,
180,
343,
325,
218,
599,
317,
250,
435,
170,
427,
282,
39,
151,
184,
335,
258,
167,
122,
1878,
1792,
1901,
342,
152,
147,
427,
340,
161,
148,
436,
151,
95,
298,
190,
141,
198,
129,
2051,
136,
129,
121,
147,
200,
333,
142,
259,
1900,
180,
186,
142,
126,
124,
1820,
156,
145,
200,
273,
144,
219,
174,
151,
38,
136,
142,
167,
170,
209,
182,
198,
190,
167,
189,
604,
225,
157,
278,
99,
467,
172,
145,
189,
454,
621,
170,
40,
97,
292,
228,
152,
194,
40,
177,
498,
40,
96,
193,
212,
551,
276,
199,
281,
196,
978,
293,
1991,
982,
127,
256,
159,
160,
163,
186,
609,
994,
282,
239,
157,
547,
199,
152,
983,
606,
148,
599,
147,
544,
658,
171,
492,
489,
168,
642,
590,
194,
149,
216,
142,
160,
551,
143,
159,
180,
542,
178,
565,
1460,
529,
160,
483,
368,
552,
180,
1457,
169,
154,
193,
158,
540,
227,
168,
183,
553,
249,
162,
49,
1068,
38,
268,
551,
1065,
