39,
33,
38,
38,
53,
50,
75,
71,
69,
41,
70,
72,
45,
94,
76,
102,
100,
106,
109,
68,
43,
42,
59,
97,
52,
105,
47,
116,
108,
103,
120,
127,
125,
125,
54,
48,
41,
107,
134,
47,
139,
133,
39,
129,
37,
141,
40,
99,
142,
89,
38,
44,
121,
123,
149,
119,
142,
44,
119,
135,
165,
80,
99,
177,
85,
141,
173,
74,
167,
154,
179,
158,
137,
114,
141,
35,
118,
163,
143,
166,
81,
185,
175,
186,
84,
160,
100,
164,
191,
173,
83,
63,
181,
172,
196,
162,
185,
191,
81,
139,
134,
146,
170,
184,
147,
130,
178,
178,
164,
157,
161,
183,
177,
141,
187,
170,
160,
121,
194,
173,
143,
176,
170,
149,
117,
89,
194,
148,
215,
153,
146,
188,
207,
182,
148,
200,
161,
178,
170,
189,
174,
183,
160,
164,
149,
191,
142,
209,
221,
207,
72,
174,
188,
220,
142,
145,
229,
201,
218,
189,
192,
224,
222,
70,
178,
159,
183,
201,
185,
114,
183,
45,
151,
166,
72,
150,
164,
221,
209,
151,
155,
130,
73,
170,
139,
212,
68,
140,
230,
183,
211,
146,
175,
153,
41,
191,
159,
241,
190,
234,
201,
200,
196,
45,
149,
43,
185,
153,
188,
40,
250,
237,
108,
75,
145,
45,
233,
172,
81,
52,
167,
107,
191,
197,
128,
174,
149,
196,
41,
143,
159,
138,
174,
210,
138,
231,
198,
202,
104,
137,
225,
79,
221,
272,
235,
199,
188,
218,
233,
248,
104,
114,
293,
88,
189,
218,
227,
256,
206,
295,
228,
106,
193,
211,
210,
222,
105,
200,
187,
187,
205,
104,
199,
215,
250,
204,
276,
219,
196,
244,
238,
169,
193,
93,
287,
242,
107,
38,
184,
277,
194,
173,
89,
130,
145,
196,
228,
82,
152,
250,
240,
165,
288,
174,
81,
147,
170,
193,
165,
161,
208,
298,
219,
197,
178,
168,
282,
211,
300,
182,
202,
209,
258,
159,
198,
249,
280,
250,
5,
266,
212,
77,
140,
214,
224,
183,
220,
248,
51,
238,
213,
151,
187,
105,
278,
184,
222,
202,
314,
232,
149,
254,
305,
225,
175,
209,
141,
198,
261,
267,
180,
292,
299,
165,
179,
177,
182,
151,
254,
136,
226,
148,
146,
209,
47,
216,
220,
236,
200,
207,
153,
188,
237,
193,
206,
179,
169,
142,
206,
137,
161,
252,
132,
142,
140,
215,
303,
341,
247,
338,
194,
175,
84,
81,
93,
264,
237,
233,
250,
232,
182,
101,
275,
117,
255,
296,
81,
202,
228,
83,
45,
212,
118,
204,
103,
45,
80,
218,
215,
189,
193,
200,
185,
229,
174,
225,
338,
189,
82,
334,
199,
224,
184,
216,
202,
144,
225,
156,
252,
334,
155,
235,
244,
107,
264,
203,
331,
123,
286,
335,
241,
189,
236,
113,
250,
265,
257,
155,
155,
208,
119,
295,
165,
225,
118,
180,
205,
242,
233,
221,
217,
192,
180,
244,
212,
275,
218,
134,
115,
265,
344,
209,
233,
40,
211,
264,
125,
102,
274,
253,
251,
122,
240,
225,
256,
98,
173,
225,
160,
288,
248,
265,
188,
110,
139,
242,
181,
282,
300,
219,
197,
235,
130,
225,
182,
260,
238,
304,
148,
118,
252,
202,
374,
165,
234,
104,
278,
219,
294,
234,
379,
258,
251,
211,
337,
247,
247,
228,
240,
251,
178,
304,
257,
188,
265,
205,
137,
140,
172,
149,
303,
207,
260,
136,
186,
227,
249,
209,
165,
170,
382,
319,
189,
238,
273,
240,
191,
197,
204,
148,
201,
248,
145,
44,
221,
252,
372,
43,
303,
205,
154,
175,
160,
296,
216,
211,
222,
380,
197,
212,
359,
152,
161,
121,
230,
201,
316,
394,
196,
230,
216,
234,
222,
201,
243,
291,
114,
261,
234,
258,
302,
107,
81,
111,
84,
241,
101,
159,
83,
60,
268,
209,
156,
101,
41,
138,
243,
84,
96,
243,
262,
230,
264,
286,
214,
203,
190,
184,
220,
43,
189,
79,
225,
250,
185,
217,
178,
411,
216,
194,
150,
180,
157,
232,
197,
143,
211,
142,
245,
154,
235,
264,
273,
141,
255,
280,
380,
163,
273,
273,
175,
212,
401,
141,
220,
185,
300,
276,
213,
137,
287,
238,
113,
293,
352,
393,
257,
43,
132,
271,
338,
247,
239,
354,
264,
257,
196,
270,
131,
177,
373,
247,
164,
311,
129,
255,
183,
126,
229,
152,
251,
237,
244,
201,
330,
232,
227,
248,
149,
203,
273,
214,
133,
235,
208,
185,
412,
36,
160,
270,
167,
229,
119,
167,
301,
252,
153,
224,
298,
259,
278,
300,
259,
269,
248,
408,
359,
242,
238,
250,
211,
324,
283,
176,
269,
369,
148,
100,
268,
415,
225,
183,
212,
378,
213,
152,
210,
190,
199,
255,
314,
156,
180,
325,
46,
173,
159,
472,
177,
187,
153,
227,
448,
237,
418,
220,
222,
274,
216,
190,
417,
174,
147,
158,
249,
222,
373,
155,
184,
217,
204,
214,
481,
442,
158,
99,
358,
60,
152,
150,
75,
151,
133,
129,
119,
255,
150,
43,
40,
73,
251,
45,
232,
243,
270,
241,
238,
261,
212,
227,
179,
147,
208,
270,
306,
210,
178,
218,
275,
149,
281,
211,
236,
41,
247,
99,
261,
206,
148,
227,
44,
205,
234,
202,
398,
148,
180,
242,
193,
205,
147,
282,
172,
177,
236,
358,
288,
164,
313,
326,
478,
223,
118,
116,
145,
270,
296,
320,
311,
260,
349,
275,
292,
132,
266,
280,
255,
74,
203,
304,
239,
329,
167,
407,
246,
133,
254,
263,
137,
255,
256,
271,
233,
237,
275,
492,
272,
138,
480,
131,
250,
236,
200,
282,
482,
227,
239,
374,
282,
248,
238,
463,
132,
437,
371,
209,
262,
344,
278,
273,
241,
240,
270,
384,
301,
174,
201,
134,
212,
389,
239,
225,
210,
436,
226,
500,
280,
367,
270,
333,
163,
235,
223,
181,
176,
292,
331,
236,
240,
302,
152,
115,
245,
146,
190,
150,
45,
332,
165,
176,
241,
428,
187,
247,
328,
187,
199,
210,
138,
245,
270,
151,
131,
255,
219,
146,
327,
305,
527,
521,
271,
100,
419,
139,
335,
175,
314,
463,
300,
38,
390,
73,
325,
312,
386,
114,
277,
158,
383,
138,
294,
125,
147,
123,
418,
82,
38,
105,
37,
273,
260,
277,
255,
272,
198,
235,
478,
266,
327,
240,
231,
235,
211,
272,
212,
43,
235,
257,
328,
45,
228,
247,
158,
225,
250,
151,
201,
214,
152,
477,
276,
184,
315,
245,
142,
223,
145,
183,
260,
205,
295,
145,
365,
127,
320,
311,
441,
297,
144,
315,
130,
351,
297,
276,
107,
303,
302,
401,
267,
120,
254,
178,
357,
294,
296,
136,
195,
359,
186,
188,
306,
392,
177,
270,
438,
293,
240,
342,
83,
253,
280,
252,
319,
148,
44,
112,
169,
81,
258,
156,
194,
279,
450,
165,
42,
292,
196,
197,
250,
290,
129,
547,
134,
495,
290,
319,
235,
332,
423,
239,
300,
248,
45,
547,
303,
422,
282,
511,
247,
255,
346,
545,
420,
459,
324,
264,
290,
564,
258,
202,
163,
544,
343,
325,
278,
408,
286,
322,
567,
357,
189,
138,
315,
374,
257,
218,
162,
238,
263,
228,
564,
236,
414,
328,
273,
318,
332,
551,
114,
246,
240,
239,
366,
422,
149,
123,
215,
329,
170,
132,
187,
252,
406,
296,
362,
194,
335,
171,
302,
187,
290,
138,
257,
361,
264,
393,
361,
332,
278,
240,
286,
186,
254,
418,
204,
298,
72,
211,
172,
127,
276,
102,
140,
355,
140,
365,
95,
138,
257,
73,
192,
135,
110,
86,
593,
191,
90,
333,
284,
92,
232,
291,
92,
229,
86,
263,
234,
272,
218,
131,
175,
73,
284,
218,
284,
227,
300,
264,
253,
222,
199,
208,
219,
362,
149,
229,
218,
204,
317,
146,
339,
319,
97,
171,
311,
317,
327,
460,
343,
320,
159,
76,
324,
316,
327,
527,
146,
312,
316,
346,
145,
505,
168,
144,
290,
298,
220,
260,
41,
257,
320,
251,
262,
39,
163,
296,
261,
201,
270,
161,
126,
313,
138,
142,
395,
624,
175,
164,
288,
295,
126,
306,
304,
145,
649,
272,
152,
266,
254,
281,
496,
141,
661,
438,
259,
215,
267,
157,
444,
262,
385,
330,
537,
604,
396,
142,
291,
207,
161,
318,
290,
610,
438,
254,
404,
140,
221,
326,
261,
390,
291,
406,
244,
242,
383,
342,
620,
218,
392,
231,
238,
264,
335,
335,
167,
224,
376,
312,
264,
333,
342,
332,
552,
232,
224,
433,
317,
122,
365,
41,
667,
296,
201,
454,
119,
225,
322,
654,
430,
135,
154,
96,
424,
274,
394,
283,
306,
432,
245,
216,
171,
182,
101,
233,
196,
164,
109,
374,
100,
406,
415,
130,
169,
422,
215,
93,
77,
282,
99,
48,
275,
114,
203,
99,
290,
89,
46,
111,
266,
44,
48,
164,
420,
270,
235,
80,
266,
339,
234,
73,
39,
231,
227,
232,
209,
227,
267,
256,
264,
87,
41,
75,
407,
242,
196,
569,
148,
141,
213,
152,
193,
150,
314,
184,
361,
257,
481,
112,
287,
155,
400,
290,
358,
327,
131,
315,
149,
334,
314,
559,
334,
276,
313,
183,
298,
307,
369,
272,
396,
333,
394,
256,
292,
395,
345,
327,
198,
277,
316,
122,
284,
429,
281,
179,
216,
364,
40,
374,
308,
275,
415,
36,
295,
179,
645,
386,
314,
302,
397,
154,
325,
328,
334,
267,
165,
83,
204,
591,
268,
131,
214,
246,
161,
213,
138,
343,
277,
676,
295,
239,
509,
348,
90,
688,
283,
300,
654,
373,
144,
443,
195,
492,
294,
180,
193,
301,
140,
579,
651,
463,
379,
188,
342,
463,
429,
220,
43,
160,
659,
451,
154,
194,
149,
691,
138,
144,
281,
276,
93,
140,
316,
374,
267,
322,
463,
149,
133,
113,
672,
91,
359,
270,
321,
256,
300,
48,
678,
291,
362,
255,
447,
158,
389,
474,
317,
384,
354,
373,
501,
546,
320,
261,
281,
373,
337,
110,
440,
176,
279,
232,
171,
330,
56,
104,
423,
105,
110,
196,
376,
106,
99,
310,
69,
166,
51,
436,
146,
204,
280,
472,
123,
284,
118,
90,
457,
98,
79,
85,
269,
236,
73,
81,
72,
284,
229,
702,
170,
233,
228,
144,
151,
177,
274,
291,
164,
226,
222,
151,
251,
229,
256,
331,
132,
222,
305,
227,
132,
322,
41,
226,
339,
420,
297,
331,
264,
188,
337,
273,
329,
335,
741,
329,
265,
382,
249,
355,
334,
310,
220,
698,
125,
311,
295,
135,
421,
263,
141,
479,
380,
264,
124,
284,
322,
356,
207,
297,
469,
167,
146,
130,
336,
328,
538,
185,
206,
298,
265,
690,
249,
124,
334,
338,
286,
498,
96,
431,
137,
406,
532,
330,
480,
364,
322,
160,
392,
42,
695,
337,
279,
41,
516,
98,
111,
468,
714,
283,
281,
735,
94,
143,
250,
285,
348,
482,
167,
369,
494,
185,
291,
313,
149,
110,
47,
423,
747,
246,
355,
329,
404,
660,
338,
402,
318,
46,
135,
597,
198,
824,
390,
752,
372,
142,
776,
774,
231,
126,
437,
772,
484,
625,
424,
135,
768,
445,
502,
244,
84,
225,
193,
168,
170,
136,
568,
513,
473,
489,
514,
479,
295,
54,
48,
471,
204,
147,
301,
287,
212,
297,
231,
229,
293,
236,
225,
230,
38,
173,
210,
245,
162,
204,
216,
205,
215,
384,
553,
140,
349,
222,
182,
319,
191,
231,
157,
140,
291,
480,
175,
301,
195,
348,
136,
437,
45,
182,
134,
432,
171,
532,
468,
118,
397,
357,
389,
45,
323,
404,
293,
309,
345,
204,
396,
344,
182,
339,
545,
44,
135,
348,
323,
332,
346,
42,
262,
592,
338,
41,
317,
138,
275,
166,
328,
319,
167,
251,
332,
461,
130,
311,
45,
430,
296,
308,
494,
283,
326,
370,
473,
189,
292,
44,
320,
434,
326,
211,
473,
165,
302,
531,
148,
385,
361,
400,
813,
303,
394,
311,
449,
607,
132,
514,
499,
796,
473,
352,
341,
201,
273,
365,
490,
478,
331,
367,
132,
522,
318,
324,
441,
157,
218,
316,
686,
153,
48,
322,
289,
475,
366,
699,
139,
292,
332,
46,
44,
673,
474,
147,
360,
91,
468,
318,
305,
580,
345,
146,
364,
511,
790,
335,
347,
157,
199,
384,
431,
314,
804,
41,
410,
295,
187,
365,
204,
331,
146,
41,
179,
339,
805,
806,
516,
212,
425,
407,
138,
319,
178,
181,
520,
181,
403,
417,
412,
400,
123,
86,
379,
259,
474,
374,
134,
86,
102,
51,
95,
338,
134,
94,
41,
150,
134,
40,
129,
386,
79,
136,
76,
473,
36,
235,
250,
214,
47,
182,
241,
255,
598,
358,
166,
288,
206,
833,
351,
389,
335,
395,
326,
453,
370,
262,
162,
155,
35,
345,
851,
192,
179,
150,
359,
524,
314,
76,
532,
450,
193,
355,
403,
566,
331,
500,
391,
438,
158,
495,
336,
425,
460,
341,
826,
299,
445,
399,
488,
460,
320,
332,
329,
368,
258,
826,
254,
140,
117,
312,
347,
135,
845,
414,
340,
121,
44,
834,
408,
352,
119,
380,
418,
355,
214,
329,
433,
332,
159,
859,
628,
311,
446,
362,
246,
187,
304,
813,
429,
498,
528,
374,
197,
232,
527,
361,
325,
323,
498,
138,
217,
374,
46,
491,
838,
374,
816,
214,
468,
220,
136,
342,
333,
536,
210,
220,
262,
531,
874,
516,
525,
277,
310,
617,
553,
355,
102,
380,
271,
207,
46,
633,
308,
295,
49,
348,
151,
349,
179,
43,
198,
103,
109,
242,
171,
42,
343,
354,
271,
144,
327,
133,
353,
155,
424,
283,
328,
292,
512,
244,
112,
291,
139,
435,
282,
293,
414,
254,
504,
149,
242,
435,
848,
190,
260,
374,
132,
178,
246,
444,
327,
259,
419,
472,
314,
261,
902,
56,
245,
387,
685,
107,
50,
176,
442,
539,
506,
185,
140,
222,
112,
659,
211,
498,
39,
122,
150,
915,
194,
90,
68,
299,
102,
482,
220,
448,
522,
353,
308,
144,
41,
139,
88,
46,
92,
96,
103,
196,
296,
92,
369,
67,
179,
328,
331,
242,
323,
377,
190,
327,
42,
448,
319,
313,
382,
513,
198,
146,
308,
350,
307,
390,
288,
312,
483,
145,
197,
190,
878,
189,
301,
299,
207,
289,
305,
360,
145,
496,
399,
358,
379,
148,
491,
374,
677,
295,
367,
292,
461,
866,
495,
648,
112,
300,
404,
460,
298,
888,
386,
506,
343,
274,
298,
694,
327,
424,
859,
91,
284,
588,
178,
138,
573,
157,
133,
191,
137,
122,
434,
167,
169,
600,
130,
340,
183,
374,
772,
130,
472,
380,
188,
414,
184,
155,
810,
342,
415,
880,
384,
430,
546,
142,
271,
559,
880,
334,
209,
338,
424,
220,
321,
504,
42,
338,
48,
210,
105,
335,
238,
170,
306,
905,
338,
411,
319,
194,
422,
207,
402,
168,
148,
458,
711,
689,
424,
949,
479,
375,
370,
300,
45,
401,
521,
455,
918,
289,
291,
480,
402,
510,
919,
629,
312,
95,
42,
258,
325,
311,
358,
959,
829,
140,
551,
290,
483,
144,
719,
209,
143,
152,
369,
311,
501,
397,
314,
127,
149,
40,
539,
94,
222,
503,
555,
136,
135,
146,
69,
41,
455,
43,
111,
49,
500,
567,
58,
109,
113,
89,
47,
81,
319,
121,
324,
46,
322,
87,
85,
316,
105,
969,
315,
92,
321,
202,
84,
215,
710,
268,
201,
205,
473,
146,
181,
249,
314,
400,
86,
312,
539,
481,
358,
326,
335,
488,
214,
469,
518,
321,
503,
400,
269,
425,
352,
428,
213,
503,
245,
505,
412,
136,
445,
958,
345,
375,
491,
269,
875,
386,
493,
510,
215,
938,
531,
152,
177,
171,
436,
428,
148,
748,
192,
160,
397,
156,
120,
951,
168,
247,
124,
339,
128,
793,
328,
189,
366,
951,
164,
145,
391,
333,
134,
963,
397,
943,
677,
167,
437,
49,
739,
414,
855,
335,
443,
631,
538,
427,
416,
258,
422,
949,
45,
271,
478,
444,
411,
447,
382,
175,
664,
202,
953,
195,
310,
717,
168,
154,
448,
524,
412,
947,
934,
157,
156,
163,
174,
570,
229,
403,
466,
263,
289,
376,
917,
366,
535,
552,
343,
255,
514,
288,
300,
588,
459,
330,
373,
349,
158,
350,
45,
428,
407,
459,
122,
512,
495,
128,
420,
346,
145,
379,
609,
145,
460,
306,
120,
209,
607,
461,
429,
172,
90,
121,
558,
331,
114,
162,
76,
547,
449,
129,
49,
36,
592,
88,
519,
64,
331,
561,
543,
134,
132,
540,
101,
43,
214,
91,
270,
77,
366,
41,
199,
240,
39,
976,
208,
182,
221,
236,
206,
259,
171,
181,
168,
41,
426,
1000,
497,
494,
228,
138,
158,
447,
194,
97,
187,
451,
204,
489,
435,
213,
488,
171,
500,
515,
481,
186,
177,
478,
213,
439,
442,
214,
480,
970,
640,
176,
432,
487,
982,
439,
396,
594,
431,
702,
38,
341,
407,
139,
172,
331,
625,
386,
498,
314,
402,
353,
443,
603,
403,
503,
403,
1024,
455,
352,
642,
369,
374,
406,
151,
350,
547,
172,
314,
1006,
410,
383,
438,
488,
519,
174,
560,
583,
456,
185,
170,
891,
875,
437,
182,
565,
420,
411,
202,
400,
174,
449,
157,
185,
434,
842,
375,
433,
407,
165,
144,
328,
332,
620,
212,
290,
391,
119,
778,
610,
149,
417,
147,
45,
345,
284,
43,
342,
341,
457,
752,
337,
46,
349,
660,
478,
471,
442,
117,
299,
377,
145,
434,
282,
1008,
557,
484,
595,
325,
441,
292,
269,
1035,
544,
116,
545,
118,
670,
365,
582,
369,
283,
355,
95,
147,
80,
138,
41,
579,
87,
52,
38,
325,
42,
78,
37,
132,
82,
304,
81,
118,
575,
117,
260,
243,
249,
38,
276,
258,
117,
41,
229,
838,
190,
391,
218,
39,
181,
224,
299,
331,
219,
216,
169,
199,
203,
419,
190,
176,
178,
108,
195,
218,
640,
403,
505,
315,
499,
412,
403,
146,
88,
417,
402,
132,
1054,
252,
495,
564,
675,
38,
86,
187,
1032,
592,
630,
684,
602,
521,
168,
419,
607,
683,
1019,
144,
456,
195,
319,
273,
410,
403,
520,
609,
124,
476,
1020,
360,
264,
447,
358,
262,
203,
415,
470,
498,
87,
423,
444,
167,
933,
191,
670,
39,
854,
1009,
588,
167,
646,
451,
1097,
525,
424,
415,
628,
420,
627,
410,
163,
586,
484,
531,
156,
167,
628,
369,
432,
432,
506,
180,
1110,
679,
669,
205,
518,
305,
189,
388,
520,
277,
155,
150,
391,
500,
800,
819,
213,
238,
442,
295,
585,
44,
544,
481,
465,
740,
461,
394,
492,
347,
486,
436,
388,
44,
453,
49,
141,
250,
534,
483,
442,
48,
39,
162,
152,
526,
1099,
152,
543,
103,
681,
655,
108,
623,
148,
177,
107,
58,
501,
41,
193,
77,
542,
260,
434,
609,
44,
250,
498,
43,
505,
496,
503,
141,
492,
388,
138,
496,
80,
487,
229,
163,
492,
483,
587,
1062,
509,
248,
416,
341,
235,
480,
413,
204,
383,
1108,
484,
422,
1100,
453,
222,
413,
214,
422,
493,
408,
166,
51,
424,
446,
423,
687,
430,
412,
438,
598,
50,
347,
849,
416,
210,
584,
462,
49,
211,
422,
642,
439,
447,
580,
154,
602,
148,
578,
456,
458,
576,
545,
167,
432,
347,
137,
424,
128,
591,
510,
539,
185,
351,
367,
120,
239,
133,
133,
480,
592,
188,
41,
543,
450,
170,
490,
448,
210,
509,
683,
198,
437,
190,
452,
436,
255,
456,
484,
400,
436,
1115,
1114,
888,
433,
97,
163,
51,
431,
319,
424,
564,
391,
418,
1068,
178,
176,
493,
707,
154,
1003,
160,
155,
525,
632,
142,
148,
513,
251,
371,
311,
44,
295,
940,
147,
308,
494,
571,
303,
170,
511,
430,
270,
220,
536,
1072,
655,
287,
271,
147,
438,
205,
612,
723,
261,
374,
486,
513,
155,
677,
897,
272,
238,
952,
379,
472,
41,
531,
209,
43,
450,
404,
556,
1193,
515,
426,
41,
156,
503,
472,
212,
152,
441,
421,
43,
92,
549,
42,
603,
466,
89,
43,
137,
131,
265,
699,
42,
208,
123,
548,
655,
703,
222,
81,
39,
212,
72,
180,
176,
451,
547,
503,
189,
138,
39,
384,
106,
296,
102,
392,
1024,
210,
258,
217,
155,
266,
1084,
269,
210,
275,
436,
468,
214,
247,
595,
862,
471,
994,
251,
1102,
273,
255,
168,
627,
890,
153,
200,
215,
394,
737,
184,
540,
229,
765,
179,
307,
1133,
497,
768,
122,
102,
210,
479,
493,
1176,
488,
497,
45,
484,
492,
245,
439,
574,
620,
1214,
349,
142,
456,
478,
426,
443,
406,
231,
150,
442,
177,
679,
1240,
396,
552,
357,
345,
348,
771,
431,
461,
461,
160,
253,
201,
187,
46,
199,
787,
513,
183,
878,
440,
354,
149,
255,
504,
415,
928,
438,
934,
1159,
159,
202,
912,
1159,
151,
488,
608,
152,
544,
837,
454,
216,
1146,
168,
671,
418,
205,
45,
823,
421,
145,
144,
44,
258,
1229,
525,
154,
249,
410,
108,
151,
695,
44,
414,
108,
39,
513,
545,
538,
1216,
133,
388,
414,
107,
1148,
519,
911,
489,
411,
445,
384,
475,
545,
524,
140,
607,
528,
150,
135,
1235,
93,
140,
114,
1215,
440,
92,
40,
563,
429,
130,
110,
473,
127,
687,
49,
164,
626,
87,
437,
154,
126,
41,
103,
41,
85,
206,
161,
205,
158,
156,
395,
241,
196,
194,
639,
280,
192,
235,
209,
186,
235,
1129,
175,
247,
169,
409,
498,
154,
214,
495,
398,
408,
397,
184,
402,
356,
248,
175,
401,
339,
276,
124,
396,
347,
511,
520,
677,
45,
180,
235,
754,
44,
408,
129,
520,
880,
413,
384,
64,
655,
1182,
139,
678,
801,
159,
173,
345,
1126,
201,
127,
157,
142,
220,
86,
158,
834,
194,
1212,
564,
457,
1203,
585,
141,
160,
48,
513,
641,
545,
570,
414,
1038,
544,
828,
494,
40,
1258,
455,
519,
164,
751,
785,
791,
176,
494,
359,
478,
784,
1268,
493,
159,
1038,
800,
191,
721,
570,
177,
617,
1231,
288,
689,
269,
486,
571,
417,
534,
242,
214,
452,
461,
308,
147,
467,
718,
1253,
488,
477,
960,
407,
378,
530,
538,
475,
1327,
363,
548,
1175,
438,
480,
444,
603,
1221,
524,
603,
405,
462,
502,
151,
352,
987,
631,
418,
85,
473,
585,
40,
311,
749,
120,
163,
505,
578,
651,
312,
120,
39,
273,
58,
82,
79,
325,
707,
428,
60,
81,
369,
54,
74,
85,
49,
79,
46,
43,
658,
41,
221,
732,
85,
191,
676,
41,
655,
163,
661,
376,
238,
254,
271,
149,
298,
231,
211,
226,
168,
254,
217,
197,
202,
45,
264,
397,
562,
544,
230,
226,
185,
518,
743,
537,
768,
505,
1153,
422,
480,
510,
420,
449,
290,
837,
166,
1236,
709,
281,
416,
185,
421,
420,
496,
501,
116,
135,
221,
1241,
481,
495,
206,
408,
153,
222,
586,
102,
157,
206,
42,
1228,
541,
205,
159,
160,
130,
164,
107,
1233,
133,
411,
98,
625,
437,
185,
470,
636,
499,
1261,
533,
136,
347,
469,
554,
452,
144,
1238,
740,
740,
1218,
48,
582,
204,
187,
46,
547,
504,
320,
451,
714,
508,
137,
282,
323,
456,
141,
702,
614,
144,
547,
182,
174,
504,
363,
409,
1387,
438,
331,
239,
165,
323,
46,
391,
382,
199,
286,
757,
408,
234,
1207,
140,
156,
228,
248,
588,
128,
430,
386,
106,
427,
577,
370,
1209,
513,
800,
453,
136,
262,
527,
552,
532,
809,
1326,
509,
110,
663,
1308,
562,
463,
173,
165,
1381,
522,
227,
1337,
452,
105,
86,
223,
76,
95,
128,
87,
689,
125,
628,
236,
657,
219,
215,
98,
578,
51,
203,
622,
82,
214,
39,
93,
209,
628,
60,
42,
658,
76,
200,
238,
199,
211,
573,
315,
186,
268,
195,
199,
265,
193,
204,
234,
192,
227,
228,
39,
177,
171,
197,
678,
43,
290,
536,
234,
636,
245,
187,
258,
373,
37,
233,
284,
189,
168,
477,
398,
231,
148,
422,
482,
847,
186,
145,
905,
449,
252,
416,
899,
129,
102,
827,
251,
478,
848,
174,
956,
99,
125,
173,
118,
235,
273,
1032,
273,
206,
893,
235,
39,
121,
1332,
589,
1353,
627,
530,
113,
260,
613,
41,
571,
151,
171,
513,
407,
271,
608,
552,
635,
1066,
252,
426,
87,
1326,
566,
523,
506,
511,
1315,
675,
156,
112,
354,
162,
511,
148,
790,
156,
1241,
493,
767,
640,
280,
228,
411,
322,
847,
820,
623,
1330,
800,
752,
714,
349,
530,
849,
1411,
591,
545,
713,
471,
537,
201,
483,
533,
256,
44,
335,
640,
539,
537,
1236,
531,
332,
352,
1379,
521,
305,
39,
498,
513,
561,
159,
532,
155,
141,
106,
555,
641,
563,
657,
742,
251,
144,
110,
608,
105,
559,
67,
109,
676,
266,
614,
72,
265,
671,
172,
657,
98,
78,
82,
481,
230,
212,
1379,
371,
203,
193,
936,
213,
219,
41,
223,
203,
187,
632,
650,
248,
500,
222,
1389,
41,
38,
443,
490,
270,
641,
426,
382,
474,
229,
495,
558,
250,
299,
634,
484,
411,
834,
375,
947,
366,
131,
296,
505,
271,
122,
431,
122,
254,
242,
199,
461,
1386,
231,
135,
242,
368,
139,
242,
431,
163,
144,
343,
241,
273,
1301,
442,
630,
896,
241,
230,
218,
221,
163,
250,
862,
163,
515,
1347,
430,
190,
160,
689,
307,
726,
177,
95,
456,
771,
588,
364,
865,
663,
243,
1432,
195,
668,
617,
242,
1352,
193,
1439,
671,
449,
200,
887,
520,
435,
193,
186,
870,
196,
1347,
1430,
152,
691,
561,
201,
281,
1404,
180,
523,
251,
181,
891,
158,
267,
157,
511,
41,
540,
503,
134,
170,
199,
800,
626,
478,
349,
140,
583,
434,
137,
171,
496,
146,
147,
573,
144,
680,
1297,
528,
152,
575,
556,
359,
203,
79,
812,
1372,
247,
96,
607,
140,
61,
646,
74,
97,
239,
93,
91,
271,
47,
247,
56,
691,
58,
39,
624,
42,
595,
648,
383,
367,
291,
222,
206,
218,
1217,
333,
205,
722,
278,
43,
148,
704,
204,
392,
195,
38,
379,
216,
583,
432,
261,
160,
631,
369,
323,
1174,
40,
683,
368,
539,
274,
1409,
156,
841,
165,
117,
845,
553,
709,
312,
158,
170,
42,
787,
1142,
111,
211,
1426,
209,
232,
308,
1142,
484,
1405,
294,
217,
183,
179,
636,
112,
159,
146,
857,
626,
446,
475,
490,
109,
384,
591,
685,
139,
43,
197,
787,
859,
455,
272,
437,
1429,
465,
1426,
877,
431,
855,
143,
360,
746,
936,
959,
199,
180,
949,
185,
371,
395,
548,
1376,
912,
190,
565,
159,
249,
723,
708,
1367,
966,
164,
236,
879,
175,
1422,
163,
42,
241,
540,
251,
560,
157,
184,
1433,
128,
847,
1450,
472,
44,
152,
140,
537,
1233,
642,
965,
240,
679,
445,
489,
626,
1526,
490,
636,
239,
458,
552,
139,
147,
455,
277,
134,
124,
224,
311,
232,
691,
594,
134,
631,
157,
132,
663,
715,
996,
631,
225,
136,
95,
701,
217,
691,
386,
261,
193,
124,
94,
97,
384,
118,
365,
92,
366,
235,
845,
848,
84,
326,
856,
78,
60,
677,
227,
39,
346,
331,
213,
177,
255,
212,
562,
75,
299,
250,
270,
314,
332,
274,
228,
1231,
792,
191,
246,
206,
178,
894,
364,
308,
133,
196,
583,
602,
144,
787,
278,
566,
253,
938,
573,
569,
786,
41,
1191,
140,
383,
359,
935,
1236,
812,
526,
580,
443,
525,
159,
252,
519,
645,
1292,
523,
42,
153,
506,
246,
552,
1047,
1077,
782,
126,
787,
114,
820,
330,
1382,
206,
243,
114,
661,
175,
634,
162,
147,
636,
241,
140,
442,
461,
938,
478,
287,
120,
639,
151,
702,
125,
719,
778,
386,
653,
206,
970,
422,
385,
966,
349,
696,
949,
185,
321,
270,
689,
149,
1442,
1511,
642,
146,
154,
967,
213,
727,
714,
290,
238,
675,
242,
421,
224,
1500,
1103,
184,
539,
316,
999,
187,
577,
181,
403,
1417,
275,
520,
892,
43,
1544,
403,
485,
927,
1429,
462,
459,
129,
271,
153,
1403,
1364,
528,
387,
223,
1371,
141,
149,
142,
256,
1402,
844,
656,
288,
458,
86,
96,
648,
1475,
643,
456,
241,
129,
132,
128,
124,
733,
68,
759,
239,
242,
51,
109,
335,
117,
253,
925,
50,
60,
45,
932,
936,
931,
928,
860,
856,
98,
296,
301,
169,
817,
862,
155,
331,
856,
191,
758,
571,
1449,
689,
849,
566,
223,
569,
798,
749,
561,
552,
240,
565,
290,
963,
857,
162,
491,
617,
239,
661,
928,
336,
670,
769,
279,
467,
388,
1105,
711,
757,
144,
435,
301,
309,
502,
861,
39,
839,
1085,
586,
532,
234,
422,
175,
511,
1351,
168,
1589,
203,
1411,
840,
158,
1053,
1484,
163,
248,
480,
172,
1073,
135,
533,
141,
150,
191,
382,
473,
153,
390,
165,
381,
206,
663,
350,
127,
143,
140,
204,
1114,
257,
307,
874,
249,
127,
130,
422,
531,
1496,
918,
1185,
874,
1598,
413,
753,
967,
249,
889,
854,
195,
859,
707,
577,
966,
1125,
876,
616,
847,
795,
928,
538,
787,
498,
237,
1613,
794,
170,
502,
771,
869,
868,
378,
204,
846,
186,
973,
177,
146,
208,
178,
162,
894,
711,
136,
505,
816,
1363,
366,
161,
168,
847,
303,
462,
214,
139,
155,
309,
135,
274,
496,
435,
336,
1237,
524,
148,
321,
759,
837,
910,
1541,
629,
678,
454,
727,
350,
720,
454,
989,
139,
100,
325,
273,
358,
134,
45,
808,
115,
60,
221,
254,
319,
375,
369,
115,
109,
400,
348,
115,
330,
183,
309,
843,
854,
110,
304,
842,
281,
262,
259,
196,
171,
246,
341,
199,
1121,
220,
216,
217,
151,
1290,
220,
891,
1169,
262,
211,
409,
1127,
173,
1496,
484,
514,
116,
858,
511,
178,
883,
886,
508,
389,
505,
399,
503,
498,
1494,
790,
102,
447,
484,
1473,
377,
174,
58,
952,
401,
1187,
1144,
758,
620,
488,
437,
635,
266,
1230,
1030,
1155,
491,
1056,
165,
213,
907,
164,
163,
1327,
236,
679,
43,
267,
92,
151,
687,
163,
184,
216,
1055,
172,
243,
236,
692,
347,
477,
1284,
953,
44,
173,
179,
171,
568,
801,
521,
612,
883,
920,
556,
814,
1056,
544,
942,
200,
1628,
788,
42,
862,
524,
202,
1490,
784,
820,
1109,
842,
200,
544,
694,
701,
159,
893,
484,
330,
1468,
784,
152,
458,
963,
1128,
145,
1449,
319,
273,
160,
780,
968,
317,
45,
586,
521,
165,
1427,
1518,
914,
194,
101,
1562,
661,
532,
187,
335,
176,
186,
792,
112,
139,
752,
702,
166,
269,
871,
377,
755,
918,
417,
887,
291,
1253,
362,
271,
1597,
235,
323,
411,
204,
95,
152,
429,
933,
43,
151,
834,
221,
134,
823,
100,
270,
537,
423,
793,
321,
1616,
393,
222,
286,
41,
322,
379,
424,
110,
287,
39,
103,
240,
272,
245,
424,
119,
411,
265,
253,
82,
103,
222,
391,
245,
75,
250,
408,
42,
40,
171,
233,
1640,
270,
221,
196,
251,
216,
894,
182,
178,
195,
215,
174,
1204,
222,
856,
625,
502,
1234,
405,
1061,
518,
511,
435,
827,
163,
348,
1341,
767,
856,
41,
953,
379,
160,
801,
336,
499,
158,
162,
178,
781,
487,
186,
402,
1376,
529,
578,
1235,
499,
929,
211,
955,
1127,
133,
408,
156,
595,
508,
590,
1063,
133,
580,
149,
485,
1202,
193,
585,
152,
390,
180,
570,
143,
1267,
123,
133,
923,
460,
799,
799,
896,
200,
760,
811,
467,
161,
967,
921,
1247,
858,
439,
605,
1306,
704,
841,
868,
1591,
966,
738,
211,
689,
562,
693,
454,
1000,
403,
708,
605,
190,
323,
439,
894,
862,
701,
799,
147,
592,
181,
1669,
614,
489,
116,
208,
204,
318,
188,
144,
1598,
383,
910,
288,
181,
259,
384,
971,
218,
994,
1685,
1691,
259,
109,
158,
117,
546,
330,
186,
560,
428,
450,
1584,
978,
240,
40,
275,
183,
876,
495,
904,
39,
540,
215,
295,
474,
118,
462,
238,
209,
823,
332,
948,
1537,
258,
445,
115,
439,
215,
825,
133,
94,
137,
79,
124,
214,
133,
43,
371,
104,
80,
252,
98,
1577,
1011,
47,
222,
517,
62,
317,
936,
97,
440,
46,
895,
934,
178,
861,
466,
42,
409,
949,
80,
948,
942,
148,
937,
145,
201,
218,
209,
223,
208,
214,
212,
182,
210,
217,
988,
1230,
355,
236,
408,
334,
151,
333,
161,
625,
151,
1022,
452,
342,
339,
456,
300,
885,
533,
478,
578,
151,
343,
404,
1408,
398,
275,
89,
413,
1304,
534,
409,
1670,
1552,
944,
116,
171,
146,
139,
116,
1425,
121,
194,
1578,
403,
1613,
1577,
174,
131,
272,
42,
84,
1585,
915,
1125,
778,
515,
1665,
48,
178,
207,
928,
167,
524,
1044,
899,
313,
546,
970,
352,
1220,
926,
172,
1329,
304,
529,
892,
604,
828,
49,
380,
613,
566,
1329,
155,
343,
169,
628,
888,
202,
161,
784,
476,
179,
299,
443,
45,
853,
158,
784,
141,
243,
280,
436,
606,
982,
1540,
329,
781,
265,
176,
964,
618,
876,
597,
609,
165,
1601,
1077,
830,
517,
47,
194,
1060,
389,
1606,
912,
547,
410,
229,
518,
348,
318,
237,
935,
490,
1603,
221,
310,
1601,
370,
519,
497,
44,
42,
303,
1691,
448,
851,
501,
895,
136,
688,
155,
64,
97,
840,
447,
637,
102,
442,
95,
386,
1693,
49,
99,
93,
346,
227,
129,
257,
385,
87,
50,
1014,
35,
1667,
82,
368,
941,
1017,
933,
247,
939,
252,
924,
295,
453,
238,
331,
910,
171,
892,
231,
1405,
938,
247,
901,
80,
229,
887,
189,
424,
1276,
509,
562,
591,
1650,
79,
425,
191,
1422,
162,
46,
239,
589,
1468,
42,
162,
342,
112,
289,
877,
304,
189,
43,
1505,
1472,
1285,
1477,
249,
234,
1139,
174,
1359,
1667,
79,
234,
299,
252,
128,
1173,
508,
233,
492,
557,
1802,
246,
163,
152,
1057,
607,
593,
1056,
982,
1403,
230,
881,
414,
1425,
672,
39,
410,
393,
192,
186,
696,
864,
685,
784,
186,
965,
924,
888,
400,
611,
961,
203,
952,
208,
883,
599,
511,
587,
472,
607,
165,
185,
541,
233,
968,
1679,
45,
281,
858,
265,
486,
196,
415,
1130,
255,
301,
159,
166,
499,
276,
873,
648,
285,
489,
456,
1707,
893,
1147,
124,
420,
1731,
388,
324,
76,
147,
41,
140,
258,
1720,
400,
345,
165,
344,
503,
125,
463,
125,
40,
965,
1471,
109,
125,
129,
65,
118,
43,
112,
930,
80,
485,
77,
927,
469,
918,
466,
457,
857,
937,
456,
288,
958,
446,
295,
966,
236,
246,
1509,
502,
490,
496,
401,
43,
1475,
478,
282,
961,
124,
905,
902,
42,
502,
210,
190,
507,
912,
1459,
395,
665,
845,
521,
393,
884,
957,
451,
167,
535,
1313,
404,
449,
946,
453,
384,
1109,
334,
951,
439,
214,
277,
1778,
209,
424,
220,
246,
437,
196,
1762,
284,
691,
1015,
1354,
246,
1835,
188,
446,
170,
119,
552,
1036,
807,
1783,
906,
134,
1710,
467,
521,
850,
1776,
246,
471,
462,
1089,
1763,
1035,
695,
458,
244,
380,
948,
241,
1741,
658,
208,
963,
708,
215,
1082,
1698,
910,
623,
404,
620,
612,
610,
246,
44,
643,
1719,
587,
537,
532,
647,
262,
1008,
252,
158,
665,
620,
154,
393,
410,
157,
929,
144,
519,
963,
170,
46,
959,
278,
1179,
282,
599,
176,
174,
146,
628,
1031,
442,
916,
166,
1007,
170,
331,
163,
974,
49,
323,
536,
1030,
307,
856,
361,
222,
1799,
190,
1556,
258,
49,
308,
874,
41,
407,
939,
989,
289,
108,
377,
283,
382,
35,
1811,
127,
115,
351,
108,
96,
264,
387,
115,
1904,
500,
37,
408,
257,
79,
97,
382,
642,
96,
87,
56,
929,
491,
50,
430,
485,
583,
483,
266,
79,
478,
367,
48,
463,
558,
274,
420,
272,
932,
512,
248,
460,
471,
421,
416,
469,
1492,
357,
421,
499,
404,
339,
396,
1747,
420,
483,
408,
938,
275,
258,
1327,
462,
571,
952,
425,
264,
338,
154,
1361,
293,
191,
185,
922,
116,
1746,
131,
932,
1873,
41,
243,
150,
392,
191,
916,
40,
1770,
1090,
1478,
141,
219,
167,
601,
1078,
180,
685,
922,
560,
385,
1789,
291,
579,
1805,
193,
528,
552,
392,
519,
204,
876,
251,
918,
1839,
175,
554,
952,
976,
356,
1232,
570,
405,
1209,
264,
419,
194,
147,
211,
178,
173,
1176,
151,
2050,
158,
322,
541,
183,
299,
506,
163,
506,
131,
529,
125,
210,
804,
424,
245,
1110,
442,
292,
804,
581,
1237,
520,
39,
376,
969,
260,
38,
1817,
1040,
460,
425,
1045,
1864,
805,
293,
509,
406,
1803,
363,
295,
434,
1874,
144,
38,
207,
348,
306,
153,
1446,
354,
206,
146,
149,
40,
245,
301,
147,
1048,
422,
409,
1013,
251,
320,
418,
106,
548,
88,
198,
149,
435,
42,
95,
467,
48,
270,
1650,
430,
39,
270,
205,
94,
922,
555,
440,
1203,
46,
41,
232,
255,
220,
80,
165,
959,
1081,
117,
208,
213,
224,
254,
76,
578,
515,
955,
201,
963,
426,
386,
404,
418,
405,
588,
342,
201,
425,
1832,
193,
671,
675,
447,
1845,
183,
671,
1911,
1836,
594,
181,
1333,
494,
1382,
150,
39,
176,
1310,
70,
139,
233,
1134,
567,
1075,
465,
480,
1418,
125,
163,
565,
351,
1364,
187,
477,
264,
41,
426,
678,
1233,
233,
40,
1858,
527,
1375,
1059,
1818,
236,
361,
1884,
690,
964,
513,
209,
319,
604,
188,
511,
1498,
958,
219,
227,
218,
543,
208,
464,
194,
941,
865,
615,
779,
1981,
137,
167,
502,
366,
440,
607,
48,
183,
790,
662,
1773,
1832,
843,
172,
166,
1025,
276,
271,
1015,
48,
755,
165,
269,
417,
206,
1064,
174,
209,
1903,
180,
42,
1237,
340,
276,
1222,
497,
381,
339,
181,
874,
310,
1166,
176,
689,
200,
294,
279,
109,
411,
545,
151,
149,
81,
135,
328,
95,
472,
304,
177,
151,
310,
448,
352,
445,
257,
88,
38,
394,
1203,
507,
892,
500,
245,
554,
149,
68,
41,
346,
77,
565,
243,
463,
462,
932,
432,
928,
189,
450,
46,
869,
253,
1917,
297,
208,
422,
583,
431,
429,
542,
513,
384,
240,
293,
247,
53,
361,
77,
229,
514,
297,
545,
120,
176,
807,
401,
295,
350,
1761,
119,
373,
231,
215,
232,
421,
206,
213,
390,
170,
287,
157,
196,
197,
216,
153,
177,
1878,
393,
206,
398,
1050,
227,
1029,
912,
173,
929,
116,
36,
757,
507,
129,
1865,
739,
1857,
746,
962,
119,
1372,
505,
961,
163,
335,
131,
1418,
1469,
464,
756,
1316,
40,
438,
304,
1365,
39,
779,
411,
1345,
512,
446,
493,
1954,
369,
300,
401,
472,
377,
254,
963,
573,
438,
445,
41,
522,
880,
962,
768,
1230,
802,
1172,
653,
523,
630,
214,
1873,
557,
611,
376,
531,
887,
1354,
490,
609,
190,
1865,
436,
163,
566,
210,
694,
1094,
1143,
150,
172,
950,
392,
607,
398,
772,
161,
641,
189,
605,
189,
420,
1056,
835,
44,
211,
309,
170,
168,
1101,
1193,
160,
189,
357,
507,
260,
163,
46,
44,
613,
139,
357,
1614,
149,
113,
151,
135,
1495,
339,
307,
317,
1521,
300,
406,
917,
1943,
1110,
287,
324,
291,
417,
127,
246,
403,
100,
132,
76,
71,
256,
42,
126,
114,
1878,
242,
560,
1099,
300,
63,
269,
161,
114,
481,
555,
215,
741,
114,
46,
532,
45,
347,
936,
42,
228,
526,
245,
397,
935,
521,
922,
220,
528,
844,
428,
572,
36,
854,
475,
291,
666,
519,
230,
940,
538,
1859,
308,
768,
449,
589,
814,
401,
243,
1416,
252,
767,
348,
559,
539,
195,
290,
1597,
440,
147,
583,
491,
435,
302,
149,
154,
432,
573,
524,
521,
130,
581,
801,
40,
399,
1477,
250,
114,
500,
437,
423,
1556,
495,
96,
244,
2012,
436,
1909,
388,
1241,
577,
1151,
160,
1249,
2198,
1792,
203,
502,
157,
141,
271,
1304,
264,
147,
554,
268,
185,
546,
977,
546,
204,
996,
688,
1357,
520,
602,
1889,
1899,
1024,
302,
474,
885,
240,
1948,
867,
494,
816,
874,
526,
730,
522,
368,
447,
1240,
189,
193,
475,
1224,
619,
619,
242,
508,
214,
228,
2025,
512,
606,
1127,
194,
184,
158,
569,
1135,
197,
175,
165,
473,
888,
243,
450,
319,
134,
180,
351,
268,
203,
165,
425,
630,
523,
137,
1062,
189,
787,
475,
386,
1038,
122,
695,
146,
44,
401,
460,
152,
590,
159,
374,
236,
45,
1205,
1903,
203,
40,
110,
524,
147,
224,
310,
464,
642,
339,
435,
359,
216,
235,
1278,
542,
325,
133,
584,
152,
273,
597,
233,
339,
434,
103,
260,
100,
101,
1056,
93,
53,
80,
230,
269,
565,
2074,
552,
436,
79,
548,
79,
437,
524,
43,
839,
87,
824,
36,
766,
505,
475,
452,
1824,
44,
328,
443,
459,
430,
237,
327,
319,
1471,
246,
1888,
2006,
341,
330,
748,
171,
229,
40,
2189,
894,
329,
208,
327,
204,
445,
161,
230,
211,
1228,
172,
486,
42,
253,
491,
196,
725,
365,
752,
743,
732,
559,
207,
715,
1917,
224,
121,
704,
883,
45,
2233,
1272,
848,
1465,
483,
1308,
244,
838,
160,
845,
1583,
581,
149,
267,
670,
339,
824,
807,
180,
866,
174,
2126,
163,
532,
375,
208,
917,
795,
1963,
1027,
514,
1380,
41,
824,
1419,
40,
491,
597,
1964,
601,
955,
274,
179,
95,
204,
1100,
212,
544,
1071,
525,
138,
629,
750,
478,
96,
349,
151,
476,
198,
44,
880,
147,
1020,
1154,
524,
641,
659,
1239,
716,
145,
181,
186,
685,
894,
296,
773,
144,
167,
157,
131,
1317,
146,
124,
794,
304,
1297,
226,
758,
408,
357,
290,
647,
256,
279,
40,
147,
1307,
356,
149,
2070,
216,
104,
139,
661,
357,
255,
1969,
352,
2098,
1986,
134,
331,
2211,
94,
474,
234,
228,
417,
333,
315,
386,
867,
176,
40,
563,
227,
63,
57,
156,
77,
563,
207,
986,
214,
477,
451,
465,
317,
293,
485,
371,
370,
368,
213,
492,
367,
187,
287,
80,
196,
502,
39,
246,
467,
485,
206,
200,
120,
1693,
531,
153,
421,
427,
330,
152,
239,
338,
186,
578,
443,
153,
421,
40,
157,
1939,
39,
344,
2032,
148,
171,
2003,
312,
369,
682,
308,
206,
272,
500,
138,
2119,
2197,
828,
178,
658,
541,
153,
117,
777,
579,
124,
538,
42,
276,
1159,
149,
1327,
368,
162,
888,
1320,
862,
880,
884,
978,
42,
278,
316,
530,
880,
257,
207,
1424,
603,
912,
191,
483,
172,
607,
440,
1350,
207,
327,
303,
174,
1344,
155,
625,
173,
2005,
186,
1427,
315,
174,
166,
277,
563,
2135,
46,
241,
494,
160,
191,
194,
298,
2057,
2078,
457,
299,
276,
816,
155,
146,
221,
1041,
443,
2052,
441,
277,
163,
312,
42,
800,
2088,
448,
412,
290,
41,
543,
1288,
525,
348,
131,
461,
262,
268,
386,
40,
128,
348,
571,
41,
257,
1505,
101,
565,
39,
563,
654,
36,
85,
485,
80,
119,
2007,
444,
174,
437,
439,
437,
434,
39,
852,
930,
845,
39,
301,
852,
424,
814,
1140,
845,
173,
773,
856,
850,
402,
845,
669,
479,
498,
45,
257,
39,
143,
2039,
468,
162,
482,
1735,
167,
2006,
174,
324,
322,
161,
1972,
573,
334,
1750,
2200,
812,
501,
41,
335,
175,
124,
953,
194,
2039,
949,
280,
171,
218,
227,
877,
216,
319,
858,
605,
295,
252,
347,
185,
216,
38,
346,
1376,
258,
321,
682,
128,
2133,
1204,
1444,
606,
186,
531,
605,
38,
535,
1323,
685,
892,
678,
504,
1105,
1447,
603,
1417,
209,
1775,
531,
204,
953,
883,
440,
687,
1252,
174,
180,
1964,
116,
197,
188,
1280,
561,
1831,
201,
44,
186,
307,
513,
175,
508,
198,
179,
108,
1067,
580,
328,
520,
1271,
205,
159,
983,
325,
127,
181,
246,
507,
2070,
999,
294,
46,
1442,
484,
269,
1100,
1456,
385,
496,
343,
135,
192,
492,
236,
214,
377,
253,
340,
218,
590,
201,
334,
154,
83,
89,
122,
46,
294,
567,
490,
132,
333,
641,
117,
494,
122,
823,
37,
259,
511,
790,
750,
116,
82,
66,
557,
745,
294,
533,
752,
552,
673,
2067,
751,
522,
496,
518,
282,
742,
195,
76,
534,
295,
194,
552,
206,
348,
527,
43,
49,
527,
234,
474,
1338,
478,
534,
476,
579,
50,
520,
513,
475,
422,
41,
189,
340,
524,
370,
704,
1473,
231,
173,
40,
345,
196,
376,
143,
565,
444,
120,
919,
588,
525,
511,
151,
129,
814,
387,
587,
127,
231,
920,
506,
598,
963,
596,
578,
1664,
218,
917,
48,
506,
145,
1622,
1592,
481,
213,
177,
1449,
157,
910,
428,
192,
205,
144,
999,
1330,
647,
1459,
201,
406,
562,
297,
861,
1316,
1448,
504,
1486,
2080,
564,
1311,
1334,
1416,
1183,
605,
330,
165,
218,
1384,
208,
546,
407,
181,
57,
201,
952,
1322,
385,
179,
160,
1353,
204,
193,
150,
119,
203,
169,
558,
618,
544,
195,
170,
1490,
320,
571,
148,
1313,
523,
380,
45,
660,
185,
277,
514,
1519,
290,
335,
509,
2157,
2287,
1319,
151,
157,
509,
560,
240,
344,
593,
1253,
1841,
43,
2099,
102,
41,
1537,
223,
134,
2069,
2506,
450,
1337,
42,
40,
153,
312,
1391,
154,
316,
123,
39,
103,
452,
167,
1896,
103,
449,
59,
1089,
41,
238,
271,
2080,
735,
293,
1629,
508,
318,
533,
532,
220,
498,
530,
504,
305,
45,
451,
243,
501,
170,
278,
466,
400,
204,
263,
461,
1099,
304,
681,
442,
334,
679,
105,
1699,
300,
83,
211,
291,
1945,
2137,
215,
265,
359,
2016,
254,
298,
171,
206,
295,
658,
390,
1642,
394,
410,
2066,
570,
192,
494,
523,
2149,
248,
965,
960,
163,
1657,
417,
172,
440,
140,
413,
1619,
488,
937,
412,
157,
409,
136,
404,
2223,
2567,
407,
1207,
2168,
2218,
1030,
2215,
680,
451,
157,
717,
84,
186,
48,
428,
438,
1336,
878,
42,
39,
203,
299,
1272,
244,
38,
1954,
645,
424,
139,
594,
1409,
128,
1202,
1310,
781,
246,
980,
194,
959,
181,
1160,
411,
222,
439,
245,
189,
977,
178,
1529,
205,
386,
694,
182,
212,
449,
696,
196,
1086,
696,
140,
148,
587,
222,
597,
147,
167,
174,
1232,
1965,
274,
996,
186,
184,
155,
987,
39,
304,
232,
1391,
1342,
138,
600,
1130,
668,
1793,
39,
210,
1511,
441,
560,
2052,
340,
259,
43,
677,
181,
137,
942,
718,
251,
301,
455,
36,
104,
461,
316,
464,
136,
441,
95,
514,
80,
108,
837,
41,
445,
842,
833,
238,
438,
494,
483,
842,
481,
334,
48,
461,
325,
357,
471,
480,
833,
76,
367,
377,
242,
400,
1362,
2016,
197,
2102,
473,
174,
358,
469,
158,
1239,
1966,
988,
139,
74,
364,
458,
146,
157,
1249,
540,
143,
997,
174,
255,
1275,
964,
376,
686,
129,
151,
97,
679,
1368,
1058,
250,
161,
42,
246,
1785,
941,
98,
156,
935,
373,
38,
243,
137,
2028,
624,
129,
2124,
1771,
398,
518,
769,
158,
1782,
1757,
125,
2220,
1250,
1144,
667,
254,
2228,
953,
622,
691,
146,
1338,
239,
667,
1300,
170,
658,
875,
657,
1230,
958,
183,
424,
192,
1385,
176,
1325,
744,
168,
220,
2189,
1007,
1544,
159,
1384,
1391,
173,
217,
712,
447,
2123,
206,
1287,
1171,
223,
657,
797,
791,
1353,
2043,
1378,
135,
140,
181,
105,
285,
702,
2208,
2432,
188,
163,
146,
596,
200,
660,
1249,
984,
1838,
1265,
44,
882,
2391,
975,
177,
631,
671,
396,
556,
1439,
734,
1003,
93,
47,
2373,
339,
532,
492,
1266,
39,
449,
303,
481,
97,
155,
303,
147,
42,
1030,
136,
416,
136,
2229,
85,
83,
464,
1368,
45,
502,
107,
49,
464,
84,
80,
843,
56,
461,
532,
480,
398,
38,
826,
461,
500,
85,
841,
396,
477,
462,
40,
466,
766,
256,
1291,
364,
442,
326,
233,
448,
444,
625,
161,
442,
439,
40,
769,
148,
361,
141,
518,
637,
2019,
995,
513,
1812,
915,
43,
143,
184,
1242,
509,
130,
39,
1002,
908,
508,
2259,
2157,
496,
83,
500,
1348,
303,
39,
1622,
313,
1947,
1223,
168,
1223,
184,
1247,
678,
2153,
1342,
672,
224,
1588,
1166,
654,
681,
2108,
249,
1225,
689,
640,
878,
864,
267,
1393,
1346,
300,
1257,
1380,
477,
743,
1438,
209,
1672,
2058,
700,
209,
785,
507,
179,
1059,
890,
1490,
271,
174,
1312,
713,
1715,
161,
183,
1305,
156,
186,
155,
105,
190,
155,
1427,
152,
536,
211,
953,
422,
932,
271,
150,
193,
975,
922,
177,
158,
1670,
1616,
535,
1369,
167,
657,
2065,
375,
668,
985,
1425,
2289,
497,
657,
1799,
467,
2346,
492,
322,
344,
2197,
48,
151,
149,
446,
427,
147,
2199,
127,
822,
735,
1634,
465,
544,
922,
137,
252,
539,
88,
413,
234,
138,
168,
131,
466,
69,
92,
111,
490,
909,
439,
488,
59,
486,
836,
107,
122,
749,
86,
460,
78,
88,
688,
846,
832,
85,
683,
752,
71,
56,
227,
77,
54,
566,
835,
145,
67,
161,
502,
307,
153,
685,
219,
602,
203,
684,
921,
168,
288,
503,
50,
94,
495,
1833,
480,
1309,
698,
154,
677,
474,
1219,
278,
956,
754,
123,
719,
1317,
1873,
247,
2086,
2083,
167,
475,
246,
2146,
41,
166,
2071,
124,
79,
1733,
244,
2780,
242,
192,
1358,
170,
1811,
424,
1199,
441,
1352,
1125,
668,
1749,
41,
979,
1137,
48,
777,
536,
1813,
1209,
966,
211,
190,
241,
524,
737,
788,
196,
2151,
208,
2155,
787,
534,
169,
213,
500,
2148,
1655,
490,
1276,
158,
172,
464,
957,
1248,
44,
170,
530,
181,
1362,
145,
1565,
2148,
1479,
167,
166,
169,
694,
960,
214,
707,
522,
2159,
976,
787,
1757,
1889,
41,
1300,
420,
688,
1563,
335,
410,
1164,
2142,
651,
2135,
744,
1464,
364,
2150,
147,
541,
448,
154,
540,
39,
534,
295,
539,
1182,
306,
434,
216,
251,
489,
404,
465,
726,
117,
508,
168,
447,
547,
490,
114,
102,
367,
606,
560,
483,
465,
423,
542,
519,
47,
558,
78,
506,
625,
495,
47,
520,
466,
76,
48,
753,
731,
476,
432,
571,
749,
79,
43,
443,
387,
606,
757,
45,
561,
559,
766,
38,
266,
1327,
1735,
262,
1001,
219,
223,
843,
137,
184,
866,
490,
725,
805,
483,
36,
2499,
1584,
1408,
166,
939,
145,
140,
2052,
1545,
145,
1767,
39,
1063,
1359,
1005,
1385,
995,
1851,
1353,
984,
255,
485,
626,
949,
90,
761,
2206,
496,
367,
42,
806,
422,
365,
472,
427,
755,
1611,
2158,
1465,
272,
1452,
162,
201,
1492,
1053,
2284,
238,
835,
689,
391,
498,
796,
677,
2087,
491,
1336,
2482,
1435,
773,
876,
786,
215,
216,
175,
1873,
161,
1963,
732,
190,
873,
981,
1636,
186,
345,
1491,
546,
211,
172,
277,
645,
312,
184,
974,
543,
1223,
280,
188,
1247,
892,
614,
752,
165,
1687,
207,
268,
187,
1597,
953,
1739,
198,
1042,
1609,
192,
1207,
436,
407,
705,
2194,
240,
227,
1065,
154,
310,
724,
552,
40,
174,
719,
264,
291,
2387,
427,
316,
143,
354,
674,
263,
375,
1007,
424,
680,
262,
159,
113,
540,
37,
135,
155,
159,
390,
371,
414,
142,
93,
132,
103,
195,
134,
410,
288,
104,
45,
571,
547,
105,
346,
67,
44,
268,
43,
485,
89,
39,
106,
197,
364,
81,
832,
443,
486,
716,
1161,
484,
837,
765,
480,
737,
83,
669,
661,
439,
582,
758,
373,
670,
420,
589,
418,
398,
577,
554,
582,
369,
357,
464,
555,
579,
82,
432,
305,
317,
340,
1323,
354,
305,
236,
404,
639,
1541,
318,
331,
359,
214,
159,
2254,
42,
466,
299,
186,
203,
187,
373,
1037,
220,
2178,
241,
1754,
2008,
1618,
216,
932,
221,
1599,
1016,
994,
1007,
199,
1708,
531,
579,
1535,
547,
1327,
2110,
917,
2244,
1430,
1052,
567,
1209,
271,
532,
514,
174,
442,
174,
1067,
440,
432,
1526,
39,
943,
147,
533,
173,
2649,
2653,
1661,
1611,
1516,
1474,
710,
316,
1160,
131,
698,
1666,
825,
2643,
286,
171,
2250,
1388,
941,
1127,
2164,
144,
824,
730,
37,
490,
1613,
428,
648,
731,
131,
171,
1241,
1520,
411,
2428,
1609,
709,
1663,
869,
177,
1114,
872,
1514,
794,
214,
923,
1058,
785,
830,
1120,
174,
207,
186,
1727,
1874,
198,
1698,
692,
138,
884,
226,
766,
266,
808,
3030,
326,
1051,
202,
144,
1119,
2064,
728,
309,
980,
683,
164,
2070,
1095,
310,
297,
682,
223,
46,
1586,
679,
158,
866,
200,
40,
209,
312,
809,
402,
545,
39,
120,
119,
266,
427,
38,
557,
539,
3029,
142,
1549,
108,
584,
684,
539,
628,
581,
76,
599,
361,
105,
159,
629,
55,
110,
80,
204,
109,
490,
41,
106,
55,
67,
488,
610,
39,
205,
147,
198,
467,
118,
384,
442,
649,
516,
967,
41,
532,
226,
221,
40,
333,
365,
610,
198,
536,
403,
221,
257,
204,
156,
472,
921,
344,
632,
2309,
118,
251,
631,
220,
1803,
44,
2204,
497,
680,
204,
3068,
273,
156,
496,
107,
172,
1787,
232,
149,
752,
271,
489,
216,
102,
208,
2314,
224,
497,
215,
700,
214,
41,
1499,
919,
1439,
214,
1019,
170,
192,
1139,
1480,
1520,
2671,
160,
1005,
1496,
894,
852,
724,
844,
270,
155,
2311,
2668,
2335,
1293,
706,
167,
360,
94,
1384,
1095,
1432,
2294,
2668,
142,
270,
45,
156,
566,
917,
717,
151,
698,
174,
541,
947,
158,
193,
2388,
169,
1598,
206,
816,
1074,
43,
1538,
165,
240,
747,
1162,
162,
906,
102,
2304,
2336,
300,
893,
177,
1496,
314,
214,
179,
678,
190,
1336,
155,
533,
1770,
516,
143,
896,
124,
101,
1470,
235,
1567,
881,
1144,
43,
613,
579,
301,
925,
655,
162,
1172,
157,
882,
651,
768,
195,
44,
547,
407,
894,
1456,
326,
1315,
1620,
296,
430,
239,
480,
383,
199,
128,
274,
2254,
526,
129,
636,
382,
343,
115,
920,
55,
83,
361,
738,
113,
2366,
730,
909,
46,
656,
68,
374,
285,
476,
583,
741,
431,
366,
377,
736,
383,
734,
274,
79,
257,
2686,
2636,
1427,
692,
2614,
240,
704,
592,
569,
727,
665,
573,
1573,
726,
774,
507,
1713,
47,
45,
725,
1632,
419,
1004,
144,
354,
703,
139,
2339,
244,
257,
1730,
507,
667,
218,
287,
39,
569,
454,
163,
624,
616,
98,
2251,
312,
509,
1814,
138,
323,
214,
2359,
310,
92,
532,
328,
234,
557,
322,
2593,
576,
263,
88,
321,
515,
2684,
519,
1284,
326,
174,
1386,
897,
709,
511,
508,
506,
360,
1056,
1092,
339,
516,
1786,
366,
361,
1357,
1304,
424,
739,
292,
401,
136,
417,
37,
776,
1593,
624,
1479,
133,
1138,
960,
1498,
2612,
758,
577,
1131,
308,
960,
889,
1160,
244,
705,
969,
97,
878,
196,
361,
901,
1282,
701,
643,
486,
634,
282,
887,
210,
391,
479,
41,
696,
592,
544,
40,
680,
408,
205,
468,
439,
2237,
884,
1171,
40,
897,
922,
223,
647,
2227,
312,
40,
295,
801,
40,
202,
546,
215,
236,
304,
278,
225,
2353,
219,
1726,
43,
1809,
204,
1731,
214,
130,
1049,
230,
36,
256,
174,
1860,
3188,
776,
1837,
1026,
133,
132,
92,
2947,
117,
1321,
43,
108,
458,
1302,
103,
454,
1352,
38,
91,
426,
399,
397,
83,
49,
788,
88,
784,
396,
305,
365,
430,
87,
783,
2686,
476,
781,
143,
1700,
375,
36,
407,
1396,
1412,
777,
1401,
981,
1044,
142,
306,
714,
316,
829,
2689,
2635,
240,
389,
2654,
595,
857,
385,
342,
316,
256,
385,
866,
338,
350,
261,
433,
384,
959,
197,
318,
204,
3309,
180,
178,
950,
339,
402,
397,
955,
211,
214,
2387,
349,
1317,
985,
427,
421,
764,
908,
1185,
290,
414,
438,
513,
47,
281,
2610,
858,
1387,
784,
309,
537,
156,
708,
43,
868,
423,
954,
903,
39,
2045,
703,
1370,
1134,
2646,
1354,
187,
257,
160,
544,
987,
814,
245,
242,
1451,
1380,
282,
394,
1145,
1305,
327,
929,
156,
894,
986,
2367,
499,
988,
216,
334,
973,
415,
239,
2381,
156,
884,
224,
1087,
891,
1059,
981,
334,
839,
2403,
187,
250,
1849,
384,
602,
856,
47,
2376,
157,
1852,
1053,
969,
407,
311,
700,
854,
167,
1037,
817,
1798,
887,
2414,
829,
650,
213,
312,
175,
159,
1069,
670,
182,
647,
556,
1852,
180,
293,
913,
809,
225,
280,
361,
161,
631,
1910,
278,
159,
259,
183,
245,
1793,
331,
219,
42,
211,
232,
276,
168,
178,
241,
3246,
241,
469,
40,
894,
131,
103,
162,
120,
42,
387,
467,
251,
70,
114,
103,
462,
461,
758,
38,
458,
436,
755,
398,
752,
395,
750,
748,
39,
673,
37,
509,
1420,
511,
386,
355,
251,
680,
164,
551,
163,
331,
157,
309,
329,
306,
270,
220,
1060,
345,
503,
900,
825,
280,
998,
830,
354,
988,
422,
273,
41,
816,
172,
1840,
1011,
212,
814,
266,
1108,
810,
416,
153,
854,
1259,
102,
210,
2430,
3300,
101,
179,
1952,
1127,
41,
184,
179,
1450,
40,
349,
1213,
437,
160,
689,
904,
41,
1119,
144,
1394,
1094,
172,
37,
529,
1780,
872,
503,
173,
721,
846,
2061,
279,
817,
874,
1038,
1013,
737,
821,
1113,
938,
252,
174,
437,
302,
1338,
228,
205,
1446,
889,
885,
338,
1438,
176,
204,
173,
354,
1867,
299,
1128,
1033,
170,
2317,
183,
261,
173,
166,
281,
726,
1045,
883,
1565,
266,
188,
276,
1332,
735,
1015,
134,
254,
339,
176,
793,
641,
489,
987,
202,
961,
541,
893,
266,
177,
40,
538,
281,
100,
625,
639,
135,
955,
1101,
89,
2466,
660,
123,
2467,
351,
511,
92,
78,
230,
458,
38,
331,
307,
418,
441,
243,
805,
403,
224,
44,
388,
209,
220,
521,
1743,
219,
42,
207,
527,
496,
274,
543,
936,
494,
417,
39,
150,
587,
476,
529,
416,
413,
1868,
1587,
748,
426,
409,
397,
152,
200,
622,
107,
41,
398,
1268,
409,
1251,
1567,
41,
240,
711,
220,
178,
183,
1302,
860,
715,
216,
40,
157,
173,
374,
446,
1724,
589,
89,
171,
531,
339,
510,
223,
389,
1072,
186,
2114,
330,
468,
1776,
666,
986,
356,
722,
673,
41,
1020,
2181,
1531,
1462,
1028,
995,
426,
185,
1058,
1058,
891,
921,
1032,
1035,
898,
1528,
230,
960,
409,
966,
1052,
210,
1611,
1784,
2153,
1488,
473,
1021,
882,
966,
916,
631,
1914,
208,
1482,
192,
229,
1242,
588,
668,
464,
221,
1178,
234,
1037,
208,
203,
683,
802,
321,
236,
189,
52,
315,
889,
189,
51,
1093,
710,
886,
526,
274,
1037,
2114,
46,
2508,
290,
42,
38,
2516,
474,
2522,
1898,
296,
39,
39,
133,
975,
1052,
2548,
96,
65,
1801,
2548,
245,
421,
84,
2539,
41,
204,
37,
403,
448,
840,
417,
844,
828,
375,
839,
660,
754,
40,
1848,
410,
537,
843,
449,
455,
362,
41,
453,
186,
346,
569,
98,
222,
401,
393,
536,
220,
1939,
261,
506,
343,
215,
100,
515,
925,
364,
238,
435,
184,
382,
921,
2546,
885,
46,
378,
179,
928,
232,
471,
908,
489,
435,
493,
835,
210,
426,
423,
1312,
173,
219,
412,
211,
416,
1601,
210,
1596,
1609,
835,
1083,
194,
232,
566,
202,
977,
951,
2345,
227,
930,
814,
354,
619,
1480,
253,
509,
244,
194,
1629,
952,
873,
1982,
1695,
610,
284,
1245,
1690,
677,
223,
409,
591,
1082,
197,
967,
233,
1794,
212,
1931,
246,
353,
1945,
1540,
214,
231,
2915,
211,
530,
410,
183,
3503,
219,
247,
462,
1339,
287,
1538,
1101,
135,
2918,
2337,
2353,
327,
204,
629,
550,
2496,
593,
2486,
1594,
716,
1714,
940,
427,
2307,
44,
121,
42,
335,
446,
392,
2304,
127,
428,
44,
2204,
1822,
149,
96,
207,
129,
453,
106,
999,
558,
226,
188,
47,
74,
45,
44,
97,
260,
225,
78,
42,
165,
908,
293,
218,
1461,
631,
830,
1075,
247,
808,
1836,
467,
216,
427,
428,
414,
2027,
213,
400,
1667,
404,
428,
259,
44,
42,
813,
578,
2970,
41,
859,
2913,
3576,
338,
1316,
202,
1846,
789,
1471,
1553,
40,
161,
455,
180,
192,
2421,
37,
886,
422,
2245,
622,
294,
402,
2190,
162,
1385,
567,
1246,
2092,
979,
252,
329,
809,
546,
1042,
41,
357,
1406,
967,
579,
161,
964,
1290,
703,
1225,
1179,
1782,
2279,
1618,
1594,
564,
1063,
2066,
2063,
2126,
273,
266,
618,
1255,
441,
1003,
1073,
1253,
268,
40,
533,
1177,
2094,
1236,
1864,
1717,
667,
289,
41,
260,
867,
695,
387,
1658,
278,
379,
644,
2068,
156,
273,
1114,
79,
754,
232,
277,
110,
254,
2041,
1811,
39,
446,
1954,
213,
492,
132,
135,
461,
456,
117,
653,
567,
184,
124,
117,
115,
448,
662,
669,
108,
856,
851,
283,
566,
94,
205,
36,
242,
592,
865,
210,
860,
101,
528,
87,
201,
181,
170,
3537,
168,
474,
944,
3010,
162,
904,
158,
157,
37,
813,
574,
1296,
895,
806,
79,
352,
1851,
603,
319,
835,
811,
728,
1082,
411,
795,
403,
432,
802,
489,
395,
399,
301,
37,
240,
394,
216,
157,
279,
485,
1368,
392,
364,
86,
156,
3002,
1557,
1542,
255,
225,
2954,
1104,
487,
1055,
215,
764,
1854,
229,
937,
156,
1704,
1506,
1513,
607,
942,
42,
1085,
1324,
1730,
629,
911,
43,
2251,
1955,
841,
595,
1078,
1862,
708,
753,
42,
1873,
1862,
323,
1513,
1315,
1330,
1360,
388,
329,
321,
1239,
1521,
2426,
1312,
458,
323,
320,
413,
306,
1100,
624,
1149,
357,
297,
408,
874,
273,
271,
2033,
244,
303,
659,
215,
230,
2182,
233,
456,
703,
284,
218,
967,
1293,
199,
204,
2198,
111,
893,
43,
1085,
212,
615,
246,
290,
434,
1255,
224,
1857,
277,
611,
859,
855,
206,
1358,
229,
566,
339,
226,
551,
276,
715,
203,
558,
386,
532,
1503,
125,
125,
556,
38,
358,
88,
1271,
466,
867,
462,
134,
131,
3179,
89,
107,
522,
1112,
36,
132,
578,
1087,
43,
1056,
3586,
88,
106,
125,
43,
932,
3663,
87,
741,
938,
673,
928,
938,
264,
764,
775,
142,
44,
2217,
816,
819,
80,
42,
463,
390,
401,
2476,
381,
204,
202,
1588,
1286,
1570,
428,
3021,
1185,
1522,
2997,
1502,
1516,
38,
158,
369,
1705,
259,
2942,
797,
622,
156,
1041,
233,
221,
255,
156,
1944,
40,
2991,
249,
310,
236,
230,
2949,
40,
575,
1341,
1894,
83,
218,
2055,
3043,
186,
1937,
2289,
1056,
1368,
2351,
3028,
2177,
2116,
1042,
41,
995,
481,
816,
1573,
40,
218,
1143,
405,
1052,
639,
947,
39,
1319,
1132,
1052,
1874,
272,
624,
642,
673,
1059,
609,
1421,
268,
1063,
1142,
878,
573,
710,
278,
1955,
598,
2451,
930,
785,
269,
255,
1346,
993,
257,
1251,
616,
45,
1956,
599,
924,
594,
656,
991,
745,
295,
980,
407,
584,
311,
42,
965,
1340,
1243,
143,
449,
176,
1347,
1592,
383,
363,
289,
535,
1095,
37,
674,
139,
909,
39,
41,
148,
113,
528,
123,
105,
319,
42,
527,
113,
928,
838,
836,
39,
1095,
498,
510,
107,
101,
95,
100,
600,
240,
796,
87,
897,
821,
568,
244,
881,
209,
82,
127,
895,
174,
721,
47,
235,
818,
423,
597,
892,
45,
420,
959,
123,
413,
86,
838,
387,
106,
340,
43,
598,
827,
336,
1201,
339,
831,
1470,
2904,
1273,
99,
37,
256,
1636,
937,
1928,
174,
2045,
833,
762,
1973,
1974,
424,
486,
1903,
303,
37,
982,
393,
178,
1327,
280,
365,
2312,
716,
956,
178,
630,
2387,
1676,
613,
306,
516,
906,
313,
282,
1135,
1339,
601,
1401,
327,
330,
313,
182,
279,
975,
241,
306,
209,
284,
181,
1084,
486,
229,
275,
1056,
266,
1222,
1533,
190,
160,
319,
1303,
226,
1176,
103,
502,
629,
593,
909,
723,
257,
754,
538,
913,
1677,
547,
525,
504,
738,
293,
99,
205,
608,
1226,
497,
736,
567,
131,
141,
90,
242,
206,
1084,
455,
196,
68,
301,
511,
715,
125,
68,
94,
112,
110,
69,
924,
59,
66,
48,
99,
2249,
39,
917,
932,
927,
93,
780,
87,
75,
83,
687,
704,
50,
41,
684,
225,
651,
225,
689,
41,
2148,
217,
1201,
590,
647,
2430,
525,
201,
704,
2362,
187,
728,
677,
1173,
394,
224,
1778,
891,
309,
903,
265,
897,
1168,
673,
889,
155,
833,
1467,
3855,
325,
828,
1230,
1033,
639,
418,
826,
413,
407,
417,
248,
2256,
1255,
834,
174,
412,
133,
404,
1434,
408,
168,
351,
3125,
1957,
264,
87,
261,
3099,
2494,
984,
128,
349,
617,
812,
116,
3128,
738,
1232,
157,
851,
196,
1947,
1866,
1397,
788,
1506,
1119,
1368,
832,
1229,
1053,
656,
2460,
1854,
969,
41,
947,
879,
2268,
348,
1245,
1061,
353,
864,
1322,
322,
413,
1331,
288,
310,
322,
348,
2428,
317,
279,
1193,
2003,
249,
892,
631,
1526,
277,
684,
385,
414,
360,
1419,
575,
286,
351,
571,
1589,
1452,
1032,
430,
889,
675,
937,
748,
121,
888,
122,
1401,
812,
745,
286,
1828,
40,
902,
217,
201,
2190,
1728,
448,
109,
872,
442,
137,
523,
113,
847,
189,
91,
96,
99,
599,
79,
87,
2744,
1180,
859,
788,
57,
55,
265,
48,
1302,
1345,
48,
592,
3162,
561,
521,
199,
901,
558,
584,
149,
45,
112,
577,
2412,
1114,
3153,
45,
1036,
1815,
1949,
802,
222,
660,
1882,
1038,
319,
660,
1280,
2066,
995,
645,
1729,
734,
1366,
835,
342,
192,
348,
663,
1325,
37,
259,
908,
1862,
260,
947,
1869,
1356,
236,
1336,
257,
880,
1500,
336,
39,
2154,
1815,
259,
323,
342,
1310,
874,
355,
343,
376,
992,
340,
1158,
337,
1059,
875,
272,
1666,
1368,
279,
625,
261,
271,
1033,
707,
279,
258,
1376,
2087,
270,
473,
287,
808,
269,
2059,
1251,
45,
701,
257,
1402,
282,
682,
999,
890,
219,
36,
1520,
500,
1748,
265,
1953,
915,
866,
709,
930,
1063,
560,
821,
613,
857,
1888,
2538,
663,
1982,
233,
103,
951,
2488,
195,
1977,
726,
451,
49,
91,
41,
1987,
116,
131,
38,
787,
119,
810,
40,
705,
165,
676,
244,
97,
1029,
76,
734,
86,
1189,
78,
1027,
1034,
2223,
1028,
898,
829,
722,
247,
1027,
685,
676,
545,
715,
1025,
2516,
1022,
726,
1019,
43,
276,
741,
129,
484,
466,
1018,
724,
1606,
946,
955,
2508,
728,
465,
349,
247,
899,
724,
715,
438,
415,
217,
429,
301,
42,
537,
433,
596,
520,
740,
398,
608,
255,
406,
340,
1075,
331,
456,
278,
234,
1596,
267,
208,
234,
1040,
206,
1003,
262,
936,
983,
2274,
1045,
994,
511,
333,
515,
1537,
231,
508,
505,
1495,
502,
332,
958,
1383,
1988,
1164,
1002,
1189,
2154,
1407,
907,
1120,
1629,
1208,
988,
1582,
423,
1207,
2474,
2510,
686,
231,
1013,
1054,
1058,
1003,
889,
545,
1751,
349,
45,
281,
346,
927,
279,
739,
526,
229,
1326,
770,
338,
767,
890,
346,
275,
2195,
1288,
1378,
1446,
1103,
267,
2753,
1629,
966,
280,
289,
275,
1027,
272,
1866,
1511,
300,
2401,
324,
710,
522,
585,
255,
47,
271,
686,
1572,
1243,
241,
46,
1978,
1577,
533,
372,
893,
272,
1897,
717,
814,
664,
2551,
717,
652,
241,
402,
271,
1195,
202,
256,
256,
1017,
248,
1232,
991,
266,
132,
128,
776,
720,
132,
207,
124,
99,
92,
92,
243,
721,
64,
86,
1010,
54,
931,
1170,
78,
871,
46,
927,
930,
922,
2415,
1422,
46,
50,
964,
1712,
1546,
1420,
242,
1440,
43,
3311,
3318,
1769,
946,
401,
466,
944,
254,
283,
95,
2440,
404,
342,
259,
516,
241,
408,
145,
274,
269,
426,
146,
395,
401,
37,
399,
394,
424,
108,
240,
572,
318,
423,
317,
775,
505,
154,
419,
313,
343,
1207,
493,
424,
153,
328,
87,
1778,
168,
445,
414,
327,
1389,
86,
1448,
1460,
1376,
400,
1648,
1776,
1190,
520,
1179,
507,
1849,
1648,
1352,
1353,
929,
1371,
262,
1530,
979,
1064,
1505,
150,
543,
560,
1059,
148,
322,
1876,
642,
1044,
533,
336,
834,
343,
769,
704,
314,
1142,
1899,
1417,
964,
1057,
1139,
982,
1164,
279,
282,
1539,
866,
43,
265,
2621,
1134,
2102,
574,
1341,
491,
264,
1718,
1000,
275,
619,
2384,
292,
912,
278,
1798,
273,
1435,
292,
896,
310,
1651,
176,
266,
3747,
285,
315,
255,
1621,
44,
413,
1896,
322,
1905,
261,
1810,
1993,
2458,
1250,
105,
2322,
1160,
43,
808,
42,
1444,
1259,
993,
570,
276,
954,
754,
1161,
45,
127,
126,
79,
511,
121,
267,
117,
80,
82,
52,
931,
979,
49,
78,
785,
1162,
266,
1251,
1191,
1355,
42,
1333,
293,
1090,
992,
119,
1775,
150,
894,
3392,
3343,
3368,
85,
1062,
2236,
3350,
1160,
3247,
3304,
1034,
1627,
82,
151,
1374,
349,
149,
301,
342,
1758,
349,
320,
341,
270,
149,
193,
336,
4111,
2499,
480,
471,
1019,
174,
3287,
340,
329,
517,
1752,
42,
508,
1756,
1564,
40,
146,
505,
331,
508,
145,
2466,
271,
3339,
1733,
504,
173,
790,
1946,
419,
895,
529,
365,
425,
938,
2387,
2449,
434,
144,
3393,
4171,
819,
1011,
1130,
1142,
2437,
1501,
1690,
1991,
39,
1043,
2432,
147,
1042,
966,
541,
1055,
183,
1027,
690,
1052,
659,
1514,
284,
615,
565,
1478,
291,
274,
838,
1746,
337,
801,
142,
281,
1735,
1195,
272,
746,
260,
859,
372,
1158,
353,
271,
679,
871,
287,
345,
969,
269,
287,
1979,
500,
283,
1156,
305,
755,
311,
526,
291,
613,
706,
44,
364,
704,
1963,
1022,
44,
1342,
42,
1184,
1023,
814,
519,
225,
2164,
125,
127,
108,
97,
846,
41,
832,
677,
83,
90,
664,
77,
63,
40,
1018,
284,
39,
829,
776,
4155,
813,
80,
948,
940,
474,
917,
549,
829,
2158,
283,
41,
827,
485,
1003,
1935,
3327,
556,
477,
1996,
996,
128,
1910,
408,
292,
430,
550,
1932,
296,
385,
327,
1078,
1545,
340,
350,
496,
361,
986,
83,
159,
392,
21,
388,
158,
908,
36,
3314,
429,
270,
381,
157,
320,
353,
1628,
220,
1342,
285,
167,
437,
3316,
1005,
243,
1506,
991,
228,
157,
563,
525,
938,
1163,
153,
202,
2026,
40,
2164,
449,
519,
434,
435,
335,
37,
1074,
422,
441,
2511,
1318,
1238,
2248,
765,
1774,
2628,
645,
154,
1046,
346,
508,
2021,
305,
776,
1313,
155,
3340,
1140,
1835,
1065,
189,
1724,
2572,
263,
714,
339,
3237,
593,
1073,
1320,
1787,
281,
458,
458,
2052,
1099,
335,
277,
2148,
1075,
1552,
280,
275,
1231,
1155,
261,
264,
351,
343,
274,
1419,
741,
295,
1344,
349,
294,
1390,
328,
292,
1336,
271,
802,
707,
1073,
41,
698,
213,
1272,
4389,
271,
1262,
939,
2396,
902,
1891,
1261,
1238,
986,
2407,
135,
1541,
97,
130,
1168,
139,
132,
130,
125,
806,
68,
1013,
789,
783,
824,
761,
107,
120,
115,
42,
1605,
943,
947,
47,
41,
932,
103,
37,
724,
40,
1601,
710,
234,
911,
474,
37,
221,
522,
497,
712,
302,
248,
1726,
320,
224,
399,
1427,
432,
1450,
246,
350,
1130,
1575,
340,
160,
389,
346,
1225,
374,
397,
420,
321,
628,
418,
491,
361,
2082,
495,
401,
279,
369,
290,
319,
209,
241,
439,
190,
329,
3388,
887,
908,
163,
879,
342,
884,
1300,
2087,
836,
848,
1406,
415,
399,
361,
422,
1069,
354,
2915,
357,
41,
357,
337,
39,
353,
191,
427,
1112,
1307,
172,
381,
1941,
1696,
39,
1202,
1497,
173,
1741,
416,
1852,
338,
1871,
335,
1244,
2261,
334,
1115,
284,
2106,
491,
331,
1926,
1756,
1167,
389,
992,
1408,
614,
427,
553,
1615,
285,
335,
1189,
397,
284,
616,
981,
2253,
1117,
42,
1727,
1623,
2374,
229,
1385,
965,
603,
1334,
2123,
933,
975,
1088,
367,
2047,
1736,
811,
2077,
288,
93,
453,
2125,
1888,
1171,
619,
43,
72,
220,
965,
2317,
42,
300,
42,
480,
38,
134,
367,
100,
143,
847,
131,
135,
762,
545,
133,
46,
941,
938,
935,
130,
40,
546,
129,
109,
540,
935,
116,
539,
34,
602,
934,
978,
932,
473,
862,
233,
267,
113,
538,
255,
2334,
93,
99,
190,
543,
316,
1106,
864,
1681,
227,
1578,
244,
542,
158,
91,
213,
198,
86,
222,
4355,
348,
209,
203,
514,
513,
826,
829,
368,
399,
505,
573,
44,
76,
439,
2068,
593,
1429,
44,
221,
372,
473,
1839,
42,
4339,
1677,
239,
2159,
343,
238,
395,
191,
658,
1035,
2340,
418,
41,
1182,
870,
406,
1394,
38,
242,
850,
1192,
1228,
2031,
764,
865,
1694,
859,
1679,
2168,
1227,
1234,
2219,
567,
2225,
1787,
354,
1336,
1666,
575,
955,
1223,
346,
2180,
208,
360,
286,
713,
278,
2269,
902,
285,
44,
888,
355,
277,
284,
2636,
382,
345,
1129,
419,
1892,
275,
279,
2058,
1929,
1818,
295,
537,
1265,
42,
2160,
1828,
2383,
1164,
2568,
2014,
1000,
3322,
1111,
613,
1799,
609,
708,
1801,
39,
151,
351,
1721,
151,
139,
466,
1658,
132,
39,
922,
609,
134,
609,
318,
139,
133,
611,
128,
593,
609,
132,
404,
259,
540,
257,
43,
106,
1744,
74,
246,
256,
219,
301,
281,
268,
284,
257,
373,
200,
259,
39,
305,
92,
243,
1823,
235,
249,
228,
1346,
372,
1563,
218,
942,
1887,
197,
190,
173,
216,
482,
3427,
324,
1025,
758,
152,
159,
746,
691,
341,
223,
437,
1710,
424,
467,
162,
504,
120,
699,
155,
1379,
451,
1488,
485,
1268,
1585,
1181,
766,
414,
2330,
538,
1439,
2127,
41,
2861,
455,
273,
372,
1417,
420,
942,
260,
738,
1673,
281,
682,
346,
566,
1601,
397,
267,
340,
1227,
353,
889,
1755,
263,
1109,
275,
273,
1746,
879,
651,
375,
373,
875,
395,
281,
2335,
1331,
1970,
2301,
1779,
1954,
891,
291,
300,
1106,
1193,
1802,
940,
1328,
1031,
2293,
224,
284,
1877,
1060,
216,
722,
1026,
365,
2123,
316,
2193,
1011,
480,
1815,
645,
138,
1865,
1119,
671,
821,
121,
134,
92,
94,
73,
50,
95,
835,
327,
94,
1022,
323,
44,
92,
1020,
321,
81,
498,
86,
574,
562,
2020,
322,
191,
230,
277,
149,
214,
201,
203,
997,
80,
321,
188,
1489,
309,
991,
499,
493,
308,
90,
696,
1459,
39,
1855,
1485,
500,
308,
1872,
624,
1817,
301,
502,
500,
194,
41,
1917,
261,
167,
208,
2011,
518,
2021,
626,
618,
258,
1871,
714,
1766,
1987,
1243,
1326,
167,
1579,
2323,
1413,
1777,
1323,
2244,
241,
1762,
1975,
636,
2048,
1306,
358,
1321,
1932,
1231,
1883,
2320,
2430,
1229,
1334,
338,
1244,
347,
733,
544,
881,
2336,
1199,
2199,
346,
650,
274,
287,
269,
640,
875,
1958,
1222,
460,
799,
41,
915,
796,
1244,
285,
379,
885,
41,
814,
788,
741,
2012,
1719,
199,
288,
270,
715,
1177,
283,
729,
1257,
2011,
1189,
840,
281,
705,
396,
1685,
2331,
1182,
364,
392,
296,
1209,
935,
388,
1611,
384,
123,
657,
1040,
1341,
121,
113,
76,
578,
113,
388,
1010,
76,
388,
54,
1105,
387,
45,
220,
44,
384,
940,
1067,
382,
936,
978,
1196,
579,
385,
175,
43,
222,
1107,
940,
189,
566,
79,
212,
984,
141,
949,
471,
212,
334,
138,
327,
389,
513,
505,
976,
564,
553,
1516,
1055,
504,
41,
301,
1417,
520,
145,
1751,
534,
1252,
766,
158,
142,
109,
1009,
1215,
1753,
677,
607,
2263,
114,
45,
2083,
790,
2107,
452,
238,
1752,
512,
342,
303,
40,
2368,
1490,
285,
981,
2106,
1238,
1320,
365,
1981,
1291,
1309,
2277,
1151,
276,
1222,
1328,
1158,
560,
1154,
1164,
1234,
1157,
1241,
1799,
518,
350,
1166,
536,
2276,
625,
467,
270,
227,
287,
1152,
1160,
340,
1866,
776,
348,
357,
464,
1158,
489,
503,
284,
42,
1416,
279,
2353,
230,
2457,
206,
355,
2436,
710,
284,
1250,
939,
40,
1275,
660,
1093,
635,
449,
300,
1165,
1255,
122,
1273,
120,
96,
124,
1153,
1274,
87,
1363,
120,
88,
1169,
114,
82,
117,
453,
433,
51,
60,
426,
59,
422,
115,
4570,
51,
50,
114,
214,
49,
223,
416,
406,
92,
49,
367,
78,
169,
621,
582,
185,
572,
79,
85,
570,
1009,
1566,
238,
1305,
565,
850,
359,
728,
2158,
705,
1217,
796,
82,
595,
1321,
1050,
696,
2005,
43,
1145,
324,
1554,
2135,
2107,
690,
1218,
1941,
2045,
2086,
614,
42,
2352,
1495,
721,
690,
549,
275,
1903,
711,
2547,
1408,
41,
506,
722,
2028,
1322,
40,
2568,
537,
2000,
2147,
636,
1396,
1874,
2062,
1374,
1426,
1555,
2297,
2076,
709,
1177,
1866,
2382,
88,
706,
2406,
742,
2088,
1870,
501,
2305,
2558,
689,
1153,
716,
997,
203,
1278,
304,
111,
75,
669,
110,
239,
97,
107,
591,
2015,
43,
107,
85,
236,
98,
39,
102,
97,
421,
592,
86,
96,
95,
380,
1306,
61,
246,
361,
96,
1973,
37,
355,
263,
334,
1897,
95,
89,
260,
38,
4715,
207,
247,
90,
1307,
1082,
300,
311,
1062,
188,
2256,
591,
186,
1001,
216,
1276,
1535,
87,
1291,
590,
599,
656,
1081,
1283,
1733,
590,
1929,
583,
599,
340,
2166,
573,
1014,
1234,
337,
1336,
138,
227,
955,
119,
415,
948,
1223,
1025,
949,
82,
2082,
175,
331,
603,
429,
331,
46,
2255,
1127,
330,
370,
392,
868,
956,
1135,
607,
625,
2148,
316,
1624,
568,
202,
1400,
214,
322,
993,
801,
381,
646,
1985,
1870,
775,
1772,
1247,
273,
1893,
1240,
1315,
1237,
2010,
1885,
479,
2491,
1920,
2615,
1945,
439,
670,
867,
433,
1474,
665,
1246,
819,
1097,
361,
355,
1758,
45,
1344,
1088,
2028,
44,
1742,
1948,
2216,
44,
898,
652,
2562,
848,
886,
1251,
290,
1389,
1540,
1093,
705,
753,
1200,
891,
637,
1513,
1192,
41,
395,
693,
619,
362,
1868,
2286,
394,
423,
1192,
1188,
1883,
357,
742,
200,
2203,
513,
212,
2528,
1289,
1296,
2419,
123,
128,
126,
1287,
118,
265,
51,
193,
1683,
104,
105,
829,
52,
2307,
87,
267,
1192,
52,
909,
227,
101,
105,
1184,
221,
927,
54,
156,
906,
53,
112,
832,
47,
1126,
98,
105,
96,
157,
678,
701,
138,
431,
170,
443,
1081,
500,
197,
694,
386,
688,
44,
99,
604,
42,
591,
71,
1383,
243,
580,
572,
1206,
41,
914,
511,
701,
409,
1069,
951,
587,
422,
487,
3909,
1866,
82,
418,
1338,
2534,
415,
565,
1931,
41,
2242,
2226,
328,
1925,
1022,
702,
1811,
651,
1323,
655,
157,
1908,
126,
2082,
1320,
1534,
2317,
694,
1518,
2002,
1917,
421,
522,
1052,
954,
1950,
518,
451,
338,
902,
192,
480,
1413,
359,
2294,
955,
2179,
1511,
2036,
1009,
43,
1061,
966,
1242,
479,
1151,
1486,
341,
1999,
1320,
1889,
898,
1222,
557,
574,
434,
1061,
1279,
527,
2198,
422,
2034,
1889,
506,
359,
161,
344,
1810,
564,
516,
43,
676,
2012,
344,
538,
663,
719,
846,
542,
2286,
1757,
474,
435,
688,
456,
345,
1158,
1261,
794,
463,
625,
366,
2171,
1252,
379,
41,
455,
41,
1204,
1353,
726,
908,
140,
395,
369,
390,
98,
746,
727,
2574,
159,
268,
907,
728,
95,
725,
146,
130,
128,
209,
35,
1107,
124,
181,
82,
1300,
54,
1103,
38,
126,
1839,
154,
726,
107,
117,
120,
115,
244,
1115,
1047,
201,
111,
1982,
983,
99,
960,
338,
1323,
1127,
1808,
135,
334,
45,
1907,
97,
147,
1110,
573,
926,
325,
1055,
2248,
563,
517,
333,
2409,
1010,
314,
506,
491,
1265,
1210,
587,
4076,
93,
434,
102,
35,
1226,
1208,
1172,
571,
346,
1004,
491,
251,
1217,
439,
193,
429,
487,
1014,
41,
581,
1200,
2093,
1060,
1134,
1590,
1547,
2354,
247,
448,
1837,
1585,
43,
1236,
1408,
2399,
2006,
416,
513,
522,
1786,
1520,
449,
618,
892,
579,
4789,
447,
1028,
1375,
2842,
519,
1155,
751,
2023,
2041,
571,
432,
2051,
1702,
1511,
442,
640,
371,
990,
428,
1075,
2192,
1070,
1516,
379,
376,
784,
738,
362,
594,
2115,
1320,
46,
1077,
370,
770,
442,
508,
2353,
575,
516,
1084,
841,
46,
2353,
725,
1508,
440,
733,
749,
46,
1796,
673,
725,
672,
2273,
437,
822,
1362,
2224,
558,
1971,
383,
433,
635,
96,
379,
1362,
1069,
316,
517,
97,
149,
50,
40,
148,
146,
604,
131,
43,
97,
1972,
123,
42,
87,
1111,
89,
41,
75,
39,
1356,
1125,
1192,
239,
1035,
301,
1118,
203,
440,
1029,
45,
559,
39,
509,
263,
1654,
435,
266,
498,
313,
470,
761,
40,
783,
263,
552,
773,
90,
124,
1064,
39,
242,
734,
2259,
484,
81,
745,
1309,
1198,
487,
2275,
2095,
5159,
2262,
35,
1727,
5106,
2016,
812,
1136,
442,
5191,
2194,
1771,
1693,
430,
1304,
754,
1874,
2074,
39,
870,
1144,
1413,
223,
1387,
928,
39,
1316,
547,
1590,
2164,
1304,
610,
2196,
2228,
1236,
700,
1231,
2372,
2174,
38,
192,
1945,
1109,
427,
2173,
2095,
1666,
613,
2344,
615,
443,
1240,
1796,
259,
441,
1508,
1704,
2167,
1906,
271,
39,
632,
704,
259,
1941,
670,
451,
259,
1056,
2369,
1152,
270,
2917,
441,
1858,
39,
980,
1510,
294,
592,
616,
636,
281,
1409,
301,
359,
38,
571,
710,
284,
1959,
282,
872,
1109,
414,
455,
283,
346,
1251,
585,
1409,
2539,
1094,
1299,
2240,
136,
373,
98,
119,
545,
41,
113,
40,
132,
94,
112,
257,
1099,
113,
110,
1029,
1106,
100,
109,
42,
1038,
79,
1913,
1026,
98,
342,
79,
43,
1032,
825,
644,
74,
331,
94,
834,
819,
626,
1039,
494,
45,
287,
279,
83,
1543,
384,
727,
44,
2243,
813,
717,
924,
1140,
918,
209,
931,
865,
43,
362,
142,
113,
702,
415,
803,
2004,
240,
252,
228,
260,
836,
263,
840,
2362,
328,
357,
261,
966,
950,
593,
1222,
887,
231,
1227,
650,
47,
361,
250,
357,
859,
475,
380,
673,
336,
638,
1404,
2018,
45,
296,
2217,
1546,
294,
358,
1873,
292,
2255,
2010,
974,
1082,
2227,
42,
1547,
40,
369,
1043,
440,
731,
237,
336,
1619,
2390,
2378,
701,
2241,
600,
2038,
2246,
357,
1013,
2416,
1549,
361,
700,
818,
2048,
2114,
2222,
1972,
1921,
334,
521,
2427,
2389,
471,
337,
360,
1607,
1504,
342,
372,
2409,
2472,
1155,
1560,
267,
288,
351,
702,
666,
741,
994,
871,
772,
655,
752,
988,
573,
349,
1994,
474,
353,
1508,
47,
281,
2250,
1955,
2245,
715,
1659,
271,
265,
914,
655,
1968,
212,
403,
1364,
2293,
2401,
273,
728,
1186,
40,
754,
296,
1337,
810,
712,
39,
2321,
548,
605,
159,
2128,
148,
127,
41,
298,
2417,
141,
141,
126,
62,
134,
111,
102,
549,
83,
116,
71,
95,
1828,
99,
521,
791,
5299,
72,
2090,
808,
79,
356,
353,
433,
899,
343,
279,
977,
1300,
5116,
764,
888,
284,
748,
273,
167,
37,
280,
718,
354,
607,
273,
1858,
723,
271,
808,
394,
263,
1291,
2023,
336,
331,
1172,
757,
1215,
357,
235,
1155,
1593,
780,
364,
763,
251,
772,
287,
702,
713,
886,
1201,
294,
45,
1122,
1154,
1206,
44,
245,
792,
1701,
1746,
1694,
2064,
1120,
711,
262,
1149,
2655,
281,
273,
833,
190,
2468,
1323,
2328,
853,
2089,
1780,
724,
531,
2459,
311,
740,
1595,
2281,
1324,
1691,
2340,
505,
659,
2048,
1050,
2459,
2284,
136,
1325,
957,
425,
1324,
2440,
1233,
515,
1197,
1725,
1328,
442,
5266,
1314,
978,
273,
287,
2550,
272,
2380,
272,
269,
358,
443,
585,
2300,
48,
296,
630,
1965,
2688,
1293,
340,
358,
1899,
270,
1160,
1696,
345,
2236,
49,
677,
1879,
1090,
350,
1317,
45,
2127,
823,
293,
1260,
342,
287,
2473,
291,
1244,
47,
704,
395,
916,
344,
680,
40,
219,
266,
116,
114,
2102,
131,
105,
88,
43,
101,
1183,
87,
522,
57,
75,
816,
1116,
354,
73,
48,
779,
1202,
779,
1111,
1114,
239,
1993,
1119,
1029,
1024,
41,
508,
1297,
936,
2090,
2076,
856,
295,
504,
346,
2323,
318,
83,
339,
276,
309,
2076,
189,
629,
2504,
512,
240,
297,
406,
882,
117,
332,
164,
776,
505,
742,
40,
339,
322,
1959,
396,
399,
332,
522,
345,
514,
331,
1804,
780,
4369,
759,
1897,
1642,
627,
673,
603,
332,
464,
1783,
194,
2533,
525,
580,
867,
374,
2038,
1243,
1730,
622,
604,
40,
2428,
4308,
1203,
39,
333,
1324,
2388,
2490,
1994,
340,
1403,
956,
1678,
250,
39,
2402,
1788,
2217,
1691,
593,
1401,
2412,
1204,
1632,
1235,
1223,
1945,
1671,
1175,
350,
2542,
1396,
531,
2512,
1946,
341,
1345,
1925,
1956,
1570,
2517,
563,
1329,
351,
1055,
1938,
1892,
2372,
1440,
537,
990,
49,
2352,
693,
287,
47,
1496,
815,
1247,
283,
467,
293,
617,
2518,
2220,
345,
623,
343,
1010,
1720,
2235,
278,
548,
655,
939,
1395,
911,
903,
922,
1327,
2122,
290,
716,
535,
609,
358,
979,
905,
366,
1249,
731,
579,
611,
88,
136,
307,
82,
77,
134,
1252,
42,
64,
1072,
63,
1105,
49,
42,
119,
77,
949,
83,
353,
350,
81,
359,
140,
42,
461,
506,
40,
418,
491,
525,
284,
1223,
310,
497,
267,
1036,
574,
1169,
520,
527,
2536,
114,
236,
429,
1408,
505,
417,
467,
493,
482,
821,
1967,
540,
1693,
2009,
505,
967,
634,
1142,
1926,
1404,
1958,
927,
1410,
2618,
2132,
289,
1673,
1585,
598,
345,
1143,
1954,
1566,
508,
2303,
881,
357,
2508,
950,
1902,
370,
1833,
1637,
353,
1049,
964,
795,
2432,
1500,
1289,
1338,
287,
941,
715,
350,
342,
506,
335,
340,
2378,
1330,
267,
1511,
596,
347,
267,
336,
1183,
351,
2593,
266,
276,
501,
335,
264,
992,
1343,
260,
2195,
488,
270,
854,
1336,
1692,
2638,
748,
593,
581,
285,
2575,
1790,
355,
1940,
269,
2226,
1068,
576,
270,
1151,
352,
480,
1157,
2556,
556,
494,
2416,
721,
1098,
733,
131,
561,
103,
120,
230,
1115,
94,
473,
104,
1343,
740,
1260,
468,
82,
65,
1190,
59,
1279,
58,
73,
75,
363,
55,
929,
943,
60,
937,
927,
935,
273,
46,
356,
42,
2543,
299,
349,
504,
484,
576,
513,
292,
226,
313,
48,
128,
194,
352,
302,
1479,
677,
344,
1237,
175,
1212,
349,
352,
98,
2109,
241,
132,
1475,
2510,
366,
43,
497,
357,
439,
332,
1557,
2520,
527,
1563,
1234,
2636,
1376,
2472,
528,
1752,
1122,
515,
2366,
2571,
1090,
2365,
1759,
1117,
1753,
1285,
499,
1231,
1325,
988,
968,
528,
1107,
1754,
337,
355,
2383,
447,
335,
652,
1767,
287,
964,
1838,
1448,
280,
1202,
333,
1295,
283,
1982,
517,
288,
268,
709,
650,
1505,
716,
624,
264,
659,
1516,
281,
409,
2070,
263,
39,
1433,
268,
983,
628,
313,
293,
397,
1043,
554,
278,
505,
391,
381,
1006,
1012,
684,
1183,
1329,
2701,
1261,
336,
256,
134,
1949,
281,
131,
128,
1255,
53,
67,
5546,
53,
119,
47,
135,
911,
122,
49,
2641,
85,
105,
155,
86,
409,
416,
422,
1205,
78,
409,
502,
406,
340,
399,
423,
565,
501,
1925,
1124,
338,
419,
322,
1202,
195,
1021,
408,
349,
1124,
833,
1433,
494,
503,
2027,
590,
1380,
1411,
1216,
415,
1383,
130,
792,
255,
413,
1366,
2817,
1216,
167,
704,
43,
1624,
1374,
1029,
434,
1564,
639,
1215,
2685,
413,
785,
344,
2699,
1382,
1292,
1287,
406,
4620,
1493,
1415,
433,
2714,
1387,
1283,
1627,
1316,
1370,
1238,
353,
400,
255,
345,
327,
1545,
1314,
2453,
39,
166,
1009,
1593,
347,
1224,
505,
159,
2074,
726,
959,
280,
1193,
2722,
1316,
955,
2466,
1157,
1571,
1409,
1149,
607,
243,
282,
584,
576,
976,
337,
2235,
282,
708,
335,
506,
1398,
303,
1137,
280,
286,
272,
1636,
439,
276,
1175,
43,
261,
2684,
2747,
446,
1233,
2154,
2125,
877,
441,
273,
339,
265,
1891,
2572,
2756,
284,
1896,
276,
270,
248,
784,
1298,
274,
346,
581,
2820,
1503,
525,
2200,
1854,
438,
2661,
2753,
2247,
766,
312,
385,
379,
289,
1911,
1073,
845,
1087,
260,
137,
100,
1087,
135,
2616,
132,
39,
1308,
119,
78,
61,
117,
38,
521,
416,
39,
414,
409,
38,
334,
1408,
499,
408,
399,
97,
397,
86,
464,
406,
1205,
2270,
106,
443,
162,
86,
76,
344,
193,
490,
495,
188,
543,
509,
178,
341,
1118,
490,
442,
1382,
186,
486,
44,
154,
173,
2248,
2623,
2733,
562,
436,
1026,
1359,
2789,
2124,
355,
1320,
2797,
1023,
34,
353,
205,
631,
1570,
1494,
1978,
875,
1785,
1490,
209,
2619,
276,
1102,
326,
348,
2794,
1251,
792,
1756,
340,
456,
1708,
2155,
513,
337,
1353,
439,
981,
253,
560,
366,
279,
1311,
2814,
443,
359,
1360,
284,
354,
333,
558,
1133,
338,
358,
264,
2640,
277,
271,
350,
328,
342,
254,
263,
2593,
1139,
299,
282,
982,
270,
258,
1484,
1496,
1932,
277,
1081,
2561,
1815,
2412,
1160,
977,
1635,
43,
1036,
1319,
1156,
2420,
794,
266,
1320,
328,
544,
263,
1208,
2789,
1349,
809,
255,
212,
1134,
183,
814,
1584,
42,
437,
2080,
171,
42,
244,
931,
1174,
107,
2717,
320,
2058,
99,
41,
154,
937,
40,
285,
627,
630,
369,
116,
1200,
1186,
2366,
269,
38,
106,
77,
739,
99,
1816,
785,
2008,
733,
87,
317,
383,
376,
371,
236,
367,
362,
46,
414,
1121,
42,
422,
283,
222,
530,
387,
2623,
2441,
302,
415,
386,
381,
528,
387,
504,
303,
891,
317,
337,
42,
261,
899,
369,
503,
203,
299,
1263,
498,
329,
356,
898,
296,
274,
2648,
1251,
973,
855,
325,
1201,
91,
953,
286,
1150,
1642,
1260,
163,
323,
500,
2865,
312,
197,
837,
2796,
159,
865,
868,
2763,
646,
943,
746,
890,
864,
1420,
334,
303,
1736,
39,
1606,
210,
308,
2899,
211,
629,
1861,
39,
255,
220,
2786,
284,
2057,
287,
1867,
2161,
2035,
1300,
1223,
1911,
962,
607,
2005,
287,
573,
2974,
820,
1163,
337,
1682,
1239,
1242,
2012,
2829,
455,
274,
331,
891,
1357,
641,
191,
1247,
563,
447,
270,
42,
281,
1199,
1790,
266,
342,
2009,
276,
264,
2801,
340,
262,
802,
1593,
261,
363,
807,
290,
958,
44,
372,
1345,
1634,
1406,
711,
296,
278,
1659,
1454,
1182,
984,
832,
927,
327,
1682,
879,
696,
657,
4750,
718,
923,
100,
1169,
1698,
418,
129,
690,
2147,
1169,
1157,
364,
105,
131,
2867,
745,
1982,
630,
83,
143,
130,
72,
993,
42,
695,
137,
131,
115,
122,
691,
1250,
1176,
215,
242,
44,
683,
255,
104,
40,
1935,
682,
2705,
89,
666,
593,
582,
345,
324,
387,
1425,
1260,
345,
3044,
1017,
286,
2799,
262,
2857,
242,
364,
399,
356,
2726,
285,
1279,
581,
348,
1787,
343,
370,
2023,
524,
5699,
432,
2850,
522,
303,
290,
381,
182,
356,
96,
42,
509,
273,
235,
39,
253,
1269,
354,
352,
307,
508,
325,
147,
277,
312,
4856,
506,
350,
331,
670,
335,
621,
1315,
626,
312,
193,
319,
1243,
1230,
958,
1241,
622,
5503,
350,
2197,
361,
621,
255,
1499,
273,
323,
3023,
177,
1702,
722,
514,
1282,
348,
1323,
141,
598,
1961,
400,
575,
1149,
1345,
967,
340,
1632,
658,
1060,
1228,
380,
333,
887,
912,
283,
1417,
605,
1082,
1790,
968,
340,
366,
2979,
282,
280,
148,
2832,
642,
645,
272,
275,
1222,
46,
291,
267,
2975,
1162,
890,
873,
2909,
1485,
1220,
147,
795,
1248,
846,
1505,
273,
360,
2646,
985,
1990,
45,
112,
201,
1665,
1210,
360,
1257,
826,
125,
1065,
2565,
625,
1469,
310,
874,
1257,
49,
463,
107,
291,
1673,
279,
164,
1743,
1092,
245,
140,
113,
1193,
1164,
1162,
134,
106,
