37,
43,
33,
41,
36,
32,
32,
46,
53,
52,
51,
43,
75,
94,
90,
76,
42,
95,
98,
76,
106,
70,
35,
92,
72,
104,
58,
36,
75,
36,
96,
34,
94,
90,
100,
81,
94,
104,
36,
77,
98,
32,
44,
127,
131,
73,
129,
115,
105,
124,
119,
118,
121,
77,
107,
65,
108,
43,
51,
107,
85,
37,
101,
36,
124,
154,
146,
123,
60,
36,
159,
87,
116,
144,
108,
86,
160,
121,
152,
160,
151,
87,
133,
135,
107,
124,
122,
140,
122,
113,
111,
126,
155,
109,
133,
102,
124,
130,
119,
108,
101,
91,
135,
108,
143,
153,
161,
124,
129,
119,
137,
116,
108,
104,
142,
93,
144,
35,
124,
161,
36,
128,
87,
148,
133,
133,
114,
44,
110,
96,
130,
98,
35,
150,
109,
129,
117,
136,
126,
133,
46,
34,
104,
116,
175,
34,
43,
187,
127,
176,
135,
196,
92,
182,
59,
112,
103,
127,
115,
179,
121,
151,
98,
184,
176,
80,
195,
147,
117,
127,
137,
147,
108,
163,
135,
217,
204,
173,
128,
144,
144,
124,
141,
203,
114,
114,
113,
137,
195,
128,
186,
178,
217,
124,
170,
49,
110,
124,
201,
130,
104,
153,
98,
158,
104,
115,
229,
114,
99,
78,
125,
196,
205,
126,
83,
120,
170,
171,
160,
71,
123,
149,
153,
143,
128,
43,
232,
162,
150,
127,
99,
117,
123,
248,
142,
65,
111,
142,
40,
118,
102,
121,
77,
248,
66,
249,
85,
233,
185,
235,
203,
90,
212,
157,
224,
233,
229,
245,
122,
85,
168,
254,
203,
83,
226,
187,
82,
43,
257,
149,
178,
254,
178,
82,
163,
233,
157,
63,
189,
79,
218,
225,
213,
267,
171,
40,
208,
72,
151,
160,
243,
71,
191,
187,
215,
132,
178,
66,
216,
112,
232,
133,
66,
225,
200,
143,
178,
259,
65,
172,
183,
285,
181,
242,
294,
214,
65,
257,
174,
164,
203,
61,
166,
214,
154,
61,
248,
173,
254,
293,
136,
245,
57,
175,
158,
233,
206,
168,
53,
230,
159,
107,
164,
176,
172,
58,
211,
150,
164,
268,
42,
164,
201,
146,
266,
269,
222,
219,
159,
223,
36,
275,
35,
169,
149,
144,
42,
237,
34,
216,
171,
186,
280,
260,
146,
126,
181,
141,
265,
36,
110,
249,
249,
192,
296,
89,
292,
244,
87,
260,
191,
96,
205,
161,
49,
90,
285,
45,
243,
133,
132,
138,
283,
36,
146,
241,
214,
123,
243,
268,
43,
272,
274,
132,
332,
111,
262,
218,
280,
250,
277,
42,
271,
220,
151,
224,
210,
238,
104,
321,
208,
121,
206,
242,
104,
134,
202,
261,
184,
126,
172,
172,
285,
242,
133,
160,
287,
125,
115,
208,
243,
279,
153,
312,
107,
218,
129,
225,
171,
126,
171,
101,
247,
131,
335,
211,
234,
204,
125,
327,
214,
334,
176,
181,
236,
174,
197,
215,
218,
183,
167,
280,
261,
304,
223,
261,
175,
205,
185,
216,
222,
198,
146,
295,
211,
256,
132,
205,
208,
268,
268,
293,
201,
44,
235,
365,
196,
281,
123,
172,
149,
223,
144,
208,
214,
161,
200,
240,
42,
113,
159,
183,
193,
207,
214,
136,
243,
41,
169,
169,
153,
200,
147,
147,
173,
193,
271,
244,
203,
149,
195,
259,
180,
167,
153,
272,
151,
161,
316,
142,
215,
87,
129,
38,
140,
166,
181,
167,
365,
162,
241,
210,
256,
143,
233,
149,
255,
137,
167,
190,
198,
82,
141,
185,
191,
254,
168,
188,
128,
143,
218,
211,
176,
161,
210,
179,
210,
132,
162,
169,
214,
126,
203,
154,
128,
135,
178,
253,
164,
297,
198,
162,
169,
147,
115,
90,
171,
167,
113,
142,
144,
212,
142,
130,
128,
158,
206,
212,
133,
187,
209,
152,
136,
185,
127,
129,
141,
232,
120,
43,
212,
155,
125,
200,
246,
210,
170,
45,
43,
192,
134,
230,
194,
240,
177,
181,
228,
149,
229,
166,
116,
236,
193,
150,
215,
143,
140,
233,
120,
166,
212,
215,
178,
139,
150,
238,
42,
319,
199,
145,
252,
119,
83,
110,
125,
138,
137,
270,
102,
374,
103,
271,
95,
119,
417,
167,
143,
358,
286,
77,
277,
117,
280,
115,
61,
57,
305,
107,
180,
97,
76,
144,
42,
318,
365,
183,
199,
199,
202,
268,
381,
223,
202,
430,
134,
164,
165,
164,
412,
176,
199,
181,
156,
165,
151,
418,
171,
187,
161,
145,
154,
179,
272,
124,
233,
159,
359,
40,
355,
193,
118,
189,
241,
113,
84,
155,
228,
169,
241,
219,
175,
226,
213,
234,
233,
166,
138,
156,
198,
344,
177,
128,
110,
152,
203,
360,
152,
173,
416,
191,
152,
44,
223,
134,
213,
108,
346,
439,
239,
139,
322,
204,
211,
263,
204,
336,
183,
39,
302,
171,
175,
431,
71,
206,
163,
195,
336,
99,
410,
150,
329,
154,
283,
163,
156,
174,
118,
146,
157,
87,
249,
352,
342,
141,
186,
220,
194,
164,
166,
115,
156,
123,
149,
385,
140,
233,
138,
117,
163,
110,
200,
158,
282,
168,
133,
390,
164,
150,
106,
137,
210,
135,
434,
106,
247,
401,
102,
166,
303,
150,
101,
181,
369,
141,
344,
92,
309,
225,
46,
42,
287,
222,
254,
384,
193,
269,
376,
366,
233,
231,
188,
247,
89,
193,
353,
272,
82,
290,
180,
201,
262,
130,
190,
147,
259,
211,
283,
283,
178,
253,
340,
279,
188,
295,
292,
164,
167,
81,
298,
174,
250,
182,
164,
173,
280,
322,
328,
156,
41,
254,
229,
271,
286,
295,
80,
203,
391,
253,
36,
178,
205,
275,
188,
157,
229,
123,
263,
126,
283,
41,
171,
255,
208,
234,
216,
267,
160,
42,
126,
235,
190,
272,
45,
113,
111,
244,
100,
292,
98,
205,
238,
212,
188,
170,
45,
174,
124,
226,
249,
165,
269,
95,
413,
147,
158,
44,
321,
333,
248,
91,
286,
310,
86,
233,
105,
44,
184,
42,
264,
114,
44,
224,
142,
310,
162,
303,
46,
105,
222,
60,
154,
118,
234,
210,
302,
259,
269,
283,
144,
132,
196,
131,
197,
129,
240,
213,
121,
76,
197,
209,
308,
188,
40,
230,
43,
209,
198,
246,
177,
223,
280,
161,
42,
106,
186,
227,
87,
280,
180,
198,
294,
149,
189,
233,
278,
125,
157,
272,
229,
225,
249,
201,
115,
209,
204,
221,
211,
185,
183,
287,
227,
209,
202,
243,
304,
239,
190,
236,
192,
169,
218,
172,
182,
196,
294,
340,
264,
256,
207,
287,
186,
161,
207,
154,
207,
235,
236,
262,
252,
163,
285,
223,
246,
234,
241,
251,
308,
221,
210,
198,
262,
410,
280,
229,
189,
232,
299,
357,
223,
222,
73,
193,
240,
44,
244,
282,
434,
215,
209,
297,
225,
462,
284,
209,
200,
466,
262,
172,
196,
206,
171,
428,
177,
442,
187,
411,
192,
191,
419,
179,
402,
164,
50,
146,
463,
175,
99,
137,
403,
214,
99,
409,
463,
219,
162,
40,
475,
457,
212,
206,
205,
407,
429,
445,
196,
312,
207,
477,
236,
43,
178,
367,
244,
372,
177,
474,
485,
161,
157,
190,
40,
450,
381,
268,
148,
241,
412,
74,
418,
112,
203,
281,
248,
144,
149,
98,
420,
82,
401,
129,
113,
57,
399,
259,
150,
246,
363,
152,
394,
301,
259,
42,
461,
163,
316,
274,
437,
134,
197,
252,
114,
449,
246,
218,
94,
164,
265,
155,
225,
199,
150,
204,
443,
380,
202,
122,
246,
275,
266,
281,
226,
44,
239,
450,
227,
246,
236,
473,
300,
228,
226,
238,
224,
215,
220,
201,
159,
231,
135,
92,
268,
217,
152,
165,
296,
193,
294,
163,
211,
206,
196,
147,
263,
214,
155,
257,
161,
156,
217,
171,
234,
147,
239,
468,
124,
221,
282,
133,
211,
400,
222,
456,
221,
288,
162,
161,
264,
127,
273,
139,
159,
225,
232,
282,
109,
142,
301,
174,
147,
154,
98,
110,
265,
227,
252,
138,
176,
143,
157,
364,
196,
305,
83,
339,
194,
343,
233,
255,
194,
134,
257,
201,
286,
159,
125,
338,
126,
153,
226,
184,
316,
149,
206,
126,
261,
270,
126,
267,
221,
261,
43,
295,
362,
121,
203,
154,
152,
320,
120,
345,
284,
116,
254,
163,
149,
309,
235,
245,
66,
108,
251,
266,
173,
238,
109,
233,
320,
259,
36,
237,
259,
234,
263,
173,
235,
267,
208,
303,
324,
279,
290,
266,
281,
343,
233,
237,
291,
368,
280,
274,
177,
196,
222,
162,
282,
191,
35,
256,
303,
273,
313,
210,
156,
340,
267,
313,
305,
173,
260,
305,
266,
245,
240,
295,
250,
259,
214,
399,
384,
299,
478,
354,
315,
512,
314,
267,
472,
400,
282,
40,
329,
352,
324,
270,
209,
296,
272,
252,
256,
249,
214,
300,
227,
274,
325,
274,
490,
312,
288,
388,
177,
224,
212,
326,
326,
273,
273,
287,
303,
299,
299,
278,
276,
269,
266,
182,
230,
288,
345,
194,
283,
249,
295,
316,
197,
308,
178,
289,
478,
271,
301,
355,
45,
268,
93,
203,
282,
235,
269,
316,
423,
233,
206,
291,
86,
37,
232,
295,
252,
178,
245,
59,
256,
234,
253,
48,
354,
194,
181,
223,
470,
477,
220,
192,
309,
226,
307,
185,
45,
203,
216,
158,
227,
477,
192,
214,
115,
535,
241,
294,
288,
167,
147,
238,
595,
344,
176,
520,
335,
229,
312,
200,
202,
296,
580,
211,
533,
239,
156,
340,
97,
221,
197,
573,
184,
198,
68,
448,
249,
223,
130,
192,
169,
611,
153,
306,
163,
451,
162,
144,
294,
531,
131,
41,
292,
102,
43,
282,
508,
547,
302,
302,
219,
288,
181,
281,
279,
296,
262,
277,
501,
537,
44,
267,
252,
319,
241,
207,
512,
295,
168,
272,
312,
530,
251,
395,
231,
292,
216,
222,
247,
184,
299,
46,
210,
197,
291,
530,
288,
277,
265,
268,
492,
237,
283,
139,
164,
621,
162,
264,
172,
483,
150,
215,
124,
267,
121,
348,
154,
244,
290,
288,
243,
220,
138,
179,
123,
623,
163,
131,
241,
262,
248,
238,
202,
244,
453,
259,
137,
152,
234,
238,
246,
199,
446,
120,
173,
208,
203,
603,
251,
290,
201,
126,
229,
257,
236,
139,
226,
208,
528,
192,
244,
155,
133,
100,
177,
48,
39,
188,
195,
66,
173,
527,
264,
221,
116,
40,
231,
91,
124,
181,
151,
173,
503,
142,
42,
41,
155,
39,
251,
141,
277,
235,
176,
115,
115,
225,
96,
208,
471,
194,
267,
152,
264,
584,
241,
88,
260,
84,
87,
194,
298,
141,
267,
177,
213,
120,
309,
74,
278,
191,
449,
258,
343,
510,
474,
278,
170,
484,
276,
447,
215,
172,
303,
320,
263,
219,
259,
239,
269,
234,
164,
265,
189,
262,
225,
434,
174,
296,
165,
38,
154,
320,
420,
226,
400,
271,
253,
283,
189,
254,
282,
312,
401,
178,
266,
181,
248,
218,
230,
373,
176,
399,
162,
220,
326,
176,
173,
347,
158,
232,
393,
250,
337,
186,
359,
155,
389,
186,
41,
433,
330,
149,
369,
419,
137,
267,
337,
36,
146,
197,
145,
42,
141,
138,
205,
157,
138,
137,
361,
195,
330,
328,
136,
43,
37,
103,
247,
218,
103,
414,
124,
174,
166,
161,
228,
214,
238,
231,
124,
99,
221,
119,
228,
220,
206,
257,
135,
169,
314,
32,
131,
165,
310,
436,
39,
352,
216,
38,
336,
175,
394,
203,
324,
356,
317,
318,
330,
273,
230,
435,
203,
208,
141,
241,
305,
364,
304,
317,
143,
266,
314,
326,
203,
171,
298,
164,
350,
261,
118,
482,
230,
224,
310,
277,
196,
40,
276,
212,
206,
335,
220,
284,
359,
330,
198,
261,
298,
176,
270,
171,
35,
169,
197,
367,
288,
207,
263,
260,
201,
187,
300,
148,
306,
324,
255,
36,
254,
253,
204,
283,
562,
344,
617,
112,
158,
340,
94,
181,
297,
201,
44,
249,
234,
310,
43,
170,
410,
41,
141,
67,
256,
146,
172,
201,
307,
140,
129,
231,
41,
145,
349,
39,
246,
223,
170,
185,
375,
169,
281,
345,
573,
130,
230,
167,
237,
258,
306,
348,
288,
269,
359,
249,
288,
257,
295,
352,
281,
205,
298,
602,
633,
287,
298,
183,
302,
407,
681,
215,
272,
609,
384,
446,
275,
261,
274,
222,
201,
246,
342,
35,
377,
319,
244,
274,
684,
295,
285,
380,
247,
234,
661,
684,
419,
279,
302,
426,
341,
295,
240,
286,
278,
248,
724,
277,
235,
277,
49,
295,
410,
216,
628,
258,
691,
144,
217,
242,
185,
227,
279,
229,
635,
224,
287,
43,
634,
311,
345,
304,
246,
293,
300,
372,
323,
626,
254,
351,
670,
50,
299,
418,
236,
282,
333,
277,
138,
361,
216,
121,
285,
40,
218,
639,
244,
381,
429,
343,
334,
234,
94,
46,
427,
363,
200,
149,
383,
351,
196,
692,
282,
375,
359,
458,
185,
347,
165,
289,
256,
285,
263,
207,
752,
308,
712,
163,
230,
663,
267,
342,
153,
395,
135,
138,
214,
230,
230,
132,
181,
771,
206,
149,
255,
45,
192,
413,
353,
265,
43,
110,
320,
224,
750,
765,
221,
212,
169,
759,
694,
173,
38,
477,
666,
342,
352,
434,
221,
296,
363,
677,
659,
185,
146,
173,
564,
167,
448,
785,
144,
49,
316,
154,
449,
37,
277,
351,
152,
169,
183,
139,
38,
128,
337,
260,
121,
441,
309,
209,
107,
202,
284,
96,
190,
174,
285,
172,
240,
299,
42,
253,
106,
164,
228,
473,
162,
353,
262,
226,
283,
295,
110,
202,
514,
160,
204,
228,
378,
300,
159,
260,
291,
452,
606,
285,
215,
515,
221,
195,
319,
309,
546,
202,
154,
157,
270,
255,
43,
163,
18,
153,
267,
84,
214,
435,
147,
137,
155,
165,
209,
446,
267,
291,
59,
152,
348,
152,
229,
43,
136,
280,
333,
575,
484,
375,
292,
150,
363,
358,
295,
371,
372,
244,
162,
294,
508,
278,
468,
331,
404,
338,
370,
143,
308,
464,
321,
319,
487,
314,
732,
329,
298,
327,
166,
309,
379,
395,
140,
436,
279,
319,
350,
357,
311,
87,
212,
286,
138,
183,
356,
339,
246,
41,
272,
257,
149,
227,
270,
258,
148,
487,
221,
271,
260,
233,
371,
228,
137,
257,
376,
270,
211,
245,
391,
227,
310,
134,
226,
232,
387,
197,
311,
380,
236,
133,
332,
401,
443,
207,
262,
235,
678,
133,
223,
417,
236,
434,
207,
235,
478,
222,
377,
233,
275,
283,
408,
205,
351,
427,
382,
442,
355,
209,
239,
265,
233,
354,
424,
316,
295,
203,
211,
367,
396,
341,
428,
216,
227,
292,
184,
352,
226,
373,
424,
251,
571,
309,
210,
182,
226,
338,
344,
239,
331,
318,
411,
525,
325,
129,
450,
36,
324,
244,
445,
309,
243,
357,
194,
217,
263,
346,
312,
317,
388,
248,
351,
296,
311,
563,
526,
329,
337,
317,
312,
319,
274,
45,
473,
263,
207,
221,
282,
274,
511,
506,
44,
331,
404,
285,
342,
44,
284,
40,
291,
434,
307,
345,
443,
41,
367,
282,
310,
401,
398,
293,
288,
303,
367,
293,
336,
377,
209,
301,
317,
312,
268,
218,
40,
408,
249,
412,
385,
792,
394,
369,
428,
152,
355,
438,
367,
804,
354,
909,
215,
333,
385,
242,
884,
314,
648,
368,
146,
46,
196,
293,
497,
415,
338,
85,
865,
559,
400,
331,
334,
212,
710,
332,
352,
384,
176,
336,
278,
800,
326,
242,
852,
331,
323,
527,
800,
386,
41,
295,
605,
372,
286,
279,
801,
494,
387,
245,
377,
285,
351,
42,
853,
261,
782,
236,
349,
423,
292,
328,
182,
279,
215,
316,
647,
305,
280,
284,
260,
878,
856,
262,
273,
234,
321,
802,
254,
856,
286,
269,
243,
216,
177,
252,
214,
772,
421,
40,
293,
304,
857,
730,
252,
201,
439,
251,
240,
205,
229,
467,
256,
124,
262,
162,
769,
192,
320,
477,
398,
168,
177,
194,
192,
159,
106,
43,
696,
431,
261,
235,
459,
259,
147,
112,
177,
332,
835,
84,
167,
136,
216,
181,
382,
157,
135,
835,
676,
300,
172,
336,
86,
305,
295,
828,
98,
810,
401,
225,
377,
73,
125,
42,
800,
317,
125,
39,
783,
311,
626,
792,
303,
351,
321,
414,
338,
843,
507,
330,
43,
325,
249,
319,
414,
831,
309,
300,
472,
304,
251,
309,
201,
44,
37,
299,
251,
293,
518,
279,
637,
45,
303,
286,
505,
45,
349,
260,
291,
78,
291,
329,
238,
261,
48,
178,
312,
336,
337,
359,
206,
282,
343,
416,
215,
175,
349,
39,
181,
166,
246,
314,
239,
165,
278,
352,
337,
189,
163,
323,
174,
235,
411,
139,
294,
384,
181,
84,
301,
217,
126,
165,
341,
361,
288,
174,
580,
324,
208,
131,
166,
357,
354,
318,
334,
224,
163,
246,
349,
47,
132,
271,
238,
297,
278,
253,
300,
364,
166,
282,
202,
221,
244,
125,
109,
359,
179,
106,
219,
591,
257,
280,
299,
346,
200,
103,
194,
201,
336,
36,
341,
102,
174,
257,
335,
137,
105,
194,
347,
163,
341,
338,
68,
341,
334,
359,
296,
329,
333,
346,
331,
354,
285,
325,
328,
290,
42,
816,
340,
555,
574,
501,
395,
804,
279,
492,
43,
259,
449,
572,
159,
54,
42,
270,
203,
158,
394,
460,
507,
39,
157,
145,
446,
589,
47,
554,
656,
227,
569,
455,
80,
150,
313,
321,
45,
559,
497,
149,
41,
148,
481,
150,
368,
236,
147,
355,
280,
285,
299,
216,
260,
414,
377,
303,
278,
446,
258,
319,
344,
234,
487,
163,
385,
242,
447,
271,
327,
287,
426,
276,
221,
346,
314,
300,
172,
166,
197,
122,
345,
284,
404,
212,
204,
162,
113,
51,
317,
139,
41,
187,
539,
382,
395,
567,
451,
366,
41,
443,
390,
202,
338,
123,
394,
184,
350,
346,
402,
384,
112,
43,
371,
420,
397,
480,
150,
367,
396,
395,
272,
314,
328,
348,
383,
43,
388,
302,
346,
437,
504,
333,
253,
412,
355,
215,
42,
389,
324,
409,
320,
330,
446,
302,
374,
428,
254,
879,
331,
325,
358,
308,
46,
339,
250,
334,
236,
270,
418,
343,
176,
287,
290,
60,
315,
43,
264,
283,
428,
356,
420,
373,
41,
305,
354,
409,
287,
292,
40,
250,
399,
233,
309,
364,
221,
292,
323,
384,
347,
339,
282,
920,
344,
292,
240,
415,
169,
177,
449,
496,
914,
436,
200,
476,
495,
267,
449,
369,
400,
195,
292,
367,
327,
311,
319,
353,
408,
436,
316,
336,
302,
311,
297,
225,
310,
143,
122,
301,
322,
338,
288,
250,
295,
471,
410,
899,
402,
439,
233,
365,
209,
157,
419,
234,
258,
225,
177,
370,
472,
870,
280,
403,
395,
371,
1014,
226,
44,
280,
889,
222,
274,
400,
402,
899,
503,
353,
198,
349,
245,
961,
344,
289,
287,
291,
311,
600,
862,
239,
373,
187,
453,
485,
451,
957,
181,
199,
312,
179,
253,
335,
288,
314,
231,
177,
183,
957,
278,
264,
278,
214,
283,
211,
236,
437,
134,
176,
203,
417,
209,
139,
545,
44,
125,
275,
254,
361,
416,
209,
123,
278,
347,
47,
112,
216,
109,
440,
302,
298,
970,
307,
307,
305,
40,
337,
291,
338,
327,
295,
317,
303,
229,
971,
202,
259,
341,
90,
42,
972,
245,
344,
934,
421,
79,
453,
420,
934,
152,
424,
403,
394,
372,
330,
646,
317,
234,
318,
250,
417,
322,
224,
367,
998,
373,
187,
314,
294,
914,
997,
68,
338,
281,
942,
295,
46,
225,
254,
264,
357,
956,
989,
45,
280,
984,
46,
269,
979,
457,
304,
355,
1010,
797,
290,
435,
755,
996,
316,
182,
255,
353,
810,
364,
181,
230,
404,
55,
155,
122,
1027,
226,
213,
316,
264,
118,
207,
523,
328,
226,
190,
224,
377,
44,
264,
366,
155,
46,
306,
295,
342,
320,
201,
498,
197,
635,
625,
615,
41,
536,
238,
116,
121,
142,
587,
117,
191,
109,
188,
43,
105,
420,
612,
411,
84,
245,
244,
240,
759,
206,
192,
193,
494,
109,
507,
43,
365,
157,
40,
507,
203,
315,
599,
172,
183,
467,
194,
463,
604,
41,
556,
477,
224,
236,
240,
406,
459,
194,
388,
264,
421,
237,
179,
277,
187,
943,
42,
673,
281,
564,
250,
392,
477,
210,
560,
916,
592,
273,
160,
411,
544,
297,
436,
478,
208,
485,
417,
424,
568,
538,
201,
614,
733,
224,
234,
581,
429,
306,
484,
536,
536,
281,
607,
501,
43,
795,
212,
498,
599,
149,
511,
325,
965,
568,
595,
311,
428,
211,
265,
236,
374,
585,
394,
283,
453,
268,
40,
222,
1007,
186,
511,
330,
149,
531,
142,
225,
789,
136,
288,
350,
482,
529,
283,
400,
414,
299,
261,
164,
616,
361,
425,
624,
304,
200,
238,
355,
265,
130,
310,
140,
291,
227,
269,
722,
283,
234,
123,
226,
121,
637,
180,
167,
336,
294,
147,
320,
319,
660,
428,
162,
175,
263,
486,
620,
367,
494,
409,
807,
45,
51,
544,
207,
474,
381,
39,
385,
626,
420,
448,
275,
401,
454,
114,
253,
500,
148,
481,
476,
150,
42,
170,
326,
163,
186,
451,
706,
379,
328,
140,
218,
705,
311,
453,
44,
385,
400,
337,
280,
379,
442,
373,
246,
312,
454,
424,
261,
167,
306,
189,
312,
212,
180,
367,
182,
555,
205,
47,
866,
160,
209,
472,
187,
407,
159,
301,
168,
194,
112,
144,
427,
379,
195,
173,
152,
151,
255,
108,
298,
396,
377,
386,
291,
108,
41,
108,
299,
329,
211,
298,
321,
41,
242,
263,
225,
108,
940,
103,
293,
1148,
45,
197,
160,
36,
513,
138,
926,
181,
323,
125,
134,
39,
382,
49,
923,
1148,
229,
497,
85,
49,
366,
1130,
929,
390,
361,
1160,
40,
1102,
156,
329,
437,
1131,
335,
1078,
368,
1097,
145,
507,
520,
1095,
37,
77,
1086,
508,
517,
223,
319,
515,
1079,
579,
384,
84,
1197,
643,
308,
682,
728,
41,
271,
1110,
1090,
1124,
1144,
46,
75,
79,
703,
38,
551,
1072,
226,
435,
453,
1108,
511,
477,
384,
383,
409,
338,
360,
179,
1000,
489,
370,
179,
580,
449,
158,
318,
539,
503,
224,
367,
377,
40,
149,
218,
203,
234,
830,
100,
1201,
326,
142,
494,
140,
43,
186,
295,
138,
165,
160,
87,
473,
78,
315,
1225,
104,
355,
408,
79,
236,
505,
36,
348,
418,
990,
314,
345,
376,
325,
306,
345,
307,
156,
339,
179,
824,
291,
255,
355,
360,
415,
373,
283,
181,
490,
188,
213,
290,
45,
314,
173,
271,
145,
896,
362,
171,
246,
630,
466,
562,
662,
208,
164,
116,
554,
134,
384,
206,
373,
988,
478,
307,
49,
417,
591,
226,
570,
75,
109,
384,
714,
911,
137,
204,
290,
603,
561,
438,
562,
195,
205,
470,
761,
556,
181,
535,
590,
457,
454,
605,
43,
508,
513,
653,
48,
517,
545,
537,
347,
436,
398,
45,
618,
201,
397,
587,
108,
633,
722,
497,
460,
106,
434,
391,
48,
731,
638,
203,
535,
43,
390,
825,
416,
386,
426,
601,
423,
639,
114,
481,
555,
580,
47,
433,
453,
374,
41,
578,
418,
443,
304,
254,
385,
332,
403,
582,
441,
330,
190,
373,
324,
39,
511,
313,
547,
42,
369,
649,
410,
285,
350,
210,
645,
347,
564,
283,
583,
313,
394,
420,
128,
283,
359,
391,
178,
624,
295,
579,
488,
662,
392,
298,
415,
538,
110,
374,
152,
196,
579,
485,
310,
168,
325,
397,
841,
444,
406,
350,
133,
283,
490,
259,
67,
253,
76,
483,
503,
545,
526,
43,
52,
634,
413,
416,
150,
388,
299,
342,
349,
594,
539,
140,
355,
1137,
348,
152,
142,
302,
551,
329,
1154,
458,
485,
305,
308,
291,
329,
538,
273,
1187,
1190,
542,
628,
334,
263,
303,
257,
716,
446,
542,
269,
345,
264,
262,
1159,
337,
284,
490,
256,
554,
197,
269,
322,
57,
217,
302,
188,
195,
1136,
44,
217,
1110,
544,
187,
225,
298,
199,
46,
202,
71,
210,
247,
53,
203,
208,
215,
637,
365,
177,
202,
209,
172,
338,
190,
254,
457,
178,
169,
151,
550,
172,
168,
187,
36,
1176,
424,
415,
337,
297,
145,
627,
687,
1185,
276,
691,
375,
47,
686,
427,
372,
140,
255,
1119,
670,
685,
663,
635,
673,
144,
490,
1116,
548,
725,
132,
300,
543,
122,
369,
269,
535,
270,
1175,
524,
540,
308,
278,
534,
432,
519,
299,
403,
302,
533,
641,
527,
109,
1148,
632,
398,
241,
1298,
48,
88,
251,
1262,
450,
514,
125,
80,
575,
1271,
104,
520,
180,
226,
1227,
1274,
281,
305,
1129,
599,
41,
689,
75,
37,
287,
562,
283,
294,
289,
283,
259,
1280,
427,
38,
342,
288,
182,
431,
401,
255,
254,
379,
416,
248,
1198,
207,
174,
312,
287,
474,
719,
441,
296,
1143,
158,
294,
423,
81,
79,
96,
208,
418,
78,
267,
209,
312,
556,
398,
252,
207,
195,
177,
374,
39,
1303,
555,
637,
144,
1301,
690,
99,
604,
421,
610,
429,
171,
1237,
250,
627,
411,
150,
225,
127,
119,
95,
584,
336,
558,
141,
138,
387,
37,
233,
303,
680,
96,
238,
282,
356,
555,
228,
392,
280,
450,
216,
188,
206,
103,
399,
132,
398,
45,
346,
118,
181,
92,
46,
162,
166,
349,
101,
290,
143,
323,
122,
257,
470,
179,
337,
179,
356,
177,
280,
218,
221,
218,
691,
179,
480,
177,
212,
176,
241,
182,
39,
313,
43,
311,
318,
705,
428,
269,
308,
125,
302,
272,
123,
66,
297,
589,
314,
723,
228,
355,
655,
295,
704,
462,
326,
549,
618,
132,
207,
167,
193,
631,
49,
469,
171,
131,
594,
124,
129,
348,
433,
412,
38,
569,
734,
554,
549,
416,
1204,
39,
387,
413,
407,
474,
517,
423,
438,
569,
432,
481,
747,
91,
440,
361,
90,
426,
414,
424,
280,
737,
525,
411,
440,
255,
288,
717,
411,
43,
326,
424,
312,
617,
295,
314,
248,
681,
290,
484,
289,
658,
612,
743,
272,
711,
235,
306,
500,
258,
297,
296,
684,
597,
313,
36,
252,
233,
678,
337,
274,
234,
601,
512,
192,
232,
454,
218,
432,
187,
347,
201,
38,
252,
316,
468,
434,
360,
197,
276,
479,
178,
181,
452,
228,
237,
423,
39,
454,
598,
191,
350,
159,
380,
628,
538,
249,
376,
445,
136,
588,
516,
455,
255,
352,
340,
278,
336,
566,
648,
408,
334,
506,
420,
547,
291,
342,
197,
312,
401,
295,
648,
777,
299,
400,
712,
655,
639,
279,
428,
632,
653,
658,
646,
617,
491,
907,
687,
674,
637,
383,
605,
44,
50,
411,
575,
783,
589,
390,
225,
553,
619,
757,
42,
346,
367,
609,
245,
531,
508,
43,
321,
490,
424,
1357,
863,
563,
370,
804,
413,
659,
615,
322,
1335,
597,
43,
589,
671,
464,
623,
491,
586,
1330,
369,
304,
337,
255,
271,
1347,
211,
1287,
306,
221,
218,
560,
198,
298,
648,
216,
549,
221,
512,
616,
271,
171,
41,
597,
200,
39,
177,
209,
788,
241,
1365,
553,
201,
198,
41,
198,
587,
1393,
1281,
416,
192,
341,
343,
879,
1132,
459,
503,
173,
256,
187,
345,
1394,
773,
667,
304,
841,
454,
591,
886,
294,
1120,
176,
741,
264,
144,
38,
856,
230,
202,
300,
430,
150,
1206,
1388,
461,
1190,
146,
1189,
255,
473,
144,
391,
481,
221,
925,
416,
244,
139,
228,
891,
202,
436,
429,
1366,
140,
136,
609,
1331,
548,
1191,
131,
224,
1351,
1357,
170,
126,
498,
198,
102,
1387,
500,
482,
249,
340,
591,
389,
281,
90,
88,
487,
52,
324,
153,
1362,
195,
234,
42,
144,
182,
430,
459,
171,
200,
80,
392,
1329,
179,
465,
1144,
128,
150,
1265,
191,
1173,
123,
381,
156,
1358,
358,
120,
1250,
367,
461,
194,
604,
268,
44,
601,
188,
204,
251,
997,
285,
1359,
416,
758,
192,
584,
587,
659,
1017,
339,
708,
209,
1139,
197,
358,
740,
960,
201,
579,
570,
429,
262,
207,
449,
265,
233,
234,
96,
207,
254,
262,
163,
240,
249,
215,
43,
241,
95,
128,
383,
238,
84,
237,
175,
428,
246,
165,
40,
320,
180,
37,
234,
334,
226,
195,
373,
211,
334,
214,
172,
42,
333,
191,
198,
166,
107,
253,
88,
138,
315,
313,
203,
114,
310,
136,
855,
426,
110,
172,
99,
154,
221,
305,
255,
72,
187,
262,
247,
299,
1114,
92,
41,
212,
338,
464,
680,
1090,
449,
203,
134,
1073,
1079,
1239,
43,
439,
326,
1361,
1193,
129,
823,
163,
623,
856,
192,
848,
370,
847,
779,
580,
629,
448,
755,
171,
330,
1092,
589,
383,
158,
642,
362,
802,
814,
1085,
982,
668,
775,
166,
714,
384,
1357,
40,
164,
626,
620,
1023,
672,
617,
131,
164,
683,
807,
642,
164,
588,
41,
414,
50,
748,
160,
691,
585,
728,
495,
133,
451,
441,
1205,
583,
41,
457,
431,
232,
42,
405,
1033,
313,
428,
161,
197,
785,
224,
621,
478,
376,
194,
767,
138,
515,
328,
147,
131,
660,
314,
169,
385,
589,
342,
762,
155,
716,
597,
287,
636,
48,
127,
574,
391,
475,
668,
175,
754,
685,
386,
222,
855,
765,
649,
559,
406,
385,
223,
555,
601,
615,
154,
470,
766,
532,
216,
266,
562,
229,
605,
616,
459,
513,
265,
440,
482,
1024,
784,
539,
577,
677,
430,
419,
581,
271,
307,
616,
453,
295,
952,
481,
1076,
457,
1489,
429,
274,
1243,
219,
207,
677,
712,
219,
691,
701,
380,
1384,
185,
1007,
1193,
205,
715,
473,
187,
194,
412,
171,
804,
180,
443,
159,
188,
397,
656,
173,
338,
355,
495,
463,
171,
370,
1215,
506,
1374,
168,
170,
365,
424,
1319,
388,
1569,
166,
457,
169,
454,
156,
1565,
896,
255,
416,
330,
140,
208,
168,
1456,
149,
463,
545,
271,
131,
486,
1039,
575,
338,
647,
102,
140,
92,
365,
1478,
1413,
90,
331,
119,
126,
132,
340,
456,
387,
93,
90,
855,
345,
418,
1399,
407,
89,
584,
360,
330,
413,
91,
319,
381,
376,
89,
369,
646,
85,
1399,
636,
122,
650,
391,
290,
350,
752,
1335,
92,
685,
84,
1383,
1494,
476,
68,
1335,
380,
1318,
62,
1415,
1324,
1353,
370,
260,
382,
61,
1348,
401,
198,
385,
75,
442,
249,
1335,
368,
198,
418,
309,
1530,
256,
363,
137,
1397,
366,
113,
1376,
178,
362,
1453,
106,
843,
320,
1442,
361,
148,
226,
301,
635,
360,
1475,
272,
535,
271,
199,
512,
579,
146,
1425,
623,
851,
216,
1484,
1425,
128,
559,
580,
777,
136,
1211,
1421,
1291,
1403,
360,
1255,
1247,
1479,
356,
1247,
444,
1191,
380,
963,
1255,
1249,
287,
354,
223,
168,
78,
1169,
45,
319,
316,
1255,
40,
39,
217,
212,
1136,
1184,
1115,
618,
211,
332,
336,
334,
274,
333,
265,
250,
324,
281,
229,
258,
967,
176,
253,
275,
348,
286,
389,
269,
241,
888,
280,
198,
189,
165,
179,
247,
145,
277,
504,
324,
218,
343,
156,
165,
257,
236,
227,
227,
208,
237,
246,
329,
195,
210,
218,
206,
144,
184,
656,
188,
187,
222,
656,
219,
205,
318,
365,
225,
173,
177,
141,
171,
809,
648,
334,
639,
398,
286,
666,
729,
172,
670,
266,
879,
698,
334,
765,
94,
205,
239,
779,
271,
893,
407,
580,
837,
338,
764,
656,
272,
783,
738,
647,
689,
825,
337,
340,
316,
699,
778,
1186,
770,
285,
583,
177,
599,
659,
1249,
906,
775,
166,
659,
936,
1264,
1432,
631,
716,
579,
829,
759,
958,
892,
631,
292,
519,
25,
651,
604,
382,
84,
677,
930,
462,
567,
631,
323,
434,
450,
711,
561,
624,
578,
490,
825,
302,
829,
362,
332,
717,
714,
396,
690,
575,
687,
954,
215,
825,
266,
611,
737,
733,
632,
804,
638,
542,
425,
509,
802,
452,
566,
686,
784,
466,
582,
550,
564,
601,
642,
463,
659,
531,
591,
341,
369,
606,
545,
334,
605,
453,
444,
752,
637,
418,
228,
677,
1475,
502,
682,
392,
546,
427,
388,
171,
734,
166,
772,
157,
127,
134,
105,
114,
341,
128,
111,
99,
86,
345,
89,
466,
803,
323,
192,
81,
702,
193,
297,
171,
63,
169,
164,
81,
147,
40,
305,
123,
184,
145,
115,
300,
744,
102,
1562,
120,
195,
45,
193,
164,
1038,
71,
36,
464,
1180,
1535,
72,
279,
67,
1569,
1574,
1551,
1620,
734,
297,
76,
944,
287,
1209,
372,
1581,
1342,
557,
620,
345,
1260,
285,
1151,
736,
1326,
607,
339,
1124,
340,
261,
41,
76,
1727,
144,
1622,
1142,
245,
40,
647,
501,
234,
513,
204,
222,
229,
1640,
141,
1395,
499,
40,
227,
216,
215,
1262,
1632,
212,
1211,
1600,
373,
370,
1420,
78,
226,
1354,
1424,
1204,
215,
39,
1190,
684,
1618,
243,
1579,
1196,
254,
305,
78,
502,
320,
1527,
197,
162,
251,
181,
1475,
177,
158,
247,
312,
165,
109,
234,
159,
91,
1142,
240,
1624,
152,
828,
115,
1608,
700,
130,
821,
341,
168,
122,
1006,
148,
285,
291,
93,
291,
370,
1563,
300,
245,
90,
124,
245,
1169,
347,
271,
192,
1624,
117,
418,
197,
75,
183,
43,
221,
256,
188,
1376,
1581,
376,
512,
176,
201,
273,
241,
226,
187,
1364,
1646,
192,
556,
196,
196,
249,
220,
277,
1593,
1515,
1422,
523,
419,
274,
1642,
325,
517,
1433,
236,
194,
333,
1643,
155,
174,
354,
186,
356,
142,
1470,
170,
185,
137,
302,
330,
204,
247,
197,
187,
148,
235,
466,
170,
234,
205,
116,
388,
147,
153,
102,
234,
121,
1593,
102,
466,
140,
395,
412,
129,
273,
396,
99,
703,
1093,
502,
978,
779,
696,
766,
682,
516,
187,
557,
818,
132,
868,
868,
739,
677,
434,
204,
665,
745,
798,
507,
719,
837,
199,
744,
216,
183,
805,
717,
226,
542,
797,
465,
801,
672,
179,
715,
286,
710,
581,
702,
913,
621,
700,
784,
202,
522,
653,
167,
971,
78,
675,
150,
578,
521,
856,
667,
538,
650,
482,
709,
629,
649,
188,
207,
635,
687,
597,
617,
676,
124,
77,
561,
583,
84,
653,
539,
73,
620,
526,
454,
71,
604,
888,
574,
788,
592,
268,
857,
464,
773,
588,
49,
843,
73,
673,
460,
197,
586,
927,
838,
489,
658,
483,
553,
642,
587,
446,
557,
871,
518,
45,
821,
838,
199,
631,
631,
773,
662,
808,
936,
838,
1290,
500,
1270,
187,
813,
514,
468,
424,
940,
927,
433,
817,
419,
1169,
37,
848,
392,
427,
380,
917,
129,
655,
806,
789,
468,
789,
467,
805,
702,
414,
876,
464,
918,
709,
1515,
931,
816,
601,
421,
426,
1555,
529,
836,
551,
670,
781,
819,
796,
310,
43,
503,
1537,
429,
300,
780,
380,
41,
678,
691,
302,
210,
238,
882,
446,
374,
406,
619,
441,
436,
880,
345,
720,
1305,
514,
839,
877,
422,
907,
627,
875,
740,
873,
43,
624,
252,
1410,
871,
523,
407,
773,
399,
735,
259,
88,
1305,
733,
1286,
459,
242,
387,
728,
303,
721,
171,
1320,
183,
1391,
345,
182,
708,
617,
743,
372,
164,
328,
182,
969,
659,
402,
517,
167,
383,
160,
165,
219,
833,
162,
405,
156,
368,
508,
192,
651,
109,
407,
367,
354,
141,
177,
718,
103,
40,
358,
436,
1138,
105,
98,
40,
865,
856,
90,
860,
882,
785,
380,
268,
208,
215,
378,
263,
327,
108,
202,
281,
200,
672,
360,
1176,
92,
312,
290,
77,
257,
920,
1653,
296,
904,
75,
443,
1434,
231,
1605,
984,
47,
258,
641,
42,
240,
76,
159,
1036,
1368,
1405,
83,
593,
1626,
298,
1612,
1681,
498,
647,
1566,
1628,
1622,
446,
1800,
457,
207,
1621,
144,
157,
665,
1571,
1616,
1160,
149,
121,
149,
255,
553,
113,
110,
158,
1779,
147,
1016,
693,
143,
109,
91,
117,
75,
556,
161,
115,
201,
162,
1584,
485,
869,
1406,
1653,
161,
471,
568,
471,
390,
396,
679,
815,
812,
750,
602,
783,
1636,
493,
1654,
531,
485,
453,
1802,
1785,
158,
432,
1496,
436,
79,
731,
68,
72,
151,
698,
73,
1789,
417,
1454,
64,
69,
1716,
1689,
1674,
66,
382,
638,
64,
924,
232,
1657,
635,
59,
633,
60,
249,
58,
634,
420,
861,
886,
304,
925,
54,
315,
565,
1668,
868,
1393,
170,
927,
51,
943,
575,
944,
1696,
295,
264,
279,
326,
915,
55,
589,
909,
910,
256,
569,
685,
259,
352,
784,
342,
437,
565,
43,
419,
880,
303,
287,
226,
611,
1709,
390,
281,
298,
49,
249,
259,
800,
303,
38,
624,
393,
311,
1839,
570,
256,
213,
411,
334,
827,
752,
987,
197,
237,
250,
565,
282,
322,
277,
297,
459,
209,
254,
941,
245,
557,
296,
333,
215,
565,
868,
183,
168,
563,
1046,
617,
811,
1433,
1426,
612,
273,
520,
956,
212,
565,
192,
613,
482,
1016,
642,
1394,
1550,
139,
1036,
568,
964,
1475,
445,
1002,
599,
121,
1566,
522,
437,
1508,
563,
445,
119,
535,
435,
1373,
534,
521,
1485,
471,
498,
737,
413,
570,
889,
872,
408,
849,
185,
749,
870,
738,
1500,
409,
442,
123,
863,
591,
518,
1289,
395,
121,
158,
431,
1346,
395,
1411,
399,
1396,
994,
429,
106,
339,
776,
99,
437,
524,
370,
405,
1417,
1318,
1279,
467,
330,
1269,
462,
831,
511,
521,
672,
1267,
498,
503,
862,
599,
518,
90,
812,
741,
1353,
77,
127,
433,
75,
376,
390,
986,
264,
953,
770,
525,
907,
569,
998,
45,
739,
459,
380,
746,
904,
480,
378,
985,
516,
405,
504,
733,
683,
527,
846,
750,
371,
203,
725,
608,
286,
191,
200,
330,
845,
595,
514,
271,
789,
688,
609,
376,
177,
161,
1318,
717,
680,
22,
504,
284,
396,
173,
755,
144,
405,
715,
53,
822,
1247,
700,
221,
322,
199,
160,
486,
51,
205,
343,
49,
187,
663,
648,
41,
409,
494,
159,
284,
186,
167,
295,
165,
690,
326,
477,
120,
1224,
123,
157,
647,
144,
455,
240,
115,
280,
664,
434,
108,
356,
186,
546,
272,
714,
194,
107,
96,
263,
102,
162,
367,
693,
299,
179,
1578,
172,
191,
248,
216,
105,
369,
94,
91,
312,
236,
634,
251,
249,
219,
1691,
551,
954,
218,
262,
497,
264,
441,
492,
476,
1804,
235,
113,
1808,
278,
500,
274,
57,
413,
195,
287,
147,
89,
551,
590,
119,
810,
1866,
102,
623,
1547,
215,
388,
853,
777,
593,
100,
188,
1654,
94,
173,
69,
1283,
229,
1253,
1342,
95,
1649,
973,
1385,
779,
91,
859,
89,
62,
1343,
1263,
1247,
338,
780,
347,
86,
304,
778,
84,
291,
810,
326,
1704,
258,
1285,
74,
769,
1523,
256,
84,
1053,
352,
340,
65,
238,
293,
71,
60,
369,
1319,
64,
246,
243,
50,
359,
207,
257,
303,
82,
181,
237,
61,
53,
285,
1475,
49,
1553,
433,
252,
294,
45,
203,
244,
297,
272,
1291,
645,
179,
50,
1262,
294,
259,
994,
220,
1725,
1260,
745,
195,
391,
701,
1252,
1288,
1499,
745,
596,
183,
411,
1536,
1330,
196,
993,
1918,
1549,
1687,
1499,
1156,
1518,
1542,
742,
560,
43,
183,
1049,
1227,
729,
425,
671,
561,
1906,
518,
310,
495,
1706,
676,
530,
584,
654,
579,
647,
886,
504,
447,
429,
44,
1445,
684,
1524,
1589,
510,
408,
951,
447,
1240,
741,
1132,
936,
1676,
454,
775,
765,
286,
748,
710,
842,
796,
1643,
735,
521,
373,
304,
504,
1105,
956,
592,
39,
379,
1076,
698,
726,
1556,
519,
457,
490,
368,
734,
1607,
474,
558,
1059,
1820,
563,
466,
467,
538,
537,
517,
697,
532,
983,
527,
1452,
410,
36,
240,
588,
436,
394,
622,
907,
411,
924,
1449,
586,
208,
461,
782,
472,
486,
842,
941,
477,
1372,
726,
974,
1070,
368,
751,
327,
887,
338,
410,
544,
971,
1353,
751,
451,
357,
803,
384,
747,
1893,
823,
769,
760,
793,
1074,
872,
800,
743,
986,
214,
294,
747,
495,
1060,
963,
718,
947,
239,
1032,
780,
815,
294,
536,
455,
1327,
451,
1566,
244,
534,
1042,
198,
255,
271,
359,
804,
379,
578,
605,
511,
174,
796,
1364,
217,
567,
1371,
993,
241,
265,
199,
772,
814,
729,
207,
250,
1076,
1885,
573,
194,
1359,
324,
318,
1009,
1023,
233,
1066,
157,
165,
766,
1723,
324,
189,
718,
1057,
151,
350,
307,
451,
555,
218,
147,
151,
1073,
289,
178,
330,
226,
128,
423,
1078,
822,
154,
253,
158,
729,
114,
146,
161,
320,
183,
228,
327,
299,
1734,
136,
106,
195,
119,
109,
526,
310,
268,
84,
1092,
134,
711,
132,
276,
690,
317,
619,
117,
240,
99,
108,
256,
873,
436,
244,
541,
1770,
1081,
1025,
2013,
1920,
965,
314,
112,
598,
826,
534,
1279,
1006,
474,
212,
464,
213,
244,
231,
211,
834,
1037,
288,
199,
206,
162,
1813,
144,
1848,
264,
169,
140,
1004,
140,
128,
285,
140,
47,
138,
281,
514,
1224,
100,
133,
238,
341,
79,
510,
96,
507,
1171,
187,
249,
558,
1984,
573,
534,
94,
302,
353,
243,
547,
260,
475,
215,
1226,
522,
539,
113,
291,
527,
256,
301,
300,
254,
164,
455,
406,
374,
477,
107,
507,
272,
2122,
286,
129,
698,
112,
454,
1674,
338,
290,
267,
468,
108,
1420,
386,
344,
267,
223,
330,
358,
105,
1564,
497,
75,
109,
278,
274,
1381,
105,
554,
567,
1377,
510,
104,
526,
1547,
1604,
1374,
103,
1346,
263,
1537,
1345,
71,
66,
1356,
1329,
61,
1321,
496,
2013,
1302,
2004,
1996,
2017,
1284,
54,
1208,
1198,
344,
54,
2015,
1011,
990,
75,
338,
1381,
52,
2014,
308,
1994,
979,
2000,
941,
1851,
308,
2010,
1846,
1982,
1002,
106,
991,
2002,
1395,
122,
1990,
43,
308,
1568,
424,
917,
245,
822,
254,
1015,
817,
307,
817,
71,
815,
926,
814,
209,
265,
810,
269,
227,
851,
809,
257,
808,
337,
911,
804,
73,
267,
591,
350,
801,
500,
905,
892,
795,
420,
335,
884,
43,
676,
508,
476,
888,
394,
360,
161,
501,
946,
212,
226,
941,
238,
702,
336,
223,
1357,
344,
296,
334,
149,
1367,
210,
317,
1617,
1607,
380,
901,
1580,
1445,
423,
452,
1239,
458,
441,
865,
209,
2070,
1731,
1169,
297,
448,
1144,
390,
659,
459,
277,
1150,
209,
773,
918,
468,
384,
768,
387,
366,
751,
500,
377,
224,
452,
1586,
427,
619,
366,
390,
364,
382,
2134,
328,
538,
963,
358,
1708,
346,
170,
175,
535,
527,
245,
740,
552,
2069,
918,
243,
786,
287,
1194,
1048,
1450,
245,
2104,
1250,
165,
887,
253,
1130,
319,
1655,
484,
702,
963,
787,
179,
224,
395,
214,
405,
500,
312,
719,
572,
272,
533,
369,
925,
215,
493,
256,
943,
242,
204,
279,
1195,
1021,
153,
781,
438,
222,
172,
923,
170,
780,
418,
161,
149,
762,
143,
142,
162,
137,
484,
533,
569,
194,
959,
400,
136,
1163,
480,
332,
492,
205,
326,
143,
372,
511,
187,
712,
1238,
764,
324,
556,
137,
806,
262,
235,
348,
503,
130,
218,
365,
1154,
137,
282,
159,
248,
914,
2245,
218,
193,
396,
124,
188,
285,
348,
373,
234,
277,
859,
614,
178,
244,
242,
609,
581,
668,
115,
283,
171,
196,
249,
120,
238,
1129,
499,
212,
166,
308,
371,
408,
172,
295,
353,
402,
516,
172,
1072,
141,
414,
450,
398,
149,
815,
447,
74,
73,
564,
961,
500,
312,
297,
520,
799,
317,
368,
770,
397,
1185,
563,
341,
917,
336,
775,
550,
2245,
526,
835,
330,
337,
489,
505,
896,
492,
648,
587,
294,
1680,
287,
376,
637,
397,
371,
568,
128,
525,
352,
319,
376,
756,
395,
524,
227,
517,
300,
350,
297,
497,
207,
355,
325,
335,
249,
273,
22,
631,
1490,
1630,
205,
249,
905,
162,
574,
154,
139,
1131,
1458,
1128,
218,
1665,
938,
144,
2171,
318,
327,
154,
328,
493,
955,
332,
930,
924,
937,
132,
536,
291,
926,
452,
131,
147,
156,
2090,
197,
124,
118,
926,
310,
908,
140,
1923,
319,
466,
1001,
1016,
110,
917,
109,
324,
922,
300,
1015,
98,
89,
1338,
790,
369,
123,
1870,
2029,
445,
301,
902,
2012,
340,
275,
100,
756,
93,
2090,
181,
99,
919,
97,
552,
87,
403,
1009,
78,
937,
197,
345,
76,
1400,
1362,
240,
60,
399,
67,
261,
1492,
77,
54,
431,
522,
70,
54,
77,
158,
334,
46,
76,
358,
281,
661,
241,
224,
462,
387,
236,
75,
355,
995,
40,
348,
1906,
36,
301,
76,
348,
956,
941,
1715,
561,
934,
401,
876,
809,
919,
214,
280,
190,
77,
328,
501,
2373,
184,
291,
532,
478,
80,
355,
1076,
183,
477,
277,
104,
40,
183,
422,
1132,
162,
414,
357,
2392,
1614,
332,
433,
525,
180,
2351,
43,
2325,
176,
41,
1916,
40,
1923,
434,
39,
531,
413,
977,
1430,
638,
421,
2340,
629,
1429,
415,
1121,
1782,
229,
1790,
42,
417,
2355,
46,
1906,
2312,
1614,
979,
673,
1612,
1233,
419,
115,
2313,
70,
867,
522,
44,
317,
548,
198,
400,
505,
417,
654,
105,
1425,
2312,
1317,
134,
706,
1415,
2243,
1689,
1148,
402,
1312,
969,
481,
1161,
438,
1473,
866,
522,
2233,
889,
529,
937,
424,
403,
1710,
422,
273,
683,
400,
600,
691,
417,
388,
948,
379,
2107,
345,
562,
1124,
258,
256,
416,
919,
395,
698,
224,
166,
255,
254,
41,
368,
208,
190,
1270,
267,
239,
1259,
167,
288,
368,
272,
153,
186,
166,
934,
633,
272,
915,
41,
1260,
265,
996,
481,
261,
392,
612,
415,
211,
193,
141,
2152,
188,
378,
412,
201,
124,
481,
1291,
1310,
401,
2215,
541,
683,
2287,
184,
355,
355,
647,
148,
1236,
369,
925,
42,
479,
548,
1033,
228,
263,
2233,
637,
1311,
231,
2259,
475,
243,
1193,
697,
176,
370,
163,
548,
187,
2455,
499,
261,
1152,
178,
479,
378,
156,
2297,
403,
206,
441,
1715,
694,
154,
128,
532,
363,
140,
2066,
435,
344,
898,
362,
139,
531,
441,
144,
348,
125,
243,
137,
696,
831,
327,
1189,
365,
1538,
1056,
436,
115,
607,
120,
528,
458,
1418,
486,
307,
448,
111,
449,
388,
473,
355,
2110,
327,
111,
2306,
301,
347,
400,
478,
386,
155,
301,
511,
1259,
470,
643,
346,
925,
850,
66,
492,
1088,
394,
504,
286,
370,
1288,
2284,
565,
1073,
512,
624,
282,
318,
621,
474,
1003,
313,
285,
619,
506,
271,
290,
617,
589,
290,
373,
656,
270,
527,
424,
1278,
339,
525,
369,
898,
649,
1353,
291,
516,
1260,
510,
298,
1159,
265,
396,
305,
438,
244,
539,
1276,
496,
290,
820,
221,
580,
243,
426,
905,
506,
315,
294,
312,
1297,
381,
550,
476,
288,
431,
669,
1357,
114,
81,
342,
446,
586,
537,
354,
737,
382,
558,
106,
288,
574,
1294,
920,
499,
533,
325,
474,
73,
82,
1306,
913,
1322,
371,
1292,
629,
1134,
425,
70,
292,
74,
82,
377,
1309,
331,
1125,
317,
1120,
42,
55,
456,
491,
487,
1561,
1575,
440,
183,
24,
40,
159,
276,
1695,
219,
272,
2335,
39,
485,
245,
240,
154,
433,
642,
2006,
134,
611,
1106,
131,
407,
2325,
432,
304,
511,
1127,
213,
1991,
288,
457,
383,
495,
439,
244,
1342,
79,
290,
1769,
761,
41,
831,
1299,
736,
479,
2300,
768,
125,
733,
2236,
2059,
282,
1109,
2224,
425,
398,
163,
255,
209,
2036,
556,
403,
382,
413,
109,
102,
371,
310,
436,
394,
2142,
307,
75,
194,
47,
1017,
44,
642,
45,
199,
842,
1852,
1072,
483,
194,
154,
824,
401,
337,
373,
820,
1329,
40,
173,
508,
987,
466,
603,
1423,
449,
743,
702,
2238,
875,
44,
2250,
622,
211,
688,
112,
125,
617,
42,
40,
271,
39,
2227,
232,
89,
1428,
242,
586,
609,
319,
1211,
196,
827,
532,
146,
129,
343,
1429,
840,
232,
598,
1424,
330,
414,
1037,
1809,
308,
200,
1032,
275,
831,
281,
242,
1794,
218,
276,
260,
627,
245,
243,
45,
226,
1043,
198,
201,
215,
178,
518,
268,
192,
178,
376,
241,
212,
183,
517,
143,
210,
153,
271,
1029,
179,
48,
844,
160,
239,
125,
1039,
140,
220,
216,
1020,
161,
163,
199,
184,
2629,
148,
126,
120,
122,
2451,
126,
204,
2383,
130,
109,
597,
1768,
80,
316,
251,
1269,
310,
1218,
1150,
121,
306,
2650,
135,
478,
249,
421,
103,
794,
853,
431,
716,
633,
407,
1112,
405,
422,
1083,
1143,
779,
2468,
336,
721,
317,
305,
123,
1388,
403,
807,
389,
281,
225,
362,
1066,
688,
390,
1103,
223,
846,
395,
353,
342,
2378,
149,
213,
1166,
873,
385,
588,
391,
530,
325,
2476,
83,
753,
248,
872,
747,
751,
372,
372,
647,
82,
848,
603,
478,
390,
1073,
966,
80,
580,
481,
2472,
603,
926,
1082,
539,
1063,
399,
873,
476,
420,
443,
415,
562,
774,
663,
68,
284,
509,
2105,
2328,
370,
447,
538,
85,
380,
674,
477,
666,
199,
353,
407,
422,
260,
1074,
653,
341,
2518,
482,
62,
656,
252,
236,
59,
651,
522,
180,
1059,
500,
629,
1402,
421,
2529,
515,
58,
791,
503,
228,
628,
512,
48,
2278,
623,
755,
2485,
1102,
1072,
580,
443,
971,
2408,
1113,
602,
365,
593,
273,
2307,
233,
675,
2432,
380,
213,
509,
295,
1073,
528,
600,
484,
2114,
44,
422,
1060,
447,
50,
211,
390,
931,
1058,
2431,
2380,
39,
1225,
598,
227,
500,
39,
1173,
899,
1038,
562,
582,
614,
2383,
620,
38,
907,
406,
490,
945,
579,
628,
138,
203,
894,
524,
368,
1603,
1181,
169,
518,
459,
2435,
449,
512,
612,
18,
254,
896,
145,
449,
1188,
1179,
481,
892,
587,
327,
428,
900,
1088,
886,
1184,
122,
309,
45,
243,
852,
444,
235,
43,
1158,
115,
629,
471,
392,
531,
1348,
893,
495,
801,
194,
43,
176,
159,
450,
479,
177,
1112,
576,
510,
906,
1082,
36,
823,
474,
172,
865,
350,
566,
1068,
160,
167,
380,
463,
453,
864,
136,
181,
860,
1083,
892,
327,
869,
380,
971,
138,
1011,
929,
1066,
1009,
220,
119,
1016,
77,
960,
391,
113,
255,
919,
426,
290,
207,
243,
199,
347,
551,
166,
182,
1006,
132,
856,
2229,
201,
125,
2115,
962,
204,
117,
503,
121,
2198,
143,
219,
2135,
210,
562,
193,
323,
740,
162,
130,
289,
22,
220,
250,
169,
907,
1390,
414,
81,
137,
79,
406,
176,
312,
2398,
339,
516,
74,
499,
1239,
99,
88,
2401,
317,
326,
2236,
1307,
343,
97,
101,
2401,
2407,
471,
345,
2419,
189,
2414,
323,
532,
1083,
2251,
1840,
350,
471,
66,
882,
176,
350,
2418,
2416,
130,
434,
349,
1973,
1967,
252,
146,
2175,
203,
95,
578,
119,
1253,
1079,
714,
1263,
621,
575,
343,
189,
146,
199,
138,
492,
182,
96,
259,
131,
1375,
112,
149,
342,
319,
816,
108,
99,
723,
312,
118,
1226,
110,
877,
109,
611,
297,
994,
89,
312,
709,
1083,
838,
1190,
889,
266,
1433,
2456,
77,
87,
82,
747,
739,
716,
738,
2276,
733,
80,
745,
417,
75,
881,
242,
74,
68,
760,
407,
2418,
429,
315,
397,
64,
266,
299,
386,
54,
758,
69,
308,
320,
744,
50,
847,
758,
2403,
388,
275,
285,
307,
310,
817,
287,
320,
48,
379,
303,
280,
172,
319,
308,
296,
285,
685,
49,
270,
289,
259,
281,
42,
297,
237,
600,
268,
280,
841,
848,
1235,
252,
244,
1056,
1231,
264,
2363,
790,
1248,
1708,
669,
2398,
751,
1055,
488,
677,
1713,
1361,
1379,
699,
747,
653,
38,
363,
649,
740,
2506,
1771,
2069,
1085,
347,
422,
1422,
1626,
553,
661,
453,
421,
1522,
2518,
126,
1363,
644,
407,
1432,
2298,
880,
624,
1686,
1091,
459,
694,
2510,
1101,
2531,
411,
428,
1208,
263,
670,
1422,
394,
237,
1753,
2325,
1895,
533,
584,
512,
2250,
544,
691,
2577,
1412,
427,
575,
1617,
601,
1779,
136,
1504,
530,
1337,
41,
585,
1052,
2536,
487,
548,
428,
520,
518,
168,
581,
370,
657,
36,
558,
529,
492,
2328,
2510,
673,
151,
471,
493,
632,
497,
2463,
595,
303,
471,
447,
482,
615,
158,
353,
214,
2452,
349,
394,
972,
986,
1358,
203,
473,
456,
1387,
542,
2442,
146,
2119,
1194,
535,
483,
318,
343,
45,
995,
49,
1072,
2342,
442,
2410,
294,
41,
537,
736,
743,
1037,
987,
735,
1026,
339,
1010,
306,
785,
511,
2422,
743,
960,
728,
196,
370,
1610,
210,
851,
819,
727,
229,
1554,
293,
733,
234,
581,
543,
540,
462,
240,
1052,
154,
231,
221,
529,
355,
199,
196,
522,
1030,
459,
161,
149,
595,
235,
549,
125,
531,
207,
1046,
135,
985,
1140,
609,
407,
159,
134,
123,
99,
101,
1783,
503,
219,
617,
221,
229,
99,
580,
238,
607,
119,
255,
406,
112,
1210,
188,
1438,
98,
112,
351,
219,
246,
94,
193,
755,
197,
186,
94,
586,
175,
113,
593,
198,
171,
359,
148,
617,
646,
518,
109,
391,
712,
643,
1434,
396,
117,
516,
148,
330,
327,
393,
74,
371,
540,
566,
1267,
1211,
72,
599,
180,
414,
1108,
376,
126,
567,
501,
612,
1411,
115,
2335,
109,
1099,
1322,
579,
2326,
1600,
106,
76,
428,
975,
78,
96,
115,
1102,
397,
992,
115,
2606,
507,
609,
1350,
1343,
360,
577,
2039,
2275,
431,
394,
2616,
578,
330,
100,
501,
482,
1629,
414,
96,
1626,
404,
458,
88,
396,
515,
510,
1747,
418,
1639,
349,
431,
1169,
458,
353,
426,
627,
770,
477,
341,
413,
299,
296,
428,
668,
526,
525,
1066,
294,
320,
79,
353,
766,
447,
300,
621,
313,
328,
104,
766,
261,
60,
241,
637,
478,
306,
235,
233,
319,
765,
212,
352,
328,
404,
179,
521,
147,
764,
1232,
104,
332,
1825,
994,
351,
127,
441,
1010,
501,
1008,
1003,
1218,
82,
1001,
1241,
994,
60,
1423,
978,
983,
977,
1650,
1508,
498,
977,
975,
970,
120,
78,
1018,
972,
958,
1007,
251,
669,
789,
957,
329,
850,
370,
959,
75,
225,
958,
848,
510,
1042,
985,
485,
390,
981,
648,
475,
934,
1866,
1464,
459,
1125,
707,
601,
907,
1160,
1539,
1124,
841,
585,
500,
239,
2413,
818,
660,
1177,
729,
2411,
832,
323,
515,
1160,
2400,
566,
1184,
2406,
861,
579,
581,
432,
606,
239,
1160,
953,
865,
788,
936,
639,
944,
850,
1154,
816,
822,
1183,
880,
1639,
313,
566,
1059,
300,
269,
723,
1658,
207,
556,
1265,
225,
163,
779,
555,
2564,
532,
1846,
614,
628,
222,
581,
1911,
241,
1105,
1497,
155,
770,
528,
241,
356,
2704,
291,
1151,
1189,
1073,
220,
265,
477,
794,
729,
499,
2559,
920,
214,
224,
1044,
535,
517,
2497,
255,
202,
391,
346,
1559,
1186,
640,
187,
562,
207,
503,
205,
553,
198,
902,
434,
1594,
907,
264,
1870,
562,
1509,
1303,
430,
729,
196,
460,
1894,
651,
525,
703,
181,
214,
2377,
1315,
382,
1390,
357,
180,
2594,
721,
1297,
173,
534,
1783,
575,
180,
980,
1278,
132,
565,
1324,
189,
995,
1911,
130,
139,
950,
2379,
153,
117,
625,
443,
2532,
469,
496,
834,
531,
1863,
1703,
682,
1080,
949,
2529,
645,
167,
441,
545,
1815,
1631,
194,
137,
1156,
812,
2590,
486,
178,
636,
793,
184,
158,
134,
848,
159,
683,
508,
689,
2435,
703,
118,
1704,
130,
201,
686,
1485,
281,
1234,
107,
327,
350,
682,
1623,
1591,
1471,
552,
656,
536,
1905,
491,
688,
770,
479,
854,
207,
118,
621,
696,
1489,
1554,
427,
362,
1358,
490,
709,
571,
1642,
1721,
505,
2528,
787,
1643,
683,
1781,
2155,
1619,
515,
173,
745,
606,
787,
448,
1782,
2464,
154,
2286,
447,
1561,
885,
461,
2416,
727,
244,
136,
438,
234,
1474,
196,
481,
218,
712,
1610,
75,
187,
467,
109,
414,
682,
194,
86,
577,
193,
413,
75,
173,
184,
402,
578,
166,
640,
598,
609,
162,
669,
1635,
162,
154,
1418,
406,
696,
154,
99,
506,
258,
138,
136,
111,
848,
624,
137,
133,
76,
101,
122,
92,
1106,
81,
114,
1607,
1123,
1566,
600,
97,
1190,
583,
364,
1134,
1115,
574,
89,
497,
491,
1785,
599,
507,
88,
658,
500,
231,
87,
317,
1586,
1089,
533,
362,
85,
1797,
84,
483,
255,
430,
517,
632,
240,
962,
326,
504,
1633,
72,
2329,
48,
499,
580,
373,
515,
307,
592,
604,
585,
196,
387,
640,
499,
2346,
321,
382,
995,
682,
257,
196,
976,
493,
962,
989,
2217,
993,
972,
895,
1412,
967,
1049,
953,
630,
40,
636,
998,
945,
957,
39,
793,
955,
1216,
539,
945,
943,
126,
1637,
557,
1213,
140,
954,
72,
623,
943,
941,
1172,
1039,
921,
935,
1216,
441,
631,
1809,
1222,
515,
610,
1013,
1173,
573,
1009,
1875,
478,
967,
78,
84,
1003,
1415,
533,
754,
975,
498,
983,
508,
978,
1012,
958,
1005,
623,
1862,
584,
1021,
1861,
1868,
925,
978,
863,
384,
426,
72,
419,
414,
743,
725,
230,
211,
183,
226,
766,
432,
411,
520,
582,
1092,
1240,
931,
226,
1235,
987,
505,
1042,
953,
2015,
991,
198,
978,
984,
244,
925,
882,
779,
792,
180,
848,
826,
323,
1368,
216,
212,
243,
926,
216,
319,
1449,
810,
232,
229,
1320,
243,
796,
673,
1140,
1764,
246,
155,
687,
146,
201,
1338,
119,
205,
248,
1635,
793,
1718,
209,
1281,
202,
2333,
833,
1067,
917,
819,
124,
2317,
744,
182,
1686,
1623,
776,
742,
944,
212,
1847,
1868,
820,
1635,
1674,
679,
769,
109,
2330,
1619,
835,
710,
1611,
693,
677,
852,
1467,
804,
671,
527,
1705,
1572,
1348,
805,
643,
1315,
143,
622,
1070,
789,
1290,
843,
940,
1377,
1018,
466,
1593,
722,
1326,
293,
813,
855,
1940,
94,
876,
136,
432,
1398,
477,
1265,
484,
103,
477,
970,
143,
778,
1118,
196,
463,
716,
982,
1534,
859,
120,
654,
1490,
497,
147,
831,
110,
1523,
1483,
676,
2055,
204,
716,
861,
653,
923,
1512,
1247,
921,
386,
772,
650,
845,
233,
811,
726,
874,
843,
1093,
453,
433,
839,
1970,
1056,
283,
641,
399,
179,
711,
121,
1657,
938,
665,
140,
805,
2330,
1420,
792,
799,
862,
818,
632,
2017,
1385,
842,
433,
131,
1036,
833,
392,
2355,
769,
380,
197,
1370,
709,
780,
2347,
356,
961,
1296,
2047,
872,
834,
325,
175,
876,
515,
558,
448,
935,
461,
1519,
159,
1104,
152,
143,
1955,
1556,
1096,
1061,
887,
1113,
1096,
128,
727,
2603,
144,
1499,
1152,
720,
143,
709,
838,
715,
866,
1113,
1971,
1480,
139,
708,
687,
1469,
683,
193,
898,
698,
781,
137,
806,
795,
678,
121,
673,
131,
186,
446,
668,
704,
602,
295,
180,
575,
257,
685,
1363,
122,
961,
2368,
173,
347,
109,
1151,
805,
1986,
245,
961,
95,
591,
312,
1137,
585,
756,
464,
961,
674,
1142,
553,
972,
672,
950,
303,
954,
140,
900,
157,
136,
936,
750,
1358,
114,
156,
730,
721,
1110,
380,
556,
86,
693,
519,
95,
549,
112,
862,
689,
738,
878,
83,
320,
93,
87,
99,
555,
80,
760,
75,
331,
608,
57,
859,
664,
65,
763,
57,
362,
981,
43,
1355,
269,
574,
1106,
255,
714,
798,
968,
248,
610,
755,
825,
251,
471,
739,
438,
511,
44,
587,
377,
723,
792,
709,
287,
670,
624,
735,
377,
828,
613,
378,
380,
769,
278,
376,
211,
348,
226,
329,
342,
42,
362,
235,
611,
43,
535,
706,
333,
915,
343,
732,
884,
78,
890,
888,
880,
45,
818,
2014,
345,
813,
200,
303,
44,
127,
1407,
191,
813,
383,
898,
839,
282,
128,
510,
284,
832,
419,
87,
798,
829,
454,
336,
266,
1076,
615,
428,
534,
181,
197,
39,
1851,
368,
472,
2596,
1845,
1822,
468,
467,
178,
1664,
565,
366,
1825,
460,
174,
79,
1211,
376,
1141,
860,
145,
526,
874,
460,
1374,
1833,
156,
1020,
147,
575,
444,
309,
994,
1196,
1040,
964,
171,
646,
1200,
1087,
570,
1072,
949,
167,
820,
646,
1041,
822,
166,
1009,
528,
1018,
154,
1061,
165,
926,
408,
153,
957,
379,
252,
2312,
378,
870,
528,
485,
859,
707,
391,
1391,
906,
293,
410,
836,
1405,
492,
217,
393,
257,
830,
974,
820,
872,
234,
231,
213,
2138,
223,
878,
248,
184,
221,
502,
855,
466,
551,
160,
465,
911,
884,
169,
131,
247,
299,
160,
236,
894,
604,
628,
733,
776,
1213,
176,
144,
123,
807,
693,
883,
727,
123,
449,
896,
665,
1214,
438,
461,
539,
1263,
612,
938,
862,
613,
137,
135,
456,
667,
458,
609,
428,
598,
434,
1281,
500,
414,
869,
681,
982,
2193,
419,
553,
517,
766,
889,
389,
425,
1276,
830,
636,
615,
418,
2740,
621,
2759,
850,
921,
997,
677,
437,
2159,
916,
775,
445,
435,
2761,
1639,
128,
454,
439,
1464,
1101,
504,
1525,
762,
2718,
394,
298,
100,
1683,
1630,
399,
472,
1028,
609,
342,
660,
1116,
2747,
659,
815,
287,
422,
848,
769,
846,
747,
754,
796,
844,
390,
479,
923,
1072,
769,
471,
388,
466,
746,
837,
2570,
576,
703,
443,
726,
717,
589,
2014,
474,
492,
1338,
1652,
656,
2124,
761,
2146,
561,
535,
830,
473,
785,
718,
764,
789,
618,
426,
625,
474,
517,
505,
809,
2245,
413,
1301,
664,
588,
443,
1604,
456,
387,
916,
407,
1955,
1641,
575,
577,
660,
683,
449,
308,
471,
452,
365,
531,
739,
444,
743,
2178,
454,
352,
858,
558,
813,
828,
811,
570,
687,
292,
2171,
286,
736,
558,
330,
431,
723,
962,
861,
528,
2190,
718,
869,
519,
125,
677,
2552,
638,
469,
717,
860,
1882,
844,
212,
848,
744,
2750,
1038,
453,
850,
735,
212,
2161,
2742,
736,
2208,
200,
364,
208,
2180,
351,
363,
749,
2209,
537,
737,
2766,
202,
254,
2728,
163,
280,
336,
436,
168,
740,
252,
2203,
126,
446,
916,
414,
170,
2194,
742,
126,
740,
2169,
123,
732,
122,
1788,
305,
101,
893,
430,
263,
2208,
210,
328,
95,
210,
99,
1453,
158,
153,
210,
2218,
2205,
505,
80,
179,
2212,
378,
377,
154,
735,
353,
151,
500,
339,
367,
330,
424,
314,
151,
423,
131,
76,
359,
342,
396,
123,
276,
374,
116,
565,
2233,
116,
362,
77,
349,
2234,
1639,
108,
348,
2232,
1417,
582,
95,
1428,
84,
1017,
536,
433,
1415,
531,
1405,
341,
361,
1411,
1429,
306,
359,
249,
1402,
285,
239,
875,
378,
268,
940,
1400,
263,
223,
185,
598,
230,
192,
204,
122,
150,
193,
883,
837,
142,
819,
658,
1001,
107,
980,
183,
175,
989,
113,
580,
488,
1038,
498,
1030,
125,
114,
861,
596,
972,
94,
898,
369,
480,
73,
983,
1847,
1676,
538,
1607,
598,
595,
1862,
576,
589,
575,
402,
412,
477,
83,
381,
583,
570,
661,
560,
526,
412,
566,
435,
155,
1049,
394,
535,
106,
781,
402,
490,
439,
309,
309,
448,
383,
374,
1652,
402,
471,
307,
78,
292,
374,
312,
283,
303,
133,
1034,
2046,
55,
285,
879,
301,
2029,
608,
283,
625,
276,
281,
687,
289,
293,
252,
782,
274,
621,
351,
1193,
393,
271,
553,
243,
548,
512,
607,
534,
433,
253,
194,
232,
192,
539,
201,
991,
832,
527,
544,
859,
179,
437,
994,
172,
450,
175,
1778,
457,
524,
1491,
321,
233,
153,
261,
93,
1083,
550,
232,
170,
949,
487,
463,
295,
905,
531,
187,
328,
537,
2319,
453,
178,
566,
292,
198,
370,
473,
971,
460,
420,
352,
1085,
1065,
1050,
428,
471,
551,
450,
955,
604,
1487,
554,
1784,
1500,
259,
971,
1811,
828,
396,
2238,
1487,
425,
421,
460,
378,
394,
1588,
340,
962,
571,
643,
439,
1784,
113,
380,
426,
1096,
623,
543,
337,
476,
1797,
1192,
909,
415,
469,
322,
783,
973,
319,
370,
420,
442,
528,
284,
1280,
1038,
1189,
656,
885,
402,
283,
499,
1085,
505,
454,
955,
281,
487,
121,
998,
971,
938,
2352,
232,
875,
1578,
703,
1650,
938,
799,
867,
1646,
1571,
823,
1091,
731,
208,
1081,
797,
200,
1490,
165,
928,
374,
915,
1593,
862,
161,
798,
1559,
349,
2366,
2365,
156,
452,
2358,
1117,
455,
749,
157,
154,
219,
1237,
499,
205,
216,
1487,
205,
518,
151,
476,
143,
138,
159,
199,
1224,
302,
526,
952,
505,
143,
2368,
185,
135,
2230,
686,
130,
180,
312,
260,
167,
518,
782,
321,
1372,
2370,
157,
906,
2213,
226,
868,
570,
1207,
905,
2439,
1120,
144,
117,
2143,
527,
121,
513,
1182,
1807,
2200,
44,
1101,
147,
648,
43,
1742,
134,
236,
529,
998,
121,
262,
208,
519,
108,
294,
42,
1028,
831,
2194,
906,
40,
888,
138,
609,
453,
2448,
110,
1135,
534,
431,
2225,
77,
845,
533,
1107,
233,
636,
1386,
2433,
1198,
45,
622,
429,
1779,
413,
35,
758,
1172,
75,
754,
1994,
388,
1585,
873,
74,
38,
867,
2224,
431,
651,
555,
2437,
2411,
125,
651,
545,
268,
231,
2171,
280,
273,
41,
671,
286,
212,
283,
287,
691,
696,
369,
271,
677,
2226,
262,
281,
785,
260,
595,
335,
2001,
41,
218,
236,
1872,
703,
2038,
1214,
86,
2064,
820,
699,
36,
361,
394,
172,
1074,
1146,
604,
657,
598,
701,
753,
816,
801,
459,
1078,
349,
746,
864,
942,
870,
830,
205,
593,
584,
1024,
1200,
539,
628,
287,
672,
297,
295,
90,
290,
1069,
195,
267,
260,
1068,
193,
622,
665,
282,
315,
329,
597,
822,
286,
228,
879,
311,
293,
79,
397,
405,
301,
1068,
293,
716,
228,
115,
325,
240,
783,
197,
189,
273,
661,
603,
252,
273,
480,
1274,
229,
188,
210,
1017,
221,
929,
186,
1030,
601,
1111,
207,
648,
616,
1477,
241,
212,
580,
212,
798,
719,
698,
217,
1675,
1494,
196,
807,
578,
267,
630,
682,
611,
425,
1037,
689,
163,
742,
639,
224,
126,
1504,
796,
1217,
191,
1067,
778,
1663,
933,
1147,
1655,
466,
414,
857,
740,
1080,
24,
1693,
610,
492,
1076,
595,
615,
786,
610,
1259,
350,
1930,
1046,
1053,
2007,
953,
682,
926,
931,
943,
1960,
767,
945,
1714,
506,
1900,
642,
883,
753,
450,
1289,
120,
1085,
2496,
555,
1074,
464,
1850,
174,
1174,
457,
984,
1228,
1369,
1414,
944,
256,
492,
945,
1719,
650,
645,
847,
1198,
924,
2004,
443,
993,
842,
507,
636,
991,
214,
933,
953,
206,
915,
165,
829,
186,
504,
1333,
859,
1063,
461,
135,
1423,
826,
736,
490,
629,
785,
953,
175,
615,
633,
1881,
926,
813,
119,
175,
510,
654,
1251,
575,
124,
1016,
737,
805,
119,
1027,
524,
1274,
670,
570,
1510,
118,
772,
1452,
476,
890,
1103,
632,
137,
687,
765,
1149,
698,
626,
616,
750,
813,
711,
668,
937,
879,
134,
131,
1246,
823,
884,
918,
808,
1120,
895,
123,
1148,
529,
875,
882,
1117,
711,
550,
935,
868,
1100,
955,
1149,
1114,
708,
705,
821,
943,
1079,
1091,
490,
513,
1060,
698,
1100,
415,
1089,
1136,
1075,
1079,
1451,
699,
1056,
197,
562,
1123,
195,
697,
706,
2186,
692,
909,
193,
705,
594,
957,
683,
952,
173,
1302,
171,
1161,
948,
449,
507,
166,
171,
843,
856,
450,
1106,
424,
479,
1066,
1120,
483,
927,
527,
1078,
2260,
159,
2408,
693,
916,
803,
156,
977,
109,
145,
842,
681,
965,
1272,
2195,
719,
528,
784,
1099,
804,
1739,
98,
888,
1087,
932,
105,
923,
2190,
524,
1150,
2025,
1191,
1315,
786,
97,
943,
2035,
95,
656,
1152,
74,
1149,
333,
515,
2247,
630,
284,
548,
297,
989,
2253,
210,
284,
1213,
2027,
512,
721,
1786,
304,
771,
270,
538,
320,
1409,
156,
738,
1389,
658,
1620,
736,
1406,
609,
402,
1188,
825,
960,
81,
441,
684,
755,
2256,
77,
535,
2042,
2008,
1299,
2027,
561,
1240,
632,
529,
599,
1070,
2016,
2002,
1284,
1029,
599,
2010,
785,
560,
525,
1372,
657,
2002,
2005,
562,
505,
940,
230,
1810,
210,
176,
201,
1197,
228,
603,
131,
870,
2280,
98,
885,
1479,
1101,
1027,
2243,
98,
880,
877,
1799,
488,
966,
605,
577,
2033,
603,
922,
602,
2473,
101,
967,
599,
810,
593,
218,
223,
456,
262,
315,
645,
260,
86,
295,
478,
582,
247,
358,
996,
318,
635,
287,
358,
433,
242,
239,
355,
350,
798,
328,
787,
816,
169,
878,
756,
796,
692,
780,
738,
670,
166,
732,
762,
675,
678,
737,
221,
693,
244,
247,
242,
215,
238,
211,
35,
1273,
201,
188,
215,
201,
223,
216,
449,
211,
186,
160,
216,
342,
436,
162,
435,
160,
149,
209,
153,
162,
355,
635,
185,
1360,
1011,
213,
712,
186,
151,
1050,
705,
1041,
145,
1057,
50,
143,
1031,
315,
1025,
799,
142,
121,
326,
52,
201,
246,
695,
654,
194,
703,
653,
1479,
412,
1375,
327,
137,
259,
2210,
964,
615,
270,
946,
297,
1272,
1050,
630,
1224,
659,
806,
1268,
1293,
535,
1405,
610,
1201,
255,
1511,
184,
1280,
420,
1378,
1132,
774,
392,
1269,
541,
327,
1489,
739,
376,
307,
514,
406,
1463,
1525,
318,
344,
1061,
810,
1047,
508,
1089,
671,
956,
503,
601,
364,
894,
1038,
568,
831,
400,
516,
463,
1869,
1037,
397,
2226,
395,
623,
668,
933,
994,
665,
971,
999,
1007,
623,
957,
548,
830,
498,
918,
1401,
972,
1456,
752,
815,
769,
759,
870,
1064,
371,
622,
853,
721,
770,
1396,
669,
1065,
846,
673,
727,
1277,
942,
660,
649,
1017,
929,
630,
930,
331,
904,
350,
577,
753,
405,
316,
324,
310,
1053,
991,
308,
539,
766,
296,
1156,
650,
598,
839,
1015,
304,
587,
867,
616,
557,
841,
1397,
1008,
301,
1321,
989,
572,
630,
1320,
1008,
286,
560,
1028,
743,
978,
1317,
412,
555,
544,
913,
527,
1047,
289,
631,
1033,
503,
282,
1662,
1635,
1020,
607,
206,
277,
486,
274,
877,
476,
645,
273,
876,
466,
798,
424,
177,
259,
782,
418,
291,
775,
683,
144,
284,
892,
174,
808,
270,
260,
192,
266,
241,
146,
240,
232,
125,
147,
231,
111,
593,
123,
1298,
1492,
121,
110,
595,
618,
958,
113,
234,
1591,
46,
112,
107,
334,
311,
772,
621,
46,
38,
750,
318,
615,
98,
96,
599,
308,
1956,
620,
624,
316,
2173,
75,
274,
39,
121,
99,
96,
1868,
310,
308,
291,
384,
79,
354,
841,
350,
473,
293,
959,
1906,
624,
1163,
1149,
754,
2192,
1847,
1148,
711,
78,
170,
2651,
2074,
938,
583,
1252,
197,
2186,
171,
2241,
741,
810,
170,
2220,
1068,
2227,
169,
1307,
946,
2287,
929,
1868,
169,
730,
1084,
648,
1648,
219,
230,
166,
2877,
717,
223,
217,
611,
124,
167,
186,
2269,
432,
214,
2509,
498,
162,
468,
479,
2285,
292,
159,
2305,
786,
1648,
989,
336,
963,
1167,
1659,
587,
2203,
1194,
970,
1186,
2286,
502,
963,
960,
1235,
828,
158,
956,
1179,
969,
2203,
2073,
910,
232,
724,
1054,
1193,
1244,
1048,
796,
807,
986,
836,
99,
980,
335,
1041,
782,
789,
82,
979,
857,
1024,
839,
638,
986,
976,
805,
268,
771,
1184,
258,
242,
848,
1051,
1203,
237,
992,
843,
153,
481,
1239,
248,
154,
865,
1235,
1188,
153,
1241,
1247,
833,
839,
566,
844,
1052,
199,
823,
261,
148,
484,
815,
205,
630,
181,
214,
607,
650,
281,
810,
824,
579,
179,
211,
1009,
235,
406,
785,
1053,
774,
390,
180,
41,
376,
736,
428,
1552,
815,
840,
711,
1770,
724,
172,
404,
2264,
718,
429,
729,
164,
828,
389,
1488,
180,
1258,
957,
835,
2256,
2393,
380,
740,
1528,
269,
1537,
738,
1489,
342,
824,
210,
1231,
1024,
315,
1108,
215,
812,
939,
860,
809,
1608,
708,
818,
423,
778,
293,
1476,
817,
686,
256,
1066,
315,
401,
1483,
683,
846,
850,
396,
303,
903,
951,
695,
966,
431,
819,
1019,
294,
774,
657,
673,
903,
724,
992,
637,
871,
295,
782,
614,
444,
1774,
969,
761,
458,
400,
694,
807,
577,
776,
2287,
1589,
579,
1677,
1050,
1185,
1498,
1842,
1168,
1064,
160,
461,
1637,
864,
177,
1224,
1806,
618,
697,
440,
2293,
444,
782,
809,
440,
1826,
714,
165,
2290,
2165,
400,
781,
1075,
715,
2134,
398,
939,
158,
324,
1050,
705,
656,
155,
1761,
771,
1216,
357,
681,
1046,
1215,
1040,
1859,
679,
613,
1164,
160,
795,
878,
406,
545,
681,
141,
854,
680,
563,
857,
1558,
766,
724,
146,
679,
141,
1185,
840,
139,
643,
360,
400,
631,
126,
717,
591,
107,
916,
1531,
924,
566,
847,
730,
123,
848,
1603,
528,
1587,
682,
129,
1051,
692,
121,
1481,
113,
681,
578,
112,
529,
211,
1329,
1367,
617,
366,
206,
113,
615,
187,
107,
697,
100,
181,
1493,
187,
42,
438,
698,
41,
593,
185,
170,
677,
685,
2341,
45,
167,
41,
148,
143,
41,
148,
668,
895,
147,
1130,
313,
130,
367,
140,
44,
333,
320,
127,
356,
420,
401,
119,
550,
362,
622,
533,
1043,
508,
511,
428,
80,
819,
521,
1421,
507,
415,
519,
616,
124,
906,
472,
545,
506,
2451,
856,
2433,
517,
597,
478,
922,
920,
79,
568,
548,
910,
584,
506,
76,
1366,
75,
641,
362,
1374,
1208,
925,
1121,
1204,
1367,
854,
1202,
1208,
623,
1812,
1096,
81,
2240,
1168,
351,
78,
2213,
143,
1620,
543,
2259,
143,
175,
633,
269,
253,
2453,
384,
2287,
2286,
1972,
1220,
370,
1267,
684,
730,
344,
482,
489,
1234,
448,
1232,
475,
490,
358,
467,
1232,
1215,
216,
474,
2270,
2276,
621,
398,
464,
1233,
959,
1202,
2264,
1107,
2421,
886,
983,
1228,
377,
987,
71,
967,
1233,
401,
983,
2499,
184,
2146,
975,
1221,
1231,
2143,
1221,
2276,
208,
1822,
1040,
1220,
2062,
1035,
142,
860,
1236,
756,
596,
345,
670,
1700,
208,
844,
503,
1108,
204,
1010,
102,
513,
1970,
356,
1000,
2445,
725,
1961,
544,
1185,
2012,
1273,
729,
1552,
466,
728,
1744,
440,
550,
1070,
719,
463,
542,
679,
684,
716,
1576,
862,
696,
676,
621,
746,
876,
652,
685,
481,
900,
782,
459,
2349,
2278,
170,
1812,
167,
473,
1681,
789,
370,
465,
731,
1306,
693,
1803,
2290,
964,
163,
456,
904,
462,
483,
792,
379,
1223,
683,
2006,
992,
658,
441,
869,
1284,
358,
368,
1124,
347,
534,
341,
667,
1281,
1192,
428,
346,
167,
377,
271,
369,
1746,
165,
878,
430,
405,
652,
369,
797,
714,
164,
330,
846,
711,
770,
174,
163,
1058,
745,
259,
1832,
289,
513,
680,
201,
458,
263,
398,
164,
162,
801,
966,
498,
737,
460,
160,
386,
1299,
482,
1162,
474,
238,
156,
278,
1401,
265,
708,
216,
1296,
1734,
157,
332,
764,
470,
1034,
155,
168,
478,
1032,
69,
697,
655,
359,
163,
838,
1837,
1863,
1290,
174,
2088,
156,
162,
1223,
811,
1286,
111,
155,
1403,
351,
758,
152,
620,
104,
804,
844,
537,
441,
90,
147,
1252,
965,
1036,
1238,
134,
1241,
1232,
691,
1823,
533,
690,
88,
1829,
533,
128,
793,
718,
850,
1796,
481,
479,
786,
216,
445,
497,
1523,
977,
125,
460,
316,
1467,
117,
446,
927,
634,
1476,
827,
2041,
253,
1053,
113,
540,
1057,
1558,
106,
1534,
1500,
218,
537,
106,
102,
679,
1257,
212,
217,
537,
194,
450,
1251,
1378,
316,
492,
105,
98,
166,
175,
41,
973,
1070,
127,
273,
130,
993,
453,
105,
1496,
272,
469,
1173,
377,
219,
47,
42,
1517,
275,
983,
101,
978,
1542,
1498,
97,
100,
1244,
1949,
1484,
1147,
1976,
91,
95,
450,
90,
1585,
1201,
1079,
1034,
90,
84,
1211,
1112,
464,
976,
41,
40,
79,
82,
992,
989,
470,
1205,
985,
96,
1042,
909,
966,
495,
596,
1025,
728,
1032,
916,
1442,
74,
1137,
942,
1154,
671,
1811,
697,
1032,
624,
512,
607,
1590,
2442,
1882,
1313,
603,
357,
1961,
233,
355,
159,
1348,
511,
1304,
180,
924,
232,
139,
176,
534,
1241,
665,
1014,
132,
1881,
91,
355,
953,
88,
1152,
2087,
475,
354,
1150,
806,
1163,
824,
1143,
665,
758,
348,
785,
2456,
1003,
756,
519,
751,
736,
952,
711,
2455,
515,
519,
958,
659,
622,
347,
605,
596,
730,
511,
603,
588,
595,
697,
672,
593,
534,
512,
346,
71,
218,
636,
316,
195,
291,
1672,
1905,
191,
313,
192,
1593,
658,
160,
649,
431,
2477,
663,
1589,
791,
215,
642,
1479,
642,
489,
389,
362,
949,
2473,
296,
280,
277,
1674,
114,
256,
1452,
239,
1448,
268,
78,
1886,
246,
378,
1885,
174,
437,
434,
359,
205,
592,
355,
662,
1080,
154,
1106,
617,
1957,
150,
2112,
840,
941,
1447,
145,
1363,
1345,
967,
616,
143,
1239,
657,
70,
306,
636,
2163,
641,
1201,
950,
1384,
1875,
906,
1951,
667,
632,
2756,
1207,
2027,
1359,
1667,
2506,
1933,
1080,
1614,
1395,
2139,
1829,
593,
1392,
526,
504,
1136,
570,
2127,
2488,
1404,
505,
809,
664,
2481,
171,
610,
1385,
473,
928,
468,
583,
564,
623,
1257,
564,
796,
559,
508,
164,
613,
675,
143,
1022,
1243,
508,
1778,
139,
1395,
2039,
1405,
841,
1131,
984,
1222,
307,
131,
556,
467,
2538,
463,
489,
2029,
756,
452,
130,
1123,
633,
382,
962,
717,
1120,
531,
175,
126,
565,
1115,
454,
1037,
122,
767,
839,
1029,
336,
1034,
1384,
1112,
119,
501,
773,
1064,
825,
457,
578,
1106,
478,
1626,
1097,
120,
115,
1961,
127,
457,
570,
588,
996,
2050,
1916,
801,
493,
114,
310,
515,
103,
320,
280,
1035,
1666,
1972,
96,
108,
1291,
1045,
1830,
533,
2098,
1174,
591,
90,
395,
226,
1300,
2044,
1385,
908,
89,
1710,
1069,
1969,
571,
99,
1392,
768,
1281,
91,
87,
105,
1406,
1278,
1057,
503,
80,
1924,
688,
1261,
875,
906,
956,
72,
116,
65,
202,
1157,
41,
359,
680,
1192,
268,
1194,
41,
209,
637,
1185,
243,
1622,
288,
183,
545,
1201,
588,
907,
1189,
1313,
434,
657,
385,
976,
211,
555,
1431,
460,
1071,
282,
1059,
156,
1965,
781,
186,
155,
1085,
141,
1186,
521,
174,
155,
661,
40,
678,
157,
137,
588,
1955,
610,
452,
1751,
137,
540,
570,
127,
622,
1934,
123,
42,
434,
117,
438,
611,
1800,
691,
411,
622,
621,
598,
434,
422,
407,
108,
543,
1199,
591,
388,
105,
393,
110,
43,
97,
94,
41,
445,
458,
509,
40,
1413,
1040,
96,
1862,
1286,
76,
954,
43,
38,
195,
798,
1919,
792,
1440,
627,
864,
785,
949,
789,
735,
801,
76,
826,
421,
1295,
2237,
43,
1475,
78,
773,
801,
1588,
683,
133,
789,
735,
786,
1121,
793,
803,
488,
780,
786,
88,
784,
776,
1410,
1321,
1257,
1588,
772,
1122,
358,
631,
783,
1267,
1574,
1901,
778,
1413,
1197,
684,
829,
2668,
689,
667,
664,
603,
702,
1151,
358,
681,
609,
2025,
2231,
38,
660,
665,
357,
228,
356,
1038,
223,
709,
773,
629,
752,
78,
2663,
355,
638,
229,
1611,
599,
218,
752,
847,
1874,
225,
632,
859,
1905,
818,
226,
774,
304,
219,
790,
647,
842,
629,
768,
754,
2096,
693,
713,
697,
779,
709,
929,
891,
618,
601,
228,
754,
622,
899,
676,
908,
601,
658,
206,
880,
225,
610,
887,
725,
306,
205,
315,
601,
205,
693,
293,
204,
239,
289,
791,
207,
255,
1898,
1930,
255,
194,
204,
891,
157,
793,
255,
194,
572,
792,
855,
191,
242,
527,
169,
1903,
897,
587,
208,
177,
549,
139,
788,
724,
684,
207,
671,
1600,
657,
951,
652,
650,
514,
915,
648,
737,
639,
962,
789,
1853,
657,
80,
622,
647,
638,
926,
79,
631,
2964,
532,
536,
1501,
949,
618,
209,
1843,
1499,
874,
68,
1395,
647,
265,
522,
1772,
776,
618,
1056,
500,
611,
2701,
66,
1916,
1532,
673,
1547,
1489,
1487,
1502,
807,
686,
1483,
1416,
1042,
179,
1752,
789,
721,
1514,
608,
1900,
1752,
653,
1483,
1263,
587,
166,
1047,
2352,
2102,
1479,
2004,
718,
127,
1213,
140,
695,
1811,
958,
120,
255,
1585,
688,
115,
2169,
557,
111,
1832,
582,
525,
119,
1560,
108,
831,
931,
535,
813,
1483,
107,
787,
102,
1468,
548,
2181,
1152,
124,
2027,
581,
737,
1477,
1114,
1391,
613,
1426,
753,
1136,
1391,
92,
1824,
794,
1509,
1518,
1464,
1359,
92,
155,
547,
88,
1286,
737,
1031,
570,
944,
1285,
387,
2258,
598,
1284,
963,
487,
812,
1228,
91,
1283,
372,
712,
89,
1408,
87,
847,
492,
1283,
68,
542,
1434,
1978,
78,
1283,
76,
754,
74,
1281,
1082,
57,
273,
1377,
64,
1279,
557,
1376,
1634,
64,
57,
389,
270,
1276,
2270,
260,
55,
1911,
598,
536,
603,
146,
1575,
47,
1147,
147,
57,
349,
202,
46,
45,
200,
43,
292,
42,
798,
1315,
1239,
294,
197,
311,
2354,
190,
174,
199,
45,
172,
1195,
2070,
1034,
912,
829,
176,
1445,
175,
48,
174,
47,
1314,
156,
55,
161,
156,
1323,
52,
121,
109,
163,
117,
43,
41,
1810,
112,
40,
98,
2665,
103,
979,
88,
947,
987,
694,
356,
1661,
2685,
1867,
75,
960,
343,
352,
362,
1851,
208,
360,
77,
358,
343,
107,
183,
333,
179,
82,
1391,
372,
351,
358,
355,
2428,
326,
2695,
303,
336,
348,
332,
320,
180,
311,
328,
316,
305,
314,
177,
300,
313,
932,
299,
906,
177,
355,
856,
772,
777,
385,
345,
1453,
1624,
310,
1619,
2470,
766,
336,
318,
1810,
761,
1454,
601,
596,
850,
590,
1824,
2309,
333,
1847,
583,
595,
1855,
1810,
77,
571,
568,
1866,
1707,
590,
965,
2061,
962,
406,
403,
1649,
2476,
1629,
3144,
1902,
428,
1829,
1477,
426,
420,
1475,
651,
645,
231,
2470,
1641,
612,
196,
427,
246,
1857,
1488,
2485,
207,
224,
1683,
2449,
189,
164,
2480,
249,
160,
197,
397,
196,
82,
154,
586,
193,
154,
410,
1708,
258,
134,
2741,
193,
271,
118,
286,
1420,
401,
239,
1667,
1703,
3321,
2455,
653,
92,
262,
378,
2143,
1696,
1658,
1075,
1639,
1487,
3174,
1482,
779,
1465,
196,
509,
1419,
1458,
2268,
1445,
1609,
1416,
1463,
1319,
194,
680,
72,
760,
1106,
1320,
118,
1171,
1607,
155,
1318,
1453,
1306,
411,
1317,
110,
1445,
1321,
1252,
130,
1467,
262,
690,
1306,
1319,
141,
1291,
1302,
1016,
2033,
76,
592,
111,
1494,
107,
116,
1446,
105,
1073,
1203,
961,
1250,
2611,
407,
384,
1622,
107,
1134,
930,
1308,
2141,
553,
720,
592,
1112,
418,
253,
90,
1100,
1479,
1117,
1234,
89,
1305,
84,
1729,
1346,
1112,
1706,
1109,
1333,
609,
495,
1200,
1420,
82,
1305,
1107,
602,
77,
1259,
249,
414,
1456,
1731,
543,
581,
1285,
630,
1123,
366,
1253,
1283,
1430,
1281,
1780,
1684,
1334,
1340,
568,
1465,
1278,
1547,
1260,
81,
742,
427,
1254,
478,
826,
86,
1297,
1655,
2131,
1220,
1447,
261,
1217,
1203,
1630,
1128,
1331,
1667,
1430,
1216,
2088,
1437,
623,
1205,
731,
1192,
324,
2231,
270,
1222,
1644,
729,
129,
245,
1505,
1482,
1091,
212,
339,
350,
169,
214,
132,
818,
2351,
773,
301,
129,
118,
2344,
280,
378,
285,
347,
303,
241,
76,
79,
75,
1175,
1122,
400,
2438,
517,
411,
1737,
2577,
394,
2454,
2598,
2605,
384,
370,
2462,
384,
293,
76,
1409,
336,
249,
382,
488,
154,
2611,
381,
339,
287,
1398,
343,
835,
203,
1448,
328,
339,
1124,
325,
150,
1148,
2062,
375,
326,
372,
2474,
351,
336,
152,
426,
187,
1454,
369,
400,
366,
114,
483,
357,
373,
318,
437,
96,
465,
1151,
313,
1024,
338,
358,
399,
1158,
312,
1204,
325,
346,
1225,
1148,
320,
586,
330,
1118,
584,
976,
2619,
312,
184,
1625,
1109,
579,
1084,
1017,
1641,
1114,
1553,
1613,
1091,
1036,
1017,
2712,
1102,
410,
404,
1111,
399,
1068,
1101,
392,
1110,
378,
489,
1200,
1198,
1975,
1057,
2448,
1403,
1047,
622,
1323,
1566,
1963,
1035,
1354,
461,
1179,
1042,
556,
2527,
2528,
1244,
148,
1061,
2527,
1040,
2526,
1035,
1033,
2513,
1032,
2477,
597,
1031,
1044,
1030,
1344,
639,
162,
1346,
656,
290,
670,
1373,
101,
905,
2474,
1576,
1347,
973,
101,
2335,
1326,
852,
896,
1602,
1365,
240,
403,
2089,
1504,
1520,
879,
1580,
848,
2226,
568,
2124,
530,
1176,
828,
2854,
552,
1345,
412,
839,
1751,
2304,
1659,
1928,
241,
684,
287,
324,
264,
639,
2502,
659,
1291,
1653,
1253,
280,
1001,
315,
1016,
245,
949,
243,
747,
1015,
857,
233,
1540,
2352,
1552,
1184,
1014,
947,
223,
1484,
1183,
945,
1146,
1630,
222,
1148,
1174,
1497,
215,
641,
1171,
1107,
958,
853,
863,
818,
836,
946,
912,
214,
1506,
212,
873,
1984,
894,
881,
212,
975,
923,
962,
1255,
210,
2180,
1023,
1153,
1870,
808,
1634,
867,
2251,
1010,
833,
208,
391,
1628,
230,
1130,
605,
207,
202,
546,
196,
801,
1208,
2363,
1113,
671,
2060,
1163,
195,
1198,
858,
815,
1049,
792,
958,
2351,
1128,
1160,
1219,
811,
195,
556,
1533,
599,
189,
244,
1123,
842,
1190,
1203,
841,
507,
187,
564,
1008,
623,
646,
182,
610,
859,
1342,
578,
593,
171,
465,
616,
592,
169,
793,
581,
1201,
693,
1084,
1096,
1349,
697,
862,
1117,
614,
998,
839,
1176,
804,
1776,
1071,
626,
1096,
983,
607,
136,
598,
1665,
611,
41,
356,
805,
1254,
44,
829,
370,
467,
574,
578,
38,
49,
594,
582,
417,
215,
1093,
392,
802,
592,
571,
985,
390,
1735,
38,
406,
385,
743,
491,
1564,
1644,
390,
411,
788,
1975,
491,
1964,
715,
397,
1986,
217,
393,
209,
495,
213,
206,
783,
38,
484,
536,
765,
194,
491,
198,
1787,
509,
520,
180,
1549,
172,
1505,
762,
172,
159,
105,
159,
107,
525,
1022,
1030,
733,
74,
103,
1006,
930,
435,
835,
912,
98,
78,
748,
804,
797,
836,
47,
1169,
1016,
1175,
1165,
990,
580,
1172,
914,
986,
981,
990,
985,
1081,
980,
901,
973,
78,
376,
806,
981,
973,
1647,
962,
968,
1071,
1075,
980,
1113,
972,
732,
1092,
829,
555,
378,
1279,
1029,
1041,
551,
771,
1112,
1146,
368,
549,
1035,
1072,
575,
1075,
559,
1119,
848,
1044,
1063,
362,
2660,
364,
566,
357,
1049,
2456,
744,
2686,
1504,
2623,
734,
1514,
2235,
1501,
2245,
354,
2455,
2502,
1463,
356,
345,
2701,
282,
2630,
613,
223,
2477,
2266,
190,
2304,
600,
2749,
69,
586,
2107,
183,
743,
913,
711,
2760,
182,
482,
725,
2112,
181,
699,
1930,
493,
1382,
505,
901,
527,
1229,
1953,
1312,
915,
439,
425,
450,
972,
527,
1192,
686,
979,
353,
1189,
720,
2037,
724,
326,
313,
1112,
440,
474,
901,
190,
1940,
435,
1860,
919,
540,
952,
165,
145,
1512,
157,
1919,
1351,
1342,
943,
172,
143,
109,
1000,
1454,
381,
168,
1197,
1037,
895,
924,
917,
605,
94,
1117,
612,
1468,
945,
1009,
914,
622,
783,
885,
1278,
2168,
2046,
1119,
2562,
1053,
891,
1007,
396,
637,
145,
438,
1510,
930,
907,
911,
708,
1027,
2327,
144,
1031,
142,
727,
141,
885,
1491,
1514,
862,
978,
598,
457,
130,
1028,
919,
1216,
1135,
1023,
452,
2331,
592,
733,
1030,
719,
733,
1024,
120,
580,
2517,
115,
531,
2054,
1020,
119,
1378,
951,
112,
943,
110,
791,
823,
963,
1297,
108,
1532,
1031,
1532,
108,
1162,
114,
720,
875,
1018,
851,
957,
603,
2541,
104,
857,
1013,
753,
537,
941,
462,
1012,
536,
928,
1019,
101,
1159,
797,
1009,
476,
1567,
955,
102,
1002,
1266,
813,
596,
695,
116,
819,
998,
806,
99,
96,
419,
1746,
922,
1221,
1759,
347,
909,
815,
957,
1252,
97,
2082,
1565,
80,
918,
1536,
1178,
1554,
147,
959,
948,
1575,
1749,
41,
1168,
1718,
2530,
1711,
2383,
1163,
1182,
96,
41,
1730,
173,
47,
1640,
1765,
173,
1731,
156,
475,
40,
1280,
155,
1797,
159,
1192,
911,
1107,
94,
114,
1171,
603,
453,
483,
1258,
44,
1736,
93,
855,
1384,
432,
1417,
1200,
1644,
276,
284,
334,
86,
855,
816,
85,
275,
1237,
1442,
1108,
886,
1077,
920,
938,
393,
1591,
869,
1570,
945,
1552,
836,
936,
1566,
1549,
1535,
1538,
389,
90,
1530,
1139,
1519,
800,
1514,
1576,
1513,
759,
999,
1512,
1148,
1407,
287,
1577,
2603,
74,
728,
1508,
530,
833,
1502,
1408,
1004,
1403,
83,
1572,
1402,
816,
81,
79,
989,
864,
1964,
1918,
1546,
1402,
81,
424,
1848,
296,
78,
2428,
515,
975,
2905,
1182,
1036,
518,
2621,
904,
315,
1174,
178,
354,
535,
2908,
558,
213,
107,
1019,
575,
566,
1580,
2907,
531,
779,
549,
571,
943,
872,
854,
795,
1249,
788,
537,
2492,
1380,
1268,
527,
1021,
1802,
1054,
2470,
1866,
1325,
890,
366,
1105,
1275,
1331,
2469,
889,
1221,
1274,
1280,
1061,
594,
1216,
852,
1045,
1048,
1042,
574,
569,
566,
1040,
972,
590,
597,
554,
575,
596,
818,
2854,
2851,
833,
798,
548,
1111,
271,
557,
1121,
841,
543,
1127,
567,
821,
200,
777,
927,
1138,
1153,
2947,
937,
196,
832,
806,
2850,
195,
606,
806,
233,
1873,
1955,
605,
232,
1655,
231,
605,
1169,
432,
1123,
650,
433,
604,
754,
603,
600,
595,
79,
1002,
599,
1710,
1052,
415,
1000,
2048,
424,
430,
598,
1854,
1138,
424,
1707,
129,
136,
2291,
1009,
2221,
112,
381,
434,
480,
1001,
441,
83,
736,
1000,
1063,
422,
1930,
196,
1166,
1934,
1909,
1074,
677,
1598,
2867,
957,
802,
2239,
1004,
1574,
929,
1318,
1013,
595,
884,
1832,
288,
636,
2336,
1329,
755,
1289,
1039,
1007,
831,
1663,
1434,
960,
614,
869,
199,
994,
1284,
655,
2882,
1960,
2770,
2231,
2552,
1183,
799,
637,
954,
1024,
816,
671,
1009,
2135,
1397,
1096,
950,
784,
172,
1006,
1573,
960,
1963,
632,
168,
958,
1126,
1086,
554,
1753,
308,
2724,
166,
932,
950,
1074,
162,
1135,
160,
1978,
931,
1126,
427,
1708,
925,
153,
2169,
159,
2554,
921,
942,
746,
925,
158,
1270,
921,
808,
1614,
669,
2255,
564,
2710,
570,
2195,
1742,
937,
1580,
576,
742,
889,
158,
2201,
904,
436,
156,
1008,
2735,
895,
151,
1006,
931,
181,
996,
716,
147,
2181,
139,
1006,
976,
597,
501,
747,
2338,
966,
138,
987,
1005,
608,
119,
1062,
512,
998,
184,
1003,
859,
707,
137,
1936,
2716,
1950,
2729,
671,
966,
993,
674,
653,
985,
136,
861,
978,
599,
635,
932,
466,
665,
130,
450,
624,
122,
929,
845,
1821,
698,
955,
689,
896,
1981,
665,
1826,
621,
684,
676,
657,
969,
116,
694,
478,
992,
1382,
931,
1033,
109,
431,
675,
98,
691,
1020,
943,
582,
949,
661,
929,
464,
1947,
1981,
687,
1906,
631,
894,
44,
695,
904,
507,
613,
711,
727,
472,
1815,
721,
885,
343,
367,
468,
954,
420,
304,
680,
343,
389,
941,
458,
656,
960,
104,
432,
412,
762,
1019,
692,
955,
1909,
988,
966,
1032,
912,
945,
1552,
1227,
1923,
2382,
746,
1367,
1757,
658,
1719,
1734,
215,
747,
213,
165,
182,
335,
237,
1967,
165,
1220,
671,
726,
1661,
1222,
733,
749,
744,
653,
165,
665,
586,
149,
746,
722,
122,
726,
126,
1288,
119,
2565,
2228,
1319,
94,
641,
616,
657,
916,
107,
1265,
2651,
926,
1768,
2993,
772,
385,
599,
98,
2841,
1437,
96,
735,
1168,
532,
559,
666,
658,
1077,
530,
688,
2605,
2590,
526,
1099,
523,
919,
2226,
558,
532,
2418,
544,
2014,
2402,
1146,
1065,
1027,
1691,
1108,
1023,
1825,
1309,
676,
2618,
355,
1311,
1261,
653,
1339,
1825,
1332,
1347,
1836,
630,
971,
905,
820,
733,
1303,
2247,
83,
2632,
831,
732,
1110,
809,
732,
894,
1926,
732,
2430,
1793,
76,
1119,
82,
426,
489,
80,
674,
338,
2247,
331,
317,
519,
317,
347,
290,
346,
1173,
535,
162,
273,
332,
158,
1136,
762,
435,
163,
1876,
1570,
663,
1121,
250,
625,
2054,
544,
770,
536,
588,
2017,
552,
343,
2845,
1148,
109,
334,
560,
138,
439,
542,
1825,
338,
1762,
191,
393,
334,
346,
191,
2001,
1137,
232,
2080,
636,
251,
569,
194,
448,
565,
2710,
193,
1044,
1132,
191,
236,
552,
1243,
1888,
236,
408,
1139,
203,
695,
637,
175,
636,
73,
2694,
236,
173,
1129,
232,
132,
647,
2003,
232,
1153,
91,
225,
89,
2513,
1790,
268,
244,
1642,
180,
240,
157,
179,
614,
164,
175,
159,
1079,
484,
175,
159,
780,
447,
2335,
157,
1107,
1876,
1491,
291,
1855,
174,
2386,
592,
1931,
1055,
145,
1929,
259,
158,
1867,
750,
1599,
514,
157,
446,
291,
1881,
1076,
156,
1470,
1379,
79,
1644,
1866,
92,
2074,
301,
1932,
90,
1121,
1659,
1716,
785,
149,
1830,
1823,
591,
153,
146,
149,
1695,
1468,
654,
136,
1941,
1618,
116,
653,
1004,
110,
187,
132,
1391,
721,
2140,
2016,
582,
1088,
2621,
496,
113,
1946,
309,
405,
2173,
719,
587,
112,
200,
1209,
820,
800,
108,
1992,
719,
1534,
1098,
101,
715,
39,
789,
893,
810,
1062,
1251,
38,
799,
708,
688,
1699,
2392,
110,
1706,
514,
1195,
687,
801,
725,
510,
501,
1200,
806,
1622,
730,
1405,
564,
3240,
1884,
27,
1166,
1810,
1873,
513,
924,
695,
1155,
1075,
788,
1640,
730,
751,
709,
863,
1870,
870,
560,
709,
1928,
1053,
1069,
1820,
2788,
1855,
1885,
877,
1011,
579,
1046,
1206,
2167,
2432,
568,
1016,
2556,
917,
887,
807,
802,
1185,
946,
1928,
1881,
975,
421,
860,
822,
864,
878,
796,
187,
1213,
488,
1071,
688,
1195,
380,
1022,
1725,
475,
494,
927,
42,
917,
1206,
511,
909,
460,
1919,
437,
922,
1303,
1173,
513,
666,
866,
682,
434,
504,
1657,
2774,
663,
417,
494,
1794,
700,
1999,
898,
412,
477,
1107,
1117,
590,
544,
557,
138,
1191,
395,
1095,
1355,
564,
754,
365,
1188,
685,
395,
36,
602,
835,
498,
1056,
980,
600,
658,
581,
1194,
740,
1189,
568,
577,
578,
581,
587,
576,
1940,
187,
214,
1739,
573,
611,
412,
1737,
609,
42,
408,
598,
180,
403,
596,
398,
367,
818,
915,
623,
1984,
173,
388,
253,
45,
564,
392,
398,
164,
43,
482,
202,
357,
119,
1955,
904,
354,
917,
43,
903,
891,
1132,
145,
723,
149,
711,
944,
742,
1175,
768,
898,
1273,
653,
1148,
147,
428,
1955,
1991,
556,
748,
760,
1853,
721,
897,
142,
139,
1541,
1859,
705,
129,
136,
709,
724,
1594,
556,
561,
900,
1773,
1789,
121,
131,
1777,
1132,
1572,
718,
112,
2849,
1706,
388,
383,
369,
96,
79,
379,
1281,
77,
1969,
1279,
1882,
508,
716,
1118,
1148,
378,
363,
391,
1098,
1272,
1142,
386,
2012,
378,
581,
380,
77,
369,
1149,
1142,
1909,
882,
586,
355,
363,
1167,
366,
1142,
257,
362,
449,
1966,
1109,
975,
1142,
1130,
823,
379,
270,
550,
1041,
594,
813,
277,
827,
754,
812,
804,
259,
600,
1705,
753,
586,
607,
1017,
972,
73,
620,
591,
978,
762,
1393,
593,
815,
963,
394,
1306,
1982,
1144,
684,
676,
363,
829,
1241,
555,
1388,
1144,
611,
2081,
817,
1154,
1221,
334,
3039,
1143,
677,
323,
564,
905,
632,
941,
671,
627,
3039,
303,
285,
286,
897,
767,
475,
1151,
228,
453,
2270,
286,
454,
611,
78,
1389,
192,
132,
174,
765,
1160,
465,
1142,
284,
3036,
680,
283,
464,
461,
190,
933,
347,
189,
1149,
772,
987,
1176,
1147,
