38,
31,
33,
37,
42,
42,
57,
74,
54,
43,
42,
78,
45,
38,
85,
47,
43,
34,
94,
64,
32,
81,
71,
70,
106,
71,
110,
110,
122,
69,
121,
65,
43,
66,
125,
127,
105,
42,
66,
119,
119,
72,
118,
131,
37,
78,
122,
101,
85,
116,
131,
124,
140,
124,
94,
129,
38,
144,
94,
117,
126,
151,
137,
137,
127,
118,
31,
118,
133,
38,
145,
98,
60,
32,
50,
118,
45,
105,
115,
116,
135,
122,
31,
103,
44,
82,
142,
87,
78,
166,
85,
84,
40,
75,
157,
101,
110,
156,
178,
174,
155,
109,
165,
153,
172,
144,
175,
154,
131,
178,
169,
34,
195,
142,
141,
152,
152,
188,
197,
40,
128,
36,
154,
201,
180,
186,
141,
148,
153,
36,
151,
145,
188,
193,
150,
153,
135,
150,
139,
143,
175,
120,
151,
205,
202,
150,
169,
215,
162,
42,
162,
152,
189,
191,
148,
143,
125,
153,
126,
216,
199,
36,
127,
119,
121,
177,
206,
136,
125,
191,
176,
154,
129,
214,
197,
150,
160,
172,
125,
213,
225,
196,
170,
156,
32,
194,
158,
164,
142,
128,
156,
122,
73,
104,
139,
86,
170,
86,
133,
78,
221,
86,
47,
65,
133,
86,
129,
126,
130,
216,
51,
242,
121,
210,
219,
88,
192,
242,
48,
42,
92,
191,
186,
137,
147,
141,
134,
102,
64,
242,
96,
185,
173,
65,
143,
72,
148,
138,
124,
90,
212,
79,
137,
181,
178,
195,
260,
254,
189,
256,
170,
242,
227,
251,
257,
165,
235,
274,
227,
216,
214,
136,
282,
237,
220,
133,
201,
173,
187,
219,
260,
277,
190,
137,
155,
207,
196,
140,
152,
220,
218,
217,
274,
241,
121,
213,
168,
214,
149,
213,
207,
274,
121,
153,
228,
189,
165,
45,
287,
142,
285,
255,
178,
287,
248,
164,
127,
224,
172,
151,
278,
171,
265,
278,
186,
146,
171,
261,
41,
159,
170,
180,
154,
215,
146,
259,
210,
302,
151,
183,
120,
131,
273,
177,
185,
282,
285,
141,
176,
137,
289,
174,
215,
139,
149,
133,
252,
170,
193,
159,
184,
170,
221,
161,
183,
268,
130,
156,
221,
137,
34,
284,
253,
189,
136,
135,
148,
139,
129,
247,
126,
43,
266,
166,
248,
152,
272,
145,
233,
217,
230,
163,
191,
144,
224,
246,
313,
235,
161,
77,
219,
260,
141,
191,
59,
254,
126,
145,
244,
149,
119,
114,
43,
150,
257,
155,
289,
161,
162,
108,
253,
143,
285,
159,
140,
162,
272,
272,
33,
221,
263,
228,
159,
137,
146,
137,
210,
262,
258,
252,
142,
199,
286,
85,
170,
289,
157,
245,
319,
241,
275,
138,
165,
230,
208,
353,
271,
225,
272,
143,
253,
330,
167,
197,
196,
183,
167,
38,
36,
33,
170,
140,
324,
164,
301,
172,
303,
131,
198,
137,
279,
182,
252,
164,
262,
246,
132,
128,
204,
125,
113,
194,
143,
120,
277,
253,
289,
105,
168,
164,
83,
319,
55,
312,
297,
289,
246,
306,
261,
51,
186,
220,
158,
200,
149,
33,
96,
178,
161,
165,
324,
212,
326,
263,
268,
41,
133,
180,
41,
149,
204,
168,
131,
183,
184,
179,
149,
210,
155,
205,
43,
167,
161,
162,
166,
335,
141,
43,
215,
146,
135,
311,
327,
324,
106,
330,
101,
334,
289,
261,
167,
242,
198,
256,
245,
314,
156,
229,
169,
197,
105,
289,
186,
226,
341,
161,
210,
196,
218,
351,
208,
189,
380,
174,
180,
124,
166,
234,
198,
40,
278,
195,
221,
132,
166,
182,
202,
259,
178,
76,
230,
378,
182,
273,
336,
367,
251,
158,
352,
182,
135,
140,
286,
347,
160,
302,
119,
233,
169,
347,
136,
132,
38,
219,
142,
202,
182,
330,
36,
177,
179,
193,
153,
145,
44,
210,
349,
138,
366,
159,
327,
100,
172,
134,
363,
356,
320,
47,
244,
163,
161,
265,
46,
69,
245,
143,
250,
115,
147,
312,
131,
43,
221,
182,
147,
315,
158,
297,
313,
380,
160,
345,
326,
121,
157,
183,
165,
120,
109,
401,
160,
302,
301,
248,
302,
47,
175,
243,
233,
138,
107,
126,
251,
255,
106,
75,
330,
199,
201,
68,
53,
323,
238,
265,
208,
340,
284,
81,
252,
121,
231,
56,
217,
182,
402,
248,
308,
181,
239,
272,
321,
414,
270,
363,
138,
331,
233,
260,
209,
305,
264,
166,
253,
41,
303,
204,
300,
248,
254,
381,
55,
245,
223,
244,
256,
295,
292,
298,
208,
139,
223,
215,
168,
219,
150,
33,
252,
136,
217,
204,
287,
177,
258,
265,
268,
232,
366,
270,
210,
241,
303,
265,
278,
273,
342,
176,
195,
312,
405,
228,
185,
342,
248,
163,
120,
192,
118,
165,
345,
92,
445,
266,
241,
237,
219,
204,
236,
194,
227,
259,
185,
233,
183,
264,
173,
67,
39,
236,
340,
61,
234,
187,
358,
219,
166,
413,
40,
233,
225,
210,
354,
38,
169,
210,
246,
197,
241,
351,
225,
38,
163,
169,
110,
200,
333,
227,
189,
170,
144,
168,
141,
179,
66,
163,
316,
181,
181,
180,
307,
169,
204,
174,
363,
179,
157,
160,
42,
163,
320,
296,
132,
174,
358,
336,
123,
356,
312,
101,
305,
87,
374,
288,
200,
350,
79,
196,
322,
345,
146,
295,
180,
329,
189,
168,
377,
334,
341,
154,
285,
319,
307,
180,
44,
326,
142,
359,
45,
300,
168,
349,
286,
192,
166,
304,
224,
231,
40,
205,
348,
266,
140,
408,
218,
264,
356,
32,
123,
362,
284,
164,
79,
179,
303,
157,
31,
551,
257,
375,
214,
211,
267,
186,
221,
275,
52,
216,
229,
229,
146,
364,
366,
363,
200,
145,
170,
202,
214,
307,
207,
289,
157,
387,
211,
584,
273,
248,
327,
323,
186,
128,
569,
140,
311,
154,
162,
172,
191,
157,
152,
183,
180,
204,
565,
160,
168,
157,
310,
163,
154,
283,
143,
279,
157,
146,
418,
122,
248,
213,
115,
247,
295,
177,
213,
152,
299,
127,
219,
266,
241,
181,
195,
124,
306,
282,
113,
279,
384,
131,
150,
280,
217,
294,
265,
556,
289,
466,
193,
225,
524,
261,
415,
292,
424,
132,
260,
188,
284,
215,
110,
517,
451,
445,
258,
193,
239,
217,
492,
279,
46,
244,
184,
233,
278,
173,
200,
44,
595,
255,
186,
231,
116,
182,
300,
224,
439,
222,
162,
194,
239,
209,
463,
323,
217,
414,
149,
283,
227,
353,
447,
576,
262,
116,
273,
142,
516,
387,
202,
314,
116,
336,
578,
203,
175,
386,
372,
240,
565,
215,
481,
196,
289,
248,
254,
390,
300,
431,
100,
563,
141,
385,
176,
78,
452,
552,
44,
507,
204,
183,
152,
380,
74,
374,
43,
372,
418,
416,
163,
205,
345,
389,
72,
288,
229,
467,
523,
135,
348,
308,
466,
500,
442,
446,
161,
367,
74,
36,
47,
336,
363,
497,
336,
471,
116,
268,
482,
301,
349,
327,
320,
77,
147,
169,
45,
155,
338,
116,
304,
44,
150,
298,
313,
308,
319,
294,
47,
74,
368,
286,
34,
73,
361,
267,
94,
229,
173,
429,
205,
253,
487,
301,
309,
371,
35,
304,
480,
249,
520,
301,
164,
190,
254,
329,
388,
291,
203,
252,
350,
280,
265,
249,
330,
228,
308,
235,
230,
328,
168,
233,
310,
377,
510,
227,
241,
329,
199,
436,
238,
321,
212,
206,
479,
215,
270,
263,
305,
300,
163,
202,
294,
231,
350,
234,
454,
193,
367,
442,
312,
237,
359,
205,
46,
255,
334,
236,
507,
203,
241,
40,
241,
202,
254,
352,
189,
36,
228,
236,
178,
447,
407,
176,
203,
240,
316,
151,
43,
379,
423,
239,
288,
454,
237,
265,
407,
42,
39,
449,
214,
194,
177,
230,
408,
239,
182,
188,
38,
173,
275,
409,
404,
409,
326,
147,
192,
127,
342,
269,
67,
184,
399,
346,
186,
240,
445,
180,
348,
287,
411,
348,
262,
306,
203,
179,
329,
201,
388,
329,
409,
217,
231,
40,
206,
422,
251,
302,
107,
236,
405,
210,
240,
421,
317,
236,
233,
240,
244,
438,
194,
181,
375,
561,
445,
190,
424,
40,
205,
135,
599,
32,
577,
161,
516,
356,
168,
417,
591,
339,
210,
360,
583,
289,
253,
406,
180,
152,
339,
551,
632,
285,
294,
41,
229,
266,
212,
180,
652,
139,
191,
137,
525,
374,
152,
224,
359,
234,
335,
239,
182,
621,
202,
151,
130,
181,
420,
208,
337,
192,
254,
220,
305,
228,
250,
127,
295,
246,
312,
373,
241,
122,
240,
298,
389,
230,
266,
171,
349,
403,
195,
176,
566,
28,
344,
45,
256,
262,
263,
379,
195,
43,
283,
375,
40,
136,
254,
201,
202,
284,
66,
567,
187,
266,
232,
271,
170,
236,
193,
189,
248,
642,
151,
187,
532,
188,
477,
205,
162,
352,
45,
214,
157,
160,
190,
230,
133,
39,
204,
510,
496,
219,
187,
477,
254,
366,
201,
290,
108,
182,
243,
273,
442,
228,
330,
38,
92,
195,
467,
178,
228,
93,
302,
194,
322,
301,
112,
227,
41,
538,
527,
121,
321,
225,
228,
163,
257,
543,
531,
676,
221,
123,
90,
312,
407,
116,
119,
161,
457,
99,
111,
98,
686,
124,
112,
107,
190,
476,
72,
252,
249,
80,
262,
305,
561,
128,
187,
567,
474,
140,
106,
530,
704,
347,
416,
225,
161,
303,
671,
545,
224,
413,
590,
423,
607,
647,
521,
636,
553,
166,
503,
493,
554,
177,
80,
112,
466,
649,
630,
515,
74,
252,
457,
553,
204,
188,
56,
335,
425,
216,
322,
535,
47,
421,
59,
550,
229,
502,
52,
43,
288,
227,
414,
621,
687,
166,
555,
221,
560,
289,
401,
51,
209,
154,
460,
45,
689,
370,
143,
369,
83,
377,
450,
106,
239,
315,
457,
353,
123,
146,
43,
45,
364,
71,
322,
206,
387,
91,
692,
294,
445,
342,
41,
355,
476,
532,
409,
315,
76,
326,
350,
377,
42,
206,
31,
362,
431,
723,
63,
257,
82,
317,
360,
327,
288,
363,
276,
96,
311,
402,
43,
303,
382,
518,
308,
282,
303,
42,
269,
299,
299,
244,
305,
41,
173,
280,
317,
211,
416,
452,
255,
481,
51,
220,
327,
404,
372,
48,
41,
344,
392,
361,
240,
253,
397,
218,
319,
238,
378,
588,
201,
197,
280,
38,
357,
201,
372,
387,
48,
217,
52,
162,
382,
329,
41,
72,
558,
242,
296,
520,
219,
326,
346,
247,
371,
39,
356,
242,
266,
167,
199,
443,
47,
389,
46,
536,
190,
73,
403,
88,
496,
43,
382,
524,
356,
538,
408,
45,
180,
522,
416,
396,
499,
192,
315,
381,
347,
119,
572,
167,
492,
245,
567,
489,
596,
284,
415,
564,
264,
324,
236,
498,
268,
309,
271,
182,
123,
401,
466,
223,
256,
182,
244,
276,
215,
228,
194,
380,
240,
221,
184,
268,
192,
144,
364,
591,
142,
307,
535,
205,
577,
180,
279,
41,
191,
194,
203,
325,
671,
228,
171,
621,
611,
298,
574,
245,
150,
555,
191,
342,
159,
594,
293,
153,
216,
34,
270,
558,
143,
621,
315,
186,
606,
201,
259,
199,
172,
608,
585,
203,
283,
196,
264,
221,
140,
287,
207,
596,
150,
483,
243,
597,
241,
186,
100,
185,
240,
556,
171,
157,
577,
485,
197,
407,
241,
184,
572,
519,
206,
373,
509,
436,
217,
395,
407,
293,
496,
448,
231,
260,
207,
199,
349,
409,
262,
293,
224,
304,
107,
895,
278,
448,
199,
195,
106,
412,
102,
411,
271,
776,
139,
306,
437,
635,
462,
266,
651,
107,
364,
277,
100,
234,
363,
702,
94,
340,
492,
66,
309,
479,
212,
423,
197,
354,
73,
74,
468,
554,
74,
68,
591,
831,
65,
232,
63,
217,
552,
73,
688,
88,
62,
285,
722,
614,
137,
206,
338,
41,
581,
145,
685,
267,
501,
603,
494,
312,
103,
579,
258,
424,
72,
717,
559,
244,
231,
691,
520,
174,
492,
68,
251,
212,
698,
488,
151,
110,
256,
155,
643,
235,
103,
651,
408,
190,
86,
149,
75,
624,
116,
172,
109,
188,
144,
572,
715,
156,
602,
398,
39,
556,
411,
38,
695,
574,
359,
37,
398,
349,
382,
302,
567,
259,
303,
577,
48,
555,
46,
551,
170,
420,
124,
114,
191,
45,
467,
119,
457,
480,
165,
34,
475,
164,
482,
201,
599,
195,
139,
593,
105,
155,
302,
99,
543,
320,
275,
243,
275,
306,
506,
296,
331,
497,
41,
549,
283,
384,
162,
565,
325,
47,
306,
283,
138,
621,
367,
635,
348,
614,
541,
233,
304,
595,
356,
608,
155,
130,
551,
362,
558,
350,
770,
72,
626,
243,
270,
315,
617,
514,
222,
487,
272,
73,
495,
614,
423,
428,
158,
410,
373,
404,
262,
433,
317,
190,
237,
427,
255,
50,
235,
175,
207,
286,
362,
205,
350,
361,
475,
196,
350,
51,
184,
630,
195,
387,
192,
96,
252,
265,
414,
473,
397,
433,
348,
379,
187,
211,
398,
47,
390,
246,
304,
385,
688,
151,
214,
398,
79,
134,
330,
307,
372,
469,
676,
555,
301,
629,
233,
341,
229,
213,
334,
78,
393,
250,
371,
548,
137,
669,
73,
150,
631,
247,
264,
207,
472,
582,
243,
242,
136,
669,
379,
268,
48,
239,
74,
56,
413,
571,
70,
231,
466,
599,
232,
460,
210,
57,
63,
520,
232,
633,
279,
230,
653,
680,
219,
218,
172,
291,
76,
532,
221,
257,
705,
600,
209,
669,
309,
505,
376,
622,
39,
222,
568,
409,
515,
715,
200,
596,
568,
678,
493,
178,
379,
498,
211,
200,
614,
482,
525,
459,
129,
649,
42,
455,
462,
186,
610,
561,
503,
184,
473,
152,
573,
415,
651,
602,
497,
463,
488,
520,
649,
125,
500,
450,
483,
745,
349,
438,
504,
517,
643,
442,
149,
90,
157,
656,
43,
512,
584,
516,
719,
431,
43,
393,
440,
662,
423,
433,
291,
97,
751,
410,
311,
637,
749,
527,
46,
485,
41,
400,
245,
443,
453,
528,
399,
154,
801,
428,
124,
411,
660,
360,
670,
243,
883,
426,
657,
337,
794,
125,
680,
43,
338,
253,
582,
868,
263,
221,
202,
292,
250,
649,
118,
620,
655,
435,
94,
576,
43,
793,
229,
70,
243,
608,
347,
809,
124,
317,
313,
243,
61,
672,
616,
284,
54,
366,
232,
760,
270,
231,
105,
146,
258,
325,
243,
220,
169,
498,
319,
46,
220,
303,
277,
45,
200,
503,
148,
227,
287,
527,
586,
450,
334,
568,
429,
104,
468,
234,
888,
163,
133,
219,
571,
562,
428,
749,
401,
405,
708,
572,
300,
697,
132,
703,
529,
563,
157,
444,
386,
275,
481,
674,
339,
548,
143,
572,
400,
44,
161,
190,
298,
539,
473,
648,
505,
363,
620,
522,
158,
584,
534,
443,
361,
78,
426,
282,
309,
542,
444,
654,
295,
626,
377,
42,
539,
483,
388,
310,
43,
426,
273,
350,
626,
380,
642,
483,
45,
428,
687,
143,
601,
44,
331,
279,
164,
582,
194,
294,
327,
675,
163,
229,
575,
173,
144,
156,
587,
162,
90,
125,
96,
47,
191,
217,
188,
154,
137,
286,
182,
118,
97,
156,
171,
145,
613,
96,
303,
125,
331,
610,
625,
270,
150,
324,
155,
97,
149,
95,
579,
660,
60,
730,
58,
681,
656,
414,
591,
592,
115,
294,
46,
714,
602,
685,
620,
358,
583,
408,
601,
84,
91,
570,
48,
538,
443,
45,
490,
537,
411,
495,
593,
648,
487,
364,
406,
51,
371,
573,
503,
511,
46,
49,
485,
454,
415,
452,
438,
364,
507,
539,
44,
451,
595,
577,
727,
420,
485,
366,
270,
616,
793,
349,
487,
402,
42,
499,
356,
402,
718,
649,
478,
345,
446,
392,
116,
672,
323,
335,
121,
538,
474,
645,
830,
420,
613,
320,
34,
850,
266,
455,
501,
429,
261,
523,
332,
850,
336,
703,
351,
392,
230,
231,
649,
347,
443,
773,
386,
197,
70,
332,
288,
302,
193,
300,
397,
293,
283,
41,
280,
98,
458,
341,
40,
380,
328,
654,
140,
346,
277,
275,
270,
827,
355,
80,
233,
543,
251,
293,
565,
174,
433,
340,
247,
500,
818,
252,
537,
415,
292,
192,
429,
752,
394,
528,
379,
220,
455,
213,
628,
392,
477,
547,
407,
761,
515,
363,
575,
426,
515,
343,
618,
208,
462,
644,
294,
850,
584,
550,
759,
499,
284,
389,
508,
925,
692,
404,
445,
368,
756,
462,
373,
526,
381,
613,
884,
664,
806,
604,
352,
522,
613,
883,
420,
513,
706,
617,
595,
803,
885,
786,
515,
330,
874,
149,
655,
702,
515,
377,
375,
616,
565,
597,
873,
476,
417,
473,
591,
601,
531,
347,
490,
498,
439,
504,
458,
452,
430,
459,
808,
340,
412,
548,
622,
990,
778,
648,
741,
494,
533,
700,
503,
512,
775,
704,
313,
336,
902,
388,
768,
709,
406,
384,
691,
336,
298,
352,
636,
964,
700,
505,
895,
378,
677,
300,
395,
265,
378,
738,
378,
533,
561,
342,
335,
364,
627,
258,
510,
520,
361,
295,
575,
694,
479,
465,
308,
265,
721,
718,
798,
546,
540,
291,
185,
547,
623,
701,
352,
657,
710,
474,
348,
367,
336,
584,
321,
759,
459,
175,
486,
534,
507,
407,
407,
318,
339,
627,
306,
169,
564,
500,
453,
676,
484,
180,
111,
550,
710,
547,
310,
691,
116,
318,
175,
622,
126,
549,
743,
138,
709,
473,
315,
173,
112,
108,
432,
283,
431,
707,
460,
78,
338,
73,
734,
302,
106,
68,
454,
518,
141,
50,
86,
495,
476,
562,
371,
408,
657,
530,
201,
400,
430,
131,
82,
528,
43,
510,
390,
77,
442,
123,
963,
174,
145,
863,
428,
78,
871,
43,
146,
544,
1002,
127,
356,
147,
864,
938,
352,
124,
946,
490,
838,
112,
562,
455,
931,
319,
362,
895,
290,
300,
108,
278,
343,
703,
369,
565,
255,
236,
103,
851,
255,
334,
67,
77,
684,
554,
95,
549,
933,
303,
449,
488,
525,
919,
457,
315,
81,
42,
307,
525,
481,
222,
496,
442,
401,
381,
744,
320,
507,
437,
458,
763,
799,
933,
83,
451,
761,
443,
900,
455,
310,
379,
435,
415,
474,
922,
247,
237,
456,
370,
754,
399,
583,
94,
384,
823,
45,
786,
731,
960,
889,
582,
645,
582,
784,
84,
335,
493,
930,
487,
322,
820,
489,
901,
456,
508,
683,
326,
648,
408,
83,
487,
814,
493,
82,
525,
312,
825,
543,
705,
345,
183,
593,
815,
239,
432,
727,
645,
810,
422,
173,
336,
496,
786,
709,
886,
773,
339,
555,
412,
323,
445,
338,
524,
156,
838,
645,
583,
521,
686,
523,
289,
599,
795,
477,
842,
679,
800,
830,
574,
259,
492,
839,
604,
362,
600,
496,
590,
626,
518,
884,
612,
479,
654,
465,
828,
467,
440,
706,
786,
626,
405,
815,
636,
386,
587,
492,
746,
732,
696,
532,
661,
378,
439,
477,
362,
690,
547,
711,
455,
655,
742,
656,
546,
457,
607,
565,
645,
255,
442,
602,
718,
435,
577,
376,
345,
616,
759,
334,
391,
579,
510,
414,
394,
309,
333,
809,
623,
583,
839,
624,
439,
658,
392,
382,
835,
567,
300,
196,
872,
434,
693,
494,
653,
351,
826,
479,
797,
505,
301,
574,
509,
822,
523,
474,
551,
688,
532,
394,
249,
367,
466,
745,
674,
412,
469,
346,
507,
450,
404,
277,
374,
330,
457,
1139,
420,
56,
521,
426,
600,
193,
387,
379,
725,
164,
330,
296,
399,
338,
677,
559,
373,
158,
596,
328,
344,
510,
316,
359,
691,
257,
569,
269,
480,
347,
461,
438,
288,
438,
504,
786,
712,
189,
256,
560,
414,
424,
376,
477,
631,
549,
414,
380,
671,
589,
631,
699,
184,
377,
422,
126,
589,
376,
426,
752,
437,
578,
433,
357,
413,
399,
890,
454,
423,
555,
431,
421,
414,
158,
692,
101,
426,
922,
164,
171,
497,
494,
605,
479,
484,
192,
276,
107,
719,
76,
538,
536,
793,
776,
429,
780,
716,
603,
417,
172,
664,
612,
159,
709,
557,
696,
687,
548,
1127,
622,
748,
1095,
832,
1094,
736,
142,
482,
343,
428,
457,
690,
658,
442,
604,
399,
537,
736,
475,
410,
649,
308,
202,
116,
181,
121,
102,
543,
522,
520,
965,
91,
26,
569,
194,
545,
980,
565,
400,
1011,
96,
1127,
732,
128,
1122,
505,
82,
1084,
377,
436,
1068,
1063,
473,
114,
380,
62,
1081,
463,
373,
829,
953,
356,
80,
683,
948,
851,
726,
819,
118,
97,
905,
108,
353,
833,
727,
552,
858,
519,
399,
387,
302,
380,
552,
702,
891,
621,
669,
462,
788,
994,
368,
765,
757,
634,
678,
366,
668,
683,
605,
661,
1045,
577,
267,
537,
525,
778,
537,
560,
649,
537,
531,
660,
396,
403,
523,
566,
719,
617,
366,
475,
455,
521,
486,
768,
640,
494,
613,
812,
339,
548,
604,
315,
790,
328,
777,
542,
419,
489,
785,
591,
505,
202,
906,
740,
473,
349,
549,
573,
573,
391,
208,
709,
586,
483,
426,
833,
515,
810,
750,
349,
670,
748,
845,
626,
473,
828,
616,
309,
731,
616,
809,
606,
555,
457,
768,
567,
841,
716,
712,
796,
377,
576,
349,
581,
571,
605,
335,
533,
504,
392,
786,
331,
341,
513,
356,
323,
326,
412,
632,
853,
463,
768,
638,
690,
332,
740,
884,
338,
265,
621,
724,
715,
574,
351,
544,
973,
460,
824,
281,
568,
536,
471,
637,
788,
344,
755,
724,
480,
424,
779,
703,
681,
435,
680,
903,
891,
707,
755,
433,
516,
562,
707,
581,
467,
674,
519,
718,
770,
543,
881,
880,
734,
859,
760,
853,
435,
301,
199,
599,
1233,
726,
811,
567,
458,
941,
1238,
531,
842,
750,
571,
541,
1222,
554,
678,
387,
419,
377,
393,
700,
616,
597,
602,
1160,
657,
593,
598,
525,
1102,
569,
491,
842,
538,
606,
384,
457,
390,
141,
387,
585,
302,
675,
728,
149,
456,
543,
210,
229,
167,
640,
362,
731,
489,
216,
542,
591,
135,
504,
347,
191,
448,
180,
520,
125,
554,
480,
428,
711,
441,
266,
414,
452,
570,
381,
707,
507,
477,
1053,
112,
215,
467,
888,
346,
395,
471,
702,
655,
542,
716,
400,
540,
199,
331,
493,
427,
605,
697,
618,
903,
113,
200,
549,
720,
471,
579,
645,
584,
247,
702,
330,
736,
417,
1062,
230,
288,
326,
710,
1082,
265,
1123,
1324,
281,
176,
263,
773,
176,
238,
586,
321,
470,
526,
110,
193,
895,
745,
231,
795,
463,
480,
476,
664,
768,
96,
450,
369,
761,
453,
468,
93,
425,
419,
181,
327,
405,
1078,
395,
210,
291,
643,
177,
299,
384,
713,
717,
279,
702,
509,
652,
346,
946,
147,
79,
25,
159,
404,
1113,
535,
289,
549,
272,
427,
1025,
707,
272,
271,
535,
265,
241,
506,
573,
74,
300,
536,
284,
258,
567,
427,
610,
394,
240,
557,
201,
474,
577,
256,
249,
396,
592,
198,
95,
604,
403,
204,
480,
386,
190,
188,
233,
510,
58,
222,
190,
327,
468,
185,
606,
350,
183,
163,
178,
170,
496,
531,
508,
72,
132,
127,
115,
136,
1220,
111,
102,
1098,
130,
133,
1238,
611,
628,
1112,
128,
905,
929,
133,
442,
37,
467,
890,
864,
882,
866,
791,
760,
560,
264,
670,
665,
759,
746,
789,
1010,
644,
662,
728,
647,
44,
643,
875,
344,
825,
788,
775,
630,
748,
442,
785,
520,
687,
336,
645,
881,
340,
796,
784,
958,
586,
673,
793,
1029,
1055,
595,
843,
781,
316,
665,
716,
523,
575,
567,
306,
283,
926,
532,
774,
542,
871,
265,
679,
711,
1019,
580,
246,
790,
456,
452,
480,
218,
479,
452,
431,
431,
324,
970,
456,
400,
405,
418,
218,
372,
424,
959,
40,
634,
411,
217,
1161,
415,
414,
346,
492,
749,
473,
926,
398,
630,
690,
762,
377,
665,
1019,
714,
452,
567,
842,
312,
775,
297,
473,
395,
574,
380,
689,
933,
655,
851,
367,
1161,
457,
495,
688,
888,
998,
879,
384,
437,
976,
472,
725,
346,
777,
301,
362,
522,
464,
407,
724,
627,
681,
490,
322,
622,
421,
428,
827,
486,
1054,
671,
403,
420,
415,
723,
466,
419,
923,
384,
914,
369,
342,
328,
800,
348,
728,
813,
744,
382,
675,
478,
331,
632,
320,
905,
604,
1098,
579,
681,
316,
306,
532,
574,
367,
299,
734,
392,
618,
548,
364,
865,
578,
787,
285,
405,
671,
405,
404,
944,
669,
539,
392,
881,
306,
655,
652,
767,
635,
489,
346,
624,
836,
573,
599,
858,
407,
734,
779,
569,
608,
479,
655,
413,
530,
592,
304,
930,
588,
289,
550,
299,
452,
555,
520,
876,
803,
480,
803,
299,
379,
439,
576,
371,
1117,
598,
356,
686,
425,
466,
1005,
473,
301,
370,
545,
477,
589,
411,
629,
251,
356,
566,
760,
834,
1126,
996,
408,
326,
538,
300,
402,
433,
1490,
275,
326,
211,
483,
333,
477,
305,
473,
514,
558,
171,
588,
672,
628,
481,
1399,
357,
639,
881,
633,
371,
517,
493,
1172,
172,
512,
871,
511,
645,
356,
416,
613,
85,
363,
183,
582,
1021,
592,
418,
482,
720,
1486,
169,
149,
763,
585,
1497,
474,
404,
1280,
347,
585,
1461,
117,
127,
824,
177,
102,
397,
1357,
126,
685,
754,
386,
264,
299,
365,
1207,
366,
1260,
202,
1470,
259,
365,
333,
965,
308,
458,
506,
640,
75,
1274,
274,
504,
1487,
697,
744,
491,
1475,
238,
82,
1228,
632,
585,
291,
606,
518,
1308,
776,
1141,
142,
530,
510,
1322,
833,
452,
873,
839,
1318,
1023,
1066,
751,
84,
185,
816,
735,
172,
817,
1170,
1390,
424,
141,
124,
421,
137,
155,
469,
151,
463,
452,
399,
415,
151,
123,
414,
427,
1416,
401,
385,
919,
1271,
394,
336,
972,
1139,
329,
87,
1121,
491,
422,
1333,
1218,
605,
1423,
864,
784,
1251,
523,
1063,
744,
683,
418,
405,
955,
1145,
477,
853,
395,
938,
818,
1236,
591,
847,
1428,
1006,
692,
406,
368,
785,
727,
933,
488,
370,
737,
791,
849,
1066,
601,
1180,
404,
1043,
811,
727,
839,
450,
601,
379,
737,
1512,
385,
338,
382,
355,
855,
374,
393,
467,
309,
1535,
1345,
307,
502,
793,
1215,
481,
544,
618,
910,
480,
691,
611,
389,
784,
654,
619,
379,
781,
445,
822,
609,
338,
214,
1024,
328,
491,
408,
935,
643,
665,
328,
801,
1067,
380,
893,
440,
691,
373,
391,
634,
880,
578,
314,
1108,
757,
584,
340,
545,
231,
460,
456,
523,
295,
919,
613,
656,
477,
434,
682,
915,
987,
268,
638,
632,
433,
568,
369,
1044,
430,
480,
672,
315,
805,
394,
886,
806,
960,
863,
308,
572,
347,
811,
297,
1000,
379,
284,
1102,
612,
693,
382,
401,
363,
975,
478,
603,
655,
252,
759,
641,
576,
354,
857,
1136,
927,
892,
515,
644,
468,
478,
341,
913,
656,
920,
569,
644,
457,
927,
695,
953,
737,
562,
554,
875,
569,
923,
924,
992,
660,
468,
553,
607,
625,
773,
432,
931,
782,
721,
359,
444,
479,
928,
364,
692,
834,
484,
509,
925,
348,
960,
449,
336,
715,
452,
1617,
749,
856,
1265,
519,
779,
378,
860,
905,
868,
774,
881,
901,
691,
706,
439,
1344,
729,
808,
456,
890,
478,
520,
442,
530,
461,
771,
490,
1061,
633,
523,
726,
712,
793,
672,
392,
490,
420,
497,
368,
1283,
812,
389,
383,
427,
473,
605,
332,
244,
706,
981,
313,
195,
377,
376,
507,
1075,
703,
325,
250,
667,
589,
412,
501,
438,
331,
827,
727,
213,
1220,
771,
275,
790,
449,
136,
482,
1093,
1346,
963,
739,
1099,
431,
200,
204,
225,
199,
416,
205,
1152,
121,
482,
203,
1009,
236,
305,
974,
673,
199,
554,
903,
193,
121,
441,
663,
230,
213,
452,
1307,
1044,
1026,
191,
1572,
284,
796,
469,
486,
425,
951,
1024,
1419,
285,
196,
1266,
1643,
249,
330,
993,
430,
461,
1396,
420,
510,
329,
1017,
427,
984,
728,
326,
191,
439,
273,
975,
1502,
423,
1324,
629,
173,
321,
838,
192,
848,
645,
325,
880,
419,
320,
843,
191,
636,
900,
358,
432,
1637,
181,
850,
761,
311,
709,
390,
307,
424,
101,
698,
762,
265,
660,
279,
269,
1226,
226,
456,
671,
1089,
841,
873,
1302,
1576,
173,
828,
223,
669,
976,
404,
1297,
400,
1374,
621,
214,
426,
203,
397,
847,
699,
1328,
629,
1195,
55,
1324,
641,
707,
659,
193,
522,
648,
819,
316,
757,
624,
885,
1384,
192,
732,
1327,
755,
183,
515,
698,
469,
1068,
93,
1509,
289,
375,
1065,
799,
1275,
92,
888,
746,
504,
570,
891,
91,
639,
1228,
268,
713,
1014,
1210,
301,
78,
78,
279,
577,
634,
842,
326,
1373,
295,
622,
79,
282,
631,
83,
73,
352,
279,
383,
297,
67,
195,
247,
297,
85,
273,
806,
235,
376,
278,
96,
839,
102,
269,
523,
261,
288,
225,
55,
207,
527,
563,
513,
548,
444,
1392,
430,
674,
1033,
949,
643,
430,
426,
424,
402,
188,
787,
586,
986,
465,
796,
719,
697,
710,
665,
1370,
1445,
1043,
596,
695,
560,
654,
500,
1089,
1078,
1130,
1523,
1077,
1050,
499,
751,
578,
988,
522,
1032,
1510,
1044,
992,
762,
1215,
1071,
1456,
1010,
1037,
638,
1314,
776,
1045,
733,
598,
775,
594,
224,
1300,
1461,
497,
1089,
747,
466,
217,
407,
1362,
1177,
523,
1117,
596,
612,
1407,
426,
766,
746,
907,
711,
1057,
772,
951,
1420,
678,
741,
822,
444,
809,
1073,
568,
488,
1011,
1334,
483,
585,
625,
490,
379,
1461,
742,
354,
498,
1057,
512,
1039,
339,
1382,
367,
277,
535,
338,
1323,
1368,
1079,
1032,
479,
334,
853,
794,
1015,
742,
1348,
1244,
486,
916,
1004,
307,
1055,
298,
1132,
524,
1409,
824,
1002,
625,
1044,
249,
403,
834,
899,
706,
262,
817,
394,
670,
236,
699,
606,
449,
744,
431,
302,
996,
300,
1422,
383,
374,
1159,
1100,
528,
626,
1086,
1157,
379,
1041,
582,
651,
500,
1044,
639,
743,
466,
443,
854,
508,
1116,
308,
524,
716,
551,
632,
550,
472,
624,
679,
215,
1000,
1530,
545,
451,
710,
619,
504,
287,
550,
556,
1186,
604,
466,
832,
608,
1406,
657,
1000,
713,
479,
743,
762,
711,
886,
570,
898,
419,
1354,
520,
353,
537,
1349,
391,
771,
269,
1798,
515,
846,
883,
481,
537,
732,
486,
953,
541,
250,
806,
216,
521,
532,
153,
1798,
1343,
516,
261,
816,
1788,
1220,
554,
479,
872,
522,
1759,
836,
793,
424,
823,
339,
516,
614,
423,
471,
493,
667,
520,
76,
660,
535,
446,
426,
119,
435,
418,
159,
256,
429,
1743,
749,
785,
133,
725,
881,
97,
407,
466,
619,
385,
175,
638,
376,
500,
347,
345,
592,
524,
165,
80,
88,
409,
454,
156,
520,
446,
143,
342,
77,
389,
315,
892,
671,
502,
315,
874,
1058,
1073,
640,
774,
138,
136,
134,
1224,
21,
132,
741,
616,
877,
124,
119,
962,
646,
1169,
811,
360,
742,
121,
608,
767,
102,
755,
953,
95,
600,
746,
90,
1379,
776,
668,
86,
296,
589,
399,
1437,
465,
278,
462,
541,
510,
85,
556,
340,
459,
339,
85,
1270,
1409,
412,
144,
85,
389,
334,
66,
412,
400,
1444,
119,
92,
333,
76,
332,
403,
331,
58,
373,
397,
707,
1122,
228,
1364,
1158,
276,
1515,
1438,
658,
1157,
1137,
658,
919,
783,
657,
342,
243,
735,
86,
873,
400,
1016,
204,
839,
306,
289,
614,
968,
193,
643,
338,
1107,
635,
1028,
215,
217,
189,
392,
1016,
696,
310,
1086,
824,
658,
334,
325,
1518,
1135,
1454,
769,
41,
422,
459,
664,
1528,
617,
39,
1199,
639,
979,
1408,
685,
611,
624,
935,
1231,
1319,
1260,
1228,
532,
1374,
611,
445,
1410,
671,
1187,
666,
606,
591,
857,
1129,
655,
947,
887,
1012,
1188,
1205,
664,
604,
243,
384,
865,
1326,
422,
899,
656,
443,
780,
463,
1311,
652,
1168,
586,
567,
808,
416,
610,
661,
1252,
1034,
461,
645,
1112,
713,
577,
1483,
598,
665,
549,
1171,
657,
1359,
1194,
1024,
968,
1253,
438,
370,
426,
1204,
1281,
1190,
1079,
308,
400,
648,
1239,
679,
377,
505,
1229,
768,
317,
1521,
1156,
1096,
265,
1096,
1511,
429,
617,
380,
612,
861,
1510,
444,
856,
449,
1497,
253,
546,
637,
418,
852,
696,
1604,
1545,
913,
936,
634,
1575,
817,
131,
1308,
983,
818,
797,
863,
528,
1224,
721,
797,
1186,
478,
672,
1038,
1105,
841,
1052,
669,
638,
363,
1490,
938,
533,
439,
846,
846,
1330,
580,
523,
1241,
1215,
677,
457,
549,
356,
498,
528,
792,
860,
483,
897,
465,
517,
497,
759,
1554,
496,
631,
496,
889,
210,
750,
712,
668,
673,
427,
515,
851,
674,
497,
1203,
490,
400,
625,
752,
711,
486,
146,
479,
500,
454,
427,
399,
537,
658,
588,
517,
486,
477,
401,
479,
484,
688,
469,
478,
468,
517,
632,
344,
422,
302,
486,
479,
472,
469,
388,
475,
299,
338,
633,
468,
77,
154,
138,
507,
324,
621,
1573,
635,
428,
284,
458,
456,
1097,
277,
1279,
466,
1086,
456,
270,
289,
173,
466,
350,
461,
369,
442,
368,
142,
146,
346,
80,
358,
1269,
1094,
644,
498,
333,
731,
642,
1266,
601,
1041,
180,
453,
73,
644,
489,
1270,
643,
180,
681,
152,
179,
825,
481,
703,
982,
447,
144,
92,
698,
919,
697,
1138,
140,
969,
557,
737,
908,
1020,
566,
433,
133,
754,
776,
697,
976,
130,
1242,
557,
109,
692,
402,
878,
805,
752,
1240,
1122,
78,
1062,
1030,
411,
695,
871,
1442,
663,
368,
1471,
1042,
1599,
739,
267,
1293,
991,
368,
209,
996,
75,
180,
143,
187,
71,
950,
177,
1258,
158,
978,
105,
73,
438,
1261,
140,
1638,
449,
443,
882,
87,
647,
73,
1070,
712,
741,
575,
734,
1313,
563,
734,
1315,
586,
1069,
708,
1100,
1429,
883,
996,
811,
1020,
1204,
647,
1131,
642,
1007,
703,
665,
597,
115,
572,
303,
99,
606,
795,
593,
669,
573,
572,
554,
544,
918,
1037,
937,
793,
1025,
687,
891,
1231,
823,
535,
1248,
1317,
1403,
1307,
1210,
472,
1294,
1415,
477,
1234,
1102,
654,
969,
1180,
726,
942,
458,
588,
815,
1088,
1038,
1435,
1298,
402,
1160,
500,
501,
786,
471,
504,
591,
1397,
621,
420,
1257,
491,
991,
1155,
452,
1508,
946,
1160,
1326,
590,
1264,
466,
424,
471,
1155,
473,
845,
376,
516,
706,
739,
589,
1322,
492,
978,
693,
396,
698,
581,
1285,
942,
392,
531,
749,
504,
680,
978,
1442,
526,
890,
523,
141,
871,
522,
487,
583,
482,
1154,
1054,
342,
428,
765,
603,
398,
101,
457,
562,
714,
340,
762,
619,
522,
502,
328,
1323,
481,
436,
748,
1070,
493,
1023,
388,
454,
252,
488,
344,
597,
439,
80,
1290,
525,
461,
503,
308,
983,
303,
493,
547,
268,
669,
505,
1424,
614,
674,
751,
78,
565,
214,
511,
1426,
455,
664,
504,
210,
292,
370,
1775,
174,
938,
167,
187,
184,
487,
851,
177,
148,
506,
423,
770,
428,
787,
136,
404,
149,
83,
149,
592,
812,
133,
519,
568,
1471,
287,
453,
97,
80,
264,
411,
1435,
1460,
84,
619,
543,
1395,
557,
82,
700,
405,
47,
313,
353,
165,
78,
161,
647,
1869,
577,
369,
854,
1325,
1165,
1356,
863,
1029,
913,
246,
802,
1101,
89,
55,
339,
196,
192,
968,
320,
419,
507,
271,
433,
598,
594,
238,
321,
424,
308,
118,
103,
551,
423,
145,
143,
92,
1391,
478,
313,
1413,
301,
197,
309,
950,
302,
429,
1384,
438,
301,
298,
986,
655,
552,
706,
233,
86,
227,
534,
87,
654,
86,
972,
212,
444,
83,
199,
618,
437,
227,
282,
212,
551,
310,
211,
257,
720,
705,
612,
665,
581,
82,
924,
215,
881,
648,
635,
747,
635,
526,
772,
292,
761,
454,
746,
471,
634,
1560,
617,
476,
782,
188,
388,
1064,
583,
787,
1013,
504,
425,
795,
1416,
433,
214,
437,
393,
663,
678,
900,
960,
211,
665,
689,
811,
1305,
476,
681,
1325,
349,
882,
870,
646,
929,
538,
1095,
519,
671,
1188,
691,
876,
959,
1737,
672,
432,
944,
550,
535,
1227,
1043,
1031,
386,
268,
671,
494,
213,
669,
926,
433,
458,
267,
667,
558,
835,
471,
872,
1094,
356,
880,
1468,
1596,
345,
413,
608,
641,
600,
449,
604,
822,
638,
670,
603,
830,
669,
386,
834,
520,
806,
1325,
782,
704,
755,
1476,
1558,
908,
1587,
550,
623,
1159,
1200,
433,
549,
1077,
686,
978,
723,
696,
390,
1166,
703,
1041,
776,
1169,
1096,
255,
724,
942,
415,
1202,
471,
693,
989,
1185,
351,
581,
450,
334,
449,
1073,
580,
1167,
269,
486,
1613,
579,
958,
669,
1220,
987,
577,
481,
488,
540,
867,
575,
745,
690,
574,
1026,
1653,
532,
612,
1477,
1134,
335,
94,
1556,
914,
289,
468,
1614,
718,
624,
371,
531,
468,
384,
826,
741,
1251,
596,
1602,
503,
752,
488,
451,
519,
1208,
154,
434,
165,
1230,
262,
287,
475,
1240,
284,
452,
1599,
1612,
312,
192,
198,
286,
446,
195,
193,
271,
30,
266,
175,
213,
200,
261,
230,
212,
164,
263,
171,
124,
199,
32,
1587,
88,
95,
93,
763,
1434,
84,
1427,
694,
1225,
1415,
684,
321,
668,
560,
34,
602,
628,
555,
739,
236,
427,
240,
428,
201,
322,
78,
1163,
316,
432,
483,
431,
189,
495,
180,
146,
176,
94,
248,
523,
517,
314,
512,
173,
110,
350,
113,
166,
506,
158,
393,
384,
1170,
65,
166,
495,
221,
153,
327,
261,
209,
405,
207,
403,
164,
151,
410,
511,
149,
148,
361,
1276,
593,
560,
127,
1174,
148,
140,
435,
147,
134,
434,
128,
545,
152,
568,
125,
287,
578,
402,
1594,
140,
412,
788,
1201,
232,
870,
1404,
1026,
143,
1322,
160,
233,
123,
132,
45,
1706,
509,
231,
44,
932,
196,
664,
159,
156,
1081,
652,
493,
273,
270,
1296,
576,
770,
622,
266,
254,
627,
658,
249,
1390,
1539,
411,
1086,
635,
883,
617,
452,
896,
1267,
255,
485,
901,
491,
1145,
988,
1028,
620,
1104,
615,
1048,
348,
38,
605,
987,
124,
665,
1675,
1607,
678,
2253,
810,
454,
1373,
602,
1659,
719,
205,
1165,
625,
1749,
1365,
610,
250,
909,
514,
1027,
1781,
178,
624,
476,
592,
483,
417,
624,
459,
485,
445,
244,
1038,
646,
423,
1394,
636,
863,
589,
474,
810,
253,
609,
663,
472,
1090,
903,
430,
876,
489,
441,
764,
827,
1103,
1043,
878,
846,
1001,
56,
980,
461,
744,
1612,
705,
472,
1114,
1775,
731,
433,
464,
898,
978,
997,
796,
2175,
951,
1382,
1820,
513,
20,
443,
539,
160,
331,
853,
481,
1019,
896,
471,
777,
128,
460,
130,
122,
358,
1948,
227,
1715,
748,
330,
377,
2199,
159,
2259,
1249,
1584,
465,
1123,
1232,
596,
446,
1399,
1213,
595,
221,
1872,
157,
440,
1410,
222,
385,
147,
205,
1410,
1841,
92,
127,
967,
481,
1725,
2057,
549,
1411,
539,
1073,
1158,
1783,
82,
1289,
1386,
464,
447,
742,
40,
2103,
545,
79,
537,
301,
217,
117,
81,
1101,
1609,
170,
1640,
281,
1633,
379,
1164,
1626,
379,
153,
366,
330,
150,
76,
145,
1643,
110,
367,
380,
77,
76,
316,
722,
277,
353,
725,
114,
120,
343,
106,
719,
187,
103,
321,
341,
244,
315,
319,
96,
102,
241,
94,
1610,
434,
345,
336,
1277,
87,
441,
91,
371,
1589,
83,
434,
826,
1457,
74,
356,
1452,
50,
314,
81,
79,
1253,
280,
299,
72,
1445,
409,
772,
293,
1285,
244,
375,
888,
844,
42,
311,
716,
418,
407,
1811,
1231,
1111,
881,
342,
339,
855,
40,
407,
744,
1078,
1831,
291,
331,
1365,
521,
226,
217,
1386,
504,
1041,
619,
915,
831,
886,
1079,
503,
822,
283,
405,
833,
1341,
771,
795,
475,
1400,
1138,
435,
620,
682,
642,
592,
746,
1909,
783,
1513,
730,
921,
1111,
750,
849,
509,
769,
372,
550,
602,
1279,
1766,
661,
367,
1228,
599,
870,
1394,
581,
531,
474,
534,
553,
433,
1213,
813,
361,
49,
619,
833,
555,
1271,
1384,
1402,
1265,
764,
457,
528,
1220,
842,
828,
761,
461,
1564,
1560,
527,
684,
484,
1465,
1455,
450,
418,
307,
541,
508,
645,
826,
507,
422,
530,
1214,
621,
502,
413,
397,
1632,
571,
528,
872,
1074,
521,
1473,
1279,
1437,
555,
1457,
1267,
1109,
639,
516,
1797,
1491,
424,
1451,
517,
1454,
1465,
553,
1398,
455,
518,
530,
1447,
1051,
510,
1039,
1460,
1033,
1075,
1451,
316,
855,
1027,
636,
151,
624,
1407,
128,
402,
581,
739,
934,
445,
317,
398,
634,
921,
1398,
394,
271,
1415,
655,
649,
541,
305,
304,
1408,
288,
1366,
296,
139,
589,
117,
287,
268,
294,
254,
1080,
201,
1403,
302,
544,
1498,
196,
243,
404,
133,
1057,
191,
185,
176,
587,
132,
208,
142,
754,
171,
358,
1056,
1478,
538,
320,
652,
733,
1411,
1500,
520,
116,
1265,
417,
645,
338,
618,
813,
102,
289,
100,
276,
546,
1862,
644,
447,
404,
230,
1145,
381,
81,
377,
1198,
345,
98,
447,
167,
443,
292,
441,
191,
428,
210,
185,
253,
307,
955,
208,
354,
203,
182,
197,
252,
160,
193,
432,
173,
152,
1928,
1664,
237,
356,
148,
1233,
387,
148,
138,
462,
1685,
126,
1725,
416,
77,
1545,
399,
113,
495,
345,
566,
1980,
255,
617,
162,
1943,
273,
46,
568,
153,
163,
294,
132,
78,
355,
153,
97,
33,
161,
264,
205,
151,
124,
35,
85,
530,
1991,
154,
36,
152,
1431,
78,
136,
145,
1237,
517,
408,
1198,
409,
1316,
116,
113,
2054,
290,
154,
1822,
2051,
50,
157,
333,
49,
331,
99,
45,
98,
1571,
1569,
372,
359,
903,
50,
46,
31,
671,
606,
587,
652,
1230,
938,
37,
1199,
613,
382,
876,
1387,
568,
179,
949,
536,
940,
1566,
975,
1239,
2074,
1172,
699,
1046,
625,
578,
726,
40,
983,
1145,
866,
660,
703,
735,
1132,
762,
1758,
855,
453,
1547,
470,
867,
658,
392,
720,
550,
630,
380,
1164,
401,
396,
597,
1194,
424,
1161,
336,
571,
395,
1312,
1281,
489,
574,
712,
2183,
297,
1905,
478,
1753,
725,
1261,
760,
1090,
1112,
681,
591,
880,
1181,
218,
801,
804,
464,
1505,
658,
738,
632,
509,
577,
201,
521,
431,
1419,
739,
535,
1985,
514,
283,
203,
613,
602,
255,
1533,
513,
1066,
263,
533,
1044,
565,
918,
619,
1663,
157,
553,
1127,
1676,
1705,
945,
358,
1592,
510,
563,
379,
605,
496,
801,
588,
360,
347,
1110,
369,
370,
1193,
393,
813,
463,
582,
2146,
615,
362,
332,
584,
937,
594,
1253,
394,
1015,
386,
605,
739,
994,
583,
652,
2162,
353,
753,
830,
736,
223,
396,
598,
622,
1156,
388,
2040,
387,
133,
585,
396,
1311,
318,
1028,
114,
258,
1071,
395,
143,
82,
968,
389,
470,
298,
462,
189,
177,
331,
1384,
293,
288,
122,
513,
156,
136,
433,
134,
129,
377,
955,
133,
54,
132,
100,
350,
953,
79,
349,
87,
415,
318,
1138,
122,
318,
49,
375,
329,
97,
1233,
92,
654,
75,
59,
283,
88,
88,
72,
78,
66,
273,
288,
76,
559,
63,
75,
1022,
60,
2205,
79,
336,
2221,
324,
1729,
1735,
1822,
76,
1741,
334,
99,
49,
459,
85,
172,
170,
87,
78,
168,
88,
43,
156,
160,
155,
130,
42,
133,
82,
155,
171,
124,
127,
142,
77,
140,
135,
137,
1455,
117,
121,
133,
115,
104,
2184,
103,
112,
1909,
102,
1822,
2669,
2115,
1865,
85,
100,
2772,
1813,
84,
95,
39,
45,
81,
46,
44,
670,
43,
530,
560,
544,
548,
42,
472,
591,
727,
787,
353,
157,
371,
642,
591,
651,
366,
1003,
672,
687,
267,
1192,
553,
132,
738,
552,
1119,
1192,
125,
661,
527,
1202,
259,
1200,
949,
2177,
534,
387,
682,
765,
986,
528,
943,
1650,
641,
926,
984,
1880,
484,
1848,
125,
1479,
651,
1147,
1121,
1920,
121,
696,
693,
669,
901,
968,
749,
791,
472,
957,
2170,
2033,
767,
655,
45,
1659,
2172,
514,
939,
559,
749,
713,
487,
1806,
822,
559,
1882,
545,
1635,
717,
567,
1409,
1905,
1012,
544,
1523,
710,
1407,
1877,
704,
681,
1534,
1855,
621,
2089,
698,
1054,
824,
397,
1593,
401,
1557,
1526,
370,
1565,
397,
538,
1589,
361,
397,
1578,
56,
470,
395,
427,
374,
448,
484,
492,
387,
717,
423,
456,
1532,
1620,
440,
356,
410,
1984,
443,
513,
993,
657,
349,
2321,
2131,
629,
312,
980,
497,
954,
444,
429,
317,
377,
541,
552,
749,
454,
1641,
434,
543,
364,
403,
790,
556,
1617,
417,
406,
430,
1019,
1410,
2201,
423,
2325,
788,
431,
974,
406,
561,
126,
1405,
619,
299,
684,
347,
516,
720,
453,
547,
503,
452,
471,
133,
1434,
14,
124,
81,
280,
326,
1651,
2044,
1204,
548,
383,
197,
210,
531,
108,
160,
199,
545,
336,
104,
423,
160,
709,
2394,
578,
686,
463,
672,
98,
506,
443,
123,
443,
107,
500,
468,
677,
465,
109,
255,
3311,
2688,
2544,
343,
1483,
109,
104,
390,
96,
285,
88,
2645,
308,
190,
1770,
72,
2365,
1566,
191,
382,
42,
322,
38,
1754,
86,
2644,
2073,
2370,
161,
2628,
157,
701,
126,
144,
50,
650,
127,
117,
187,
2306,
108,
49,
90,
102,
42,
76,
25,
102,
100,
104,
93,
89,
31,
88,
35,
83,
87,
35,
79,
1675,
1971,
2005,
2146,
82,
380,
77,
68,
1741,
61,
476,
82,
1322,
43,
42,
580,
390,
2866,
48,
45,
51,
695,
46,
81,
705,
962,
617,
42,
359,
973,
507,
614,
442,
576,
601,
417,
807,
1197,
1102,
1167,
599,
644,
1701,
594,
374,
1238,
604,
396,
472,
362,
1284,
554,
590,
495,
564,
483,
597,
2012,
2015,
507,
2478,
530,
1143,
531,
441,
355,
408,
404,
768,
1737,
458,
439,
1362,
1380,
973,
570,
1291,
485,
789,
1401,
721,
749,
951,
2489,
712,
956,
133,
293,
165,
301,
171,
1572,
1619,
169,
158,
153,
147,
92,
109,
593,
1537,
94,
1985,
1647,
1144,
1697,
592,
602,
739,
594,
723,
97,
695,
536,
652,
78,
2096,
574,
1760,
3033,
2582,
2547,
1633,
1640,
1337,
2547,
1101,
2212,
179,
1483,
122,
1229,
629,
2149,
763,
2079,
237,
2262,
236,
2421,
232,
559,
164,
2054,
142,
2569,
190,
203,
2050,
187,
784,
1933,
175,
2633,
174,
1791,
280,
478,
165,
159,
1721,
1141,
1720,
1920,
917,
142,
142,
140,
93,
592,
579,
140,
1259,
668,
390,
129,
1841,
658,
2314,
544,
131,
416,
3171,
76,
2394,
133,
75,
411,
1918,
598,
719,
578,
545,
495,
2279,
2650,
768,
1991,
2314,
778,
662,
389,
441,
3180,
393,
377,
491,
209,
631,
397,
500,
609,
309,
3080,
632,
79,
519,
77,
562,
1486,
1868,
589,
77,
419,
542,
243,
406,
2609,
1989,
2685,
2328,
685,
1055,
518,
81,
74,
457,
2288,
2237,
692,
708,
577,
572,
81,
462,
668,
78,
427,
583,
426,
461,
559,
658,
764,
473,
638,
869,
873,
555,
568,
880,
567,
901,
721,
426,
824,
961,
816,
987,
874,
2716,
831,
2308,
2702,
523,
809,
574,
931,
821,
571,
800,
1477,
605,
426,
460,
538,
1248,
1227,
619,
266,
2347,
507,
810,
149,
2283,
257,
127,
621,
653,
774,
154,
181,
254,
769,
505,
1149,
744,
1145,
1303,
793,
880,
528,
2740,
202,
183,
80,
740,
572,
745,
1137,
918,
303,
142,
1118,
2732,
146,
924,
840,
132,
820,
808,
824,
821,
555,
763,
851,
116,
108,
895,
850,
104,
834,
743,
942,
103,
1705,
748,
667,
1008,
815,
731,
1709,
100,
1531,
896,
3155,
747,
576,
2347,
665,
2360,
691,
2353,
869,
2312,
2382,
2349,
787,
2273,
805,
1675,
2246,
1220,
2752,
2504,
2292,
2300,
2040,
2482,
319,
2677,
1204,
215,
151,
89,
2303,
83,
1243,
3045,
3042,
2026,
3035,
51,
332,
941,
940,
321,
683,
375,
671,
374,
1673,
75,
380,
532,
451,
1591,
595,
316,
401,
1650,
591,
476,
962,
607,
527,
515,
401,
2153,
559,
254,
2241,
490,
414,
375,
320,
340,
617,
374,
424,
389,
256,
373,
1611,
663,
961,
429,
374,
337,
364,
480,
230,
363,
2020,
459,
473,
487,
913,
327,
1576,
457,
526,
2843,
1901,
2841,
2344,
930,
357,
1957,
374,
914,
77,
389,
861,
355,
1260,
1259,
1245,
49,
1075,
2078,
125,
701,
2062,
990,
949,
1997,
2352,
2061,
1121,
1069,
828,
600,
643,
863,
2863,
944,
1039,
1487,
1924,
665,
636,
1298,
1618,
871,
694,
1257,
879,
3250,
1232,
658,
1340,
1352,
1983,
907,
826,
690,
2422,
899,
664,
2109,
2221,
177,
2519,
781,
675,
998,
1620,
2140,
2395,
2207,
37,
2361,
1305,
1612,
37,
1046,
1088,
1255,
2349,
699,
1095,
780,
673,
2322,
692,
2321,
1698,
1624,
61,
941,
2980,
2307,
655,
1339,
2184,
683,
663,
1037,
2481,
958,
2151,
2110,
1444,
2905,
671,
619,
2255,
708,
598,
613,
458,
129,
941,
2379,
2271,
935,
999,
683,
2569,
1328,
2308,
2094,
966,
2210,
1373,
2132,
625,
2093,
1108,
1392,
943,
1782,
409,
2488,
878,
1270,
2219,
934,
1851,
821,
634,
1412,
417,
1308,
969,
131,
983,
676,
770,
541,
2592,
954,
732,
1409,
2061,
804,
1860,
1361,
913,
1415,
623,
1853,
1386,
705,
109,
801,
730,
1099,
1371,
863,
281,
864,
1154,
1381,
956,
2184,
1104,
1357,
876,
905,
1422,
670,
570,
766,
896,
82,
850,
726,
1527,
562,
847,
728,
1359,
426,
1086,
691,
845,
686,
858,
506,
1093,
789,
1340,
2714,
497,
445,
749,
395,
492,
77,
2202,
497,
70,
65,
494,
163,
2358,
293,
780,
268,
169,
161,
567,
159,
366,
145,
105,
289,
263,
93,
369,
317,
95,
94,
2235,
81,
81,
340,
335,
2216,
2254,
1210,
136,
634,
1084,
3089,
99,
113,
509,
804,
2267,
352,
1175,
1179,
356,
522,
1175,
1078,
491,
1192,
800,
1213,
352,
686,
691,
725,
525,
996,
1278,
2181,
973,
1291,
2177,
316,
1002,
320,
366,
971,
2320,
2298,
2587,
802,
586,
824,
526,
3130,
1089,
760,
350,
544,
3064,
890,
2216,
2299,
2579,
813,
764,
750,
1007,
887,
778,
2162,
2134,
693,
2185,
1265,
751,
2149,
945,
2141,
752,
311,
553,
3435,
502,
1251,
2101,
866,
2114,
2764,
78,
671,
73,
825,
686,
964,
659,
1005,
681,
890,
3325,
940,
92,
780,
704,
1193,
95,
2691,
1111,
2176,
762,
308,
783,
1004,
740,
1084,
989,
396,
2156,
846,
952,
1329,
839,
992,
1284,
2881,
910,
878,
1048,
927,
1303,
931,
1093,
589,
840,
893,
531,
929,
528,
967,
1040,
945,
563,
581,
964,
1027,
840,
1146,
567,
833,
990,
551,
871,
1893,
816,
1027,
778,
999,
576,
783,
1125,
548,
842,
788,
871,
2705,
3678,
827,
1100,
656,
966,
909,
800,
812,
994,
939,
650,
1049,
901,
937,
1050,
570,
1019,
1272,
925,
771,
2437,
2283,
872,
895,
729,
1979,
1235,
790,
360,
1281,
736,
798,
910,
592,
719,
914,
2313,
1945,
709,
841,
764,
1775,
704,
702,
1002,
844,
2730,
747,
791,
827,
773,
973,
799,
905,
413,
907,
806,
1003,
965,
967,
371,
173,
349,
163,
98,
147,
1005,
2692,
2575,
159,
427,
199,
3714,
866,
308,
138,
177,
2291,
144,
139,
197,
3563,
93,
2597,
407,
139,
406,
86,
406,
2284,
2280,
2443,
200,
190,
581,
2519,
341,
623,
2118,
564,
682,
1961,
388,
187,
70,
671,
552,
2397,
721,
392,
378,
2769,
2147,
1942,
378,
929,
190,
2178,
1114,
2909,
648,
77,
835,
501,
555,
678,
1916,
388,
198,
843,
1172,
385,
689,
375,
2443,
599,
603,
591,
666,
721,
94,
376,
616,
250,
240,
624,
127,
2303,
633,
496,
492,
464,
563,
2290,
2534,
2314,
2614,
2435,
2183,
495,
2504,
929,
2182,
519,
2159,
41,
1369,
927,
515,
874,
369,
2552,
2155,
702,
2121,
518,
45,
3671,
2940,
1111,
731,
892,
951,
902,
499,
2035,
1746,
3435,
897,
1153,
410,
705,
2113,
174,
401,
1183,
713,
1056,
2843,
2096,
1251,
3303,
142,
863,
944,
953,
1190,
4107,
1034,
1181,
2541,
964,
736,
1105,
962,
3742,
905,
863,
1085,
824,
2938,
3708,
861,
2524,
1118,
734,
800,
1188,
1018,
926,
1254,
876,
1288,
2524,
781,
971,
949,
1174,
1458,
2476,
901,
753,
180,
744,
910,
957,
1047,
1123,
472,
1360,
928,
1343,
1176,
807,
903,
602,
1141,
821,
1153,
1501,
879,
983,
990,
748,
862,
962,
576,
1186,
1124,
936,
862,
881,
2487,
1093,
561,
765,
855,
931,
1767,
2485,
491,
881,
572,
920,
555,
765,
834,
754,
1127,
849,
622,
492,
836,
2098,
660,
848,
873,
943,
507,
854,
886,
816,
752,
507,
714,
910,
506,
887,
927,
552,
763,
894,
697,
873,
439,
544,
559,
660,
139,
378,
601,
877,
925,
1015,
755,
362,
374,
102,
1171,
360,
114,
972,
762,
758,
353,
357,
74,
284,
276,
94,
354,
3142,
207,
194,
185,
212,
895,
165,
117,
85,
586,
148,
709,
565,
800,
660,
80,
59,
771,
50,
559,
743,
292,
800,
736,
1515,
47,
577,
181,
655,
571,
764,
188,
733,
730,
591,
585,
191,
579,
676,
574,
757,
585,
570,
56,
178,
148,
204,
587,
152,
421,
570,
190,
2969,
1527,
141,
579,
1377,
307,
589,
652,
1376,
3025,
73,
598,
1371,
1374,
220,
173,
565,
218,
1387,
832,
419,
142,
112,
1368,
210,
522,
153,
1344,
138,
112,
1531,
1337,
797,
1160,
2197,
128,
933,
742,
169,
1357,
109,
786,
1373,
179,
81,
1170,
731,
818,
447,
116,
226,
1176,
120,
437,
857,
1369,
103,
436,
315,
430,
580,
1391,
838,
401,
574,
393,
712,
1347,
2844,
302,
325,
122,
79,
90,
266,
1380,
2887,
564,
1175,
75,
122,
2683,
61,
351,
89,
427,
77,
453,
628,
73,
549,
534,
85,
332,
2588,
304,
94,
2613,
326,
1185,
696,
722,
2825,
309,
465,
445,
2709,
49,
69,
2527,
45,
1053,
3762,
2020,
792,
481,
3865,
744,
627,
668,
43,
1056,
499,
1330,
716,
767,
993,
1072,
692,
732,
51,
637,
1006,
38,
1203,
334,
668,
894,
1248,
65,
724,
670,
889,
525,
886,
2817,
716,
805,
917,
40,
839,
684,
1134,
1000,
471,
900,
1019,
76,
872,
710,
572,
940,
698,
1060,
689,
939,
895,
457,
832,
1056,
474,
1072,
667,
1016,
720,
676,
981,
531,
902,
2957,
2877,
514,
879,
676,
503,
48,
1016,
715,
566,
786,
686,
692,
2279,
2737,
885,
3261,
952,
533,
677,
52,
2226,
575,
734,
665,
506,
789,
593,
947,
559,
714,
1426,
537,
321,
334,
3997,
677,
544,
539,
296,
675,
340,
293,
688,
491,
546,
331,
436,
702,
327,
811,
940,
1070,
475,
531,
502,
590,
235,
2216,
545,
521,
597,
494,
533,
510,
293,
317,
2821,
547,
431,
445,
494,
2079,
533,
694,
485,
631,
563,
579,
2534,
534,
2619,
143,
688,
106,
2611,
83,
2841,
435,
74,
822,
596,
255,
3250,
251,
2873,
123,
189,
124,
381,
114,
83,
166,
703,
79,
351,
578,
279,
168,
166,
3064,
680,
242,
570,
359,
1245,
2009,
1024,
161,
594,
2340,
412,
77,
311,
162,
154,
338,
1330,
147,
143,
1247,
573,
2931,
69,
318,
145,
344,
407,
56,
570,
144,
1133,
741,
3258,
220,
564,
62,
277,
141,
600,
349,
484,
136,
2650,
77,
132,
185,
955,
396,
248,
3100,
281,
144,
621,
78,
358,
283,
390,
3291,
1305,
410,
3263,
578,
1351,
882,
127,
1324,
268,
308,
409,
149,
107,
582,
229,
576,
1559,
1213,
585,
196,
180,
161,
563,
562,
308,
76,
153,
72,
140,
3603,
284,
133,
125,
123,
143,
433,
124,
114,
579,
498,
633,
96,
593,
1198,
675,
575,
392,
1364,
469,
554,
548,
563,
1952,
537,
1066,
695,
445,
674,
521,
564,
416,
2785,
369,
1971,
651,
343,
407,
34,
532,
640,
1044,
687,
352,
719,
525,
1055,
701,
416,
1283,
1674,
375,
345,
1010,
664,
902,
891,
371,
308,
515,
446,
377,
1379,
1336,
354,
202,
551,
344,
342,
408,
688,
240,
341,
1049,
366,
337,
221,
888,
405,
382,
1210,
3414,
219,
397,
335,
392,
147,
691,
388,
435,
1848,
636,
3359,
499,
592,
1297,
2960,
654,
2716,
960,
175,
2572,
1681,
724,
895,
2852,
711,
561,
476,
350,
1093,
640,
2193,
939,
1917,
932,
926,
540,
539,
1317,
674,
370,
672,
678,
892,
586,
1052,
911,
1110,
611,
905,
1355,
387,
595,
381,
514,
2981,
1920,
370,
1229,
740,
650,
394,
448,
1079,
451,
2579,
1042,
1201,
433,
1001,
462,
1263,
1471,
439,
423,
406,
440,
1293,
313,
1005,
1000,
393,
301,
398,
506,
346,
487,
302,
487,
2538,
301,
1939,
341,
629,
419,
3648,
938,
322,
328,
1009,
933,
105,
311,
560,
512,
1114,
220,
33,
422,
407,
2899,
925,
2908,
690,
266,
207,
210,
2677,
463,
262,
759,
381,
261,
935,
175,
262,
161,
233,
406,
432,
181,
191,
211,
288,
210,
206,
643,
139,
202,
308,
124,
195,
302,
176,
168,
335,
457,
169,
2731,
341,
2912,
172,
167,
404,
2865,
151,
3118,
396,
138,
301,
442,
174,
301,
603,
117,
444,
2798,
81,
123,
3092,
119,
116,
3009,
251,
3522,
382,
111,
618,
2578,
54,
1235,
47,
528,
125,
3199,
88,
431,
360,
362,
3133,
498,
352,
505,
521,
350,
3494,
341,
50,
340,
54,
49,
339,
367,
331,
353,
324,
364,
392,
552,
369,
339,
354,
308,
355,
333,
466,
85,
299,
556,
1101,
330,
237,
330,
206,
530,
566,
344,
354,
483,
499,
438,
4318,
801,
3300,
1056,
3198,
742,
2922,
295,
545,
499,
4227,
1101,
3078,
415,
665,
402,
286,
1492,
1299,
217,
394,
386,
1337,
703,
241,
472,
1076,
382,
2062,
395,
1080,
521,
372,
2436,
1075,
238,
1870,
748,
669,
2425,
758,
213,
561,
497,
325,
830,
420,
744,
570,
450,
2040,
1646,
558,
302,
2897,
2921,
736,
2464,
2951,
545,
759,
2780,
746,
712,
554,
2694,
2919,
1631,
462,
441,
561,
3063,
719,
1701,
2357,
423,
1846,
478,
2757,
1885,
1094,
432,
3202,
974,
560,
1394,
2883,
775,
2039,
481,
577,
3136,
2499,
390,
572,
3641,
840,
531,
544,
431,
774,
1591,
1309,
457,
608,
557,
594,
775,
2858,
45,
2373,
557,
2377,
1886,
2074,
604,
200,
426,
607,
644,
573,
3059,
625,
1361,
709,
621,
3233,
3053,
1399,
425,
2721,
4351,
1302,
244,
565,
132,
3026,
4336,
4331,
1524,
332,
230,
2480,
409,
461,
2886,
2688,
3257,
658,
533,
2870,
786,
569,
446,
1507,
396,
478,
337,
1439,
1506,
544,
2347,
2780,
684,
2383,
143,
517,
2777,
2688,
124,
97,
1506,
152,
418,
629,
1134,
1691,
417,
424,
196,
959,
179,
327,
125,
271,
2373,
141,
416,
429,
158,
27,
575,
108,
2429,
86,
107,
446,
4262,
594,
37,
595,
590,
577,
610,
588,
77,
367,
73,
79,
3246,
2409,
301,
3294,
2502,
3278,
2497,
524,
3187,
340,
3267,
386,
373,
55,
2447,
467,
3084,
3173,
3276,
2622,
3102,
367,
75,
520,
3615,
2487,
1230,
382,
497,
371,
583,
834,
2594,
360,
406,
377,
224,
514,
502,
2611,
349,
501,
2607,
219,
3447,
496,
489,
388,
66,
340,
343,
347,
273,
1250,
156,
343,
268,
382,
265,
333,
188,
470,
144,
175,
129,
134,
573,
329,
470,
319,
97,
388,
317,
228,
539,
235,
684,
3570,
165,
3933,
230,
203,
225,
502,
376,
100,
204,
1227,
450,
1570,
202,
444,
182,
647,
3413,
3896,
4040,
1547,
1048,
3484,
1545,
188,
837,
122,
40,
1585,
2906,
233,
3544,
97,
75,
3363,
3136,
547,
834,
796,
1271,
1437,
2244,
531,
1400,
807,
778,
482,
473,
755,
1522,
464,
498,
1816,
582,
743,
852,
757,
754,
4523,
685,
3849,
2078,
2666,
63,
304,
726,
4563,
526,
614,
801,
62,
149,
632,
495,
2918,
2075,
592,
152,
3150,
610,
525,
1007,
541,
533,
3391,
2952,
151,
2558,
204,
514,
304,
3631,
178,
2932,
480,
182,
619,
187,
2928,
1687,
2875,
567,
637,
148,
845,
727,
733,
2906,
107,
749,
604,
448,
1636,
362,
561,
2905,
2954,
592,
505,
545,
439,
600,
3433,
2897,
2627,
97,
594,
2620,
831,
358,
2618,
490,
3714,
427,
446,
332,
3794,
307,
466,
271,
1691,
421,
2574,
263,
3083,
306,
3632,
1246,
4541,
1704,
1639,
564,
233,
433,
2946,
1697,
1302,
1635,
528,
1644,
2944,
273,
293,
271,
1634,
1355,
3388,
539,
254,
513,
3444,
628,
921,
1643,
639,
1351,
676,
487,
779,
3437,
1658,
689,
501,
1899,
451,
2067,
492,
501,
691,
3374,
2134,
725,
2989,
604,
752,
594,
2788,
2781,
663,
333,
66,
488,
681,
606,
977,
407,
588,
56,
147,
113,
752,
3436,
805,
361,
597,
470,
140,
585,
3080,
438,
3307,
502,
318,
126,
3227,
678,
761,
3270,
653,
301,
585,
266,
276,
352,
500,
38,
140,
588,
266,
349,
1679,
1677,
2984,
482,
4746,
3333,
73,
238,
3254,
1697,
2994,
1667,
3148,
205,
552,
3490,
182,
1685,
3174,
24,
77,
1672,
363,
357,
241,
31,
1892,
191,
165,
356,
3938,
159,
3331,
3360,
219,
158,
179,
165,
150,
146,
5079,
2156,
2134,
2123,
2104,
195,
133,
3044,
122,
89,
130,
3504,
2807,
432,
1853,
1559,
1554,
348,
1533,
965,
3021,
3366,
3365,
3362,
277,
3326,
3296,
196,
3256,
192,
76,
3253,
515,
3245,
89,
1432,
4558,
3243,
195,
1467,
1046,
658,
602,
193,
3205,
3178,
3141,
42,
3140,
394,
977,
1078,
25,
708,
735,
624,
32,
990,
838,
712,
667,
708,
745,
33,
624,
677,
34,
581,
830,
681,
685,
652,
33,
667,
909,
874,
492,
657,
466,
909,
662,
547,
695,
808,
731,
711,
790,
335,
1798,
492,
772,
205,
754,
187,
521,
1794,
260,
1789,
638,
345,
24,
28,
680,
490,
510,
1789,
32,
1797,
934,
263,
1882,
847,
1881,
761,
542,
481,
706,
37,
883,
1872,
2520,
523,
37,
1859,
520,
1858,
508,
3434,
850,
545,
867,
1852,
885,
4566,
2315,
565,
1833,
1831,
23,
52,
1883,
1903,
4067,
532,
1043,
627,
1012,
679,
647,
1915,
4122,
226,
1825,
1030,
1808,
385,
709,
617,
699,
381,
567,
2512,
3276,
3136,
823,
61,
4740,
732,
4062,
378,
3240,
533,
866,
62,
743,
713,
374,
490,
2315,
684,
735,
1820,
688,
1256,
474,
3547,
531,
1903,
530,
1274,
3945,
67,
619,
3576,
382,
903,
1826,
780,
69,
651,
371,
1840,
496,
68,
975,
523,
515,
927,
3595,
1924,
841,
540,
465,
363,
1885,
493,
1882,
140,
656,
832,
1844,
517,
515,
447,
524,
505,
198,
401,
522,
543,
3568,
839,
359,
423,
197,
684,
203,
187,
688,
538,
1911,
693,
480,
667,
567,
896,
181,
666,
75,
3709,
523,
436,
4146,
367,
325,
23,
180,
1911,
833,
1901,
3797,
3612,
158,
740,
141,
2957,
1940,
102,
124,
499,
657,
341,
211,
100,
2121,
3489,
4389,
454,
5210,
3750,
2160,
1267,
96,
357,
1880,
610,
418,
751,
241,
491,
1238,
4060,
564,
419,
3515,
755,
222,
353,
275,
543,
266,
93,
78,
418,
520,
416,
233,
350,
77,
732,
332,
828,
3510,
404,
386,
399,
353,
4776,
35,
340,
326,
35,
31,
399,
3901,
338,
312,
218,
233,
329,
392,
311,
187,
736,
455,
315,
448,
389,
419,
530,
365,
534,
709,
312,
545,
311,
179,
738,
510,
763,
303,
151,
1946,
100,
737,
302,
720,
435,
3595,
752,
531,
224,
721,
514,
4076,
535,
768,
371,
3080,
411,
28,
427,
419,
226,
422,
236,
433,
406,
738,
76,
223,
1062,
760,
472,
465,
726,
1052,
203,
376,
462,
165,
579,
374,
381,
196,
468,
370,
192,
485,
382,
114,
82,
3749,
749,
3491,
119,
40,
132,
83,
505,
638,
739,
41,
724,
379,
393,
833,
864,
41,
72,
885,
625,
869,
476,
688,
655,
3547,
3526,
831,
708,
470,
706,
1015,
2025,
448,
814,
2046,
405,
821,
2056,
2036,
937,
499,
1206,
2043,
864,
1967,
939,
2034,
289,
520,
2101,
43,
516,
697,
532,
515,
3245,
510,
659,
562,
4257,
557,
504,
196,
1990,
535,
3443,
858,
679,
564,
676,
2056,
701,
565,
839,
554,
385,
2944,
520,
938,
3354,
1072,
564,
883,
668,
553,
521,
905,
2039,
2019,
706,
583,
2013,
824,
1351,
1099,
1209,
523,
732,
522,
1361,
952,
475,
2488,
624,
1085,
648,
861,
555,
742,
939,
868,
810,
2116,
601,
613,
861,
2486,
922,
645,
691,
858,
613,
1065,
918,
636,
856,
947,
605,
1357,
839,
556,
491,
915,
705,
914,
898,
674,
946,
1094,
898,
2494,
957,
728,
807,
1101,
653,
953,
877,
950,
865,
963,
125,
370,
640,
981,
920,
941,
160,
973,
592,
206,
648,
486,
599,
647,
566,
197,
195,
3859,
561,
482,
507,
692,
155,
193,
491,
560,
146,
611,
154,
571,
491,
407,
2109,
460,
361,
530,
141,
315,
1204,
4779,
401,
140,
138,
3586,
387,
125,
130,
381,
695,
3441,
109,
634,
3887,
245,
124,
3732,
942,
592,
110,
225,
190,
212,
105,
74,
104,
211,
191,
170,
77,
138,
586,
2876,
156,
50,
56,
324,
23,
158,
499,
189,
923,
2579,
81,
318,
153,
144,
194,
505,
515,
498,
261,
512,
124,
483,
254,
155,
462,
554,
65,
4130,
4992,
124,
566,
178,
467,
147,
1116,
599,
171,
511,
107,
424,
126,
608,
466,
226,
57,
616,
49,
101,
435,
533,
192,
501,
369,
508,
230,
462,
578,
362,
238,
413,
121,
485,
433,
98,
119,
346,
911,
73,
517,
110,
86,
41,
632,
451,
80,
260,
46,
660,
648,
619,
480,
72,
601,
521,
491,
995,
788,
463,
4010,
1246,
72,
356,
776,
989,
985,
868,
380,
612,
723,
719,
1055,
1929,
39,
1054,
2049,
679,
1050,
770,
1251,
1412,
1046,
698,
1090,
1118,
304,
1096,
1117,
696,
5114,
1204,
649,
3404,
1031,
5491,
1072,
645,
943,
1086,
626,
1530,
918,
790,
616,
4739,
1042,
611,
848,
643,
596,
1049,
1076,
770,
768,
4353,
1395,
1368,
724,
758,
753,
708,
1116,
165,
739,
1303,
737,
144,
526,
914,
669,
736,
876,
656,
602,
732,
1258,
998,
914,
731,
644,
840,
616,
667,
730,
1052,
955,
728,
1208,
629,
948,
1234,
833,
1254,
140,
930,
796,
879,
937,
1462,
979,
1475,
716,
1089,
1381,
1168,
148,
780,
4863,
139,
904,
1254,
613,
1068,
31,
763,
795,
897,
649,
778,
3445,
596,
1031,
792,
909,
796,
724,
694,
3443,
786,
717,
794,
879,
148,
905,
580,
622,
3833,
1266,
673,
3800,
3752,
968,
1148,
98,
659,
878,
812,
664,
652,
967,
139,
643,
80,
4101,
1248,
703,
573,
599,
403,
1115,
4843,
696,
861,
78,
816,
1111,
192,
455,
849,
620,
3889,
183,
485,
194,
180,
406,
534,
5204,
413,
382,
565,
76,
715,
373,
438,
707,
672,
460,
466,
395,
408,
490,
387,
77,
513,
180,
700,
689,
178,
360,
397,
718,
78,
672,
182,
177,
713,
676,
445,
680,
177,
395,
465,
686,
168,
646,
161,
353,
375,
382,
394,
567,
349,
337,
406,
142,
238,
314,
145,
291,
263,
830,
246,
217,
4251,
567,
264,
356,
354,
4158,
794,
345,
4060,
341,
2639,
613,
354,
4088,
340,
132,
814,
353,
329,
4150,
349,
337,
121,
329,
107,
328,
106,
324,
227,
346,
128,
129,
470,
330,
110,
372,
122,
106,
467,
83,
366,
77,
346,
383,
754,
112,
439,
3589,
830,
81,
881,
1183,
116,
321,
128,
103,
4346,
383,
43,
422,
710,
378,
303,
38,
418,
4525,
256,
4232,
695,
751,
852,
711,
268,
547,
117,
4527,
4224,
99,
436,
584,
95,
962,
243,
1027,
5076,
38,
947,
237,
3518,
772,
3395,
1244,
5129,
619,
837,
1223,
933,
3348,
1158,
932,
601,
617,
894,
688,
898,
44,
881,
893,
52,
863,
945,
815,
4001,
1684,
851,
512,
29,
1133,
832,
843,
1029,
1245,
827,
401,
914,
415,
817,
1234,
1015,
945,
928,
643,
960,
947,
863,
562,
808,
518,
1317,
1091,
806,
802,
419,
675,
5374,
4445,
1325,
308,
674,
1063,
892,
129,
721,
4206,
123,
117,
1075,
936,
428,
3539,
1236,
691,
729,
675,
986,
1454,
477,
829,
668,
1076,
774,
828,
300,
1071,
855,
1095,
119,
934,
1253,
1051,
691,
745,
674,
853,
669,
1037,
1049,
1442,
383,
1035,
775,
969,
1293,
763,
2469,
980,
1223,
899,
758,
623,
4431,
856,
741,
545,
393,
847,
987,
409,
990,
766,
1462,
327,
1299,
1034,
1307,
1021,
845,
875,
983,
1011,
463,
556,
868,
851,
725,
870,
660,
294,
1012,
435,
793,
1285,
344,
397,
4406,
781,
360,
841,
568,
1307,
954,
541,
433,
980,
412,
293,
963,
271,
393,
407,
3547,
515,
268,
139,
87,
4294,
665,
385,
1252,
281,
946,
649,
118,
259,
1163,
258,
208,
864,
217,
230,
531,
487,
704,
193,
160,
148,
5136,
904,
144,
3917,
143,
1125,
3902,
429,
120,
708,
3140,
520,
97,
5045,
4700,
76,
3924,
184,
401,
193,
407,
437,
385,
174,
173,
171,
406,
402,
3706,
81,
407,
601,
234,
4205,
5223,
3912,
403,
151,
153,
175,
132,
149,
124,
2858,
92,
90,
97,
2592,
5355,
215,
1890,
75,
1182,
1109,
1096,
70,
923,
901,
3973,
899,
916,
690,
1089,
776,
1185,
468,
574,
766,
552,
1189,
5505,
1055,
1112,
1419,
854,
1633,
859,
845,
937,
1496,
977,
1310,
782,
778,
980,
1148,
2603,
785,
1648,
127,
380,
1130,
1099,
1098,
686,
998,
1259,
196,
820,
129,
1414,
967,
651,
1640,
2642,
802,
1340,
810,
1448,
1060,
1318,
589,
1154,
807,
609,
1380,
735,
820,
116,
1369,
602,
1267,
711,
1168,
1020,
1315,
1137,
1281,
1105,
709,
1416,
592,
1668,
858,
1189,
585,
717,
807,
1209,
655,
1080,
632,
635,
886,
2983,
712,
2857,
493,
459,
1318,
1315,
1129,
668,
568,
1014,
1460,
588,
1112,
844,
1394,
441,
1205,
658,
644,
650,
1298,
1413,
655,
488,
891,
1336,
889,
1017,
1146,
558,
1143,
1469,
387,
1094,
1431,
333,
395,
374,
1369,
465,
1138,
674,
514,
502,
657,
451,
1248,
1179,
4494,
424,
1156,
1072,
647,
494,
683,
1382,
186,
437,
468,
562,
1122,
148,
544,
415,
514,
1768,
147,
596,
378,
375,
1237,
1280,
442,
588,
1243,
519,
347,
1265,
741,
459,
123,
72,
345,
422,
667,
545,
654,
2083,
115,
490,
663,
892,
1182,
362,
567,
203,
657,
425,
1288,
2418,
187,
435,
400,
4361,
416,
397,
672,
432,
118,
445,
191,
901,
145,
108,
251,
654,
666,
388,
104,
72,
751,
162,
667,
541,
398,
383,
507,
4680,
462,
529,
446,
331,
316,
764,
434,
301,
385,
373,
524,
380,
358,
288,
579,
376,
502,
375,
601,
571,
374,
1148,
457,
347,
345,
465,
361,
383,
544,
319,
356,
529,
177,
258,
298,
512,
365,
315,
551,
548,
247,
565,
231,
300,
528,
696,
293,
547,
294,
523,
39,
293,
76,
275,
5136,
246,
1343,
277,
125,
867,
1115,
95,
143,
256,
235,
383,
99,
231,
771,
222,
220,
4182,
92,
212,
568,
222,
4586,
356,
82,
540,
1361,
266,
77,
522,
6079,
582,
5526,
559,
542,
569,
541,
3108,
434,
1217,
536,
764,
533,
1213,
373,
363,
5277,
481,
1024,
883,
978,
1340,
1163,
393,
1504,
905,
340,
731,
708,
970,
846,
2844,
899,
1655,
1284,
1292,
868,
705,
499,
1451,
871,
649,
1120,
550,
1097,
1222,
1184,
692,
1048,
1436,
608,
600,
1148,
1309,
262,
892,
4007,
926,
1244,
1163,
1256,
1448,
608,
423,
869,
1367,
1394,
2879,
429,
630,
481,
422,
774,
598,
1631,
415,
601,
619,
708,
1670,
1664,
631,
1446,
408,
411,
659,
1277,
35,
1172,
307,
35,
1250,
1024,
693,
684,
442,
304,
233,
1673,
246,
228,
1381,
372,
652,
246,
590,
3946,
367,
1661,
1370,
221,
1306,
350,
1687,
350,
999,
280,
901,
1668,
4270,
4950,
431,
1164,
1582,
1659,
1186,
1663,
1175,
1299,
369,
323,
4756,
754,
428,
1186,
357,
855,
364,
1690,
1303,
358,
546,
815,
4418,
1065,
353,
663,
630,
1191,
1323,
300,
1063,
854,
1305,
842,
415,
134,
853,
866,
125,
304,
123,
539,
1257,
845,
1336,
544,
138,
510,
140,
342,
281,
2237,
79,
507,
274,
120,
2169,
600,
348,
889,
4042,
4523,
444,
863,
187,
292,
668,
181,
1338,
4426,
484,
76,
3484,
349,
4428,
556,
1359,
564,
898,
2294,
562,
1089,
202,
4894,
285,
4873,
205,
569,
948,
339,
881,
306,
415,
710,
1029,
312,
79,
1380,
5324,
81,
4529,
223,
5392,
220,
1386,
1415,
202,
1385,
333,
4635,
442,
199,
4041,
132,
430,
4217,
1220,
4711,
5348,
201,
119,
75,
101,
1383,
195,
193,
3255,
4433,
1201,
180,
177,
498,
1382,
1369,
543,
363,
1198,
451,
1232,
1369,
452,
1198,
1220,
1190,
487,
5877,
341,
557,
437,
341,
536,
4271,
5776,
274,
408,
4492,
230,
667,
566,
390,
949,
603,
392,
447,
729,
400,
454,
549,
749,
394,
731,
741,
373,
392,
401,
543,
1421,
381,
574,
413,
1344,
449,
4857,
392,
371,
541,
821,
780,
1162,
391,
453,
829,
505,
824,
5310,
1488,
541,
606,
581,
525,
