42,
39,
39,
43,
68,
69,
47,
31,
48,
79,
87,
40,
90,
42,
63,
38,
39,
36,
35,
112,
99,
108,
105,
44,
37,
63,
119,
42,
118,
38,
58,
41,
132,
71,
118,
80,
119,
61,
111,
43,
129,
123,
85,
116,
76,
143,
88,
148,
125,
134,
128,
39,
128,
151,
126,
146,
124,
136,
141,
155,
41,
112,
124,
155,
155,
138,
42,
133,
166,
108,
127,
120,
150,
153,
106,
160,
123,
126,
118,
147,
164,
147,
157,
116,
36,
153,
62,
181,
161,
157,
159,
121,
155,
140,
162,
176,
155,
31,
94,
91,
174,
142,
125,
149,
45,
136,
180,
170,
175,
134,
119,
77,
191,
159,
41,
147,
66,
159,
124,
193,
34,
141,
128,
188,
184,
124,
117,
160,
193,
45,
82,
158,
135,
193,
157,
211,
140,
93,
200,
152,
161,
160,
170,
128,
125,
180,
157,
129,
169,
210,
161,
161,
148,
201,
119,
177,
154,
180,
223,
133,
181,
42,
209,
122,
172,
215,
53,
203,
32,
126,
203,
178,
147,
169,
199,
159,
136,
71,
174,
131,
169,
35,
205,
172,
121,
174,
184,
136,
108,
175,
104,
188,
233,
113,
157,
142,
139,
162,
141,
135,
256,
208,
146,
136,
159,
171,
153,
115,
144,
180,
128,
148,
129,
162,
143,
177,
128,
176,
173,
170,
140,
119,
140,
161,
153,
168,
164,
72,
32,
151,
61,
149,
196,
174,
182,
196,
186,
214,
173,
162,
157,
170,
258,
167,
159,
151,
144,
152,
241,
243,
136,
168,
144,
203,
241,
122,
169,
233,
220,
204,
142,
139,
211,
130,
144,
133,
161,
232,
185,
35,
141,
141,
233,
177,
140,
204,
36,
89,
273,
150,
142,
178,
193,
250,
260,
261,
124,
201,
99,
47,
128,
251,
44,
189,
216,
132,
145,
121,
119,
248,
255,
71,
130,
102,
45,
115,
136,
123,
160,
168,
70,
63,
166,
193,
167,
154,
278,
242,
162,
144,
106,
272,
168,
111,
286,
153,
116,
244,
241,
165,
277,
137,
188,
167,
180,
131,
169,
174,
233,
119,
82,
165,
137,
34,
201,
171,
123,
279,
189,
149,
169,
189,
157,
185,
154,
263,
178,
130,
170,
157,
238,
117,
197,
155,
151,
188,
170,
188,
178,
173,
174,
210,
125,
183,
34,
163,
56,
133,
242,
156,
170,
105,
52,
176,
144,
171,
143,
257,
137,
253,
263,
293,
236,
203,
83,
42,
299,
292,
299,
68,
141,
260,
80,
187,
207,
263,
283,
224,
222,
203,
151,
237,
285,
240,
211,
232,
230,
150,
97,
205,
239,
45,
253,
87,
167,
210,
206,
261,
243,
256,
212,
83,
190,
252,
139,
239,
223,
181,
264,
227,
44,
156,
99,
223,
197,
201,
199,
202,
199,
159,
164,
175,
141,
299,
132,
151,
172,
220,
170,
145,
271,
142,
119,
166,
133,
200,
248,
260,
165,
43,
191,
139,
218,
126,
187,
170,
161,
179,
38,
39,
302,
204,
165,
161,
199,
157,
140,
144,
147,
143,
143,
157,
145,
213,
280,
141,
291,
111,
244,
158,
241,
141,
171,
249,
247,
158,
207,
147,
144,
185,
251,
157,
136,
192,
167,
200,
132,
155,
222,
221,
154,
224,
219,
188,
181,
264,
271,
154,
182,
206,
103,
250,
177,
202,
195,
182,
127,
187,
175,
254,
182,
42,
201,
288,
196,
170,
74,
181,
36,
190,
148,
138,
45,
231,
246,
196,
301,
181,
223,
186,
37,
192,
267,
253,
121,
34,
122,
162,
61,
187,
128,
166,
133,
297,
208,
197,
252,
148,
194,
141,
291,
174,
317,
193,
150,
156,
207,
158,
171,
43,
160,
148,
149,
145,
248,
34,
319,
132,
99,
159,
82,
217,
98,
96,
200,
238,
121,
168,
196,
203,
86,
167,
185,
133,
38,
217,
88,
128,
92,
134,
94,
107,
207,
78,
111,
45,
296,
302,
265,
372,
74,
307,
40,
38,
370,
256,
298,
169,
64,
315,
55,
37,
63,
310,
73,
282,
52,
109,
231,
259,
183,
97,
262,
222,
99,
73,
36,
112,
171,
312,
195,
178,
190,
152,
139,
49,
254,
114,
216,
87,
118,
163,
188,
253,
267,
325,
233,
124,
267,
225,
171,
174,
217,
163,
309,
133,
222,
218,
170,
168,
144,
242,
163,
185,
162,
322,
318,
154,
203,
143,
247,
161,
213,
191,
155,
65,
276,
241,
248,
164,
240,
234,
64,
292,
291,
208,
42,
144,
231,
161,
227,
298,
188,
84,
224,
317,
189,
221,
253,
177,
199,
330,
267,
252,
37,
224,
106,
258,
327,
225,
304,
265,
301,
201,
287,
110,
298,
231,
310,
198,
223,
324,
157,
312,
260,
111,
80,
296,
258,
321,
225,
233,
111,
102,
380,
169,
42,
79,
266,
247,
274,
159,
136,
283,
151,
34,
172,
141,
46,
254,
152,
166,
263,
132,
44,
353,
208,
385,
129,
170,
139,
152,
239,
177,
297,
125,
151,
244,
143,
309,
319,
130,
338,
110,
110,
132,
102,
164,
216,
302,
102,
171,
191,
303,
110,
138,
211,
156,
142,
201,
246,
147,
98,
239,
45,
288,
256,
149,
219,
180,
108,
194,
279,
238,
278,
229,
201,
271,
161,
122,
179,
226,
135,
268,
173,
325,
227,
44,
84,
233,
130,
276,
83,
272,
150,
166,
98,
134,
172,
85,
187,
173,
234,
244,
147,
86,
184,
89,
238,
167,
208,
185,
148,
101,
162,
183,
183,
237,
223,
147,
279,
82,
150,
212,
286,
167,
205,
249,
202,
276,
269,
113,
256,
154,
167,
120,
139,
259,
143,
290,
173,
148,
233,
207,
141,
252,
250,
154,
119,
275,
250,
175,
119,
159,
208,
258,
284,
208,
250,
165,
88,
99,
242,
204,
156,
129,
192,
126,
313,
222,
275,
199,
124,
208,
231,
235,
342,
202,
163,
157,
107,
129,
199,
124,
338,
124,
198,
166,
171,
243,
190,
295,
301,
184,
132,
32,
264,
221,
159,
199,
118,
279,
255,
150,
166,
148,
148,
271,
128,
246,
115,
166,
164,
78,
94,
300,
162,
287,
202,
55,
289,
294,
49,
166,
153,
39,
326,
56,
312,
160,
317,
186,
159,
275,
160,
216,
346,
326,
266,
41,
372,
116,
335,
216,
294,
143,
110,
328,
40,
118,
188,
77,
372,
298,
296,
275,
357,
270,
314,
106,
251,
144,
255,
276,
209,
174,
130,
145,
140,
114,
228,
181,
78,
248,
178,
315,
176,
141,
163,
209,
233,
43,
327,
213,
182,
138,
168,
55,
239,
179,
190,
243,
137,
203,
373,
229,
46,
188,
191,
211,
303,
186,
205,
177,
332,
131,
248,
198,
176,
236,
170,
352,
164,
127,
39,
109,
34,
161,
152,
296,
167,
33,
138,
267,
32,
69,
142,
104,
148,
180,
323,
163,
144,
155,
367,
178,
349,
345,
245,
162,
345,
258,
282,
282,
297,
124,
361,
112,
98,
203,
274,
224,
148,
343,
345,
218,
59,
140,
393,
132,
226,
156,
278,
234,
285,
62,
158,
279,
207,
197,
262,
137,
272,
242,
170,
33,
216,
97,
94,
227,
367,
129,
113,
334,
117,
256,
169,
352,
138,
170,
226,
191,
191,
190,
216,
136,
366,
198,
168,
163,
159,
332,
166,
134,
38,
220,
187,
172,
183,
120,
188,
279,
177,
189,
364,
182,
126,
123,
218,
163,
46,
181,
113,
213,
45,
175,
150,
120,
137,
374,
345,
148,
135,
278,
259,
43,
228,
173,
209,
149,
304,
61,
226,
183,
71,
60,
147,
224,
253,
224,
238,
38,
254,
223,
94,
220,
361,
350,
82,
225,
266,
358,
376,
318,
341,
139,
240,
274,
120,
216,
314,
116,
106,
295,
82,
149,
178,
47,
412,
264,
242,
346,
300,
370,
152,
364,
236,
159,
343,
54,
351,
206,
324,
221,
224,
301,
367,
219,
195,
305,
132,
163,
247,
39,
260,
290,
192,
363,
260,
86,
205,
171,
182,
307,
304,
223,
183,
120,
171,
161,
171,
242,
281,
152,
142,
296,
161,
122,
178,
43,
344,
35,
131,
155,
302,
44,
315,
281,
108,
315,
170,
91,
213,
278,
44,
174,
166,
226,
185,
352,
279,
46,
187,
121,
165,
139,
119,
186,
32,
90,
149,
87,
48,
160,
354,
148,
337,
42,
79,
163,
365,
66,
56,
150,
169,
162,
168,
309,
44,
69,
42,
139,
143,
277,
155,
152,
201,
187,
206,
159,
184,
179,
279,
176,
174,
171,
132,
44,
250,
99,
188,
144,
309,
45,
346,
245,
279,
204,
330,
313,
316,
347,
244,
195,
78,
264,
319,
173,
380,
285,
137,
159,
44,
288,
297,
372,
319,
41,
211,
292,
353,
146,
355,
233,
160,
255,
260,
389,
339,
177,
158,
263,
155,
191,
57,
168,
271,
311,
239,
298,
266,
295,
271,
179,
334,
211,
375,
388,
47,
263,
267,
226,
289,
204,
230,
267,
204,
189,
156,
331,
183,
323,
205,
349,
344,
201,
199,
170,
402,
232,
218,
244,
213,
409,
169,
193,
155,
324,
321,
262,
207,
79,
183,
133,
302,
300,
155,
281,
381,
90,
215,
190,
271,
210,
393,
193,
162,
187,
186,
253,
194,
212,
195,
308,
324,
181,
330,
179,
187,
277,
142,
242,
75,
225,
254,
327,
196,
333,
155,
147,
270,
238,
274,
158,
216,
213,
149,
118,
145,
279,
125,
430,
303,
116,
200,
211,
110,
133,
255,
191,
110,
231,
324,
194,
197,
196,
330,
343,
187,
151,
248,
311,
241,
154,
144,
216,
215,
229,
117,
194,
100,
298,
302,
174,
283,
108,
261,
42,
321,
280,
291,
93,
170,
117,
325,
189,
168,
160,
158,
171,
165,
190,
233,
147,
155,
154,
149,
115,
249,
168,
166,
254,
344,
121,
193,
351,
290,
201,
229,
153,
158,
162,
286,
176,
259,
146,
228,
88,
140,
244,
147,
149,
155,
154,
169,
228,
164,
141,
193,
195,
118,
202,
230,
200,
145,
157,
302,
176,
110,
178,
229,
223,
148,
180,
283,
94,
242,
170,
258,
211,
41,
186,
233,
258,
167,
156,
99,
181,
157,
222,
187,
118,
297,
199,
137,
132,
229,
192,
309,
322,
445,
296,
181,
180,
347,
202,
168,
43,
190,
208,
282,
267,
244,
472,
163,
383,
302,
212,
373,
229,
223,
329,
191,
203,
162,
228,
311,
471,
336,
102,
136,
279,
101,
195,
41,
76,
287,
116,
170,
190,
214,
444,
211,
221,
212,
196,
74,
204,
139,
299,
46,
336,
110,
42,
160,
282,
86,
144,
39,
334,
155,
120,
157,
166,
36,
63,
156,
544,
320,
191,
193,
189,
106,
157,
164,
137,
192,
131,
170,
177,
260,
170,
149,
533,
348,
166,
186,
184,
176,
225,
190,
180,
390,
300,
213,
289,
159,
622,
335,
315,
183,
96,
111,
171,
91,
193,
108,
44,
264,
179,
299,
343,
194,
509,
514,
165,
125,
320,
178,
44,
428,
157,
313,
218,
288,
225,
418,
67,
303,
290,
617,
94,
532,
526,
518,
213,
392,
108,
71,
255,
129,
174,
379,
79,
90,
321,
273,
193,
317,
82,
142,
165,
408,
227,
71,
164,
193,
61,
350,
535,
330,
143,
148,
35,
532,
61,
164,
176,
115,
81,
159,
46,
308,
53,
49,
177,
121,
274,
160,
176,
181,
348,
205,
52,
293,
116,
224,
140,
249,
274,
206,
387,
255,
242,
246,
238,
532,
48,
203,
268,
222,
134,
43,
435,
231,
75,
241,
404,
246,
235,
264,
280,
247,
385,
246,
225,
368,
338,
75,
37,
204,
203,
330,
240,
299,
181,
180,
202,
300,
150,
203,
88,
565,
201,
281,
205,
203,
170,
195,
240,
438,
70,
154,
275,
162,
403,
225,
147,
32,
210,
268,
208,
150,
228,
130,
174,
246,
151,
183,
35,
142,
191,
229,
176,
161,
134,
269,
105,
134,
361,
39,
110,
430,
151,
113,
423,
39,
283,
144,
241,
255,
119,
381,
183,
193,
34,
380,
152,
449,
147,
421,
135,
347,
614,
140,
125,
395,
157,
314,
332,
437,
246,
272,
336,
98,
144,
304,
256,
304,
259,
186,
33,
295,
81,
218,
191,
187,
363,
231,
87,
231,
225,
210,
282,
103,
103,
144,
242,
32,
159,
269,
210,
73,
283,
151,
31,
362,
245,
162,
71,
228,
156,
51,
151,
133,
132,
195,
268,
200,
261,
180,
236,
141,
206,
198,
171,
319,
42,
180,
164,
160,
232,
155,
311,
260,
251,
407,
173,
368,
213,
214,
236,
303,
169,
165,
249,
317,
311,
265,
168,
182,
220,
292,
290,
290,
242,
325,
234,
183,
266,
296,
277,
203,
288,
204,
153,
294,
221,
274,
250,
314,
325,
209,
174,
162,
420,
81,
182,
287,
363,
74,
325,
135,
172,
192,
257,
154,
413,
365,
209,
230,
177,
214,
460,
83,
223,
198,
76,
147,
39,
435,
183,
326,
120,
186,
189,
188,
202,
145,
335,
104,
223,
259,
88,
198,
141,
166,
520,
120,
162,
102,
467,
88,
42,
328,
125,
113,
399,
418,
501,
59,
359,
111,
356,
108,
50,
100,
184,
75,
97,
462,
48,
285,
332,
343,
349,
275,
176,
274,
161,
183,
627,
85,
155,
43,
301,
212,
261,
336,
232,
499,
211,
172,
314,
286,
253,
244,
119,
200,
703,
196,
117,
119,
213,
601,
579,
576,
199,
79,
396,
70,
601,
68,
401,
371,
592,
88,
507,
142,
409,
395,
382,
87,
349,
103,
242,
84,
205,
134,
73,
198,
386,
83,
103,
313,
47,
41,
88,
390,
86,
81,
34,
406,
37,
416,
58,
370,
227,
232,
43,
377,
226,
211,
353,
226,
243,
513,
363,
213,
226,
320,
315,
213,
243,
422,
199,
287,
299,
251,
160,
411,
189,
167,
560,
45,
194,
231,
180,
584,
207,
217,
456,
227,
383,
55,
208,
266,
43,
339,
363,
226,
452,
289,
199,
202,
332,
593,
235,
251,
579,
269,
240,
251,
282,
152,
123,
275,
378,
195,
215,
150,
461,
247,
259,
244,
183,
325,
296,
255,
326,
272,
208,
256,
241,
272,
212,
211,
446,
370,
337,
176,
243,
193,
266,
195,
208,
272,
170,
143,
217,
256,
195,
201,
264,
198,
39,
177,
234,
67,
226,
177,
206,
179,
192,
280,
214,
422,
233,
216,
145,
264,
151,
45,
222,
203,
128,
163,
217,
169,
221,
398,
159,
231,
245,
154,
215,
307,
195,
227,
164,
58,
122,
311,
205,
231,
186,
447,
172,
151,
181,
331,
286,
221,
129,
164,
423,
201,
155,
180,
253,
158,
426,
165,
265,
133,
105,
232,
398,
158,
241,
118,
299,
333,
98,
250,
95,
158,
221,
159,
273,
282,
223,
217,
231,
266,
190,
259,
488,
223,
235,
399,
202,
459,
192,
206,
220,
339,
136,
113,
198,
406,
184,
134,
224,
50,
111,
133,
188,
205,
384,
191,
237,
95,
241,
213,
192,
108,
142,
397,
242,
224,
144,
235,
173,
198,
191,
207,
390,
263,
159,
402,
43,
428,
273,
31,
377,
42,
412,
258,
448,
161,
141,
414,
81,
403,
161,
290,
352,
357,
319,
323,
281,
462,
256,
335,
297,
38,
464,
385,
447,
243,
305,
331,
440,
294,
196,
336,
357,
244,
226,
143,
156,
191,
94,
206,
326,
464,
320,
480,
162,
342,
85,
181,
205,
156,
271,
191,
42,
174,
173,
436,
197,
173,
384,
212,
178,
352,
390,
417,
482,
347,
244,
644,
316,
314,
35,
544,
595,
367,
338,
307,
139,
69,
52,
168,
638,
437,
165,
171,
602,
349,
195,
491,
557,
235,
370,
405,
103,
140,
647,
374,
251,
390,
511,
99,
122,
400,
201,
42,
38,
210,
195,
236,
356,
417,
207,
202,
499,
331,
148,
506,
185,
309,
44,
135,
168,
259,
275,
124,
303,
200,
299,
248,
34,
149,
531,
191,
223,
62,
442,
529,
272,
36,
216,
287,
197,
195,
212,
235,
53,
524,
256,
201,
500,
228,
51,
188,
60,
444,
198,
238,
478,
228,
91,
334,
232,
251,
46,
174,
168,
567,
44,
251,
176,
238,
271,
434,
42,
195,
469,
199,
193,
278,
261,
206,
254,
322,
257,
246,
232,
372,
441,
344,
162,
430,
292,
209,
438,
195,
206,
288,
369,
264,
212,
176,
209,
34,
242,
173,
265,
222,
229,
335,
223,
236,
142,
354,
180,
298,
190,
478,
376,
226,
246,
224,
217,
165,
179,
208,
246,
193,
264,
53,
167,
219,
165,
167,
455,
220,
258,
214,
204,
163,
289,
39,
438,
194,
197,
207,
200,
161,
188,
232,
261,
209,
138,
206,
239,
186,
223,
188,
187,
49,
226,
175,
409,
171,
48,
374,
224,
169,
238,
215,
211,
189,
179,
252,
410,
234,
167,
104,
174,
214,
216,
203,
219,
379,
371,
166,
378,
203,
176,
255,
156,
302,
368,
354,
203,
192,
172,
262,
145,
155,
190,
162,
319,
422,
211,
198,
303,
49,
193,
135,
224,
334,
289,
105,
362,
237,
361,
171,
297,
210,
256,
280,
534,
51,
233,
312,
302,
288,
207,
48,
544,
190,
344,
286,
51,
209,
327,
248,
218,
168,
142,
78,
179,
171,
129,
249,
222,
143,
47,
468,
241,
195,
36,
148,
40,
319,
190,
178,
457,
126,
493,
232,
291,
134,
305,
299,
238,
264,
176,
122,
228,
260,
183,
176,
170,
296,
172,
259,
153,
484,
273,
205,
177,
245,
165,
325,
485,
173,
145,
100,
580,
318,
407,
554,
141,
209,
108,
133,
520,
402,
133,
32,
140,
343,
355,
85,
279,
78,
513,
33,
105,
455,
279,
398,
102,
436,
86,
93,
119,
404,
358,
75,
309,
475,
274,
311,
263,
270,
38,
97,
287,
257,
343,
422,
278,
407,
454,
77,
249,
63,
387,
186,
258,
406,
102,
224,
139,
45,
292,
48,
177,
243,
126,
63,
265,
376,
553,
300,
197,
203,
50,
178,
305,
388,
189,
315,
224,
154,
177,
301,
240,
226,
224,
238,
553,
32,
185,
154,
204,
134,
262,
168,
175,
51,
285,
42,
185,
183,
288,
225,
195,
228,
221,
229,
181,
203,
265,
256,
253,
223,
241,
159,
185,
185,
197,
217,
228,
271,
213,
249,
331,
243,
222,
45,
261,
159,
42,
483,
158,
245,
183,
225,
44,
193,
172,
159,
228,
42,
228,
231,
195,
183,
185,
153,
194,
170,
365,
191,
479,
156,
189,
211,
260,
44,
145,
161,
244,
214,
523,
269,
249,
240,
213,
171,
180,
291,
510,
256,
244,
320,
176,
233,
161,
166,
190,
382,
540,
268,
256,
206,
347,
168,
413,
242,
154,
185,
246,
512,
222,
143,
583,
239,
188,
550,
231,
123,
199,
238,
176,
235,
242,
196,
132,
226,
164,
193,
117,
188,
193,
362,
121,
222,
562,
293,
102,
215,
534,
576,
335,
214,
251,
385,
70,
263,
215,
314,
69,
577,
32,
604,
96,
563,
528,
593,
554,
150,
333,
130,
589,
349,
316,
41,
33,
44,
333,
332,
201,
263,
39,
35,
225,
294,
431,
201,
251,
397,
323,
158,
39,
144,
271,
142,
97,
38,
404,
240,
247,
156,
37,
378,
215,
248,
161,
33,
229,
136,
237,
40,
328,
67,
146,
159,
204,
140,
277,
180,
198,
221,
129,
569,
200,
509,
188,
211,
484,
384,
343,
318,
166,
353,
39,
455,
253,
357,
363,
184,
186,
233,
441,
353,
258,
167,
215,
97,
390,
400,
185,
161,
190,
168,
196,
232,
181,
242,
179,
118,
267,
271,
187,
97,
621,
188,
99,
190,
150,
231,
558,
435,
498,
233,
243,
201,
228,
212,
211,
401,
284,
154,
416,
327,
122,
65,
179,
172,
345,
70,
55,
258,
263,
241,
54,
646,
254,
43,
84,
33,
632,
389,
658,
500,
707,
127,
419,
612,
126,
541,
72,
54,
412,
612,
405,
500,
171,
259,
528,
194,
36,
512,
32,
469,
421,
359,
457,
175,
294,
407,
243,
532,
270,
342,
448,
305,
134,
212,
409,
304,
39,
270,
366,
443,
183,
304,
322,
95,
220,
277,
151,
315,
363,
266,
389,
32,
42,
211,
212,
250,
40,
294,
280,
249,
210,
168,
170,
34,
190,
335,
194,
207,
215,
506,
156,
407,
282,
71,
36,
200,
133,
541,
423,
192,
180,
71,
305,
282,
212,
524,
201,
59,
242,
675,
250,
173,
310,
279,
246,
44,
458,
147,
240,
165,
191,
159,
146,
183,
266,
297,
260,
147,
174,
231,
265,
200,
262,
245,
312,
174,
237,
263,
263,
245,
280,
47,
260,
160,
156,
174,
265,
191,
166,
236,
36,
537,
173,
229,
213,
147,
144,
190,
98,
204,
37,
202,
551,
173,
569,
706,
112,
251,
197,
213,
217,
190,
200,
191,
548,
560,
172,
300,
552,
534,
144,
529,
237,
310,
261,
36,
277,
719,
707,
726,
289,
360,
149,
321,
543,
154,
285,
332,
98,
265,
286,
235,
278,
77,
168,
36,
704,
236,
205,
326,
229,
82,
273,
177,
227,
126,
284,
140,
208,
364,
94,
136,
41,
71,
250,
249,
187,
321,
209,
69,
273,
57,
235,
214,
260,
310,
55,
173,
221,
323,
176,
368,
134,
109,
245,
191,
389,
172,
159,
41,
160,
148,
268,
385,
177,
146,
312,
192,
41,
249,
331,
254,
151,
156,
341,
323,
148,
219,
233,
284,
331,
231,
304,
186,
97,
403,
196,
216,
113,
225,
150,
244,
204,
165,
193,
317,
145,
254,
154,
222,
334,
588,
129,
336,
161,
45,
249,
208,
396,
159,
149,
101,
254,
339,
296,
44,
141,
118,
180,
201,
319,
422,
396,
317,
92,
163,
278,
225,
198,
102,
198,
221,
304,
73,
200,
141,
32,
40,
456,
43,
151,
173,
98,
145,
259,
181,
191,
128,
297,
283,
204,
245,
328,
383,
199,
230,
165,
266,
298,
32,
170,
387,
252,
283,
601,
597,
317,
49,
183,
170,
515,
237,
193,
305,
196,
574,
168,
602,
193,
599,
140,
174,
482,
277,
46,
376,
220,
348,
167,
386,
138,
201,
516,
148,
262,
180,
187,
344,
577,
211,
207,
593,
465,
134,
332,
198,
285,
538,
153,
42,
239,
371,
241,
179,
379,
191,
32,
321,
205,
318,
170,
171,
597,
322,
192,
208,
320,
596,
165,
170,
261,
248,
406,
540,
564,
152,
276,
162,
251,
544,
134,
645,
398,
242,
242,
225,
311,
499,
219,
614,
152,
130,
251,
193,
195,
270,
592,
186,
479,
130,
520,
208,
171,
637,
518,
240,
197,
35,
123,
547,
145,
197,
118,
227,
410,
83,
157,
259,
159,
113,
538,
548,
507,
535,
616,
483,
119,
434,
424,
180,
296,
252,
169,
698,
465,
68,
399,
127,
118,
167,
156,
277,
249,
166,
156,
484,
721,
112,
195,
213,
215,
629,
472,
116,
356,
540,
334,
268,
673,
470,
62,
531,
568,
268,
478,
526,
183,
41,
460,
175,
190,
589,
197,
189,
54,
555,
291,
128,
258,
546,
156,
293,
142,
252,
223,
439,
278,
459,
163,
469,
328,
251,
194,
252,
190,
397,
227,
209,
191,
42,
190,
179,
185,
183,
125,
170,
43,
687,
212,
697,
161,
362,
291,
135,
183,
173,
188,
698,
437,
43,
383,
34,
404,
203,
169,
349,
707,
176,
216,
291,
121,
348,
194,
299,
209,
169,
343,
171,
195,
251,
154,
183,
330,
183,
200,
166,
172,
154,
119,
223,
243,
189,
173,
240,
191,
185,
250,
178,
269,
177,
233,
707,
369,
193,
196,
333,
181,
168,
519,
247,
190,
186,
517,
227,
41,
218,
295,
221,
229,
169,
167,
193,
325,
193,
226,
181,
273,
181,
375,
220,
219,
343,
127,
205,
232,
418,
522,
300,
231,
170,
151,
124,
308,
166,
230,
152,
141,
36,
241,
133,
268,
350,
122,
120,
143,
523,
215,
214,
210,
125,
117,
256,
115,
227,
121,
94,
277,
204,
44,
260,
252,
227,
247,
252,
148,
210,
109,
170,
176,
292,
185,
189,
133,
125,
279,
108,
168,
218,
159,
237,
328,
510,
190,
214,
150,
264,
274,
214,
127,
266,
128,
204,
131,
305,
184,
221,
188,
169,
273,
281,
170,
238,
75,
292,
145,
222,
80,
195,
156,
242,
156,
138,
208,
243,
256,
354,
125,
309,
199,
235,
201,
169,
286,
156,
288,
174,
179,
203,
190,
231,
406,
114,
190,
198,
180,
195,
204,
168,
190,
132,
185,
242,
178,
223,
155,
143,
223,
182,
193,
152,
197,
257,
161,
148,
243,
143,
265,
208,
226,
166,
213,
160,
230,
246,
161,
120,
232,
181,
201,
155,
185,
174,
206,
158,
140,
139,
137,
233,
552,
142,
205,
39,
177,
612,
161,
168,
618,
634,
230,
594,
130,
188,
148,
558,
147,
595,
179,
423,
214,
747,
577,
41,
199,
189,
98,
558,
499,
209,
126,
43,
435,
89,
540,
39,
217,
31,
698,
692,
185,
455,
192,
189,
241,
87,
124,
550,
208,
148,
525,
391,
433,
227,
548,
380,
98,
255,
152,
40,
242,
221,
343,
288,
157,
285,
488,
186,
186,
168,
202,
112,
264,
171,
164,
254,
106,
181,
624,
235,
184,
246,
558,
143,
198,
247,
216,
497,
279,
339,
200,
187,
186,
171,
284,
316,
173,
157,
41,
166,
65,
165,
600,
558,
128,
197,
42,
126,
35,
538,
60,
152,
117,
160,
311,
109,
377,
42,
295,
321,
662,
436,
318,
506,
428,
41,
95,
293,
311,
43,
241,
252,
184,
61,
339,
266,
339,
210,
355,
192,
186,
628,
46,
177,
230,
205,
38,
225,
46,
80,
161,
324,
219,
168,
166,
148,
204,
190,
188,
338,
176,
146,
167,
156,
171,
43,
176,
186,
182,
155,
172,
221,
201,
158,
189,
154,
284,
251,
150,
216,
210,
225,
282,
215,
140,
320,
272,
248,
277,
267,
283,
223,
211,
415,
276,
168,
138,
138,
133,
226,
234,
152,
172,
206,
44,
256,
232,
179,
139,
221,
134,
190,
202,
215,
274,
197,
214,
325,
130,
135,
173,
42,
198,
159,
238,
312,
342,
233,
195,
156,
161,
178,
310,
219,
172,
329,
227,
166,
319,
181,
326,
196,
200,
487,
224,
308,
180,
325,
577,
182,
389,
36,
233,
267,
204,
660,
149,
166,
174,
141,
530,
251,
191,
366,
364,
42,
172,
220,
228,
250,
215,
299,
157,
196,
177,
249,
162,
220,
333,
159,
145,
327,
165,
138,
82,
556,
103,
280,
225,
139,
286,
178,
173,
739,
148,
339,
153,
255,
554,
202,
137,
747,
145,
190,
177,
202,
348,
282,
555,
167,
104,
157,
95,
171,
148,
324,
167,
242,
104,
390,
128,
196,
163,
101,
227,
181,
272,
198,
227,
208,
160,
546,
51,
218,
178,
234,
121,
86,
198,
279,
168,
177,
175,
166,
330,
135,
594,
160,
34,
313,
233,
139,
113,
89,
413,
169,
170,
130,
195,
47,
124,
153,
317,
292,
555,
32,
289,
235,
297,
370,
321,
117,
409,
155,
151,
201,
266,
248,
135,
114,
292,
201,
319,
106,
154,
61,
360,
198,
44,
248,
110,
108,
81,
147,
118,
32,
178,
245,
272,
44,
143,
318,
155,
305,
283,
40,
199,
43,
267,
253,
268,
38,
256,
230,
178,
240,
308,
173,
174,
42,
904,
168,
196,
168,
182,
156,
139,
207,
149,
137,
124,
186,
303,
185,
196,
712,
451,
695,
184,
108,
458,
249,
838,
457,
783,
44,
41,
716,
83,
712,
102,
606,
639,
229,
258,
207,
68,
705,
689,
791,
620,
131,
610,
50,
256,
589,
201,
146,
43,
141,
170,
161,
478,
541,
463,
152,
147,
478,
202,
899,
218,
297,
634,
463,
214,
151,
636,
685,
196,
194,
408,
622,
47,
766,
287,
205,
242,
498,
408,
312,
191,
144,
797,
114,
171,
177,
279,
474,
146,
42,
95,
334,
193,
225,
450,
169,
155,
432,
366,
126,
691,
83,
431,
986,
655,
387,
200,
108,
109,
765,
351,
686,
766,
764,
431,
143,
383,
187,
264,
353,
80,
213,
647,
398,
231,
688,
197,
256,
100,
42,
81,
600,
336,
330,
74,
102,
321,
198,
365,
176,
102,
311,
286,
130,
31,
125,
121,
129,
322,
139,
178,
657,
324,
401,
72,
102,
202,
382,
315,
206,
716,
261,
171,
191,
207,
73,
377,
194,
262,
823,
130,
269,
170,
568,
218,
690,
244,
38,
191,
143,
212,
236,
141,
161,
158,
224,
681,
293,
255,
190,
689,
192,
359,
128,
201,
185,
148,
249,
134,
165,
568,
191,
196,
207,
219,
523,
173,
42,
169,
252,
727,
159,
174,
33,
43,
183,
148,
158,
131,
302,
144,
249,
37,
143,
141,
325,
218,
153,
230,
46,
52,
155,
209,
167,
206,
156,
568,
35,
230,
239,
226,
134,
184,
123,
129,
277,
213,
129,
145,
161,
216,
293,
110,
42,
113,
278,
149,
323,
322,
119,
242,
441,
219,
140,
260,
263,
198,
217,
172,
146,
166,
156,
202,
198,
121,
236,
334,
431,
164,
43,
265,
458,
136,
262,
449,
203,
397,
437,
340,
207,
43,
393,
214,
200,
389,
119,
367,
211,
307,
419,
184,
269,
341,
45,
299,
118,
155,
199,
362,
223,
419,
248,
361,
756,
143,
148,
432,
370,
258,
430,
99,
447,
407,
449,
188,
425,
456,
100,
379,
111,
145,
410,
243,
456,
45,
159,
231,
211,
167,
250,
192,
42,
403,
165,
186,
339,
428,
360,
31,
745,
274,
166,
171,
146,
365,
138,
132,
428,
311,
744,
112,
34,
739,
352,
42,
33,
366,
154,
235,
157,
346,
122,
319,
395,
192,
168,
134,
401,
765,
212,
217,
40,
491,
189,
183,
215,
460,
352,
250,
412,
213,
445,
359,
171,
206,
425,
151,
313,
165,
446,
34,
224,
183,
180,
312,
358,
124,
385,
405,
161,
448,
344,
126,
577,
326,
148,
356,
151,
336,
158,
232,
189,
431,
158,
203,
618,
208,
449,
239,
173,
212,
244,
249,
121,
776,
149,
146,
158,
217,
187,
214,
153,
486,
162,
164,
114,
790,
274,
200,
611,
194,
180,
249,
178,
469,
183,
156,
204,
648,
202,
331,
165,
948,
129,
166,
150,
224,
501,
78,
645,
201,
135,
245,
716,
754,
181,
36,
93,
186,
709,
200,
786,
185,
708,
158,
727,
1040,
816,
952,
757,
178,
432,
1037,
951,
1023,
483,
421,
463,
977,
772,
479,
639,
748,
76,
121,
95,
703,
132,
847,
114,
703,
733,
537,
728,
731,
45,
536,
727,
441,
471,
994,
74,
724,
394,
513,
170,
680,
336,
455,
164,
328,
142,
514,
187,
173,
386,
504,
378,
335,
171,
323,
133,
203,
503,
164,
524,
206,
184,
176,
202,
886,
158,
188,
458,
1002,
619,
400,
160,
169,
356,
173,
367,
357,
342,
38,
288,
390,
139,
172,
93,
861,
190,
44,
201,
727,
326,
757,
353,
635,
40,
266,
889,
127,
681,
362,
35,
292,
539,
333,
78,
616,
302,
558,
632,
99,
601,
74,
132,
365,
339,
361,
306,
40,
78,
123,
868,
314,
75,
362,
260,
182,
315,
176,
315,
178,
187,
365,
724,
281,
202,
902,
193,
170,
171,
243,
347,
181,
155,
158,
185,
156,
216,
125,
940,
218,
199,
306,
211,
287,
225,
319,
307,
195,
266,
210,
195,
312,
275,
233,
152,
307,
277,
150,
141,
320,
102,
157,
168,
276,
266,
196,
298,
227,
207,
161,
116,
290,
135,
294,
190,
238,
206,
213,
220,
136,
273,
239,
195,
243,
291,
252,
265,
577,
325,
183,
143,
319,
313,
132,
165,
568,
203,
280,
130,
135,
298,
94,
181,
219,
291,
270,
289,
173,
65,
145,
231,
300,
188,
142,
451,
266,
237,
130,
51,
450,
216,
205,
55,
187,
276,
96,
485,
261,
163,
264,
50,
296,
56,
502,
209,
44,
222,
474,
250,
268,
274,
286,
260,
508,
230,
76,
229,
206,
273,
206,
292,
901,
437,
196,
200,
42,
783,
168,
455,
458,
216,
213,
176,
243,
221,
174,
231,
219,
179,
161,
152,
169,
183,
204,
468,
255,
824,
138,
77,
143,
118,
413,
190,
204,
141,
278,
137,
958,
199,
413,
269,
191,
43,
422,
160,
176,
230,
183,
42,
154,
455,
223,
479,
153,
158,
213,
38,
210,
491,
396,
290,
161,
196,
433,
280,
201,
412,
39,
252,
158,
273,
178,
367,
232,
268,
312,
166,
193,
164,
445,
486,
200,
176,
204,
166,
211,
427,
159,
497,
156,
252,
392,
151,
295,
220,
315,
193,
125,
168,
166,
159,
271,
154,
390,
193,
122,
240,
404,
166,
172,
159,
146,
165,
150,
124,
418,
323,
155,
258,
189,
442,
562,
337,
218,
160,
1066,
738,
165,
473,
150,
689,
199,
409,
668,
193,
239,
205,
149,
601,
419,
160,
346,
186,
160,
86,
450,
303,
159,
42,
601,
161,
481,
243,
470,
400,
463,
1320,
498,
46,
154,
45,
58,
169,
1019,
182,
155,
1164,
154,
485,
133,
122,
751,
854,
71,
212,
95,
223,
154,
731,
461,
222,
743,
528,
164,
493,
151,
747,
498,
482,
144,
36,
359,
152,
795,
538,
154,
380,
812,
524,
133,
970,
119,
477,
1338,
662,
141,
461,
192,
763,
180,
723,
635,
156,
402,
63,
148,
128,
167,
142,
492,
181,
752,
1291,
713,
163,
133,
43,
555,
503,
312,
742,
552,
487,
193,
148,
545,
739,
281,
180,
146,
992,
508,
198,
156,
415,
1149,
721,
316,
189,
676,
129,
944,
312,
239,
491,
36,
103,
308,
364,
93,
413,
101,
45,
307,
99,
813,
539,
353,
371,
513,
287,
666,
672,
120,
500,
317,
512,
280,
952,
242,
43,
149,
692,
321,
768,
608,
382,
474,
676,
728,
828,
39,
704,
293,
36,
375,
154,
253,
870,
557,
351,
1125,
183,
228,
140,
348,
382,
1119,
675,
296,
150,
283,
140,
317,
177,
357,
525,
182,
252,
339,
263,
42,
310,
630,
159,
262,
315,
293,
243,
179,
137,
304,
222,
177,
166,
177,
263,
298,
186,
151,
279,
37,
260,
171,
255,
139,
242,
279,
184,
147,
195,
171,
142,
200,
65,
184,
156,
148,
166,
186,
155,
233,
277,
182,
151,
236,
184,
179,
135,
123,
123,
143,
262,
258,
261,
123,
230,
109,
164,
314,
248,
239,
228,
33,
185,
214,
49,
189,
174,
222,
334,
537,
42,
259,
210,
193,
412,
184,
216,
509,
217,
386,
130,
151,
244,
244,
121,
196,
198,
261,
160,
68,
546,
251,
75,
248,
395,
144,
564,
379,
236,
242,
114,
112,
42,
180,
139,
426,
248,
250,
36,
84,
186,
173,
79,
426,
128,
368,
368,
125,
355,
487,
209,
163,
609,
409,
328,
36,
271,
299,
127,
554,
353,
55,
325,
44,
256,
202,
41,
222,
347,
191,
343,
207,
211,
369,
295,
39,
330,
301,
230,
306,
570,
150,
225,
221,
252,
174,
81,
500,
150,
497,
127,
401,
208,
274,
215,
456,
267,
637,
280,
180,
209,
460,
173,
234,
485,
207,
490,
241,
657,
191,
492,
345,
134,
642,
183,
201,
236,
649,
469,
652,
294,
418,
629,
199,
272,
192,
178,
257,
181,
184,
149,
310,
261,
192,
228,
1110,
689,
52,
293,
305,
273,
309,
208,
489,
133,
140,
346,
1108,
46,
210,
140,
204,
1096,
471,
231,
189,
187,
427,
201,
224,
160,
732,
46,
130,
438,
212,
461,
220,
425,
238,
216,
289,
282,
366,
301,
173,
231,
281,
283,
200,
242,
362,
313,
150,
199,
153,
258,
457,
772,
145,
473,
257,
88,
74,
256,
459,
127,
1247,
180,
180,
1210,
814,
894,
163,
84,
40,
749,
139,
1191,
1190,
791,
516,
220,
1137,
76,
77,
238,
745,
120,
852,
195,
34,
750,
696,
212,
1138,
239,
726,
765,
222,
749,
219,
519,
523,
502,
535,
747,
49,
155,
312,
212,
756,
274,
153,
221,
157,
281,
261,
239,
742,
511,
109,
133,
50,
283,
735,
44,
240,
733,
171,
400,
213,
533,
214,
42,
33,
184,
543,
694,
204,
284,
206,
236,
165,
397,
138,
190,
561,
365,
440,
536,
504,
247,
141,
222,
138,
456,
277,
292,
676,
227,
132,
234,
273,
703,
140,
226,
288,
409,
35,
150,
174,
680,
193,
231,
679,
415,
564,
717,
622,
170,
183,
680,
125,
479,
184,
223,
677,
240,
248,
82,
275,
673,
257,
432,
745,
224,
262,
195,
130,
405,
71,
209,
142,
263,
70,
217,
239,
355,
187,
398,
196,
71,
321,
553,
266,
141,
170,
373,
113,
271,
280,
195,
269,
50,
196,
533,
161,
153,
157,
232,
287,
401,
255,
271,
218,
143,
276,
247,
312,
545,
133,
301,
117,
511,
350,
263,
161,
268,
367,
237,
311,
64,
241,
114,
146,
228,
283,
281,
314,
239,
440,
170,
300,
258,
456,
263,
566,
382,
260,
329,
268,
477,
144,
374,
264,
437,
161,
222,
202,
297,
166,
246,
150,
161,
159,
312,
392,
173,
159,
453,
238,
132,
236,
403,
155,
302,
184,
130,
260,
170,
433,
603,
273,
1163,
1146,
141,
401,
1126,
231,
253,
1125,
233,
389,
36,
250,
259,
804,
157,
811,
225,
228,
383,
45,
191,
378,
228,
319,
380,
282,
220,
144,
227,
246,
354,
211,
44,
273,
219,
280,
171,
168,
261,
204,
171,
242,
213,
359,
230,
87,
232,
212,
554,
200,
259,
359,
292,
277,
225,
269,
46,
332,
1253,
36,
206,
239,
617,
169,
226,
144,
117,
195,
211,
931,
341,
160,
347,
245,
241,
44,
294,
199,
285,
279,
868,
171,
1223,
199,
284,
163,
301,
855,
139,
264,
157,
642,
189,
849,
40,
302,
164,
285,
263,
88,
177,
836,
284,
209,
31,
105,
219,
1167,
249,
229,
92,
33,
46,
255,
184,
59,
86,
246,
125,
193,
213,
245,
32,
421,
40,
94,
221,
842,
110,
420,
123,
103,
287,
119,
159,
129,
415,
167,
192,
46,
258,
202,
92,
169,
175,
621,
124,
196,
449,
133,
177,
44,
237,
298,
241,
43,
226,
215,
42,
425,
211,
631,
245,
190,
40,
195,
660,
200,
33,
487,
284,
218,
500,
680,
210,
441,
208,
496,
143,
506,
230,
180,
284,
288,
512,
488,
216,
281,
40,
480,
483,
209,
274,
98,
804,
269,
272,
109,
519,
177,
195,
776,
178,
786,
700,
421,
773,
203,
260,
497,
74,
491,
684,
841,
41,
676,
490,
707,
746,
51,
395,
466,
686,
682,
280,
90,
759,
289,
235,
148,
46,
242,
839,
776,
285,
317,
221,
641,
326,
341,
81,
671,
301,
221,
821,
223,
288,
42,
716,
375,
214,
287,
658,
300,
205,
162,
316,
264,
511,
222,
233,
165,
292,
570,
327,
242,
223,
498,
397,
39,
251,
407,
265,
318,
410,
767,
250,
237,
709,
347,
294,
337,
701,
582,
355,
513,
338,
566,
261,
503,
676,
297,
220,
321,
552,
325,
481,
214,
209,
478,
238,
386,
471,
285,
186,
187,
280,
306,
404,
274,
454,
722,
110,
217,
95,
481,
202,
144,
197,
459,
237,
112,
675,
456,
205,
518,
235,
222,
184,
329,
210,
419,
509,
309,
207,
466,
173,
399,
415,
118,
211,
329,
139,
79,
241,
340,
392,
43,
508,
136,
290,
248,
335,
231,
379,
209,
171,
104,
344,
176,
134,
264,
313,
165,
274,
39,
411,
133,
143,
200,
297,
481,
196,
300,
227,
498,
285,
192,
182,
203,
224,
240,
301,
158,
221,
508,
255,
254,
269,
290,
484,
223,
237,
192,
302,
219,
508,
256,
247,
276,
182,
447,
253,
141,
41,
871,
413,
170,
271,
177,
243,
261,
166,
249,
239,
1210,
184,
471,
325,
296,
234,
250,
230,
437,
153,
47,
216,
209,
217,
779,
245,
337,
39,
149,
390,
398,
152,
227,
288,
196,
411,
175,
226,
186,
220,
296,
355,
201,
198,
121,
185,
271,
388,
195,
178,
236,
265,
396,
369,
343,
232,
361,
44,
193,
352,
177,
343,
286,
61,
40,
179,
183,
173,
363,
156,
72,
234,
42,
764,
564,
254,
123,
243,
344,
754,
904,
272,
196,
169,
255,
820,
278,
119,
269,
238,
772,
221,
169,
828,
118,
215,
224,
348,
235,
129,
779,
114,
353,
246,
234,
193,
1306,
119,
183,
35,
412,
1240,
701,
123,
525,
238,
279,
251,
203,
545,
119,
38,
758,
80,
222,
733,
204,
193,
103,
1259,
185,
714,
213,
261,
1179,
82,
126,
756,
207,
261,
586,
771,
276,
723,
756,
225,
1218,
274,
214,
182,
164,
748,
1129,
111,
192,
378,
1112,
103,
206,
1111,
441,
720,
311,
45,
441,
713,
311,
371,
33,
218,
704,
118,
232,
178,
709,
80,
724,
182,
87,
448,
219,
408,
687,
431,
444,
192,
698,
695,
413,
417,
699,
371,
34,
710,
696,
441,
33,
567,
32,
256,
239,
196,
298,
198,
368,
387,
355,
250,
207,
207,
40,
167,
199,
202,
415,
82,
189,
422,
444,
147,
348,
433,
301,
189,
194,
416,
443,
376,
236,
206,
200,
360,
199,
172,
171,
465,
227,
70,
289,
166,
69,
211,
182,
74,
115,
298,
180,
71,
74,
171,
163,
191,
297,
139,
503,
191,
340,
165,
264,
181,
86,
213,
46,
134,
535,
82,
223,
234,
472,
345,
305,
395,
239,
40,
206,
309,
282,
513,
69,
300,
410,
137,
257,
288,
419,
159,
279,
190,
707,
464,
234,
37,
492,
184,
167,
238,
313,
223,
483,
437,
469,
508,
274,
239,
873,
283,
369,
384,
58,
171,
356,
723,
690,
269,
630,
260,
287,
892,
278,
273,
683,
689,
371,
250,
249,
213,
408,
312,
728,
172,
201,
244,
611,
320,
499,
713,
260,
885,
494,
282,
894,
459,
362,
562,
1206,
897,
49,
265,
381,
506,
1211,
285,
351,
421,
189,
924,
233,
381,
311,
310,
206,
736,
407,
1203,
174,
692,
234,
289,
232,
135,
269,
167,
718,
916,
302,
741,
498,
884,
140,
798,
463,
237,
237,
298,
322,
216,
376,
160,
746,
205,
213,
129,
423,
228,
80,
167,
228,
281,
54,
320,
315,
130,
40,
54,
568,
169,
279,
101,
81,
423,
278,
42,
122,
143,
277,
143,
329,
305,
120,
124,
287,
137,
154,
526,
137,
162,
436,
183,
212,
193,
219,
135,
156,
142,
204,
199,
147,
541,
632,
342,
39,
48,
199,
617,
47,
207,
338,
40,
253,
127,
39,
150,
217,
196,
808,
292,
234,
291,
137,
205,
365,
187,
38,
383,
604,
144,
402,
313,
249,
40,
326,
931,
362,
890,
162,
177,
210,
255,
385,
805,
499,
247,
164,
185,
137,
863,
162,
225,
604,
141,
42,
768,
165,
422,
600,
212,
745,
407,
325,
634,
239,
128,
309,
291,
306,
710,
228,
262,
630,
79,
292,
231,
381,
627,
348,
180,
781,
692,
242,
355,
745,
254,
58,
43,
171,
978,
51,
733,
456,
613,
88,
309,
192,
309,
41,
703,
376,
390,
294,
684,
345,
709,
245,
316,
204,
333,
107,
357,
96,
728,
90,
523,
263,
690,
402,
670,
125,
119,
855,
646,
208,
103,
277,
405,
790,
59,
331,
280,
666,
369,
149,
311,
241,
79,
83,
493,
325,
270,
211,
130,
262,
46,
277,
279,
430,
371,
369,
187,
536,
202,
265,
180,
176,
452,
264,
171,
348,
378,
422,
143,
392,
298,
411,
509,
204,
287,
392,
389,
146,
329,
229,
297,
490,
402,
220,
302,
229,
271,
196,
597,
252,
482,
181,
379,
307,
269,
303,
138,
236,
187,
295,
142,
182,
318,
418,
119,
160,
186,
187,
572,
154,
40,
302,
168,
197,
157,
577,
279,
393,
332,
168,
117,
420,
177,
350,
532,
531,
152,
264,
156,
372,
157,
359,
33,
350,
108,
545,
395,
104,
333,
135,
630,
141,
516,
338,
369,
245,
35,
334,
493,
116,
558,
45,
493,
283,
402,
368,
413,
288,
531,
196,
355,
374,
478,
142,
317,
351,
377,
272,
413,
52,
463,
97,
68,
107,
358,
239,
504,
48,
348,
328,
95,
44,
313,
534,
522,
376,
248,
328,
89,
128,
514,
332,
122,
438,
557,
324,
510,
327,
215,
43,
300,
314,
481,
137,
249,
514,
470,
545,
537,
349,
118,
202,
218,
240,
33,
146,
138,
293,
168,
576,
546,
462,
341,
185,
525,
118,
251,
585,
191,
168,
41,
255,
300,
67,
317,
146,
125,
143,
123,
265,
174,
397,
393,
223,
364,
225,
269,
150,
249,
122,
242,
295,
181,
220,
184,
224,
435,
268,
251,
152,
146,
177,
157,
342,
552,
39,
298,
306,
51,
97,
518,
251,
363,
215,
263,
109,
732,
220,
83,
98,
308,
177,
98,
227,
77,
188,
80,
219,
324,
80,
234,
111,
243,
100,
269,
555,
235,
216,
969,
364,
253,
560,
72,
373,
43,
360,
193,
405,
1165,
1391,
48,
368,
379,
1375,
407,
243,
417,
1005,
1172,
788,
88,
1222,
34,
1159,
1027,
785,
756,
1074,
713,
574,
171,
696,
298,
324,
677,
613,
214,
672,
1148,
203,
149,
672,
993,
219,
68,
385,
285,
823,
48,
668,
233,
206,
871,
306,
155,
957,
38,
43,
202,
656,
1078,
212,
480,
448,
228,
288,
609,
186,
276,
271,
386,
311,
123,
224,
212,
39,
859,
45,
372,
201,
263,
751,
432,
204,
254,
177,
761,
428,
311,
341,
254,
269,
387,
608,
310,
490,
395,
122,
279,
429,
316,
855,
246,
314,
306,
206,
289,
408,
259,
394,
611,
253,
238,
381,
857,
265,
850,
339,
199,
849,
740,
66,
254,
323,
227,
379,
41,
138,
315,
267,
467,
296,
917,
112,
164,
884,
367,
178,
559,
488,
35,
331,
280,
244,
238,
315,
302,
119,
142,
165,
240,
692,
321,
625,
58,
362,
132,
235,
109,
422,
161,
471,
468,
438,
499,
484,
629,
193,
238,
457,
43,
402,
678,
212,
410,
421,
434,
452,
434,
464,
264,
606,
693,
284,
393,
390,
476,
257,
124,
413,
117,
182,
473,
222,
384,
479,
419,
392,
391,
500,
487,
342,
386,
202,
359,
390,
695,
385,
359,
45,
388,
657,
376,
187,
269,
517,
644,
151,
353,
416,
257,
735,
409,
361,
163,
342,
806,
45,
291,
334,
123,
288,
649,
294,
396,
144,
105,
406,
45,
529,
390,
386,
357,
240,
166,
391,
710,
261,
43,
468,
175,
283,
710,
277,
172,
174,
288,
642,
355,
133,
270,
726,
274,
213,
270,
249,
252,
677,
44,
624,
126,
44,
533,
634,
148,
532,
509,
171,
810,
46,
382,
150,
168,
692,
167,
124,
162,
367,
163,
593,
284,
397,
587,
578,
128,
524,
298,
514,
41,
633,
296,
265,
74,
364,
360,
144,
82,
259,
365,
143,
387,
391,
347,
555,
368,
363,
237,
312,
406,
241,
316,
413,
557,
122,
376,
309,
187,
102,
563,
294,
178,
331,
540,
288,
551,
41,
360,
332,
263,
99,
188,
359,
119,
81,
33,
320,
61,
796,
49,
351,
196,
48,
297,
291,
287,
279,
34,
266,
74,
245,
770,
601,
643,
256,
255,
1196,
1398,
470,
341,
955,
269,
286,
241,
600,
227,
214,
954,
218,
235,
220,
325,
225,
266,
254,
227,
72,
45,
235,
43,
223,
408,
346,
687,
450,
216,
499,
40,
454,
393,
328,
746,
277,
486,
675,
270,
334,
385,
579,
209,
250,
286,
965,
612,
220,
1365,
378,
286,
236,
200,
615,
596,
254,
709,
232,
245,
246,
163,
1041,
239,
160,
1009,
471,
221,
342,
215,
267,
227,
807,
259,
313,
357,
319,
507,
238,
810,
294,
788,
303,
512,
162,
209,
184,
809,
205,
497,
403,
242,
196,
667,
509,
992,
530,
235,
220,
258,
1330,
864,
229,
395,
537,
1130,
507,
842,
309,
433,
1552,
496,
491,
1063,
334,
421,
463,
431,
985,
456,
1028,
1001,
511,
230,
973,
69,
594,
335,
1614,
300,
589,
857,
41,
112,
1012,
313,
200,
973,
41,
181,
287,
282,
82,
979,
133,
482,
815,
196,
997,
970,
278,
407,
638,
106,
223,
115,
492,
259,
371,
196,
540,
987,
524,
81,
638,
466,
290,
418,
344,
500,
257,
631,
368,
416,
507,
229,
383,
627,
500,
228,
278,
493,
464,
514,
353,
698,
375,
628,
305,
279,
359,
315,
415,
192,
627,
203,
323,
275,
143,
971,
238,
385,
491,
282,
243,
45,
230,
943,
362,
389,
483,
981,
803,
304,
79,
368,
797,
182,
72,
388,
322,
336,
901,
224,
229,
336,
158,
324,
254,
312,
353,
404,
242,
508,
651,
802,
696,
921,
702,
913,
342,
394,
196,
221,
386,
349,
694,
414,
162,
392,
135,
621,
387,
298,
252,
724,
353,
236,
232,
45,
368,
745,
216,
125,
871,
784,
200,
636,
415,
235,
509,
77,
452,
430,
123,
746,
385,
279,
150,
171,
175,
153,
176,
200,
202,
266,
44,
620,
561,
570,
167,
717,
529,
124,
279,
621,
90,
157,
117,
206,
247,
74,
387,
294,
78,
219,
153,
967,
130,
167,
735,
142,
596,
155,
330,
171,
147,
605,
389,
147,
426,
424,
640,
44,
241,
86,
637,
129,
328,
292,
71,
179,
424,
286,
320,
315,
495,
704,
463,
313,
382,
372,
1722,
243,
390,
39,
304,
332,
291,
410,
337,
641,
1127,
372,
288,
582,
1099,
688,
568,
473,
346,
1476,
472,
267,
468,
226,
363,
181,
288,
478,
736,
237,
1252,
397,
415,
729,
803,
238,
349,
539,
196,
297,
334,
439,
439,
441,
1263,
211,
139,
435,
722,
363,
767,
144,
1389,
53,
1226,
806,
1393,
186,
334,
168,
529,
959,
430,
358,
325,
1390,
317,
466,
304,
424,
292,
273,
309,
416,
417,
382,
438,
699,
411,
543,
984,
492,
139,
257,
369,
433,
298,
461,
388,
806,
161,
377,
406,
441,
656,
195,
211,
316,
715,
488,
141,
350,
236,
294,
719,
274,
361,
405,
354,
481,
219,
256,
443,
284,
360,
1000,
221,
1237,
408,
348,
1139,
304,
371,
242,
1106,
544,
511,
184,
297,
424,
380,
278,
304,
207,
1098,
663,
179,
375,
816,
235,
244,
367,
1685,
314,
220,
172,
200,
309,
1069,
476,
472,
480,
306,
729,
398,
491,
597,
510,
541,
516,
243,
611,
478,
353,
677,
1722,
602,
316,
861,
616,
1709,
133,
504,
635,
524,
1662,
612,
352,
615,
625,
502,
480,
256,
1289,
165,
473,
202,
852,
172,
524,
253,
149,
452,
211,
245,
127,
120,
448,
313,
95,
740,
533,
1110,
687,
961,
326,
77,
70,
431,
859,
99,
766,
1082,
70,
265,
296,
1067,
755,
51,
237,
466,
728,
139,
609,
288,
142,
304,
692,
272,
232,
471,
406,
462,
225,
160,
1072,
893,
98,
130,
203,
336,
445,
466,
1169,
99,
328,
329,
652,
482,
477,
315,
319,
634,
398,
302,
532,
132,
617,
376,
492,
469,
630,
327,
542,
364,
339,
306,
314,
1150,
292,
303,
818,
542,
590,
671,
480,
234,
159,
279,
232,
80,
284,
602,
544,
155,
449,
609,
171,
212,
186,
481,
870,
163,
528,
160,
416,
524,
281,
210,
485,
503,
312,
592,
501,
322,
273,
504,
1144,
463,
163,
485,
208,
407,
177,
354,
569,
286,
422,
167,
438,
251,
508,
411,
34,
395,
364,
676,
406,
463,
194,
264,
163,
651,
399,
231,
301,
575,
418,
896,
415,
279,
460,
359,
392,
351,
45,
325,
308,
818,
383,
242,
346,
501,
613,
330,
37,
458,
423,
204,
285,
544,
582,
371,
468,
368,
635,
266,
476,
333,
561,
602,
300,
741,
78,
909,
271,
375,
264,
275,
371,
200,
187,
438,
305,
905,
570,
742,
403,
258,
523,
236,
645,
173,
436,
269,
173,
322,
592,
655,
278,
382,
559,
347,
271,
337,
510,
420,
282,
627,
818,
531,
120,
714,
336,
978,
451,
436,
976,
272,
225,
328,
1381,
745,
205,
44,
390,
340,
573,
481,
641,
37,
1299,
970,
438,
389,
712,
609,
407,
482,
48,
221,
349,
1380,
1013,
43,
535,
453,
537,
730,
427,
347,
332,
679,
987,
356,
418,
270,
417,
470,
267,
311,
443,
811,
474,
42,
284,
376,
830,
217,
363,
619,
272,
288,
827,
252,
541,
214,
310,
149,
427,
163,
1800,
309,
457,
778,
252,
450,
255,
286,
212,
310,
162,
425,
206,
1796,
440,
429,
324,
262,
577,
265,
1758,
546,
434,
615,
244,
210,
521,
211,
1710,
514,
176,
456,
42,
315,
131,
257,
223,
302,
277,
444,
320,
233,
1763,
195,
468,
276,
303,
630,
386,
84,
217,
505,
42,
238,
588,
291,
343,
627,
245,
133,
493,
204,
177,
375,
230,
486,
507,
439,
242,
269,
209,
104,
464,
498,
217,
445,
233,
324,
42,
202,
429,
240,
419,
296,
235,
199,
409,
405,
287,
411,
124,
1030,
130,
1207,
52,
394,
537,
366,
198,
1228,
100,
226,
111,
1179,
43,
455,
357,
47,
75,
1204,
333,
1166,
41,
1720,
331,
1702,
379,
479,
42,
1685,
354,
328,
353,
1656,
289,
1649,
499,
270,
499,
288,
260,
495,
323,
505,
237,
324,
253,
309,
507,
428,
589,
119,
375,
188,
564,
272,
296,
237,
274,
43,
433,
293,
466,
501,
287,
372,
300,
260,
472,
194,
196,
402,
197,
110,
222,
132,
696,
181,
81,
193,
101,
43,
703,
41,
240,
364,
314,
580,
182,
1239,
135,
208,
177,
258,
255,
213,
373,
323,
376,
396,
1271,
535,
71,
466,
1135,
277,
444,
446,
1278,
483,
437,
527,
1230,
183,
469,
379,
573,
1291,
497,
527,
129,
363,
145,
1009,
525,
514,
357,
481,
175,
339,
147,
215,
167,
269,
407,
145,
624,
1241,
317,
209,
421,
598,
393,
1126,
331,
892,
357,
45,
380,
983,
339,
677,
557,
1002,
475,
601,
423,
934,
572,
322,
442,
345,
230,
601,
458,
330,
743,
140,
361,
362,
1245,
132,
484,
396,
594,
611,
402,
686,
330,
853,
437,
1289,
639,
272,
632,
558,
372,
296,
751,
557,
778,
580,
268,
539,
502,
535,
924,
534,
246,
64,
558,
261,
515,
490,
721,
368,
516,
448,
396,
695,
407,
425,
532,
124,
581,
1110,
243,
871,
246,
626,
561,
489,
336,
83,
220,
335,
787,
204,
388,
777,
90,
514,
388,
880,
231,
750,
694,
714,
753,
615,
81,
73,
613,
226,
43,
1475,
302,
1397,
75,
416,
336,
382,
375,
204,
371,
220,
1783,
1774,
508,
80,
308,
1241,
1744,
316,
1239,
1745,
1210,
492,
480,
1438,
651,
578,
472,
508,
147,
1734,
512,
495,
211,
470,
1181,
540,
198,
94,
59,
528,
143,
280,
258,
640,
519,
579,
53,
410,
534,
525,
523,
803,
594,
259,
651,
428,
363,
346,
451,
248,
671,
547,
354,
229,
567,
511,
208,
507,
364,
457,
569,
185,
420,
327,
701,
512,
457,
62,
241,
492,
161,
437,
501,
171,
178,
599,
1320,
358,
612,
131,
177,
583,
417,
447,
519,
474,
173,
399,
64,
56,
445,
134,
85,
721,
587,
443,
54,
406,
406,
517,
82,
488,
397,
548,
76,
266,
380,
537,
516,
316,
315,
548,
73,
492,
296,
309,
559,
152,
534,
317,
252,
416,
78,
366,
726,
431,
524,
620,
608,
599,
299,
447,
328,
264,
223,
371,
505,
277,
397,
417,
391,
747,
430,
449,
532,
459,
173,
572,
815,
404,
423,
813,
446,
221,
61,
366,
785,
261,
55,
237,
152,
514,
322,
255,
263,
207,
641,
503,
441,
442,
760,
525,
211,
428,
779,
750,
251,
223,
440,
402,
205,
154,
419,
295,
898,
430,
494,
639,
273,
418,
366,
712,
773,
325,
378,
258,
196,
226,
686,
674,
340,
220,
214,
424,
131,
408,
859,
205,
505,
566,
498,
348,
553,
449,
832,
38,
487,
197,
497,
448,
307,
259,
281,
416,
260,
301,
853,
634,
748,
576,
411,
326,
351,
515,
375,
649,
250,
449,
316,
248,
248,
192,
432,
675,
850,
570,
444,
824,
821,
605,
496,
351,
452,
539,
261,
235,
490,
821,
217,
782,
302,
535,
91,
522,
677,
330,
669,
821,
511,
636,
498,
655,
670,
523,
221,
319,
191,
556,
42,
708,
182,
282,
147,
294,
753,
388,
595,
593,
718,
357,
1463,
353,
805,
327,
706,
677,
386,
383,
226,
1399,
576,
432,
468,
772,
627,
572,
582,
558,
627,
406,
574,
640,
595,
710,
457,
581,
401,
402,
478,
384,
1409,
365,
378,
1424,
340,
192,
222,
340,
545,
1212,
625,
422,
1185,
1185,
622,
386,
358,
298,
461,
552,
1424,
425,
319,
604,
286,
317,
1110,
49,
928,
1395,
157,
243,
191,
525,
134,
586,
749,
625,
544,
279,
308,
543,
191,
234,
604,
210,
218,
1143,
106,
243,
200,
763,
289,
821,
737,
215,
141,
646,
608,
51,
783,
166,
203,
132,
131,
1133,
1144,
343,
196,
332,
514,
603,
125,
202,
599,
114,
438,
511,
1525,
158,
557,
530,
47,
1397,
413,
1435,
544,
581,
129,
406,
92,
767,
1516,
1081,
88,
331,
557,
516,
266,
1271,
1017,
278,
376,
71,
354,
54,
148,
1280,
344,
72,
1369,
108,
375,
407,
371,
469,
439,
42,
325,
400,
414,
41,
557,
233,
334,
396,
139,
1296,
553,
1572,
1118,
191,
219,
512,
397,
395,
168,
574,
228,
257,
83,
159,
44,
467,
500,
497,
103,
69,
135,
52,
604,
246,
719,
430,
623,
70,
525,
137,
75,
205,
559,
446,
908,
449,
373,
245,
665,
927,
699,
689,
694,
505,
714,
389,
679,
353,
44,
124,
53,
261,
670,
438,
519,
402,
149,
385,
274,
374,
195,
560,
137,
324,
508,
256,
386,
460,
459,
652,
578,
410,
370,
476,
431,
454,
570,
547,
625,
421,
506,
421,
371,
497,
317,
484,
336,
399,
506,
415,
471,
362,
298,
272,
547,
223,
381,
489,
533,
36,
362,
508,
194,
339,
492,
597,
524,
244,
571,
546,
532,
299,
329,
468,
409,
769,
476,
170,
343,
413,
675,
392,
319,
395,
517,
240,
457,
480,
417,
562,
444,
265,
547,
488,
1173,
647,
264,
441,
1145,
279,
487,
131,
318,
655,
398,
404,
349,
617,
649,
465,
414,
672,
270,
556,
639,
366,
637,
565,
329,
489,
831,
551,
734,
323,
674,
732,
907,
555,
544,
301,
622,
395,
737,
355,
587,
874,
813,
575,
623,
309,
366,
558,
604,
457,
497,
730,
923,
303,
622,
321,
671,
293,
302,
452,
760,
390,
298,
319,
472,
195,
40,
958,
616,
276,
506,
193,
727,
132,
490,
71,
553,
265,
551,
331,
481,
1017,
923,
416,
708,
770,
304,
385,
429,
676,
65,
695,
383,
120,
846,
354,
178,
565,
958,
737,
154,
805,
852,
299,
576,
99,
748,
583,
565,
530,
267,
552,
1402,
99,
644,
559,
243,
1389,
72,
589,
408,
608,
65,
842,
539,
219,
416,
428,
752,
334,
1643,
42,
252,
1478,
466,
58,
405,
1043,
566,
217,
570,
1643,
216,
539,
900,
346,
1389,
1607,
250,
355,
477,
522,
1621,
371,
200,
461,
284,
355,
1189,
1167,
198,
223,
369,
518,
42,
250,
479,
192,
189,
1069,
343,
756,
168,
298,
1213,
1146,
186,
357,
1222,
334,
520,
658,
43,
1378,
757,
87,
1276,
1648,
1131,
84,
710,
544,
201,
1186,
257,
1387,
1123,
317,
41,
354,
1091,
1121,
569,
324,
806,
488,
105,
1589,
89,
326,
1434,
74,
445,
650,
33,
892,
1010,
517,
48,
1534,
405,
653,
84,
375,
505,
216,
404,
865,
291,
502,
458,
1457,
395,
1455,
307,
292,
1462,
55,
362,
461,
201,
295,
428,
1475,
346,
225,
1446,
210,
77,
342,
312,
267,
141,
39,
338,
271,
300,
265,
235,
189,
272,
40,
176,
163,
75,
488,
191,
442,
164,
1191,
459,
1145,
88,
443,
146,
264,
336,
292,
1485,
208,
213,
226,
130,
240,
444,
274,
421,
148,
310,
234,
46,
464,
429,
329,
356,
406,
279,
133,
277,
371,
250,
276,
626,
851,
437,
387,
44,
619,
655,
613,
78,
532,
671,
442,
298,
591,
592,
373,
341,
310,
47,
674,
215,
78,
253,
773,
330,
81,
571,
85,
528,
534,
141,
426,
46,
402,
266,
556,
61,
426,
617,
424,
243,
221,
277,
392,
306,
210,
657,
435,
838,
441,
491,
543,
700,
299,
540,
496,
444,
431,
291,
453,
413,
269,
526,
880,
380,
209,
453,
385,
267,
420,
411,
131,
579,
201,
381,
423,
88,
334,
287,
381,
652,
385,
504,
278,
417,
617,
756,
202,
178,
258,
458,
330,
728,
741,
626,
372,
371,
268,
480,
374,
479,
238,
766,
483,
640,
367,
740,
267,
889,
480,
617,
244,
257,
248,
896,
581,
633,
774,
632,
626,
501,
772,
843,
582,
265,
922,
644,
257,
124,
51,
986,
667,
144,
508,
277,
577,
956,
204,
565,
453,
505,
854,
244,
602,
367,
569,
343,
663,
404,
122,
805,
394,
297,
265,
435,
887,
775,
148,
38,
407,
426,
321,
261,
471,
541,
484,
295,
88,
707,
442,
505,
955,
581,
470,
945,
312,
279,
424,
301,
808,
386,
376,
640,
533,
545,
540,
786,
43,
520,
185,
289,
366,
243,
42,
803,
312,
230,
217,
726,
250,
239,
242,
256,
143,
285,
44,
224,
770,
253,
233,
714,
321,
380,
43,
198,
246,
238,
512,
460,
132,
486,
492,
290,
42,
282,
502,
319,
192,
327,
452,
284,
237,
175,
741,
266,
201,
392,
305,
246,
244,
184,
477,
136,
1577,
178,
630,
1585,
296,
603,
146,
529,
873,
133,
698,
1570,
230,
648,
106,
451,
471,
737,
233,
482,
174,
99,
465,
176,
185,
207,
460,
1514,
679,
367,
86,
1543,
370,
588,
244,
488,
85,
636,
555,
374,
63,
1493,
327,
1731,
527,
1118,
112,
1605,
322,
1359,
1613,
180,
1621,
69,
1343,
1605,
827,
1703,
505,
379,
1580,
885,
161,
1532,
69,
855,
1520,
196,
842,
122,
841,
324,
556,
826,
259,
42,
149,
331,
144,
845,
504,
829,
194,
778,
952,
114,
712,
386,
712,
197,
711,
1282,
170,
650,
138,
713,
542,
936,
1739,
84,
96,
760,
98,
95,
1718,
46,
317,
635,
121,
524,
701,
632,
625,
1019,
923,
42,
311,
548,
342,
45,
385,
303,
359,
804,
433,
379,
461,
454,
385,
228,
293,
443,
252,
858,
409,
342,
510,
292,
576,
216,
627,
592,
482,
497,
396,
406,
311,
329,
239,
285,
302,
310,
432,
1302,
901,
389,
883,
646,
714,
488,
767,
719,
709,
520,
375,
211,
794,
531,
421,
724,
83,
271,
617,
1242,
1240,
435,
719,
1251,
90,
399,
683,
576,
560,
1368,
78,
495,
475,
519,
422,
509,
304,
393,
421,
506,
220,
635,
410,
953,
544,
408,
533,
231,
869,
514,
538,
294,
519,
1251,
218,
521,
1048,
505,
328,
572,
651,
614,
488,
304,
472,
912,
276,
460,
257,
496,
1355,
83,
228,
423,
1346,
454,
324,
732,
265,
529,
362,
464,
475,
749,
434,
461,
288,
448,
910,
889,
703,
472,
201,
415,
862,
198,
298,
675,
522,
495,
195,
736,
391,
376,
47,
295,
195,
443,
318,
438,
542,
730,
194,
400,
851,
528,
188,
356,
329,
926,
260,
528,
329,
274,
1505,
1418,
911,
478,
1336,
434,
664,
943,
1457,
611,
869,
686,
898,
1054,
1342,
346,
843,
487,
825,
1046,
532,
444,
371,
1320,
864,
244,
740,
777,
462,
186,
302,
793,
413,
180,
574,
263,
764,
152,
756,
46,
754,
1310,
616,
1012,
802,
874,
958,
663,
332,
384,
778,
437,
159,
450,
166,
153,
974,
212,
354,
134,
343,
247,
494,
267,
133,
301,
292,
700,
126,
489,
481,
86,
114,
136,
702,
1271,
134,
691,
109,
143,
99,
44,
76,
64,
1398,
328,
291,
60,
53,
286,
270,
501,
212,
265,
528,
339,
270,
313,
281,
477,
1078,
826,
305,
243,
767,
75,
762,
1976,
584,
604,
1865,
974,
453,
968,
967,
1084,
799,
428,
504,
798,
348,
589,
791,
533,
428,
567,
54,
518,
791,
787,
38,
1494,
1042,
1794,
844,
79,
1129,
962,
146,
112,
110,
242,
581,
780,
626,
1019,
541,
865,
334,
527,
839,
500,
654,
332,
587,
765,
567,
509,
365,
502,
561,
720,
364,
352,
357,
668,
445,
628,
479,
501,
574,
281,
364,
788,
542,
852,
605,
247,
417,
567,
210,
512,
278,
431,
426,
355,
561,
385,
785,
394,
873,
399,
321,
292,
437,
443,
313,
489,
199,
456,
426,
359,
536,
368,
345,
555,
792,
373,
416,
417,
436,
977,
573,
614,
372,
412,
364,
561,
375,
752,
529,
1020,
392,
324,
427,
781,
473,
814,
461,
280,
357,
409,
481,
360,
390,
256,
297,
372,
460,
446,
347,
310,
320,
1336,
383,
287,
295,
484,
276,
467,
311,
343,
461,
380,
256,
526,
778,
105,
795,
258,
251,
981,
600,
256,
281,
560,
264,
727,
1298,
480,
612,
494,
1606,
639,
681,
408,
1659,
333,
910,
347,
689,
530,
577,
632,
254,
485,
953,
781,
309,
296,
260,
657,
931,
345,
450,
811,
295,
338,
482,
171,
528,
276,
845,
290,
178,
279,
635,
801,
835,
234,
465,
111,
340,
478,
221,
581,
297,
378,
260,
278,
301,
97,
454,
398,
597,
828,
741,
301,
515,
336,
340,
474,
1047,
1034,
319,
418,
1110,
411,
376,
397,
100,
517,
290,
684,
374,
475,
1085,
1042,
567,
505,
454,
514,
659,
94,
449,
532,
813,
93,
574,
575,
51,
459,
104,
129,
447,
653,
589,
146,
181,
452,
140,
125,
550,
481,
132,
120,
133,
699,
537,
175,
127,
78,
444,
120,
115,
463,
401,
114,
427,
187,
458,
506,
2103,
2101,
176,
110,
694,
1852,
663,
548,
277,
270,
428,
92,
1118,
432,
164,
344,
126,
104,
83,
302,
493,
524,
127,
520,
1106,
212,
496,
817,
534,
229,
625,
1101,
347,
49,
519,
47,
345,
700,
45,
341,
1507,
470,
81,
544,
460,
199,
518,
1018,
530,
1113,
256,
533,
969,
187,
2124,
509,
331,
260,
205,
283,
625,
1491,
1143,
2050,
670,
904,
2101,
230,
467,
218,
480,
347,
1897,
1746,
638,
299,
369,
210,
274,
1486,
505,
2185,
79,
463,
1372,
1460,
1338,
499,
275,
566,
37,
352,
263,
1315,
339,
155,
908,
1620,
724,
2045,
479,
1547,
935,
494,
1499,
1053,
872,
1597,
2207,
2080,
509,
1160,
518,
964,
430,
2143,
1162,
1792,
2012,
358,
517,
895,
960,
353,
602,
527,
339,
597,
514,
581,
513,
1328,
464,
164,
525,
963,
481,
538,
504,
460,
565,
407,
145,
406,
1134,
984,
2153,
850,
155,
854,
1428,
382,
1021,
1020,
346,
376,
433,
412,
88,
143,
996,
448,
539,
366,
812,
334,
981,
527,
604,
364,
525,
324,
301,
567,
1009,
468,
449,
152,
476,
367,
114,
485,
638,
414,
366,
149,
363,
447,
401,
471,
359,
348,
855,
330,
610,
562,
445,
818,
838,
107,
309,
745,
54,
849,
194,
690,
872,
325,
653,
509,
791,
657,
359,
572,
392,
644,
627,
352,
512,
342,
552,
385,
872,
652,
737,
374,
414,
964,
891,
701,
795,
420,
572,
864,
415,
84,
627,
824,
257,
363,
1003,
274,
599,
912,
475,
353,
298,
681,
460,
406,
373,
322,
1055,
424,
1719,
651,
415,
413,
490,
396,
647,
260,
395,
348,
404,
427,
362,
352,
747,
646,
528,
235,
317,
265,
353,
844,
581,
1045,
301,
364,
361,
444,
452,
323,
272,
350,
304,
861,
776,
671,
552,
398,
411,
370,
357,
539,
301,
407,
304,
389,
249,
572,
377,
642,
606,
493,
442,
239,
632,
333,
577,
623,
382,
356,
622,
406,
600,
1067,
329,
645,
562,
183,
352,
388,
359,
795,
317,
482,
771,
336,
338,
673,
682,
574,
531,
346,
535,
502,
424,
472,
473,
369,
306,
481,
564,
470,
463,
549,
475,
332,
762,
717,
637,
529,
550,
272,
569,
525,
492,
455,
754,
245,
585,
560,
656,
665,
139,
158,
634,
139,
647,
136,
564,
795,
515,
107,
469,
583,
843,
534,
1105,
1090,
542,
558,
577,
464,
620,
443,
260,
610,
555,
430,
477,
626,
783,
1931,
251,
496,
436,
1081,
429,
320,
1137,
184,
206,
427,
265,
2145,
1627,
444,
1083,
417,
142,
257,
504,
472,
1207,
1398,
252,
648,
180,
1813,
575,
442,
130,
402,
129,
467,
401,
181,
451,
1053,
275,
631,
643,
1171,
186,
1320,
1085,
1141,
510,
599,
223,
489,
1151,
1048,
329,
691,
938,
486,
522,
239,
469,
1074,
412,
479,
156,
189,
264,
1068,
183,
82,
448,
1074,
855,
146,
308,
171,
474,
491,
460,
473,
1128,
472,
1217,
2144,
2010,
240,
957,
238,
678,
520,
1181,
446,
529,
170,
2090,
526,
199,
563,
607,
1190,
576,
976,
174,
1251,
1563,
505,
74,
501,
696,
489,
1371,
1162,
1191,
791,
194,
131,
989,
1119,
409,
1259,
695,
537,
193,
535,
356,
1194,
363,
352,
70,
517,
788,
1045,
338,
564,
136,
189,
1044,
788,
331,
693,
1002,
315,
786,
699,
1172,
1206,
819,
784,
815,
689,
646,
478,
177,
139,
359,
353,
226,
2298,
334,
204,
333,
425,
84,
241,
1204,
780,
736,
191,
701,
1022,
526,
192,
1120,
265,
359,
531,
702,
643,
212,
305,
190,
202,
522,
173,
249,
762,
169,
454,
632,
382,
1182,
1265,
1174,
317,
360,
354,
336,
316,
163,
1841,
343,
1038,
186,
616,
356,
602,
1608,
786,
343,
925,
399,
998,
546,
709,
874,
411,
394,
590,
446,
530,
752,
477,
724,
407,
453,
423,
1076,
431,
385,
880,
876,
414,
330,
466,
336,
973,
253,
304,
396,
896,
407,
580,
439,
211,
1335,
508,
1066,
658,
546,
204,
999,
656,
38,
1707,
707,
206,
557,
269,
201,
420,
483,
197,
437,
700,
213,
1600,
1322,
892,
627,
468,
332,
369,
417,
564,
839,
453,
966,
563,
975,
530,
393,
376,
657,
833,
625,
526,
328,
568,
509,
218,
774,
383,
250,
376,
1927,
826,
488,
367,
733,
234,
435,
1267,
1558,
247,
397,
677,
580,
275,
364,
321,
246,
931,
349,
402,
473,
323,
1097,
342,
1004,
972,
407,
1539,
310,
733,
652,
324,
332,
425,
816,
385,
647,
317,
970,
75,
1095,
284,
317,
381,
331,
787,
1317,
275,
499,
227,
1919,
615,
1004,
216,
324,
205,
70,
324,
324,
195,
191,
843,
704,
712,
319,
1938,
769,
247,
242,
392,
265,
1311,
611,
566,
548,
665,
989,
162,
527,
1262,
202,
525,
901,
213,
162,
214,
261,
212,
743,
226,
567,
225,
1250,
205,
672,
156,
169,
184,
252,
164,
662,
660,
203,
678,
163,
282,
236,
154,
1323,
1321,
885,
493,
141,
1334,
132,
1337,
568,
1322,
683,
109,
502,
107,
1069,
841,
486,
308,
818,
324,
139,
304,
805,
282,
705,
278,
1019,
314,
1356,
158,
338,
278,
691,
106,
709,
913,
788,
708,
239,
582,
970,
381,
753,
482,
908,
545,
679,
582,
530,
347,
164,
171,
578,
1170,
468,
342,
336,
283,
280,
348,
1268,
173,
464,
491,
1460,
323,
457,
1105,
645,
39,
474,
679,
315,
282,
38,
455,
79,
454,
76,
304,
310,
453,
126,
449,
257,
446,
362,
361,
269,
441,
138,
371,
376,
851,
134,
138,
183,
1021,
417,
124,
554,
659,
509,
77,
117,
506,
1024,
584,
1023,
1059,
1022,
1015,
370,
343,
428,
1009,
336,
309,
303,
240,
210,
965,
784,
78,
160,
1994,
380,
289,
548,
338,
605,
569,
195,
465,
241,
464,
1406,
719,
531,
454,
789,
539,
268,
477,
426,
372,
461,
425,
564,
423,
798,
333,
1091,
460,
552,
324,
332,
370,
323,
984,
452,
1070,
445,
765,
578,
588,
524,
561,
272,
321,
546,
322,
421,
332,
350,
488,
261,
397,
881,
464,
494,
602,
630,
583,
328,
653,
432,
596,
298,
341,
276,
220,
726,
475,
204,
690,
2074,
806,
443,
446,
1694,
615,
442,
1217,
754,
763,
986,
386,
1447,
1416,
263,
534,
411,
1016,
707,
470,
977,
686,
366,
916,
826,
1375,
640,
722,
820,
861,
676,
205,
820,
685,
411,
795,
1247,
674,
575,
889,
1279,
806,
1266,
981,
409,
1042,
466,
487,
541,
792,
439,
397,
337,
785,
1193,
421,
634,
465,
1085,
381,
906,
383,
603,
1263,
756,
702,
819,
1264,
734,
443,
1005,
608,
818,
457,
801,
1151,
590,
234,
563,
383,
272,
597,
557,
603,
182,
396,
1342,
365,
335,
382,
1201,
188,
544,
977,
1211,
382,
1020,
499,
915,
354,
343,
308,
1529,
768,
1264,
322,
452,
635,
1256,
278,
234,
465,
720,
583,
269,
437,
167,
230,
218,
526,
150,
280,
822,
184,
1066,
404,
141,
279,
147,
772,
740,
127,
128,
606,
206,
487,
389,
391,
142,
1044,
372,
178,
816,
309,
250,
1043,
808,
125,
120,
417,
234,
847,
1043,
744,
108,
440,
787,
1215,
856,
813,
107,
775,
513,
94,
822,
277,
100,
337,
432,
97,
179,
1411,
1262,
875,
1171,
134,
445,
74,
1429,
61,
319,
149,
478,
713,
114,
784,
1265,
662,
404,
634,
1076,
115,
1142,
1189,
865,
1120,
115,
356,
1499,
1513,
541,
360,
640,
1169,
619,
1110,
594,
793,
76,
1530,
71,
650,
863,
312,
649,
62,
400,
60,
719,
551,
305,
672,
309,
432,
412,
298,
74,
279,
383,
643,
335,
2416,
564,
629,
860,
1197,
353,
1901,
1958,
477,
632,
75,
844,
629,
613,
564,
329,
295,
555,
325,
191,
344,
548,
513,
482,
41,
2690,
450,
2599,
304,
311,
2134,
315,
1132,
277,
917,
122,
506,
247,
251,
124,
72,
1714,
84,
252,
288,
215,
188,
1020,
1433,
1524,
78,
1468,
1510,
1931,
798,
2125,
2145,
1746,
51,
485,
1044,
884,
132,
401,
484,
1130,
314,
1322,
409,
383,
374,
1082,
325,
95,
495,
1296,
91,
373,
371,
1059,
1278,
174,
239,
888,
272,
1248,
232,
365,
284,
280,
899,
1213,
1535,
789,
133,
157,
550,
875,
746,
1068,
313,
644,
1034,
1070,
285,
1165,
419,
485,
602,
1192,
543,
1116,
726,
542,
586,
562,
436,
538,
527,
443,
587,
437,
519,
348,
800,
1137,
596,
515,
1555,
962,
557,
245,
314,
334,
486,
421,
985,
1375,
454,
187,
814,
524,
359,
785,
479,
1359,
515,
777,
783,
643,
487,
156,
807,
339,
1207,
574,
930,
473,
760,
534,
789,
374,
462,
542,
466,
436,
930,
222,
507,
456,
461,
819,
481,
423,
753,
491,
835,
596,
503,
391,
426,
502,
487,
585,
530,
365,
479,
467,
376,
501,
725,
929,
962,
187,
376,
550,
369,
468,
565,
550,
511,
650,
1064,
928,
595,
362,
482,
827,
608,
404,
517,
184,
471,
940,
278,
433,
1617,
831,
359,
530,
165,
1148,
812,
1551,
770,
414,
555,
382,
938,
1122,
511,
833,
459,
640,
609,
946,
584,
656,
517,
896,
387,
590,
550,
545,
950,
368,
758,
597,
877,
404,
758,
607,
892,
399,
612,
547,
422,
954,
845,
177,
1153,
934,
323,
309,
663,
165,
849,
352,
341,
384,
746,
365,
633,
269,
282,
411,
754,
650,
608,
407,
518,
968,
639,
351,
673,
1108,
375,
97,
317,
849,
452,
381,
459,
524,
82,
657,
622,
2555,
387,
601,
386,
902,
155,
404,
469,
624,
1634,
1585,
601,
879,
378,
1567,
335,
422,
1135,
54,
937,
875,
437,
617,
884,
286,
804,
444,
278,
1094,
2115,
1154,
469,
55,
868,
1084,
613,
769,
754,
958,
52,
148,
1072,
1028,
1564,
360,
148,
635,
397,
1417,
336,
720,
203,
637,
330,
42,
353,
178,
661,
647,
463,
2584,
184,
177,
779,
2160,
461,
1036,
131,
608,
448,
461,
2038,
2580,
452,
664,
419,
367,
429,
789,
410,
852,
788,
546,
674,
417,
594,
494,
654,
362,
339,
494,
487,
436,
243,
213,
492,
685,
149,
254,
229,
463,
285,
77,
198,
670,
39,
462,
540,
224,
479,
289,
444,
296,
42,
279,
186,
405,
302,
571,
289,
1541,
1196,
2368,
954,
447,
678,
1873,
73,
77,
2859,
920,
271,
1584,
937,
350,
356,
252,
972,
295,
269,
261,
78,
250,
919,
257,
111,
95,
146,
568,
222,
288,
2245,
1640,
2832,
1652,
1177,
2864,
677,
2842,
2833,
1596,
615,
374,
400,
2310,
794,
621,
2383,
1421,
1756,
1297,
714,
89,
79,
2309,
310,
583,
1733,
2852,
2386,
2309,
264,
2241,
451,
1193,
509,
582,
432,
1175,
424,
559,
476,
408,
454,
2270,
1056,
212,
447,
844,
1804,
586,
624,
2111,
733,
981,
529,
2279,
1414,
555,
526,
2264,
598,
1625,
456,
2395,
512,
749,
1650,
452,
412,
680,
569,
551,
550,
544,
1637,
491,
507,
1456,
445,
551,
491,
1879,
505,
1688,
384,
598,
505,
940,
548,
1854,
740,
1672,
1245,
171,
366,
904,
1695,
163,
405,
409,
493,
156,
506,
1164,
423,
734,
840,
149,
502,
639,
739,
763,
1410,
470,
389,
664,
711,
1636,
1018,
1274,
141,
1252,
1402,
1010,
1009,
2469,
483,
136,
791,
127,
500,
1238,
482,
1122,
984,
1008,
715,
690,
1655,
605,
396,
1001,
1133,
471,
111,
499,
912,
417,
795,
414,
110,
783,
72,
1656,
474,
431,
394,
421,
1049,
783,
1561,
599,
490,
466,
781,
793,
494,
1750,
732,
1726,
69,
48,
1017,
486,
849,
68,
1141,
2285,
44,
434,
468,
772,
479,
425,
497,
453,
1889,
345,
331,
1898,
361,
370,
1207,
827,
1740,
1164,
567,
770,
2434,
742,
435,
1057,
396,
422,
1930,
1021,
711,
779,
783,
2263,
397,
681,
516,
814,
296,
408,
491,
428,
651,
124,
806,
802,
715,
462,
385,
1984,
1364,
2097,
383,
788,
306,
769,
1127,
673,
1774,
1798,
392,
1448,
632,
1150,
354,
392,
412,
358,
1153,
802,
649,
234,
1808,
127,
663,
375,
1694,
630,
140,
1737,
1627,
640,
467,
616,
134,
131,
599,
229,
137,
1288,
695,
447,
701,
1628,
219,
1699,
1324,
655,
1190,
218,
1759,
576,
211,
861,
645,
845,
331,
704,
208,
640,
2148,
533,
2076,
503,
868,
2635,
635,
458,
572,
731,
2058,
710,
1463,
2588,
464,
76,
567,
74,
1469,
641,
498,
2633,
731,
567,
289,
516,
421,
489,
284,
388,
667,
465,
396,
303,
400,
472,
80,
277,
1167,
353,
409,
313,
464,
309,
516,
352,
491,
1439,
220,
298,
514,
78,
374,
566,
467,
1868,
1657,
302,
508,
321,
149,
382,
546,
204,
1980,
489,
501,
1646,
1615,
76,
485,
324,
1612,
1230,
1608,
311,
1503,
311,
299,
1480,
76,
307,
1374,
1450,
1396,
485,
1424,
1356,
484,
292,
1226,
120,
736,
288,
610,
113,
131,
1264,
692,
104,
284,
1242,
291,
450,
335,
277,
1373,
273,
710,
1319,
1935,
217,
3016,
268,
778,
1958,
259,
257,
457,
1720,
602,
76,
303,
2435,
1656,
258,
224,
253,
1710,
1601,
76,
77,
2168,
2068,
548,
519,
63,
2387,
2040,
1634,
637,
736,
1751,
2154,
2223,
1662,
1850,
743,
755,
715,
1801,
1536,
696,
1448,
84,
627,
1502,
1971,
1541,
612,
1376,
671,
274,
616,
3059,
1580,
556,
652,
1070,
1464,
463,
2030,
2537,
482,
53,
435,
480,
373,
182,
409,
1841,
160,
457,
389,
481,
280,
437,
386,
3028,
68,
377,
583,
381,
1138,
2033,
375,
681,
580,
724,
696,
129,
574,
515,
598,
122,
513,
597,
154,
1140,
480,
488,
400,
137,
401,
853,
2053,
941,
407,
471,
738,
387,
235,
489,
477,
757,
537,
1143,
705,
502,
771,
449,
399,
1142,
645,
932,
822,
380,
626,
523,
100,
551,
940,
1140,
704,
337,
494,
90,
2046,
1283,
1139,
64,
772,
885,
497,
707,
400,
953,
1222,
660,
399,
1892,
2244,
532,
720,
537,
697,
2515,
560,
1164,
462,
2026,
1741,
858,
2420,
677,
902,
2361,
1730,
660,
698,
370,
810,
522,
781,
401,
501,
797,
669,
730,
501,
435,
534,
1443,
522,
681,
783,
973,
411,
430,
512,
918,
539,
537,
466,
725,
572,
604,
915,
489,
479,
525,
493,
1198,
532,
478,
530,
976,
436,
1960,
1088,
1207,
917,
476,
722,
535,
444,
458,
921,
686,
528,
357,
470,
524,
816,
2686,
463,
558,
563,
2384,
265,
527,
498,
512,
486,
493,
537,
822,
452,
2222,
348,
1555,
2664,
1649,
610,
728,
506,
217,
167,
414,
2620,
931,
655,
314,
354,
715,
939,
380,
911,
361,
400,
573,
252,
499,
385,
452,
837,
344,
946,
297,
2198,
442,
693,
2134,
607,
475,
363,
703,
2064,
1166,
374,
375,
625,
606,
664,
2046,
855,
598,
1119,
455,
716,
760,
577,
704,
2771,
661,
709,
2766,
1502,
869,
560,
210,
1366,
358,
547,
1494,
949,
118,
201,
128,
2018,
540,
542,
609,
1781,
516,
583,
523,
193,
1628,
709,
1234,
1492,
121,
800,
537,
1733,
2024,
1999,
1642,
1850,
2699,
76,
507,
1660,
1832,
296,
406,
457,
1676,
78,
1593,
1662,
250,
1652,
1594,
1559,
582,
1539,
1336,
389,
1533,
1362,
403,
2245,
509,
863,
352,
532,
469,
829,
195,
910,
765,
1988,
562,
476,
561,
1175,
456,
522,
436,
490,
429,
473,
437,
2158,
479,
443,
430,
1231,
1220,
436,
432,
1144,
1882,
198,
207,
727,
397,
1102,
1877,
3187,
186,
390,
1364,
382,
1871,
74,
1652,
198,
1313,
608,
2000,
1785,
1452,
1076,
1413,
1319,
417,
370,
545,
1552,
1277,
1077,
395,
229,
2276,
1759,
343,
152,
784,
1070,
394,
89,
1700,
180,
98,
3116,
456,
762,
90,
293,
1064,
563,
85,
92,
533,
826,
865,
221,
772,
890,
244,
934,
865,
446,
548,
164,
861,
236,
1923,
623,
1942,
502,
230,
859,
454,
522,
264,
442,
2116,
861,
679,
469,
851,
375,
108,
326,
393,
607,
401,
147,
179,
371,
608,
340,
374,
338,
308,
180,
271,
323,
330,
250,
155,
393,
48,
259,
392,
572,
1008,
234,
520,
249,
929,
374,
461,
762,
279,
368,
223,
1145,
201,
354,
518,
1132,
487,
347,
460,
480,
641,
832,
214,
725,
330,
211,
428,
716,
677,
164,
347,
356,
152,
560,
1290,
916,
142,
172,
340,
325,
82,
191,
170,
577,
891,
330,
318,
214,
2126,
805,
70,
317,
156,
177,
586,
2724,
577,
140,
696,
743,
309,
171,
569,
2718,
135,
651,
2708,
171,
164,
1364,
1175,
489,
544,
1195,
640,
905,
1094,
489,
2126,
626,
816,
387,
230,
2396,
376,
857,
707,
1012,
397,
2127,
896,
129,
555,
1088,
104,
546,
1306,
102,
108,
585,
587,
839,
144,
93,
2141,
474,
206,
41,
2127,
2713,
458,
837,
497,
795,
543,
1783,
591,
720,
980,
564,
535,
564,
605,
553,
437,
652,
206,
295,
641,
825,
498,
595,
529,
492,
999,
823,
43,
433,
348,
481,
365,
365,
475,
2731,
47,
882,
848,
642,
509,
391,
372,
403,
2730,
903,
552,
619,
398,
624,
531,
441,
523,
954,
548,
842,
608,
2534,
503,
796,
385,
468,
219,
939,
507,
198,
484,
206,
794,
2527,
700,
790,
441,
40,
521,
600,
839,
405,
619,
281,
839,
408,
431,
697,
369,
170,
602,
625,
318,
592,
623,
612,
632,
382,
374,
579,
761,
583,
1194,
496,
326,
533,
664,
613,
612,
599,
879,
598,
382,
628,
519,
397,
432,
600,
438,
1121,
368,
786,
268,
140,
464,
353,
50,
616,
245,
760,
239,
122,
372,
364,
564,
298,
486,
575,
319,
317,
376,
126,
224,
258,
184,
45,
362,
318,
232,
419,
75,
288,
354,
736,
1278,
313,
231,
417,
350,
1535,
446,
729,
399,
296,
473,
517,
993,
646,
401,
479,
15,
455,
428,
368,
440,
244,
993,
399,
401,
478,
394,
275,
210,
285,
509,
374,
986,
653,
479,
364,
647,
567,
2053,
473,
742,
636,
436,
352,
562,
509,
975,
255,
595,
684,
251,
279,
392,
1274,
401,
595,
320,
1922,
1103,
268,
1266,
481,
1266,
239,
325,
222,
458,
220,
160,
571,
1128,
160,
442,
812,
1115,
673,
692,
72,
85,
761,
1116,
679,
446,
1954,
288,
831,
269,
431,
821,
820,
262,
808,
493,
1134,
682,
678,
1667,
993,
982,
559,
1601,
531,
170,
1764,
1460,
530,
445,
532,
770,
529,
762,
1243,
924,
768,
668,
771,
219,
601,
813,
1107,
757,
758,
872,
748,
768,
278,
537,
1087,
219,
1755,
963,
507,
1080,
1107,
356,
528,
657,
1102,
684,
1065,
1118,
525,
210,
280,
750,
505,
197,
604,
771,
532,
1145,
368,
524,
484,
998,
584,
436,
759,
391,
520,
337,
445,
248,
906,
470,
467,
483,
1094,
401,
789,
580,
593,
464,
517,
1116,
1410,
458,
419,
892,
398,
382,
358,
990,
502,
338,
511,
976,
376,
431,
552,
231,
236,
950,
556,
1207,
433,
228,
223,
843,
510,
387,
172,
937,
1603,
563,
386,
441,
398,
1121,
1618,
820,
463,
554,
409,
2053,
845,
1217,
477,
481,
335,
438,
206,
425,
560,
1742,
490,
328,
795,
355,
166,
721,
525,
588,
985,
506,
448,
528,
113,
1778,
834,
387,
436,
1024,
1747,
1754,
845,
1215,
1130,
443,
432,
389,
383,
1126,
517,
380,
367,
1802,
1034,
598,
408,
593,
512,
608,
884,
566,
1387,
964,
813,
1698,
529,
341,
1857,
279,
994,
404,
835,
1772,
1302,
430,
448,
866,
1001,
412,
206,
402,
1860,
698,
851,
139,
460,
2164,
344,
2003,
950,
216,
501,
1444,
394,
447,
129,
494,
1438,
1270,
1539,
213,
1773,
1287,
1121,
129,
1783,
98,
931,
1819,
1265,
2142,
411,
99,
692,
1093,
86,
57,
94,
476,
694,
951,
457,
487,
81,
894,
2309,
832,
695,
449,
1798,
397,
83,
903,
479,
2681,
834,
698,
1454,
695,
457,
313,
311,
2685,
293,
1473,
1299,
2834,
897,
2813,
640,
900,
514,
2324,
548,
482,
2680,
696,
934,
509,
737,
2292,
399,
503,
341,
484,
1583,
1441,
1492,
2811,
668,
1489,
2808,
360,
295,
2278,
1909,
74,
783,
1953,
1929,
1953,
1929,
530,
1853,
878,
1913,
1763,
480,
1836,
2703,
775,
668,
282,
1332,
202,
1485,
785,
687,
781,
769,
1448,
302,
314,
180,
1883,
335,
225,
875,
89,
1501,
238,
530,
1767,
1898,
326,
2002,
205,
258,
324,
874,
226,
1167,
213,
1356,
2230,
769,
870,
1280,
958,
749,
387,
1763,
255,
870,
762,
197,
854,
1233,
1739,
837,
191,
960,
555,
244,
805,
1222,
1406,
173,
555,
1854,
1214,
980,
554,
720,
668,
1791,
1887,
550,
652,
540,
206,
352,
73,
550,
815,
481,
1889,
839,
1787,
547,
1911,
240,
1388,
855,
2183,
724,
1298,
2140,
1600,
402,
499,
719,
344,
171,
309,
326,
1911,
1778,
2444,
325,
2205,
242,
2049,
297,
1936,
2369,
282,
2328,
201,
1179,
267,
273,
197,
546,
260,
550,
1112,
622,
1104,
633,
1116,
646,
557,
709,
260,
842,
1049,
489,
1175,
1144,
1522,
811,
546,
1174,
1148,
808,
644,
815,
1118,
434,
428,
1025,
914,
711,
232,
828,
2019,
229,
829,
879,
236,
545,
325,
438,
776,
256,
769,
522,
750,
245,
853,
1006,
642,
422,
755,
811,
656,
859,
955,
809,
1034,
751,
827,
239,
987,
691,
518,
990,
803,
675,
765,
954,
844,
640,
891,
1898,
727,
378,
238,
671,
858,
368,
189,
699,
529,
459,
665,
394,
440,
184,
517,
1380,
1461,
490,
400,
724,
626,
494,
221,
1004,
397,
1067,
782,
383,
1238,
646,
803,
683,
806,
683,
231,
459,
499,
771,
1084,
171,
166,
1026,
395,
601,
975,
47,
384,
1689,
478,
264,
731,
769,
490,
639,
411,
756,
738,
371,
440,
821,
466,
408,
487,
394,
387,
762,
489,
385,
455,
347,
48,
216,
383,
402,
1420,
736,
991,
600,
383,
372,
215,
646,
988,
1285,
393,
366,
737,
474,
211,
527,
1411,
826,
1277,
1047,
463,
374,
762,
365,
351,
553,
363,
399,
362,
827,
552,
397,
503,
401,
1039,
45,
988,
388,
619,
989,
356,
687,
499,
1115,
38,
383,
810,
325,
645,
1955,
459,
754,
721,
1757,
376,
667,
625,
2033,
324,
187,
603,
610,
537,
480,
789,
323,
634,
1145,
391,
430,
39,
1169,
497,
548,
781,
441,
309,
740,
425,
38,
1015,
458,
254,
535,
239,
406,
291,
850,
449,
761,
252,
120,
470,
367,
92,
101,
1726,
96,
207,
1863,
256,
376,
428,
184,
202,
741,
176,
662,
159,
43,
281,
1502,
39,
173,
336,
678,
145,
316,
322,
1513,
327,
38,
262,
823,
275,
618,
1993,
1018,
486,
929,
1342,
78,
860,
698,
415,
832,
670,
875,
959,
525,
517,
556,
460,
645,
549,
1513,
527,
698,
946,
471,
318,
1496,
2362,
513,
794,
782,
955,
837,
946,
569,
467,
328,
675,
335,
550,
298,
908,
907,
922,
704,
289,
584,
644,
557,
232,
319,
269,
306,
514,
2315,
117,
341,
78,
339,
299,
937,
182,
268,
258,
259,
816,
710,
883,
2097,
134,
860,
1949,
882,
168,
822,
1019,
1958,
875,
1009,
117,
551,
863,
834,
84,
564,
992,
806,
390,
802,
345,
1725,
76,
800,
338,
1741,
337,
799,
1402,
1577,
745,
745,
876,
325,
181,
925,
875,
3739,
1307,
742,
892,
3166,
170,
2531,
730,
974,
1895,
732,
697,
425,
162,
2549,
685,
148,
153,
138,
126,
108,
120,
225,
274,
446,
586,
466,
443,
703,
1329,
103,
607,
578,
1494,
1135,
274,
989,
256,
525,
595,
117,
2308,
670,
230,
546,
590,
1207,
2647,
504,
528,
231,
562,
543,
466,
530,
3168,
257,
681,
571,
1584,
443,
307,
354,
