33,
34,
42,
37,
34,
32,
34,
33,
40,
57,
39,
41,
40,
71,
73,
80,
107,
70,
37,
96,
63,
50,
116,
58,
115,
48,
45,
115,
117,
126,
44,
41,
110,
42,
33,
115,
135,
41,
101,
39,
43,
98,
137,
36,
117,
152,
101,
40,
145,
107,
113,
112,
168,
138,
98,
107,
183,
163,
170,
167,
141,
97,
133,
137,
131,
118,
189,
71,
131,
165,
170,
162,
187,
186,
83,
165,
163,
108,
175,
183,
202,
168,
169,
183,
176,
190,
161,
142,
158,
61,
185,
104,
78,
138,
167,
156,
174,
148,
149,
53,
50,
167,
122,
164,
45,
111,
162,
147,
48,
203,
167,
37,
121,
162,
213,
160,
135,
204,
158,
189,
162,
199,
98,
223,
175,
170,
223,
110,
227,
151,
186,
37,
128,
173,
179,
221,
145,
211,
181,
223,
219,
171,
225,
137,
216,
211,
166,
135,
220,
151,
195,
144,
223,
147,
229,
211,
189,
171,
190,
215,
37,
152,
189,
207,
165,
184,
236,
169,
192,
158,
196,
38,
183,
170,
133,
39,
154,
130,
138,
202,
227,
177,
195,
42,
214,
176,
224,
154,
109,
44,
96,
90,
53,
136,
72,
144,
42,
136,
161,
197,
147,
137,
132,
49,
94,
138,
77,
66,
37,
141,
111,
185,
137,
215,
134,
186,
292,
180,
221,
138,
256,
191,
229,
144,
80,
239,
205,
40,
221,
235,
143,
69,
195,
207,
234,
139,
41,
231,
247,
192,
297,
186,
237,
108,
60,
228,
198,
196,
243,
218,
298,
59,
138,
220,
191,
173,
212,
143,
57,
204,
195,
289,
200,
185,
298,
191,
165,
122,
174,
58,
201,
204,
55,
122,
176,
219,
182,
58,
236,
163,
171,
197,
166,
224,
171,
288,
57,
187,
182,
281,
56,
157,
172,
135,
197,
171,
53,
183,
137,
251,
148,
164,
267,
166,
222,
242,
243,
146,
40,
207,
258,
273,
242,
186,
218,
229,
249,
178,
206,
56,
116,
119,
191,
182,
181,
46,
209,
252,
168,
200,
175,
148,
227,
297,
138,
284,
133,
38,
322,
199,
37,
160,
229,
297,
146,
239,
154,
179,
211,
222,
306,
157,
196,
230,
197,
195,
265,
120,
185,
38,
193,
261,
321,
154,
241,
125,
225,
219,
189,
144,
90,
40,
113,
179,
39,
201,
79,
95,
98,
250,
204,
103,
228,
40,
181,
165,
217,
153,
77,
318,
261,
187,
151,
159,
132,
42,
233,
116,
201,
112,
233,
148,
208,
230,
245,
208,
229,
77,
217,
241,
178,
79,
72,
244,
216,
178,
193,
166,
166,
216,
188,
68,
199,
246,
169,
199,
165,
203,
331,
305,
67,
245,
195,
174,
57,
200,
183,
168,
163,
141,
140,
183,
118,
136,
134,
255,
249,
51,
127,
112,
57,
242,
197,
167,
219,
241,
162,
181,
51,
166,
179,
160,
317,
177,
244,
144,
185,
122,
310,
209,
154,
205,
143,
152,
274,
44,
184,
296,
164,
136,
128,
170,
222,
341,
223,
206,
286,
169,
263,
257,
44,
147,
231,
164,
334,
227,
165,
256,
221,
185,
189,
264,
185,
184,
158,
180,
37,
293,
216,
173,
151,
272,
215,
172,
146,
142,
159,
158,
244,
347,
35,
149,
313,
224,
252,
222,
134,
178,
346,
174,
166,
196,
186,
268,
364,
183,
152,
142,
243,
155,
235,
222,
167,
80,
170,
74,
188,
84,
393,
141,
111,
206,
327,
104,
81,
278,
153,
243,
112,
233,
86,
76,
96,
235,
192,
82,
122,
52,
117,
151,
41,
165,
193,
113,
147,
84,
147,
42,
61,
178,
149,
169,
121,
289,
343,
118,
45,
136,
248,
242,
117,
234,
219,
214,
80,
328,
164,
203,
191,
307,
246,
372,
244,
84,
203,
241,
176,
110,
223,
236,
180,
192,
172,
253,
282,
70,
172,
193,
219,
231,
187,
229,
64,
197,
377,
189,
196,
183,
179,
237,
60,
353,
144,
117,
351,
38,
189,
57,
167,
103,
252,
193,
173,
112,
137,
188,
148,
172,
251,
191,
43,
173,
170,
211,
206,
341,
266,
162,
245,
159,
200,
384,
241,
399,
227,
34,
207,
259,
302,
178,
248,
194,
360,
208,
165,
384,
223,
316,
147,
149,
227,
218,
371,
208,
179,
190,
35,
224,
376,
223,
165,
297,
354,
138,
195,
170,
224,
209,
303,
348,
219,
169,
36,
344,
169,
42,
180,
180,
256,
295,
178,
263,
208,
170,
119,
202,
139,
156,
173,
138,
209,
151,
199,
173,
157,
179,
414,
112,
238,
300,
334,
90,
56,
294,
316,
94,
180,
137,
46,
188,
39,
75,
136,
48,
115,
194,
42,
396,
192,
42,
191,
214,
244,
158,
168,
183,
168,
142,
196,
175,
154,
197,
192,
222,
324,
190,
230,
225,
83,
239,
391,
158,
234,
82,
192,
252,
82,
239,
155,
237,
150,
196,
208,
420,
220,
227,
421,
111,
217,
189,
61,
193,
174,
175,
153,
410,
220,
205,
228,
193,
203,
69,
241,
219,
138,
58,
109,
143,
178,
222,
163,
234,
217,
175,
174,
52,
202,
192,
140,
207,
91,
219,
254,
397,
201,
52,
137,
225,
174,
217,
217,
42,
238,
135,
137,
128,
40,
425,
212,
205,
236,
185,
162,
181,
203,
289,
170,
119,
216,
169,
47,
323,
171,
204,
288,
266,
291,
448,
48,
194,
118,
433,
238,
247,
170,
279,
178,
251,
198,
312,
421,
232,
156,
200,
228,
43,
283,
165,
419,
148,
160,
144,
288,
143,
228,
393,
402,
152,
42,
189,
125,
388,
318,
258,
125,
361,
424,
182,
192,
303,
189,
371,
284,
242,
100,
136,
231,
311,
97,
298,
129,
107,
231,
124,
98,
141,
129,
43,
91,
126,
231,
111,
89,
189,
448,
121,
78,
166,
438,
70,
71,
190,
210,
170,
205,
248,
154,
169,
407,
133,
151,
198,
233,
221,
212,
344,
240,
162,
215,
280,
235,
181,
79,
450,
288,
246,
223,
214,
187,
222,
234,
232,
241,
222,
79,
283,
201,
239,
119,
311,
158,
231,
213,
436,
148,
220,
76,
453,
224,
179,
260,
218,
43,
72,
219,
202,
378,
199,
131,
233,
175,
244,
242,
114,
209,
154,
192,
176,
484,
150,
107,
147,
176,
182,
169,
169,
195,
175,
236,
273,
259,
133,
199,
211,
267,
221,
304,
420,
145,
495,
217,
227,
214,
327,
379,
146,
417,
170,
316,
63,
44,
232,
293,
168,
228,
227,
42,
380,
323,
217,
257,
224,
154,
282,
296,
225,
139,
453,
165,
153,
149,
199,
194,
124,
274,
170,
294,
194,
160,
234,
251,
263,
39,
219,
166,
161,
207,
218,
204,
180,
264,
219,
224,
156,
469,
227,
239,
124,
226,
37,
180,
132,
71,
235,
63,
332,
304,
267,
498,
524,
68,
60,
129,
255,
194,
202,
220,
151,
185,
145,
203,
173,
140,
351,
465,
193,
114,
170,
185,
148,
132,
405,
72,
140,
75,
208,
269,
142,
150,
275,
275,
238,
193,
262,
92,
248,
230,
258,
91,
220,
213,
190,
90,
44,
263,
195,
234,
177,
243,
171,
239,
471,
208,
85,
292,
249,
231,
168,
244,
464,
254,
159,
85,
58,
206,
221,
219,
263,
231,
444,
434,
217,
160,
76,
121,
141,
189,
110,
207,
159,
202,
72,
153,
361,
190,
157,
524,
235,
167,
277,
200,
115,
264,
227,
250,
211,
210,
491,
200,
302,
161,
254,
174,
160,
68,
279,
321,
216,
236,
190,
153,
445,
345,
66,
242,
196,
175,
227,
153,
237,
153,
206,
196,
215,
281,
208,
40,
261,
524,
260,
63,
208,
161,
193,
293,
178,
206,
314,
169,
171,
259,
174,
505,
213,
216,
143,
269,
47,
183,
505,
41,
182,
386,
476,
154,
261,
290,
272,
166,
223,
190,
550,
123,
199,
179,
167,
186,
209,
96,
107,
373,
249,
473,
288,
500,
342,
133,
285,
92,
222,
253,
348,
399,
137,
210,
109,
382,
110,
205,
243,
326,
341,
46,
249,
111,
97,
374,
60,
110,
145,
89,
124,
280,
187,
127,
129,
143,
208,
188,
39,
210,
62,
178,
230,
254,
231,
240,
183,
472,
226,
103,
168,
245,
251,
243,
183,
234,
237,
191,
212,
367,
256,
152,
237,
230,
148,
217,
247,
234,
236,
173,
39,
94,
105,
539,
266,
208,
220,
226,
244,
93,
206,
229,
92,
184,
255,
125,
176,
229,
130,
204,
215,
92,
204,
202,
119,
247,
213,
548,
229,
88,
226,
205,
145,
191,
204,
201,
84,
210,
146,
341,
277,
127,
38,
110,
126,
200,
139,
288,
240,
206,
127,
207,
194,
209,
239,
207,
195,
248,
180,
269,
202,
171,
200,
314,
231,
326,
325,
333,
243,
321,
167,
43,
72,
45,
215,
307,
213,
213,
228,
179,
169,
278,
296,
233,
204,
207,
244,
252,
68,
175,
307,
180,
244,
259,
116,
318,
176,
174,
169,
281,
150,
212,
199,
321,
248,
200,
261,
142,
236,
136,
105,
182,
300,
41,
180,
80,
133,
123,
261,
289,
175,
301,
43,
166,
279,
515,
520,
77,
259,
258,
598,
150,
37,
293,
125,
591,
554,
44,
124,
260,
95,
77,
92,
536,
298,
212,
191,
210,
681,
189,
206,
197,
570,
633,
188,
134,
164,
133,
43,
632,
430,
126,
244,
176,
160,
142,
230,
574,
232,
363,
70,
222,
239,
177,
183,
115,
68,
275,
260,
290,
332,
224,
305,
246,
241,
632,
414,
110,
178,
221,
204,
252,
149,
616,
245,
253,
109,
590,
170,
223,
228,
219,
252,
159,
105,
205,
590,
191,
101,
589,
127,
209,
210,
230,
193,
178,
145,
95,
242,
239,
154,
227,
191,
204,
111,
93,
137,
233,
119,
217,
168,
139,
222,
89,
253,
183,
556,
238,
262,
463,
195,
393,
143,
207,
165,
453,
169,
84,
225,
180,
246,
145,
83,
172,
552,
225,
564,
274,
278,
230,
243,
288,
227,
231,
140,
563,
195,
129,
269,
145,
338,
135,
226,
233,
262,
206,
43,
193,
567,
353,
325,
118,
191,
236,
577,
249,
153,
330,
215,
252,
132,
214,
593,
270,
183,
619,
224,
252,
301,
110,
151,
173,
652,
149,
227,
650,
152,
194,
222,
113,
330,
188,
285,
128,
255,
133,
139,
306,
120,
145,
661,
401,
42,
112,
360,
141,
245,
63,
61,
400,
618,
123,
208,
93,
423,
399,
89,
86,
222,
219,
216,
149,
211,
555,
177,
165,
189,
531,
46,
242,
191,
41,
44,
564,
195,
589,
68,
175,
242,
168,
124,
113,
183,
159,
73,
588,
273,
226,
258,
278,
126,
122,
245,
237,
234,
42,
172,
115,
173,
233,
194,
201,
259,
196,
239,
134,
242,
255,
227,
253,
620,
43,
175,
242,
193,
234,
231,
290,
241,
250,
112,
190,
323,
227,
97,
159,
195,
571,
614,
105,
217,
296,
138,
380,
124,
204,
169,
196,
273,
289,
247,
566,
328,
229,
134,
186,
224,
270,
191,
316,
415,
566,
108,
233,
262,
257,
628,
404,
232,
279,
103,
332,
275,
199,
646,
155,
102,
207,
334,
274,
132,
168,
251,
379,
205,
244,
188,
198,
117,
232,
184,
284,
101,
152,
232,
231,
216,
44,
170,
153,
164,
279,
169,
199,
97,
359,
174,
150,
240,
202,
259,
645,
99,
100,
138,
211,
405,
161,
640,
157,
196,
155,
306,
296,
96,
423,
136,
192,
325,
285,
294,
276,
179,
230,
395,
104,
298,
236,
111,
257,
389,
401,
258,
302,
359,
138,
199,
119,
135,
79,
86,
292,
83,
97,
49,
84,
208,
68,
206,
192,
202,
43,
200,
191,
41,
39,
376,
200,
63,
187,
235,
138,
248,
261,
219,
267,
156,
197,
125,
178,
179,
209,
263,
420,
184,
259,
257,
138,
277,
174,
206,
271,
88,
39,
89,
116,
170,
198,
327,
297,
201,
93,
212,
273,
233,
229,
82,
114,
290,
207,
97,
189,
115,
163,
259,
297,
207,
242,
93,
214,
218,
270,
226,
265,
251,
139,
165,
240,
102,
640,
298,
250,
204,
269,
123,
224,
163,
232,
187,
160,
236,
250,
362,
50,
209,
390,
41,
113,
371,
195,
213,
207,
225,
208,
246,
178,
232,
135,
54,
145,
194,
355,
204,
163,
42,
245,
215,
147,
191,
280,
321,
185,
406,
168,
182,
192,
226,
412,
223,
177,
357,
222,
233,
684,
311,
328,
169,
181,
372,
387,
706,
279,
150,
186,
190,
214,
197,
193,
161,
157,
143,
162,
231,
660,
127,
275,
179,
202,
554,
170,
192,
226,
762,
44,
245,
617,
327,
99,
366,
186,
704,
103,
665,
248,
702,
263,
166,
145,
153,
117,
692,
143,
124,
320,
47,
249,
84,
278,
43,
391,
56,
384,
657,
113,
48,
403,
98,
369,
95,
199,
89,
378,
80,
72,
79,
67,
414,
380,
725,
253,
139,
37,
683,
207,
740,
247,
214,
202,
273,
229,
211,
380,
208,
199,
211,
378,
187,
92,
686,
168,
202,
143,
280,
177,
286,
375,
42,
340,
296,
143,
160,
230,
100,
335,
142,
598,
296,
321,
141,
166,
292,
343,
232,
335,
134,
317,
395,
679,
585,
126,
315,
240,
227,
283,
173,
287,
254,
120,
590,
237,
235,
211,
253,
682,
682,
307,
122,
128,
273,
196,
235,
247,
689,
307,
116,
245,
238,
225,
172,
183,
253,
186,
133,
679,
258,
270,
139,
131,
133,
254,
304,
184,
48,
258,
241,
204,
184,
632,
171,
453,
115,
253,
166,
175,
196,
214,
369,
706,
164,
386,
666,
240,
228,
265,
239,
203,
190,
372,
211,
365,
293,
283,
371,
174,
266,
98,
154,
174,
144,
272,
210,
181,
227,
355,
148,
197,
200,
99,
151,
228,
215,
49,
236,
384,
744,
112,
157,
221,
167,
121,
203,
324,
729,
159,
277,
183,
152,
760,
269,
259,
196,
349,
90,
278,
263,
140,
100,
306,
127,
155,
110,
260,
83,
363,
335,
191,
351,
98,
42,
366,
135,
118,
116,
113,
129,
81,
323,
56,
312,
69,
131,
141,
253,
38,
412,
242,
81,
210,
38,
208,
217,
605,
81,
59,
393,
234,
376,
217,
179,
188,
200,
289,
215,
44,
217,
250,
230,
43,
338,
163,
302,
217,
300,
297,
145,
174,
72,
290,
141,
148,
351,
358,
210,
217,
195,
166,
255,
73,
140,
215,
249,
320,
410,
46,
254,
51,
564,
245,
285,
745,
170,
80,
204,
570,
278,
156,
274,
133,
161,
284,
192,
763,
205,
141,
167,
738,
127,
136,
138,
276,
119,
779,
133,
491,
127,
247,
124,
296,
268,
251,
112,
201,
261,
205,
748,
138,
137,
211,
220,
38,
139,
141,
43,
164,
266,
779,
160,
206,
418,
38,
195,
358,
236,
333,
184,
302,
94,
315,
204,
169,
147,
754,
404,
177,
417,
209,
230,
237,
481,
45,
317,
159,
414,
159,
401,
254,
753,
90,
267,
191,
256,
158,
200,
162,
239,
768,
313,
42,
90,
311,
232,
761,
327,
178,
285,
214,
445,
335,
768,
422,
782,
175,
239,
199,
159,
237,
716,
247,
257,
269,
419,
188,
124,
384,
141,
323,
734,
199,
280,
411,
419,
308,
193,
162,
138,
132,
156,
99,
119,
44,
340,
263,
53,
128,
383,
88,
86,
86,
185,
102,
153,
406,
139,
417,
55,
263,
380,
85,
253,
375,
240,
225,
219,
223,
366,
383,
210,
217,
93,
208,
201,
291,
308,
187,
40,
200,
368,
75,
237,
329,
343,
285,
391,
136,
311,
132,
40,
264,
201,
769,
283,
39,
192,
220,
305,
206,
178,
285,
39,
310,
232,
87,
132,
236,
216,
193,
368,
153,
287,
135,
278,
729,
738,
171,
308,
162,
716,
201,
185,
408,
766,
268,
405,
162,
158,
126,
310,
262,
830,
238,
173,
94,
848,
295,
242,
46,
301,
44,
303,
250,
773,
217,
91,
203,
762,
420,
764,
362,
182,
163,
207,
320,
215,
318,
426,
412,
225,
194,
168,
205,
818,
274,
768,
283,
142,
151,
221,
241,
248,
249,
255,
384,
398,
820,
48,
153,
200,
439,
204,
273,
151,
232,
185,
103,
444,
396,
191,
149,
146,
169,
128,
192,
168,
144,
169,
202,
167,
334,
438,
344,
178,
357,
394,
824,
165,
420,
335,
194,
175,
114,
247,
253,
100,
318,
150,
423,
305,
232,
231,
207,
598,
262,
857,
339,
358,
117,
109,
95,
94,
330,
115,
80,
38,
410,
142,
134,
406,
388,
130,
287,
88,
181,
286,
76,
267,
271,
41,
236,
70,
267,
48,
77,
234,
393,
105,
222,
177,
73,
234,
102,
38,
241,
68,
194,
199,
155,
186,
145,
231,
257,
139,
226,
237,
307,
171,
250,
126,
324,
439,
445,
378,
330,
139,
181,
469,
308,
219,
303,
368,
138,
180,
216,
413,
186,
309,
247,
136,
287,
372,
94,
168,
222,
251,
240,
331,
250,
136,
137,
134,
179,
132,
308,
435,
247,
312,
825,
132,
160,
129,
182,
201,
624,
820,
129,
153,
437,
128,
277,
154,
185,
157,
138,
417,
277,
291,
825,
783,
224,
182,
177,
130,
267,
189,
195,
338,
366,
202,
441,
129,
237,
244,
273,
208,
367,
189,
237,
466,
449,
831,
440,
314,
435,
323,
194,
190,
247,
183,
317,
237,
143,
512,
640,
180,
221,
131,
298,
142,
221,
212,
250,
263,
185,
205,
828,
854,
186,
205,
192,
115,
421,
211,
836,
198,
332,
260,
831,
291,
309,
198,
158,
155,
193,
124,
157,
645,
819,
217,
206,
290,
148,
313,
397,
128,
114,
854,
312,
449,
388,
260,
38,
85,
399,
379,
329,
41,
72,
118,
410,
417,
55,
463,
51,
138,
45,
50,
100,
360,
80,
40,
214,
123,
290,
267,
234,
49,
189,
230,
806,
240,
234,
43,
70,
39,
140,
239,
338,
219,
254,
176,
39,
220,
151,
209,
333,
262,
221,
158,
317,
303,
228,
179,
215,
309,
149,
763,
294,
180,
326,
300,
295,
148,
174,
801,
194,
428,
242,
39,
305,
147,
400,
194,
180,
800,
832,
238,
418,
303,
141,
182,
181,
147,
372,
837,
229,
398,
175,
345,
407,
238,
120,
148,
183,
195,
818,
248,
141,
276,
132,
492,
186,
209,
331,
876,
222,
116,
243,
153,
191,
401,
911,
175,
210,
290,
200,
531,
162,
891,
487,
489,
227,
143,
835,
232,
230,
361,
186,
136,
204,
474,
141,
211,
337,
215,
157,
278,
198,
404,
458,
243,
141,
209,
173,
171,
220,
203,
241,
413,
182,
344,
271,
276,
252,
187,
245,
217,
177,
125,
153,
216,
320,
217,
924,
174,
293,
180,
261,
278,
173,
205,
472,
201,
41,
155,
388,
261,
193,
36,
200,
206,
122,
238,
448,
193,
165,
100,
165,
42,
485,
153,
107,
269,
178,
157,
298,
99,
99,
338,
444,
98,
270,
351,
401,
45,
133,
164,
42,
408,
41,
284,
891,
142,
266,
153,
86,
154,
81,
163,
72,
251,
229,
251,
311,
250,
140,
494,
146,
338,
186,
356,
312,
254,
555,
211,
183,
140,
230,
236,
505,
260,
450,
195,
880,
265,
317,
302,
238,
137,
204,
53,
176,
214,
194,
245,
77,
163,
304,
296,
51,
494,
407,
111,
241,
409,
283,
42,
338,
412,
783,
407,
143,
200,
451,
99,
135,
150,
861,
123,
178,
377,
426,
222,
212,
194,
249,
192,
354,
472,
193,
161,
252,
915,
250,
42,
448,
177,
990,
244,
438,
157,
234,
315,
974,
209,
207,
136,
219,
247,
291,
42,
840,
210,
393,
252,
244,
491,
194,
218,
888,
287,
242,
239,
236,
182,
245,
836,
317,
187,
208,
215,
156,
154,
314,
676,
124,
179,
192,
127,
101,
172,
184,
186,
229,
198,
350,
312,
971,
217,
101,
144,
241,
200,
200,
41,
245,
159,
149,
280,
164,
364,
144,
180,
146,
828,
213,
186,
211,
467,
445,
310,
269,
971,
101,
375,
132,
44,
221,
103,
223,
208,
65,
323,
439,
396,
79,
412,
233,
142,
383,
433,
478,
315,
402,
51,
81,
457,
42,
173,
232,
421,
151,
108,
166,
274,
102,
44,
322,
316,
341,
78,
310,
321,
308,
330,
319,
156,
263,
218,
233,
152,
156,
329,
423,
373,
151,
215,
452,
591,
191,
107,
312,
392,
180,
310,
417,
338,
1035,
44,
188,
602,
302,
111,
461,
314,
964,
81,
610,
161,
534,
41,
181,
281,
941,
191,
179,
201,
196,
466,
298,
165,
106,
188,
572,
196,
175,
44,
39,
310,
155,
233,
204,
255,
443,
160,
406,
178,
260,
163,
149,
390,
210,
256,
423,
281,
159,
200,
445,
236,
168,
274,
472,
193,
302,
1031,
250,
137,
1003,
182,
195,
255,
479,
146,
338,
939,
144,
144,
153,
210,
217,
188,
846,
145,
182,
210,
198,
151,
947,
224,
257,
154,
261,
220,
198,
152,
181,
214,
188,
250,
184,
937,
339,
169,
463,
912,
221,
213,
930,
223,
203,
197,
1010,
242,
158,
194,
233,
959,
440,
235,
108,
940,
139,
228,
447,
406,
136,
408,
45,
456,
393,
393,
465,
150,
123,
286,
342,
85,
47,
174,
210,
64,
125,
113,
87,
38,
91,
46,
86,
142,
129,
401,
90,
139,
410,
199,
41,
139,
128,
370,
374,
371,
323,
370,
128,
949,
319,
323,
88,
102,
332,
90,
202,
200,
197,
40,
196,
274,
201,
610,
218,
152,
234,
214,
391,
193,
75,
283,
201,
433,
254,
389,
86,
200,
254,
329,
933,
340,
44,
180,
197,
320,
336,
162,
312,
989,
95,
281,
332,
349,
309,
408,
315,
137,
319,
314,
245,
345,
230,
235,
161,
350,
992,
230,
160,
182,
463,
194,
181,
126,
219,
1047,
133,
136,
266,
164,
216,
230,
194,
207,
242,
210,
233,
209,
229,
490,
161,
448,
225,
316,
181,
217,
200,
186,
476,
155,
179,
177,
217,
523,
157,
404,
984,
436,
340,
287,
201,
426,
254,
858,
261,
192,
221,
473,
164,
213,
232,
179,
209,
163,
443,
140,
170,
985,
37,
172,
494,
156,
171,
203,
925,
640,
125,
155,
327,
275,
118,
282,
967,
229,
106,
971,
183,
209,
966,
153,
495,
135,
280,
147,
46,
123,
961,
130,
373,
143,
45,
139,
246,
139,
334,
409,
220,
121,
179,
113,
86,
446,
358,
73,
433,
113,
108,
394,
359,
408,
410,
63,
176,
197,
117,
68,
395,
70,
390,
401,
424,
399,
391,
278,
367,
193,
137,
180,
214,
500,
243,
416,
173,
492,
271,
309,
383,
281,
84,
1007,
378,
178,
155,
1007,
218,
159,
1002,
1002,
175,
1025,
151,
590,
148,
1003,
171,
216,
255,
139,
828,
225,
928,
219,
209,
1078,
204,
192,
217,
934,
197,
417,
154,
246,
164,
41,
44,
361,
247,
217,
442,
190,
183,
150,
239,
308,
299,
441,
184,
297,
1013,
183,
216,
220,
711,
450,
351,
209,
417,
218,
180,
189,
461,
287,
201,
426,
139,
205,
257,
186,
186,
195,
189,
217,
203,
177,
401,
196,
235,
194,
228,
47,
98,
228,
202,
367,
182,
155,
265,
166,
213,
290,
187,
206,
243,
379,
120,
267,
304,
230,
159,
225,
776,
225,
158,
212,
435,
301,
291,
134,
422,
285,
161,
124,
401,
213,
259,
413,
102,
84,
90,
139,
127,
49,
167,
42,
207,
128,
76,
346,
177,
469,
43,
84,
250,
71,
369,
166,
396,
36,
425,
65,
41,
390,
413,
212,
83,
372,
349,
87,
512,
160,
371,
198,
76,
59,
1054,
466,
184,
121,
45,
1103,
44,
130,
183,
147,
478,
122,
179,
167,
674,
125,
1080,
143,
177,
250,
235,
42,
182,
922,
169,
110,
190,
40,
239,
159,
1065,
1059,
236,
239,
270,
527,
229,
212,
234,
476,
950,
218,
208,
216,
195,
179,
174,
185,
503,
228,
209,
241,
1046,
147,
180,
456,
178,
186,
140,
1082,
146,
258,
240,
184,
137,
155,
1161,
489,
161,
240,
1077,
639,
197,
123,
44,
173,
116,
198,
267,
193,
164,
236,
305,
224,
220,
284,
122,
1139,
170,
477,
230,
138,
183,
215,
252,
306,
116,
274,
201,
200,
1044,
239,
1058,
136,
96,
394,
453,
144,
1105,
44,
395,
412,
179,
129,
395,
52,
177,
38,
543,
116,
52,
46,
81,
79,
89,
446,
194,
552,
394,
388,
138,
46,
162,
184,
425,
1031,
149,
286,
372,
419,
393,
190,
187,
369,
365,
346,
250,
216,
364,
502,
508,
500,
466,
248,
140,
239,
489,
44,
480,
252,
157,
130,
508,
627,
497,
102,
730,
429,
255,
597,
472,
1015,
310,
606,
490,
39,
999,
302,
478,
598,
688,
1204,
335,
150,
148,
509,
157,
1087,
132,
678,
228,
238,
162,
1044,
128,
142,
677,
1077,
275,
254,
1112,
239,
171,
195,
629,
510,
1029,
1068,
255,
583,
182,
258,
506,
1160,
201,
233,
278,
261,
211,
552,
492,
516,
214,
205,
205,
260,
474,
544,
44,
255,
169,
156,
214,
171,
152,
303,
123,
261,
527,
244,
188,
1132,
193,
178,
263,
810,
160,
245,
247,
195,
157,
170,
886,
154,
267,
155,
223,
808,
1184,
165,
363,
113,
237,
390,
191,
42,
318,
140,
226,
196,
194,
418,
413,
264,
407,
153,
234,
215,
156,
106,
511,
47,
326,
127,
292,
123,
475,
102,
310,
88,
126,
402,
44,
99,
273,
396,
39,
220,
197,
586,
418,
123,
594,
135,
41,
40,
38,
598,
466,
496,
594,
79,
196,
241,
488,
696,
217,
308,
176,
701,
81,
355,
186,
496,
305,
347,
242,
420,
469,
485,
482,
45,
186,
356,
444,
490,
529,
473,
117,
534,
376,
124,
41,
390,
246,
158,
139,
122,
649,
118,
164,
1223,
1132,
236,
155,
119,
130,
490,
660,
248,
202,
140,
662,
290,
925,
218,
676,
105,
298,
192,
136,
1132,
247,
44,
203,
183,
245,
238,
1135,
220,
218,
247,
1214,
260,
235,
175,
240,
157,
168,
548,
230,
526,
220,
456,
208,
232,
1125,
205,
461,
814,
531,
482,
192,
504,
191,
178,
962,
171,
179,
221,
263,
308,
169,
258,
233,
171,
205,
762,
324,
493,
148,
39,
208,
788,
196,
221,
1058,
188,
187,
44,
1046,
193,
318,
1218,
446,
382,
560,
299,
280,
125,
421,
148,
166,
124,
193,
267,
119,
317,
168,
136,
41,
230,
405,
175,
270,
70,
139,
108,
112,
124,
49,
401,
108,
433,
994,
435,
384,
189,
91,
58,
141,
483,
206,
122,
104,
182,
115,
87,
55,
176,
195,
86,
137,
157,
76,
429,
1172,
420,
720,
385,
76,
552,
908,
146,
1172,
511,
490,
173,
212,
1170,
186,
341,
578,
482,
490,
482,
322,
337,
326,
1166,
352,
486,
1152,
492,
152,
203,
319,
274,
162,
221,
263,
614,
149,
484,
780,
437,
514,
1031,
224,
133,
154,
255,
40,
543,
818,
266,
505,
563,
800,
504,
40,
384,
48,
121,
845,
85,
160,
194,
116,
1243,
208,
142,
799,
56,
136,
172,
155,
546,
1025,
188,
311,
798,
107,
136,
275,
134,
179,
43,
152,
226,
231,
219,
188,
207,
255,
1170,
1241,
302,
199,
182,
280,
345,
40,
523,
184,
234,
188,
223,
1152,
240,
38,
210,
484,
251,
939,
245,
190,
498,
196,
183,
1222,
150,
292,
126,
316,
193,
143,
409,
217,
104,
495,
225,
306,
535,
157,
145,
168,
161,
537,
249,
172,
250,
189,
186,
187,
1278,
239,
181,
199,
149,
154,
225,
738,
361,
127,
640,
120,
91,
204,
294,
186,
44,
317,
149,
346,
897,
127,
215,
45,
257,
176,
462,
851,
137,
53,
106,
105,
90,
89,
84,
40,
723,
78,
473,
666,
255,
89,
733,
192,
161,
225,
488,
507,
475,
138,
503,
553,
1357,
462,
221,
508,
409,
115,
149,
435,
652,
1220,
592,
412,
489,
116,
174,
679,
146,
952,
198,
80,
376,
520,
147,
1263,
1236,
163,
125,
1224,
176,
162,
141,
162,
231,
122,
203,
300,
151,
1125,
273,
39,
542,
164,
267,
179,
1279,
1210,
228,
526,
253,
219,
185,
1271,
515,
222,
191,
40,
282,
195,
563,
536,
202,
224,
258,
503,
552,
247,
1115,
501,
254,
290,
170,
138,
252,
199,
109,
353,
236,
514,
139,
168,
205,
161,
179,
527,
527,
185,
184,
178,
191,
244,
206,
171,
171,
232,
1107,
175,
226,
475,
123,
188,
1345,
380,
41,
425,
528,
198,
165,
1215,
134,
498,
447,
148,
460,
226,
173,
42,
446,
333,
285,
125,
327,
158,
338,
642,
67,
406,
56,
412,
135,
648,
121,
927,
405,
95,
413,
471,
479,
77,
87,
63,
125,
208,
173,
81,
406,
208,
482,
436,
191,
406,
396,
186,
487,
198,
1286,
185,
399,
356,
1141,
156,
163,
385,
482,
200,
399,
245,
689,
769,
176,
77,
209,
156,
498,
131,
127,
162,
1289,
131,
836,
1370,
879,
209,
224,
1283,
176,
387,
817,
131,
124,
43,
184,
43,
204,
187,
359,
152,
282,
42,
150,
157,
192,
174,
295,
150,
180,
773,
301,
145,
252,
302,
552,
230,
580,
550,
225,
160,
1290,
281,
207,
169,
251,
566,
198,
194,
602,
502,
190,
546,
525,
496,
582,
154,
1267,
228,
1251,
187,
147,
145,
281,
174,
239,
142,
491,
220,
199,
288,
138,
196,
192,
232,
176,
236,
132,
139,
181,
294,
567,
114,
1392,
172,
415,
145,
1368,
430,
170,
167,
219,
342,
155,
221,
466,
378,
211,
40,
231,
320,
219,
193,
194,
281,
96,
526,
341,
231,
208,
554,
150,
283,
129,
197,
108,
40,
130,
450,
1048,
460,
127,
111,
398,
68,
93,
42,
408,
139,
245,
306,
136,
146,
52,
172,
172,
92,
125,
129,
83,
43,
897,
71,
901,
896,
868,
865,
816,
863,
144,
742,
849,
846,
742,
414,
38,
837,
187,
413,
595,
1361,
422,
836,
774,
421,
75,
191,
769,
75,
410,
837,
217,
171,
544,
241,
526,
523,
1311,
451,
588,
134,
1308,
240,
879,
285,
442,
113,
144,
236,
433,
132,
1271,
184,
40,
871,
124,
177,
212,
170,
132,
237,
124,
815,
405,
233,
312,
136,
268,
225,
158,
40,
1249,
321,
237,
201,
168,
277,
511,
170,
1415,
222,
40,
285,
576,
233,
1191,
231,
180,
502,
537,
242,
255,
1329,
494,
426,
281,
578,
530,
248,
179,
192,
258,
147,
144,
289,
183,
234,
173,
229,
181,
252,
273,
593,
1263,
169,
129,
166,
183,
162,
42,
173,
138,
216,
158,
195,
236,
426,
190,
337,
275,
105,
473,
271,
352,
220,
122,
41,
113,
233,
162,
243,
1014,
186,
155,
114,
1098,
459,
42,
208,
433,
1020,
473,
83,
1457,
436,
1114,
399,
124,
41,
256,
119,
451,
106,
840,
221,
835,
765,
761,
447,
455,
482,
42,
90,
168,
499,
1408,
243,
116,
101,
466,
198,
118,
525,
284,
38,
194,
240,
1139,
67,
480,
746,
232,
777,
97,
40,
800,
209,
1384,
1140,
1376,
123,
123,
236,
1036,
1389,
208,
235,
41,
131,
149,
251,
218,
205,
1382,
210,
236,
138,
261,
530,
41,
230,
498,
188,
242,
247,
237,
192,
230,
170,
200,
569,
216,
208,
210,
515,
167,
46,
1392,
196,
159,
178,
531,
191,
602,
535,
227,
144,
169,
578,
180,
153,
176,
168,
188,
278,
148,
214,
493,
277,
187,
292,
573,
172,
160,
178,
249,
172,
122,
290,
146,
177,
131,
172,
257,
39,
241,
192,
126,
141,
1348,
557,
218,
175,
1348,
329,
143,
319,
176,
188,
168,
211,
198,
385,
311,
46,
1349,
89,
104,
301,
1352,
516,
470,
649,
1030,
134,
387,
128,
458,
103,
1516,
66,
329,
366,
1400,
57,
95,
462,
84,
454,
111,
42,
184,
221,
113,
158,
99,
445,
100,
98,
177,
1269,
159,
77,
217,
208,
176,
203,
78,
207,
255,
1380,
495,
42,
405,
501,
41,
234,
538,
172,
109,
1554,
496,
203,
212,
206,
508,
545,
497,
1284,
547,
483,
522,
542,
503,
427,
164,
450,
422,
458,
869,
144,
492,
1398,
772,
420,
43,
910,
230,
1057,
492,
498,
217,
126,
1402,
234,
491,
175,
1057,
866,
133,
1212,
127,
529,
169,
219,
235,
1107,
1271,
194,
545,
494,
1043,
212,
620,
165,
538,
199,
301,
248,
221,
42,
1390,
187,
251,
525,
172,
210,
193,
143,
110,
495,
192,
1139,
483,
323,
167,
136,
115,
518,
573,
518,
1176,
200,
240,
153,
1417,
196,
208,
182,
186,
486,
497,
211,
1569,
331,
158,
52,
173,
169,
200,
143,
485,
257,
168,
185,
170,
1398,
198,
342,
1540,
189,
838,
148,
42,
1342,
528,
171,
162,
179,
127,
430,
561,
40,
163,
126,
230,
106,
154,
173,
196,
291,
457,
126,
147,
39,
389,
405,
126,
379,
78,
443,
41,
85,
205,
111,
928,
60,
212,
106,
925,
95,
849,
937,
495,
451,
845,
932,
850,
904,
244,
175,
229,
849,
215,
214,
204,
513,
516,
1448,
164,
1226,
157,
482,
271,
939,
50,
489,
181,
737,
495,
154,
1228,
478,
151,
212,
482,
1209,
692,
1146,
248,
510,
170,
80,
768,
517,
150,
718,
437,
135,
38,
858,
605,
441,
149,
445,
417,
1407,
586,
588,
144,
510,
922,
821,
181,
829,
195,
503,
158,
144,
876,
141,
669,
173,
871,
742,
229,
192,
130,
169,
1057,
340,
266,
970,
572,
1455,
202,
957,
162,
494,
1464,
211,
119,
255,
185,
139,
1345,
486,
214,
145,
221,
217,
142,
140,
225,
161,
215,
167,
214,
1467,
1351,
195,
505,
369,
97,
268,
182,
345,
184,
979,
90,
304,
173,
541,
186,
222,
172,
525,
514,
155,
369,
158,
229,
130,
295,
194,
236,
177,
365,
357,
183,
162,
175,
285,
1518,
190,
192,
1303,
1618,
283,
47,
146,
173,
41,
92,
1030,
194,
142,
1532,
323,
425,
140,
1168,
421,
432,
129,
134,
421,
600,
136,
126,
454,
416,
1361,
186,
98,
465,
43,
90,
79,
474,
85,
49,
75,
477,
62,
425,
218,
139,
91,
657,
50,
70,
384,
845,
667,
167,
250,
46,
843,
165,
45,
39,
467,
386,
447,
368,
199,
272,
184,
173,
231,
403,
1473,
43,
143,
398,
557,
142,
1180,
212,
403,
1656,
491,
194,
514,
206,
122,
176,
397,
469,
915,
172,
449,
627,
136,
344,
165,
774,
626,
135,
464,
170,
485,
592,
571,
146,
1488,
41,
133,
141,
80,
464,
162,
431,
119,
1122,
125,
183,
238,
747,
125,
206,
138,
182,
186,
128,
461,
46,
106,
137,
218,
236,
171,
111,
224,
235,
142,
194,
144,
138,
277,
447,
180,
209,
207,
181,
546,
180,
223,
561,
591,
359,
246,
216,
516,
155,
590,
220,
355,
195,
144,
158,
529,
537,
554,
190,
151,
501,
196,
349,
505,
1690,
624,
210,
348,
222,
169,
244,
160,
225,
191,
203,
189,
160,
273,
159,
168,
360,
1512,
227,
199,
159,
147,
128,
143,
192,
175,
185,
336,
142,
36,
53,
310,
45,
589,
50,
132,
950,
41,
235,
283,
284,
386,
159,
303,
204,
180,
117,
360,
344,
398,
1709,
117,
135,
951,
1530,
119,
1705,
1391,
118,
64,
136,
1364,
223,
123,
458,
1640,
528,
96,
1354,
234,
39,
1310,
181,
38,
77,
41,
436,
1540,
405,
443,
168,
127,
140,
221,
406,
412,
154,
332,
44,
550,
208,
1623,
317,
188,
497,
419,
424,
1464,
82,
415,
191,
665,
1074,
1417,
130,
521,
1480,
315,
198,
462,
213,
1596,
452,
179,
1563,
1295,
177,
191,
153,
200,
137,
353,
374,
116,
177,
138,
177,
35,
151,
1314,
1298,
242,
168,
163,
240,
206,
210,
230,
213,
301,
174,
325,
173,
529,
584,
1594,
511,
353,
175,
234,
211,
296,
214,
582,
1306,
183,
539,
530,
551,
534,
174,
296,
188,
170,
177,
169,
39,
160,
179,
145,
792,
178,
44,
157,
205,
1405,
255,
267,
146,
196,
195,
140,
183,
304,
314,
233,
281,
181,
150,
115,
1451,
136,
691,
205,
230,
315,
211,
121,
403,
196,
43,
167,
131,
212,
257,
375,
294,
226,
164,
215,
465,
149,
141,
420,
46,
442,
101,
106,
293,
103,
1640,
129,
1644,
162,
123,
120,
106,
44,
135,
53,
462,
571,
83,
47,
393,
203,
41,
42,
1261,
935,
862,
1017,
918,
859,
484,
36,
515,
861,
416,
858,
771,
768,
765,
167,
567,
213,
232,
761,
765,
218,
563,
735,
213,
574,
544,
81,
1489,
388,
228,
762,
151,
684,
682,
319,
167,
677,
680,
911,
222,
729,
1264,
467,
1013,
471,
221,
855,
335,
1564,
632,
148,
596,
560,
591,
680,
189,
596,
175,
130,
36,
221,
220,
553,
915,
199,
155,
93,
1043,
215,
870,
243,
281,
543,
276,
909,
396,
263,
241,
175,
508,
229,
361,
258,
206,
347,
361,
45,
172,
360,
527,
327,
222,
591,
575,
42,
1601,
1591,
180,
544,
194,
187,
364,
213,
195,
529,
210,
573,
368,
512,
171,
518,
183,
224,
537,
162,
201,
604,
285,
544,
540,
219,
195,
191,
168,
128,
180,
153,
204,
146,
161,
604,
583,
216,
264,
203,
211,
175,
192,
283,
1647,
210,
179,
139,
204,
337,
190,
193,
43,
204,
252,
184,
220,
162,
310,
1606,
178,
140,
1059,
320,
143,
251,
1264,
271,
131,
105,
385,
1469,
102,
1521,
144,
40,
353,
1067,
1522,
162,
451,
483,
479,
437,
517,
422,
90,
85,
123,
387,
407,
100,
362,
87,
191,
204,
173,
37,
145,
102,
130,
43,
520,
198,
595,
539,
158,
709,
39,
557,
395,
384,
191,
99,
393,
377,
1114,
389,
258,
380,
195,
217,
206,
670,
75,
1740,
500,
661,
484,
964,
1417,
642,
178,
823,
1170,
167,
215,
1659,
199,
1053,
42,
1132,
472,
1413,
1039,
480,
963,
455,
197,
463,
1606,
1391,
148,
207,
227,
129,
507,
984,
162,
212,
1341,
206,
226,
137,
259,
41,
154,
241,
156,
193,
266,
225,
530,
260,
242,
42,
1397,
151,
52,
202,
920,
155,
324,
213,
316,
246,
311,
43,
282,
174,
203,
156,
588,
244,
193,
305,
465,
280,
564,
575,
447,
459,
184,
182,
499,
251,
321,
215,
1570,
178,
563,
243,
158,
491,
182,
574,
158,
229,
226,
142,
199,
260,
187,
222,
170,
200,
43,
260,
189,
220,
146,
1596,
564,
191,
223,
226,
193,
110,
37,
373,
167,
222,
348,
103,
231,
212,
259,
355,
146,
350,
167,
455,
1530,
350,
215,
218,
198,
148,
371,
150,
322,
209,
36,
141,
203,
396,
314,
314,
38,
638,
56,
583,
140,
107,
139,
1655,
101,
95,
41,
39,
82,
173,
268,
282,
181,
229,
427,
246,
44,
72,
182,
70,
231,
266,
37,
405,
215,
507,
170,
709,
143,
73,
944,
404,
1132,
496,
417,
75,
1116,
152,
483,
191,
703,
152,
431,
203,
191,
401,
769,
395,
435,
142,
1097,
879,
354,
134,
515,
184,
204,
145,
1067,
45,
174,
265,
143,
135,
485,
165,
176,
1843,
1016,
256,
151,
127,
1597,
311,
254,
240,
138,
177,
415,
181,
235,
360,
194,
222,
266,
360,
517,
225,
243,
1657,
229,
478,
41,
212,
200,
225,
457,
617,
597,
187,
363,
494,
213,
1435,
150,
248,
191,
494,
1691,
610,
331,
223,
169,
152,
261,
329,
1794,
190,
163,
297,
183,
265,
196,
163,
262,
238,
187,
251,
1639,
133,
233,
354,
588,
216,
233,
222,
133,
384,
130,
205,
37,
1792,
348,
385,
190,
110,
128,
511,
40,
488,
669,
374,
1806,
548,
314,
440,
212,
1783,
509,
311,
109,
1688,
164,
101,
80,
1732,
362,
87,
500,
444,
39,
82,
128,
75,
419,
525,
1816,
78,
40,
1079,
216,
73,
1814,
752,
592,
1093,
826,
749,
523,
669,
577,
43,
665,
202,
742,
662,
397,
416,
653,
486,
1465,
672,
161,
381,
1840,
586,
398,
65,
390,
594,
578,
552,
582,
853,
153,
692,
578,
262,
192,
269,
441,
1832,
244,
263,
166,
39,
181,
146,
217,
224,
1795,
116,
212,
118,
167,
406,
825,
105,
208,
148,
210,
697,
828,
119,
217,
98,
216,
181,
142,
127,
277,
1568,
182,
254,
596,
1769,
297,
35,
273,
1686,
221,
1717,
164,
299,
339,
554,
263,
601,
245,
294,
645,
372,
240,
225,
216,
177,
533,
234,
565,
165,
272,
253,
49,
555,
170,
1496,
168,
147,
253,
249,
204,
153,
275,
304,
1644,
201,
248,
163,
137,
285,
579,
188,
375,
1683,
272,
257,
155,
1576,
113,
253,
169,
232,
235,
452,
187,
43,
1831,
262,
204,
1146,
353,
152,
290,
134,
110,
1087,
139,
152,
120,
41,
137,
211,
135,
139,
367,
127,
390,
302,
364,
128,
272,
375,
281,
128,
95,
324,
92,
1711,
101,
88,
186,
132,
87,
587,
234,
73,
45,
39,
593,
649,
588,
38,
158,
592,
537,
225,
523,
220,
233,
221,
254,
566,
535,
220,
245,
1777,
525,
563,
1192,
1773,
45,
1116,
1565,
1112,
48,
46,
153,
43,
162,
232,
42,
972,
168,
200,
177,
231,
167,
860,
219,
42,
42,
293,
199,
186,
325,
125,
272,
35,
159,
184,
860,
130,
90,
311,
1576,
144,
234,
227,
240,
326,
300,
309,
168,
1558,
276,
229,
248,
136,
1632,
194,
573,
315,
150,
234,
323,
297,
306,
1547,
577,
289,
310,
1861,
991,
158,
274,
195,
158,
1547,
189,
242,
295,
151,
194,
200,
154,
180,
158,
316,
275,
140,
587,
180,
253,
200,
332,
123,
146,
217,
233,
509,
122,
1806,
203,
1764,
176,
45,
267,
347,
272,
260,
1951,
318,
1614,
342,
284,
108,
261,
264,
458,
44,
227,
118,
40,
117,
1668,
118,
446,
75,
555,
50,
432,
79,
48,
471,
534,
133,
45,
124,
114,
197,
106,
236,
41,
79,
151,
270,
196,
43,
189,
176,
157,
42,
183,
193,
43,
1514,
170,
174,
1742,
309,
515,
183,
484,
253,
519,
429,
237,
470,
954,
539,
266,
1478,
1605,
275,
245,
1074,
484,
591,
207,
84,
831,
412,
242,
182,
410,
116,
579,
1479,
402,
139,
37,
401,
1517,
204,
1016,
130,
573,
1077,
242,
1469,
1639,
1006,
1048,
403,
707,
1453,
145,
383,
188,
205,
1920,
364,
391,
207,
119,
130,
164,
40,
852,
164,
341,
204,
102,
342,
249,
581,
1576,
369,
223,
162,
239,
1620,
260,
152,
1553,
676,
204,
292,
634,
237,
1500,
180,
651,
616,
210,
614,
241,
239,
169,
151,
385,
632,
552,
1534,
1555,
337,
162,
141,
276,
324,
154,
244,
262,
431,
300,
178,
140,
273,
277,
151,
162,
43,
343,
201,
286,
319,
335,
245,
303,
470,
310,
177,
44,
106,
218,
124,
42,
174,
1787,
249,
554,
475,
312,
402,
138,
115,
473,
124,
45,
121,
1759,
113,
847,
102,
1689,
222,
159,
1751,
1182,
122,
92,
452,
103,
183,
760,
92,
37,
41,
92,
757,
752,
767,
762,
70,
378,
502,
384,
741,
37,
759,
169,
681,
191,
236,
195,
229,
193,
147,
1185,
149,
1033,
39,
224,
246,
135,
146,
244,
251,
1535,
211,
423,
236,
409,
235,
420,
180,
1576,
633,
41,
615,
691,
232,
230,
129,
427,
819,
620,
579,
545,
187,
228,
188,
137,
508,
423,
568,
634,
538,
156,
498,
37,
167,
218,
138,
164,
193,
132,
159,
403,
1004,
146,
319,
1699,
372,
1726,
387,
450,
367,
592,
158,
602,
324,
615,
428,
155,
703,
257,
131,
675,
340,
208,
565,
552,
266,
199,
651,
272,
596,
195,
633,
1690,
181,
399,
303,
153,
292,
198,
149,
781,
1626,
567,
207,
155,
649,
47,
160,
145,
236,
268,
161,
132,
1632,
440,
362,
311,
1657,
213,
266,
301,
321,
170,
249,
267,
193,
248,
109,
1795,
308,
464,
149,
155,
215,
349,
157,
110,
50,
636,
1605,
646,
120,
661,
1817,
338,
316,
320,
118,
1971,
1824,
287,
311,
142,
1877,
120,
56,
640,
127,
48,
652,
44,
584,
245,
48,
622,
593,
377,
521,
123,
417,
50,
118,
419,
209,
42,
599,
38,
42,
143,
135,
567,
199,
81,
198,
755,
127,
745,
413,
473,
756,
175,
767,
684,
195,
917,
1631,
426,
410,
158,
772,
653,
145,
1257,
768,
41,
175,
245,
581,
1716,
172,
219,
240,
220,
201,
307,
204,
38,
142,
233,
1752,
1304,
183,
114,
37,
162,
272,
1099,
162,
159,
142,
132,
172,
1216,
162,
226,
198,
169,
39,
145,
154,
879,
171,
452,
136,
343,
260,
316,
466,
155,
195,
192,
274,
351,
326,
429,
298,
385,
436,
1765,
172,
1148,
579,
659,
394,
615,
319,
380,
230,
532,
260,
230,
220,
513,
1682,
306,
1841,
193,
604,
337,
435,
180,
331,
540,
147,
158,
126,
1594,
248,
396,
183,
140,
659,
197,
306,
164,
220,
645,
797,
121,
194,
282,
217,
619,
1263,
233,
162,
219,
218,
361,
394,
1696,
160,
328,
155,
175,
123,
1546,
321,
41,
105,
401,
1609,
1515,
284,
383,
125,
610,
201,
600,
566,
300,
43,
106,
414,
362,
303,
42,
356,
354,
42,
93,
294,
134,
98,
172,
104,
66,
62,
42,
521,
91,
53,
41,
556,
133,
758,
41,
79,
45,
652,
584,
601,
753,
758,
633,
281,
631,
622,
765,
491,
489,
640,
579,
156,
598,
497,
172,
489,
475,
44,
481,
170,
411,
1473,
1681,
182,
90,
1671,
137,
168,
174,
184,
199,
267,
166,
161,
79,
133,
158,
126,
145,
103,
125,
163,
385,
316,
278,
356,
340,
1090,
1591,
215,
531,
1948,
186,
400,
355,
1137,
411,
250,
590,
1672,
395,
349,
218,
334,
209,
563,
47,
197,
319,
1039,
623,
615,
720,
177,
286,
182,
682,
357,
1735,
160,
656,
419,
165,
490,
290,
314,
169,
194,
173,
196,
169,
168,
123,
160,
385,
177,
1160,
198,
1651,
36,
220,
522,
373,
386,
123,
128,
1252,
174,
336,
400,
236,
319,
1643,
357,
339,
1562,
43,
425,
298,
325,
128,
327,
298,
678,
41,
127,
235,
1607,
142,
42,
139,
674,
123,
407,
321,
120,
444,
110,
94,
37,
82,
115,
153,
759,
40,
766,
1551,
374,
38,
74,
754,
760,
764,
758,
1650,
48,
149,
235,
2157,
187,
238,
43,
174,
424,
221,
1040,
192,
1594,
1527,
1225,
124,
203,
175,
122,
1578,
320,
46,
623,
326,
151,
1548,
1596,
44,
43,
1523,
425,
38,
95,
1376,
112,
172,
140,
46,
910,
1687,
162,
1463,
186,
160,
862,
167,
196,
161,
138,
1062,
152,
256,
146,
1105,
130,
377,
282,
357,
135,
130,
315,
364,
231,
42,
357,
164,
130,
142,
2332,
356,
255,
161,
425,
267,
1126,
360,
256,
677,
365,
225,
379,
196,
173,
656,
207,
195,
387,
330,
179,
624,
152,
150,
246,
1239,
261,
362,
168,
148,
141,
532,
1611,
258,
219,
279,
1779,
167,
290,
1742,
359,
268,
258,
176,
380,
139,
270,
1343,
206,
298,
223,
178,
206,
193,
372,
1735,
323,
374,
201,
527,
370,
309,
1871,
178,
369,
403,
326,
139,
134,
311,
1965,
166,
111,
237,
280,
2267,
106,
1704,
125,
121,
588,
330,
350,
168,
211,
158,
379,
141,
47,
59,
193,
46,
383,
135,
127,
44,
339,
462,
43,
90,
111,
368,
41,
89,
559,
119,
126,
104,
127,
195,
161,
38,
38,
247,
167,
177,
200,
183,
195,
762,
1264,
897,
217,
38,
1652,
741,
1699,
491,
502,
1177,
106,
340,
501,
331,
481,
1272,
1748,
1755,
507,
888,
87,
724,
718,
783,
429,
671,
696,
46,
254,
869,
250,
761,
1842,
854,
1276,
684,
681,
959,
1063,
1061,
251,
1072,
1670,
1829,
1048,
408,
228,
1492,
432,
1838,
423,
353,
201,
163,
179,
197,
1651,
359,
160,
251,
145,
444,
1625,
204,
299,
732,
1733,
40,
427,
212,
253,
390,
512,
300,
236,
252,
201,
1784,
446,
750,
565,
324,
688,
257,
241,
139,
135,
389,
686,
1696,
188,
678,
253,
699,
41,
172,
529,
403,
150,
444,
182,
222,
138,
267,
1555,
394,
190,
125,
176,
856,
150,
152,
1631,
387,
289,
203,
183,
174,
303,
247,
1621,
229,
1591,
305,
126,
388,
243,
221,
388,
366,
104,
100,
669,
349,
255,
291,
518,
278,
1855,
1514,
147,
404,
45,
119,
42,
69,
624,
41,
114,
394,
384,
132,
131,
108,
381,
780,
87,
48,
84,
42,
397,
76,
209,
651,
854,
925,
466,
643,
382,
854,
841,
762,
180,
46,
193,
762,
38,
851,
757,
206,
197,
163,
746,
41,
207,
776,
763,
163,
667,
1577,
688,
759,
136,
1373,
676,
485,
221,
280,
483,
688,
184,
236,
570,
202,
1162,
868,
479,
292,
360,
183,
203,
1185,
130,
986,
43,
143,
710,
1282,
1136,
485,
41,
651,
341,
142,
169,
154,
477,
664,
631,
1137,
123,
155,
97,
132,
606,
646,
599,
962,
188,
780,
850,
593,
442,
1150,
143,
1212,
1866,
507,
726,
732,
1862,
1859,
1675,
731,
1087,
140,
1611,
817,
165,
650,
445,
760,
495,
938,
43,
458,
444,
139,
237,
195,
310,
231,
141,
216,
382,
214,
145,
279,
1215,
461,
1549,
523,
694,
413,
227,
209,
600,
42,
1606,
412,
1630,
521,
602,
414,
520,
234,
202,
101,
181,
44,
1604,
407,
1783,
713,
156,
282,
609,
399,
413,
246,
374,
241,
618,
40,
145,
1780,
331,
199,
187,
249,
113,
41,
263,
438,
288,
285,
703,
1625,
784,
412,
199,
235,
272,
1721,
185,
1542,
116,
174,
1445,
209,
123,
377,
128,
46,
345,
91,
45,
141,
643,
558,
201,
35,
366,
133,
622,
116,
169,
117,
139,
104,
82,
41,
561,
74,
54,
44,
269,
211,
209,
161,
490,
502,
82,
147,
216,
1605,
168,
48,
473,
468,
564,
39,
47,
147,
481,
490,
1871,
118,
38,
180,
663,
573,
1495,
1122,
495,
1863,
613,
597,
144,
610,
1115,
574,
606,
962,
684,
425,
145,
582,
1876,
865,
1818,
253,
203,
1813,
133,
1798,
170,
151,
118,
143,
170,
639,
108,
873,
46,
521,
169,
137,
872,
171,
182,
491,
134,
546,
197,
144,
414,
232,
449,
507,
45,
1490,
43,
1499,
140,
184,
458,
39,
501,
274,
202,
450,
372,
270,
255,
566,
194,
427,
1505,
228,
810,
240,
583,
228,
1397,
250,
299,
207,
1839,
206,
182,
1674,
586,
478,
592,
1834,
1446,
400,
182,
155,
522,
1073,
378,
192,
123,
1769,
453,
198,
613,
1745,
747,
144,
43,
153,
180,
156,
799,
149,
261,
233,
521,
425,
253,
368,
196,
212,
1693,
317,
1794,
313,
338,
421,
369,
266,
124,
1623,
415,
143,
419,
544,
1588,
40,
715,
1622,
269,
124,
1368,
42,
534,
578,
167,
408,
280,
40,
101,
149,
326,
223,
314,
38,
435,
133,
118,
97,
106,
2023,
540,
47,
200,
99,
218,
43,
2638,
636,
799,
42,
77,
756,
751,
755,
590,
201,
83,
679,
216,
667,
640,
189,
677,
423,
1265,
676,
102,
167,
227,
316,
1012,
313,
626,
675,
312,
448,
782,
1644,
457,
672,
605,
598,
595,
584,
640,
553,
148,
325,
1397,
594,
154,
592,
610,
584,
586,
145,
590,
554,
352,
76,
675,
517,
145,
130,
512,
195,
873,
257,
144,
945,
163,
945,
152,
177,
143,
1202,
139,
2655,
140,
1129,
446,
1674,
194,
143,
111,
45,
867,
141,
243,
177,
529,
1076,
223,
578,
238,
346,
188,
432,
508,
188,
523,
287,
1135,
949,
1731,
45,
486,
861,
548,
301,
474,
1036,
1869,
1606,
239,
443,
540,
42,
316,
197,
212,
220,
100,
573,
1715,
672,
216,
1705,
42,
441,
621,
241,
145,
563,
466,
570,
427,
257,
150,
471,
246,
187,
1581,
324,
190,
262,
618,
438,
198,
347,
295,
160,
163,
469,
342,
185,
169,
149,
1695,
373,
209,
435,
147,
167,
227,
143,
1688,
441,
536,
221,
244,
141,
42,
416,
386,
592,
587,
178,
490,
196,
246,
299,
252,
596,
123,
242,
168,
152,
116,
201,
148,
114,
296,
561,
106,
176,
159,
104,
104,
260,
91,
45,
47,
41,
162,
170,
1883,
117,
106,
41,
85,
37,
216,
36,
430,
38,
173,
571,
210,
202,
454,
392,
728,
874,
693,
387,
40,
410,
1880,
215,
331,
201,
139,
145,
335,
380,
112,
152,
707,
91,
637,
325,
20,
669,
604,
313,
147,
187,
316,
1282,
929,
145,
1025,
1320,
243,
163,
43,
1286,
159,
198,
758,
204,
925,
145,
2575,
429,
129,
132,
149,
923,
140,
540,
43,
486,
184,
233,
147,
471,
41,
343,
150,
225,
40,
481,
209,
265,
524,
432,
260,
232,
149,
178,
473,
621,
525,
705,
606,
172,
502,
452,
457,
289,
206,
134,
277,
506,
673,
455,
1513,
162,
631,
114,
411,
154,
169,
1637,
200,
151,
1775,
114,
40,
173,
469,
872,
1502,
432,
391,
309,
172,
401,
1776,
189,
40,
490,
292,
1843,
2335,
453,
212,
1518,
170,
133,
1522,
538,
211,
298,
1668,
157,
91,
40,
251,
240,
1541,
195,
679,
141,
222,
260,
1615,
236,
1534,
135,
617,
122,
119,
621,
44,
129,
38,
439,
767,
404,
103,
145,
135,
656,
404,
119,
368,
44,
77,
248,
618,
407,
403,
456,
41,
206,
427,
173,
1568,
375,
397,
673,
214,
199,
1550,
405,
584,
200,
167,
808,
84,
242,
491,
153,
670,
163,
483,
395,
590,
1468,
1009,
152,
239,
1642,
400,
852,
384,
108,
146,
574,
210,
149,
445,
322,
491,
1702,
396,
177,
377,
909,
1508,
1631,
410,
205,
341,
1410,
644,
500,
171,
2732,
149,
141,
604,
680,
694,
191,
189,
677,
177,
1157,
338,
598,
407,
125,
1262,
664,
146,
848,
976,
1646,
944,
1302,
141,
1878,
1895,
895,
714,
41,
460,
1839,
1872,
127,
410,
124,
1821,
647,
172,
494,
201,
1937,
166,
249,
111,
546,
569,
190,
1600,
197,
40,
220,
155,
174,
563,
1499,
302,
306,
148,
690,
281,
238,
249,
428,
2782,
670,
394,
482,
193,
267,
354,
204,
38,
551,
665,
479,
614,
484,
209,
281,
214,
340,
201,
222,
233,
1769,
543,
154,
367,
41,
167,
139,
340,
689,
482,
206,
267,
154,
103,
243,
534,
157,
1592,
518,
40,
805,
622,
1607,
1819,
283,
135,
604,
503,
519,
1516,
491,
40,
484,
143,
140,
401,
43,
628,
139,
146,
289,
41,
216,
242,
316,
159,
390,
136,
1652,
103,
69,
124,
1186,
90,
139,
134,
87,
74,
218,
128,
78,
400,
331,
74,
41,
79,
42,
173,
195,
41,
1858,
202,
787,
76,
206,
282,
170,
182,
392,
389,
485,
182,
226,
42,
311,
2065,
197,
152,
79,
224,
667,
1695,
155,
158,
407,
219,
226,
390,
633,
380,
388,
174,
45,
156,
386,
338,
329,
1120,
846,
150,
84,
356,
621,
339,
1819,
1823,
600,
611,
990,
585,
141,
871,
589,
1037,
621,
1158,
2040,
190,
567,
809,
1882,
1814,
147,
1057,
563,
488,
426,
1067,
1883,
1852,
787,
1701,
146,
1698,
354,
439,
213,
327,
282,
786,
562,
398,
162,
173,
53,
157,
529,
201,
570,
605,
530,
424,
608,
174,
200,
143,
643,
178,
694,
547,
678,
510,
504,
653,
1435,
604,
269,
702,
285,
599,
529,
169,
1972,
252,
103,
170,
45,
189,
527,
145,
1069,
1711,
162,
435,
541,
180,
588,
107,
199,
394,
204,
168,
484,
1687,
1972,
43,
131,
534,
176,
489,
371,
109,
1769,
518,
369,
303,
810,
1613,
155,
1806,
151,
775,
45,
145,
104,
1837,
183,
161,
149,
225,
261,
368,
132,
38,
140,
380,
139,
122,
108,
90,
67,
92,
387,
80,
43,
1696,
95,
99,
45,
138,
271,
1465,
557,
552,
1465,
505,
499,
133,
498,
505,
40,
493,
2043,
1828,
219,
79,
200,
1566,
413,
226,
494,
202,
492,
489,
501,
662,
401,
230,
303,
170,
210,
471,
488,
149,
143,
407,
191,
1402,
203,
313,
2793,
209,
146,
1803,
39,
963,
95,
1746,
681,
112,
714,
132,
321,
438,
589,
385,
337,
1726,
384,
329,
795,
326,
144,
912,
619,
1039,
948,
143,
557,
1211,
321,
582,
142,
200,
47,
142,
196,
570,
583,
356,
152,
202,
344,
149,
55,
624,
916,
471,
143,
246,
145,
139,
352,
464,
131,
333,
290,
529,
579,
260,
528,
415,
341,
598,
96,
381,
331,
480,
547,
45,
231,
1675,
687,
703,
620,
698,
282,
323,
473,
203,
779,
44,
1626,
194,
454,
194,
245,
168,
275,
214,
161,
259,
43,
448,
192,
259,
1839,
42,
436,
268,
200,
533,
145,
203,
294,
1619,
46,
303,
143,
1352,
911,
282,
474,
451,
1437,
1607,
141,
293,
613,
612,
625,
145,
1445,
418,
136,
140,
635,
42,
251,
225,
374,
242,
420,
1564,
375,
237,
118,
39,
38,
106,
80,
247,
2105,
368,
175,
210,
239,
246,
109,
37,
245,
85,
496,
77,
47,
491,
485,
43,
301,
489,
1566,
477,
485,
246,
471,
484,
753,
293,
76,
829,
213,
203,
198,
168,
146,
235,
162,
220,
381,
199,
209,
1854,
609,
39,
146,
1058,
132,
151,
1094,
414,
394,
145,
178,
362,
383,
143,
1756,
328,
144,
719,
391,
748,
631,
144,
390,
577,
181,
336,
342,
883,
831,
156,
329,
966,
605,
135,
614,
1165,
170,
154,
598,
187,
1487,
143,
138,
115,
134,
89,
774,
1258,
482,
414,
141,
635,
410,
2070,
515,
111,
569,
285,
389,
1865,
1409,
324,
557,
315,
570,
604,
1590,
47,
673,
600,
38,
139,
1744,
403,
207,
780,
687,
771,
194,
701,
218,
1741,
554,
691,
507,
694,
258,
194,
608,
189,
201,
594,
239,
164,
399,
749,
182,
500,
459,
217,
660,
222,
163,
43,
247,
236,
511,
233,
502,
217,
471,
176,
236,
285,
470,
104,
150,
508,
564,
533,
145,
1835,
755,
88,
1074,
1296,
711,
275,
77,
1733,
239,
257,
719,
136,
280,
724,
640,
391,
51,
247,
384,
741,
42,
139,
111,
413,
512,
55,
109,
104,
385,
152,
381,
99,
142,
109,
354,
104,
138,
122,
497,
45,
494,
103,
41,
194,
495,
492,
260,
487,
491,
229,
486,
84,
656,
733,
220,
273,
180,
391,
155,
743,
168,
251,
154,
1785,
403,
275,
631,
232,
160,
154,
322,
1540,
1667,
703,
153,
331,
1115,
337,
148,
152,
672,
1778,
1960,
324,
113,
2902,
23,
3121,
194,
150,
2947,
1767,
439,
150,
742,
1755,
1551,
1007,
982,
631,
407,
183,
179,
538,
254,
42,
127,
271,
530,
298,
1581,
1575,
151,
506,
199,
514,
279,
188,
284,
757,
198,
608,
550,
278,
452,
177,
602,
281,
152,
564,
743,
142,
249,
241,
211,
151,
187,
256,
157,
744,
175,
493,
192,
691,
214,
975,
176,
187,
238,
147,
1066,
346,
505,
153,
265,
220,
914,
668,
215,
213,
44,
45,
581,
237,
557,
153,
262,
2686,
458,
754,
716,
1693,
554,
1794,
634,
128,
269,
39,
413,
105,
155,
143,
43,
272,
36,
43,
398,
243,
129,
124,
377,
118,
444,
123,
117,
253,
108,
298,
44,
369,
751,
107,
394,
183,
386,
80,
205,
217,
226,
206,
220,
1827,
246,
185,
129,
173,
685,
692,
212,
230,
680,
856,
657,
36,
661,
390,
400,
341,
214,
396,
655,
118,
677,
1114,
1118,
164,
3090,
1110,
583,
404,
133,
1109,
2262,
141,
44,
909,
166,
428,
37,
180,
1770,
197,
141,
759,
556,
161,
126,
159,
357,
136,
309,
160,
252,
1216,
1818,
127,
573,
167,
319,
700,
1030,
493,
204,
1899,
705,
312,
699,
1684,
679,
208,
619,
267,
168,
203,
211,
41,
534,
195,
689,
39,
744,
202,
863,
205,
484,
211,
168,
1691,
440,
363,
576,
658,
180,
204,
215,
623,
285,
127,
689,
525,
151,
202,
153,
168,
219,
44,
343,
590,
163,
213,
751,
1692,
169,
608,
1536,
592,
1898,
293,
314,
148,
169,
535,
268,
46,
416,
367,
50,
297,
169,
282,
533,
118,
46,
296,
44,
644,
297,
388,
319,
45,
300,
2091,
215,
47,
206,
327,
296,
219,
302,
115,
67,
3074,
86,
106,
91,
142,
368,
87,
104,
79,
406,
111,
104,
656,
653,
1087,
287,
646,
69,
75,
574,
579,
657,
559,
188,
587,
576,
398,
216,
573,
1778,
200,
201,
252,
213,
176,
515,
512,
1976,
482,
157,
510,
141,
235,
401,
506,
736,
46,
509,
1132,
45,
427,
270,
147,
708,
736,
694,
45,
197,
394,
389,
326,
163,
393,
159,
721,
853,
1067,
701,
384,
414,
1191,
159,
893,
1055,
311,
988,
937,
154,
1001,
1943,
1738,
1928,
160,
766,
301,
46,
1856,
49,
1673,
688,
655,
542,
652,
164,
246,
207,
685,
656,
680,
637,
2797,
158,
436,
607,
580,
262,
225,
148,
612,
446,
423,
605,
763,
407,
270,
699,
537,
146,
524,
257,
1743,
693,
789,
338,
698,
532,
192,
346,
2008,
349,
200,
218,
262,
161,
559,
604,
1371,
298,
199,
468,
1525,
153,
225,
157,
621,
46,
197,
233,
803,
214,
226,
559,
1784,
515,
230,
160,
147,
181,
1612,
49,
584,
670,
1621,
445,
1695,
41,
196,
248,
620,
1631,
260,
111,
372,
1917,
39,
157,
204,
84,
52,
266,
1716,
81,
338,
386,
1918,
93,
630,
78,
77,
112,
46,
290,
80,
130,
223,
200,
219,
168,
222,
157,
190,
196,
678,
955,
282,
201,
147,
241,
1981,
40,
692,
1090,
155,
761,
102,
224,
1667,
406,
341,
340,
42,
402,
385,
712,
3331,
348,
137,
661,
730,
943,
137,
669,
801,
937,
938,
163,
1006,
118,
937,
1933,
654,
166,
216,
1931,
891,
1960,
1063,
1273,
1941,
124,
1782,
719,
634,
1068,
325,
166,
312,
1832,
1951,
729,
319,
618,
1443,
1065,
291,
1819,
655,
612,
1928,
254,
274,
333,
142,
37,
164,
1497,
124,
791,
281,
1889,
612,
699,
432,
289,
159,
693,
193,
691,
621,
98,
683,
205,
550,
1813,
175,
876,
140,
657,
3327,
649,
358,
625,
614,
218,
300,
100,
634,
275,
164,
36,
294,
669,
1849,
674,
272,
1693,
144,
539,
238,
575,
118,
583,
659,
596,
286,
702,
713,
1729,
75,
295,
499,
320,
580,
431,
305,
111,
340,
313,
292,
1713,
393,
197,
45,
128,
116,
3068,
389,
168,
118,
47,
326,
469,
91,
139,
68,
88,
398,
93,
51,
575,
425,
647,
44,
405,
86,
75,
666,
663,
661,
421,
565,
662,
649,
41,
590,
81,
663,
2084,
661,
222,
221,
589,
76,
503,
528,
565,
214,
245,
450,
144,
235,
590,
195,
587,
143,
775,
204,
1849,
586,
220,
486,
1436,
1008,
1895,
123,
963,
427,
234,
622,
138,
1509,
586,
410,
197,
101,
100,
693,
1680,
521,
335,
370,
397,
118,
334,
198,
1639,
156,
513,
323,
135,
852,
772,
252,
799,
651,
591,
3467,
332,
989,
664,
148,
173,
659,
651,
903,
951,
1018,
161,
3469,
619,
148,
179,
131,
1012,
43,
593,
1027,
1573,
521,
1684,
793,
1955,
663,
778,
297,
671,
505,
330,
1587,
1682,
243,
471,
266,
700,
1665,
500,
270,
677,
1856,
95,
467,
281,
1290,
363,
497,
635,
563,
1061,
162,
268,
611,
702,
646,
281,
699,
122,
209,
616,
717,
196,
184,
601,
658,
143,
220,
150,
214,
476,
365,
301,
665,
1064,
40,
550,
795,
1466,
241,
643,
696,
547,
883,
561,
400,
612,
509,
295,
822,
550,
304,
115,
1611,
108,
1161,
133,
228,
130,
355,
43,
41,
1681,
189,
39,
114,
480,
82,
86,
106,
439,
283,
255,
80,
79,
316,
40,
76,
404,
91,
376,
43,
238,
466,
84,
81,
483,
78,
74,
82,
43,
276,
1848,
1718,
222,
259,
1232,
214,
242,
196,
1704,
148,
230,
89,
214,
398,
218,
357,
697,
1668,
397,
148,
1750,
660,
42,
1669,
147,
949,
170,
188,
1722,
495,
1032,
390,
324,
1765,
677,
144,
165,
421,
320,
389,
1045,
138,
1730,
146,
1052,
993,
1703,
138,
667,
134,
688,
843,
769,
666,
137,
77,
185,
217,
1104,
131,
45,
574,
757,
1853,
1856,
408,
176,
145,
690,
320,
313,
192,
692,
1081,
944,
374,
604,
1836,
42,
1053,
137,
599,
1608,
896,
41,
329,
272,
1101,
1790,
40,
1605,
486,
614,
136,
691,
202,
1604,
218,
273,
744,
853,
1680,
390,
750,
245,
101,
160,
787,
192,
147,
1599,
163,
526,
1731,
145,
548,
535,
810,
183,
794,
180,
177,
201,
1765,
201,
689,
506,
839,
200,
169,
587,
741,
173,
216,
202,
148,
694,
291,
110,
330,
612,
370,
680,
389,
469,
207,
457,
585,
1130,
573,
95,
404,
108,
290,
42,
262,
48,
110,
108,
44,
145,
54,
109,
44,
92,
94,
393,
86,
42,
39,
40,
268,
293,
216,
41,
240,
80,
195,
238,
218,
1559,
240,
80,
39,
712,
718,
902,
170,
1525,
147,
751,
394,
330,
138,
367,
1409,
437,
323,
389,
1653,
393,
1471,
41,
384,
769,
316,
323,
183,
1025,
124,
123,
1389,
144,
42,
862,
316,
338,
1385,
312,
1668,
1042,
343,
139,
3527,
193,
1394,
196,
47,
1678,
139,
3444,
269,
43,
573,
1895,
120,
232,
713,
200,
1026,
160,
487,
659,
406,
615,
1860,
1043,
628,
1840,
609,
667,
566,
539,
614,
622,
602,
496,
607,
757,
196,
185,
212,
425,
743,
234,
162,
746,
253,
169,
215,
192,
502,
149,
599,
1602,
193,
168,
1015,
143,
663,
624,
476,
174,
1535,
618,
390,
401,
1616,
618,
542,
343,
386,
628,
600,
122,
627,
215,
150,
542,
136,
163,
132,
143,
175,
576,
431,
1023,
566,
1449,
140,
326,
132,
1812,
45,
759,
454,
84,
151,
772,
510,
120,
91,
46,
41,
118,
87,
413,
48,
43,
624,
374,
76,
281,
45,
539,
263,
202,
747,
152,
276,
44,
41,
204,
234,
213,
224,
1041,
137,
237,
145,
1386,
200,
886,
42,
1710,
40,
933,
801,
161,
871,
933,
1519,
160,
1558,
1842,
1659,
1730,
1101,
160,
1825,
167,
1077,
1692,
1717,
159,
41,
144,
869,
1434,
1567,
1041,
131,
159,
99,
854,
158,
1607,
128,
164,
730,
196,
650,
792,
736,
154,
3364,
40,
915,
791,
773,
524,
210,
911,
848,
1834,
222,
592,
1726,
1183,
631,
132,
525,
1835,
624,
41,
993,
875,
665,
955,
874,
1331,
454,
3578,
236,
868,
540,
881,
473,
837,
791,
618,
122,
796,
1049,
504,
214,
151,
199,
611,
183,
155,
588,
183,
148,
858,
147,
272,
564,
206,
201,
1257,
943,
41,
537,
204,
537,
319,
1000,
44,
1430,
43,
139,
619,
137,
115,
76,
135,
170,
134,
129,
104,
55,
92,
102,
79,
514,
43,
43,
68,
181,
41,
200,
184,
1013,
181,
1806,
46,
1259,
1071,
330,
315,
1221,
263,
259,
214,
1826,
1392,
122,
132,
713,
1051,
949,
119,
1001,
137,
46,
123,
154,
1018,
136,
166,
606,
42,
694,
233,
1693,
154,
614,
179,
174,
274,
137,
182,
607,
248,
1334,
140,
194,
203,
115,
1423,
302,
1706,
275,
620,
38,
1709,
2970,
523,
1595,
457,
481,
1032,
1689,
189,
93,
109,
1455,
564,
305,
541,
129,
1894,
97,
194,
133,
112,
129,
155,
98,
42,
116,
63,
105,
43,
76,
266,
1861,
80,
78,
175,
178,
1322,
1263,
593,
44,
740,
991,
90,
1937,
220,
930,
855,
115,
1156,
786,
1867,
311,
787,
991,
310,
1732,
152,
1493,
1360,
670,
1542,
510,
115,
79,
1727,
582,
964,
155,
961,
176,
1430,
1112,
194,
955,
1335,
1199,
192,
267,
141,
40,
484,
1677,
128,
127,
1189,
698,
115,
171,
132,
1200,
115,
219,
760,
1015,
269,
222,
874,
670,
818,
602,
615,
571,
928,
271,
342,
212,
630,
988,
175,
197,
684,
181,
299,
1015,
174,
620,
498,
175,
977,
263,
270,
142,
581,
256,
576,
570,
286,
573,
142,
534,
271,
159,
48,
621,
583,
977,
612,
1499,
1419,
715,
48,
160,
272,
311,
804,
796,
717,
912,
492,
988,
1451,
1835,
119,
494,
45,
529,
37,
359,
480,
382,
214,
509,
919,
217,
585,
255,
238,
682,
333,
187,
603,
372,
491,
137,
461,
101,
124,
573,
109,
224,
107,
319,
603,
928,
81,
932,
923,
84,
112,
928,
233,
649,
42,
577,
40,
117,
80,
101,
40,
862,
844,
40,
109,
787,
855,
88,
230,
748,
104,
177,
933,
207,
669,
38,
844,
649,
165,
237,
757,
681,
675,
168,
307,
187,
175,
694,
41,
214,
170,
739,
177,
307,
690,
1479,
659,
184,
648,
39,
166,
1528,
609,
263,
181,
586,
964,
306,
165,
590,
157,
958,
122,
698,
931,
130,
704,
256,
940,
693,
254,
688,
575,
129,
876,
846,
1880,
570,
227,
1653,
247,
748,
739,
2125,
39,
862,
2100,
1017,
1167,
172,
129,
200,
210,
148,
245,
208,
1415,
237,
133,
1079,
152,
670,
719,
1043,
1597,
1148,
149,
971,
805,
247,
1790,
767,
210,
598,
1297,
246,
264,
719,
678,
241,
936,
1054,
929,
238,
797,
173,
209,
579,
537,
525,
167,
286,
272,
803,
659,
1018,
245,
162,
160,
100,
869,
126,
165,
1065,
1018,
1535,
148,
237,
212,
535,
44,
101,
619,
671,
633,
873,
1349,
195,
502,
822,
51,
145,
890,
128,
144,
1850,
496,
804,
189,
743,
794,
2803,
1839,
504,
614,
1824,
547,
629,
1561,
133,
157,
310,
1148,
626,
1792,
639,
507,
104,
1524,
412,
203,
189,
497,
43,
41,
101,
105,
156,
75,
564,
95,
41,
665,
1097,
664,
34,
745,
245,
322,
150,
676,
116,
209,
103,
663,
224,
235,
225,
187,
146,
1646,
272,
3949,
45,
245,
213,
191,
921,
146,
164,
1773,
1302,
201,
1381,
149,
946,
864,
1514,
143,
581,
212,
585,
92,
574,
1040,
142,
247,
167,
175,
212,
582,
142,
507,
505,
129,
490,
1764,
417,
140,
502,
1738,
135,
202,
489,
1074,
486,
2123,
909,
197,
2115,
616,
822,
826,
198,
829,
2109,
1658,
815,
948,
132,
1129,
1105,
2018,
758,
37,
873,
1185,
832,
1084,
243,
829,
700,
511,
741,
1230,
721,
613,
720,
700,
244,
737,
777,
776,
647,
1417,
610,
1238,
812,
154,
217,
865,
199,
1076,
1363,
147,
771,
852,
790,
232,
964,
658,
793,
805,
200,
181,
193,
1877,
1154,
159,
970,
1344,
962,
2010,
942,
795,
41,
543,
589,
1069,
613,
972,
37,
810,
471,
37,
887,
511,
941,
622,
170,
671,
155,
250,
828,
130,
754,
3702,
802,
1010,
177,
166,
614,
139,
90,
100,
1005,
127,
134,
170,
96,
37,
91,
751,
747,
84,
748,
1887,
941,
93,
743,
1009,
1112,
312,
37,
1007,
169,
754,
325,
752,
739,
744,
751,
230,
763,
166,
336,
694,
276,
221,
689,
41,
1069,
1112,
218,
228,
204,
695,
148,
512,
923,
131,
494,
813,
1388,
678,
890,
131,
500,
238,
143,
101,
959,
1570,
83,
860,
177,
988,
567,
970,
112,
140,
1173,
97,
138,
1102,
693,
2088,
691,
1169,
2185,
679,
75,
1178,
172,
435,
766,
1893,
2120,
164,
1063,
417,
709,
1475,
231,
138,
137,
187,
1121,
1167,
674,
900,
729,
213,
230,
1126,
58,
1242,
40,
138,
2206,
1517,
243,
1103,
1016,
847,
694,
603,
130,
1145,
231,
446,
826,
1105,
1910,
1118,
764,
613,
1031,
241,
189,
811,
1142,
204,
158,
311,
1706,
635,
823,
1884,
848,
269,
44,
160,
1441,
179,
104,
815,
221,
846,
783,
203,
272,
778,
1733,
230,
845,
169,
1515,
1243,
157,
218,
437,
824,
304,
43,
531,
2086,
1880,
511,
1210,
1073,
1446,
719,
503,
123,
688,
44,
609,
673,
42,
505,
595,
1044,
468,
778,
723,
646,
437,
42,
287,
41,
732,
134,
127,
143,
109,
353,
102,
65,
210,
92,
101,
105,
723,
599,
60,
581,
96,
49,
99,
758,
764,
218,
762,
1007,
184,
632,
756,
40,
325,
583,
754,
100,
49,
100,
239,
765,
729,
624,
100,
226,
97,
174,
199,
240,
149,
225,
226,
1117,
771,
238,
663,
186,
163,
864,
237,
151,
147,
550,
1087,
1168,
1203,
179,
157,
39,
224,
919,
700,
145,
730,
631,
510,
856,
238,
1127,
828,
940,
1154,
1513,
1477,
145,
494,
901,
860,
838,
202,
897,
1062,
349,
1133,
427,
512,
793,
1420,
434,
431,
166,
438,
1017,
219,
315,
321,
915,
814,
820,
758,
827,
148,
1077,
3791,
1360,
1005,
1767,
153,
741,
175,
841,
1149,
451,
317,
4080,
312,
1230,
2079,
738,
188,
818,
1521,
825,
1077,
194,
871,
1682,
232,
975,
272,
844,
776,
1511,
145,
1601,
345,
395,
806,
935,
939,
144,
161,
1822,
937,
1905,
221,
1089,
382,
248,
220,
915,
870,
348,
141,
826,
263,
273,
181,
766,
180,
48,
202,
832,
708,
788,
935,
2216,
285,
183,
570,
932,
676,
201,
518,
929,
505,
1527,
589,
739,
981,
771,
489,
560,
711,
39,
273,
152,
250,
101,
878,
137,
524,
39,
110,
129,
714,
209,
128,
726,
322,
67,
116,
282,
597,
242,
93,
241,
131,
275,
60,
708,
230,
579,
3828,
830,
39,
217,
841,
839,
837,
700,
156,
220,
832,
189,
214,
241,
38,
183,
152,
238,
243,
203,
152,
199,
820,
187,
448,
223,
191,
181,
154,
224,
1119,
77,
847,
2183,
383,
376,
336,
2180,
124,
871,
1335,
256,
799,
1244,
327,
701,
1211,
150,
1233,
323,
338,
902,
343,
880,
110,
317,
347,
1147,
1148,
809,
970,
934,
211,
221,
315,
890,
839,
37,
128,
183,
848,
251,
827,
990,
924,
239,
197,
131,
1238,
440,
559,
828,
289,
1578,
1591,
867,
398,
1587,
961,
1984,
457,
452,
960,
699,
1233,
951,
160,
205,
828,
186,
1767,
216,
194,
955,
1620,
175,
1987,
372,
478,
1108,
181,
978,
513,
152,
800,
305,
971,
1344,
382,
295,
47,
947,
151,
381,
1202,
140,
932,
317,
191,
1633,
2146,
844,
926,
192,
1798,
543,
919,
155,
762,
266,
1180,
291,
584,
42,
126,
732,
458,
231,
621,
1136,
40,
760,
1177,
129,
132,
602,
862,
132,
87,
121,
77,
46,
121,
98,
746,
67,
837,
50,
429,
842,
98,
745,
2273,
837,
85,
1150,
826,
834,
845,
774,
838,
2185,
779,
237,
231,
178,
224,
2026,
826,
191,
1172,
1110,
1020,
831,
847,
879,
215,
735,
701,
816,
1566,
170,
853,
821,
506,
383,
837,
1128,
4153,
390,
170,
333,
2831,
319,
470,
847,
134,
317,
1109,
139,
127,
159,
1003,
812,
4234,
961,
157,
267,
223,
191,
149,
107,
190,
920,
172,
269,
913,
1302,
1236,
1748,
226,
844,
1315,
358,
904,
1948,
360,
888,
998,
350,
615,
1849,
225,
1150,
982,
189,
955,
144,
701,
166,
199,
192,
192,
140,
926,
1152,
923,
1082,
158,
181,
313,
505,
920,
146,
181,
4206,
510,
320,
498,
768,
110,
459,
804,
558,
782,
721,
1220,
553,
863,
1202,
1185,
42,
481,
149,
38,
1477,
502,
1723,
540,
294,
2021,
508,
859,
1534,
1105,
409,
770,
854,
148,
65,
775,
832,
137,
718,
45,
79,
91,
225,
175,
889,
2337,
479,
1175,
3984,
677,
48,
43,
3905,
742,
751,
42,
588,
647,
194,
81,
40,
257,
453,
1300,
890,
219,
139,
142,
2041,
104,
2048,
178,
873,
1299,
688,
43,
434,
247,
783,
827,
904,
1209,
178,
858,
904,
683,
1683,
995,
875,
852,
157,
251,
621,
1130,
44,
1230,
1500,
910,
1663,
596,
1229,
686,
1815,
1282,
244,
42,
37,
1227,
1038,
871,
652,
2159,
825,
447,
1195,
840,
221,
776,
1247,
245,
1677,
157,
206,
866,
953,
1030,
182,
281,
1024,
1687,
212,
141,
881,
158,
465,
1274,
159,
118,
2038,
1076,
1000,
1312,
1001,
529,
829,
39,
319,
526,
967,
517,
1615,
454,
999,
504,
453,
671,
39,
497,
344,
680,
617,
467,
324,
229,
313,
692,
101,
455,
641,
133,
130,
846,
74,
828,
93,
572,
425,
859,
78,
1568,
946,
941,
945,
1966,
1100,
937,
704,
942,
145,
1567,
221,
973,
906,
4202,
245,
80,
47,
902,
479,
771,
895,
419,
245,
171,
1101,
1805,
430,
135,
990,
157,
302,
901,
87,
43,
1181,
916,
489,
199,
1073,
1115,
1110,
211,
96,
1030,
733,
2366,
150,
922,
134,
2315,
933,
242,
625,
1128,
899,
897,
242,
1647,
1472,
1172,
717,
972,
865,
288,
1057,
164,
157,
137,
137,
858,
954,
958,
153,
152,
193,
1443,
2066,
974,
1106,
392,
47,
1129,
136,
361,
997,
4129,
715,
1350,
1031,
608,
133,
984,
172,
988,
246,
1020,
220,
1018,
1457,
188,
1141,
653,
200,
1239,
2004,
707,
1340,
183,
219,
523,
1056,
370,
357,
387,
156,
400,
1053,
49,
1340,
706,
1770,
1318,
190,
599,
1694,
1248,
160,
1035,
167,
158,
1976,
1246,
1064,
1068,
1344,
1164,
44,
1118,
1993,
361,
723,
512,
617,
430,
891,
1347,
156,
536,
982,
496,
1422,
169,
615,
1065,
739,
101,
423,
4234,
42,
839,
545,
360,
39,
869,
549,
602,
62,
135,
546,
146,
111,
655,
92,
92,
89,
245,
1014,
605,
42,
654,
942,
231,
1006,
482,
1020,
76,
653,
216,
587,
280,
417,
687,
684,
681,
916,
358,
333,
221,
1444,
892,
308,
967,
263,
498,
220,
909,
212,
418,
378,
925,
1197,
138,
495,
508,
491,
493,
827,
813,
752,
1667,
425,
1459,
1029,
811,
41,
645,
433,
154,
2366,
415,
1666,
747,
151,
1831,
161,
1375,
137,
174,
132,
194,
1855,
4236,
152,
418,
160,
493,
1660,
359,
42,
144,
1146,
1506,
1351,
1229,
428,
1671,
1072,
1024,
413,
1037,
422,
1069,
505,
156,
1114,
660,
1123,
1041,
1023,
157,
1231,
1104,
1023,
811,
1284,
155,
1139,
1240,
818,
204,
227,
154,
835,
195,
309,
381,
148,
1785,
1075,
179,
151,
439,
1069,
495,
211,
1590,
166,
146,
433,
389,
334,
1461,
991,
939,
200,
278,
108,
1054,
1019,
1191,
189,
434,
1022,
1117,
452,
50,
713,
383,
1050,
1724,
557,
1080,
516,
1474,
1203,
348,
154,
1013,
551,
46,
524,
164,
149,
941,
612,
531,
39,
159,
1340,
522,
745,
712,
583,
116,
1331,
40,
619,
822,
129,
963,
961,
40,
157,
135,
128,
906,
472,
113,
490,
51,
94,
1378,
36,
477,
609,
85,
669,
452,
705,
113,
536,
111,
757,
109,
759,
661,
396,
74,
903,
383,
111,
774,
514,
1028,
82,
497,
162,
534,
496,
138,
362,
205,
1409,
546,
173,
49,
922,
472,
417,
1417,
1261,
415,
150,
1627,
442,
423,
974,
187,
412,
175,
829,
512,
725,
1626,
1300,
1610,
1260,
1442,
147,
681,
119,
707,
809,
2519,
412,
147,
120,
623,
911,
1781,
662,
350,
402,
1668,
96,
1647,
147,
1537,
165,
1127,
853,
1413,
146,
1222,
141,
1076,
126,
632,
145,
284,
684,
1846,
367,
634,
1392,
1496,
1191,
1017,
1137,
2000,
1188,
1254,
601,
1338,
1077,
1244,
168,
513,
1870,
1465,
54,
1064,
140,
857,
474,
871,
184,
149,
897,
1036,
272,
1229,
1113,
195,
99,
1065,
916,
1336,
1523,
223,
186,
929,
477,
1108,
214,
910,
100,
189,
1065,
99,
871,
415,
197,
155,
781,
172,
1208,
349,
143,
836,
203,
1096,
1151,
569,
1362,
43,
1105,
1169,
434,
1944,
1345,
544,
765,
1155,
41,
559,
1532,
146,
120,
972,
160,
266,
662,
202,
549,
157,
212,
541,
862,
498,
318,
496,
469,
1088,
137,
1044,
645,
437,
179,
583,
378,
136,
289,
1023,
618,
82,
92,
330,
623,
300,
86,
116,
294,
289,
84,
844,
281,
80,
841,
236,
2023,
2220,
236,
515,
231,
418,
217,
541,
406,
396,
1478,
262,
145,
335,
382,
320,
1009,
437,
100,
1177,
331,
687,
1208,
912,
1072,
164,
1206,
1104,
991,
1020,
162,
2040,
585,
179,
135,
154,
342,
42,
144,
134,
291,
1387,
411,
41,
1152,
1581,
156,
286,
1151,
983,
2040,
1260,
388,
1135,
154,
793,
1035,
1224,
757,
1117,
923,
153,
1137,
1243,
1198,
235,
225,
1303,
429,
259,
1249,
1669,
622,
199,
1189,
1084,
137,
1229,
166,
1265,
1245,
2055,
796,
1242,
1065,
189,
1510,
195,
1074,
1974,
612,
213,
1245,
910,
180,
1175,
1526,
198,
224,
1134,
163,
1122,
1777,
1158,
1520,
817,
1155,
157,
1622,
960,
1107,
1976,
1784,
332,
348,
643,
1228,
608,
1165,
642,
313,
675,
552,
549,
819,
196,
539,
1610,
944,
677,
921,
157,
41,
113,
696,
144,
130,
101,
101,
547,
41,
106,
1017,
673,
98,
253,
51,
895,
619,
99,
254,
97,
41,
171,
252,
863,
4618,
251,
91,
213,
81,
946,
196,
78,
140,
338,
304,
422,
4591,
202,
263,
323,
894,
402,
547,
1160,
489,
252,
532,
350,
129,
322,
859,
1215,
373,
289,
488,
635,
736,
2021,
481,
1580,
427,
203,
304,
587,
89,
417,
41,
177,
511,
598,
839,
417,
461,
343,
832,
274,
778,
781,
810,
349,
191,
841,
431,
947,
1113,
882,
588,
1014,
1845,
92,
600,
155,
299,
1379,
413,
824,
1102,
812,
176,
1298,
4372,
605,
1408,
1010,
1136,
1492,
1305,
323,
1420,
1372,
283,
1059,
136,
869,
238,
1225,
1659,
1160,
640,
145,
601,
788,
1132,
375,
1121,
189,
165,
178,
1326,
1331,
220,
1144,
155,
203,
1047,
688,
178,
1211,
731,
620,
1123,
155,
1425,
521,
178,
144,
798,
368,
46,
1167,
632,
1438,
1160,
1184,
794,
1245,
204,
1000,
48,
1248,
1307,
1509,
352,
184,
627,
603,
1448,
850,
1064,
610,
152,
1150,
1431,
4779,
558,
1521,
858,
211,
1691,
234,
308,
98,
558,
1528,
317,
691,
307,
224,
219,
110,
869,
232,
102,
260,
670,
140,
92,
230,
210,
44,
682,
51,
196,
153,
95,
93,
1018,
937,
942,
87,
858,
951,
937,
99,
719,
244,
304,
858,
649,
935,
231,
854,
285,
851,
1615,
47,
298,
850,
306,
241,
51,
294,
297,
226,
672,
204,
1850,
43,
1636,
193,
225,
538,
424,
772,
252,
545,
996,
100,
39,
1278,
256,
1038,
167,
420,
176,
162,
96,
1610,
432,
968,
1251,
888,
200,
216,
1260,
1246,
160,
422,
673,
885,
43,
882,
979,
840,
991,
39,
1241,
2844,
109,
1602,
1341,
225,
83,
243,
407,
221,
1692,
1250,
1429,
136,
276,
1920,
127,
2165,
779,
862,
951,
2162,
769,
540,
374,
183,
1092,
1292,
40,
598,
1303,
875,
1936,
1079,
187,
325,
184,
885,
1405,
183,
638,
878,
1229,
847,
176,
180,
857,
244,
196,
663,
224,
178,
163,
740,
853,
839,
819,
287,
1178,
1032,
729,
190,
1721,
361,
1070,
158,
520,
186,
163,
691,
1036,
1187,
177,
883,
1222,
811,
1286,
803,
1069,
1279,
1595,
38,
617,
1188,
1196,
600,
562,
1271,
567,
162,
795,
587,
931,
1039,
1923,
608,
1804,
809,
718,
116,
2146,
530,
663,
218,
132,
41,
647,
130,
126,
103,
874,
88,
920,
656,
88,
1733,
57,
690,
128,
199,
411,
81,
41,
718,
90,
2240,
169,
927,
565,
84,
123,
1013,
860,
849,
920,
858,
655,
932,
80,
155,
379,
374,
248,
318,
372,
1170,
221,
276,
323,
282,
185,
229,
372,
272,
861,
217,
2070,
283,
367,
280,
88,
406,
1049,
433,
131,
166,
959,
1067,
907,
886,
2095,
114,
899,
885,
1036,
420,
75,
413,
410,
398,
210,
816,
826,
806,
159,
788,
405,
784,
775,
351,
197,
940,
845,
155,
2783,
1124,
904,
2859,
354,
100,
1259,
1756,
1938,
892,
1486,
825,
394,
386,
353,
1109,
1753,
443,
1387,
421,
743,
1297,
1431,
450,
152,
42,
212,
1461,
875,
198,
833,
148,
1193,
1606,
315,
804,
197,
955,
996,
1102,
772,
1040,
1719,
583,
186,
951,
682,
416,
1063,
1161,
792,
164,
163,
1839,
211,
128,
713,
327,
146,
1060,
163,
722,
648,
222,
1460,
598,
529,
891,
197,
551,
827,
1589,
889,
1062,
709,
521,
1464,
1056,
790,
1243,
1023,
36,
982,
592,
1074,
1879,
747,
126,
1269,
267,
658,
466,
886,
1266,
767,
1317,
590,
1271,
586,
208,
80,
150,
1756,
1155,
732,
37,
657,
1259,
821,
2831,
223,
157,
135,
132,
579,
716,
98,
691,
127,
89,
643,
99,
97,
70,
83,
740,
36,
1134,
239,
397,
2960,
397,
283,
280,
337,
857,
157,
313,
329,
391,
456,
350,
375,
300,
900,
320,
156,
808,
1547,
1580,
463,
399,
630,
155,
696,
1977,
1137,
413,
407,
171,
405,
393,
1146,
262,
150,
1051,
88,
1193,
404,
933,
150,
181,
166,
149,
1099,
500,
267,
147,
895,
150,
1281,
201,
1266,
1456,
1676,
312,
1297,
1504,
2039,
1447,
176,
701,
145,
906,
1514,
273,
1023,
972,
145,
143,
1183,
1604,
978,
1200,
1432,
136,
1308,
201,
996,
189,
1494,
998,
1502,
214,
2256,
1445,
2360,
169,
900,
583,
208,
1432,
2234,
941,
2265,
1503,
180,
146,
1498,
1158,
981,
46,
2234,
1514,
182,
1433,
788,
1610,
148,
1292,
218,
905,
216,
47,
798,
1478,
382,
717,
858,
1516,
594,
471,
885,
518,
1166,
1698,
547,
142,
95,
139,
1325,
157,
816,
1199,
1804,
598,
127,
135,
120,
99,
83,
776,
94,
640,
90,
273,
66,
136,
59,
63,
778,
50,
299,
48,
315,
217,
750,
675,
648,
79,
753,
803,
1032,
731,
43,
1031,
629,
669,
1030,
1109,
138,
687,
668,
323,
86,
187,
587,
234,
274,
899,
152,
156,
626,
85,
1027,
1015,
861,
717,
679,
1073,
1614,
824,
162,
819,
1297,
2501,
823,
468,
1006,
146,
401,
575,
1449,
629,
507,
363,
214,
899,
923,
1264,
859,
480,
901,
951,
128,
176,
920,
173,
337,
1164,
879,
895,
169,
1321,
758,
179,
572,
1331,
783,
863,
162,
1262,
996,
1680,
1291,
761,
1324,
534,
1372,
1619,
435,
36,
1648,
1465,
2197,
196,
1062,
164,
1457,
1060,
213,
1057,
1066,
1046,
810,
1679,
1389,
1055,
860,
488,
185,
171,
1149,
197,
168,
1541,
186,
189,
824,
1618,
184,
1332,
543,
165,
2196,
1306,
855,
283,
889,
895,
196,
180,
1517,
163,
1514,
1530,
1600,
1057,
1111,
613,
888,
151,
1267,
571,
1047,
174,
218,
1349,
623,
1288,
539,
1729,
1531,
647,
586,
601,
195,
717,
1365,
521,
1162,
1725,
1439,
761,
1537,
122,
150,
78,
150,
1822,
1640,
615,
812,
686,
770,
543,
602,
119,
678,
134,
827,
694,
113,
811,
176,
770,
1078,
199,
896,
680,
110,
85,
812,
465,
89,
54,
236,
624,
1604,
79,
718,
841,
933,
757,
862,
1186,
144,
404,
473,
193,
424,
1199,
1271,
1335,
191,
38,
755,
914,
902,
205,
2297,
1246,
1200,
856,
892,
1106,
889,
1266,
406,
1622,
1578,
410,
335,
388,
1707,
890,
81,
81,
334,
861,
331,
1376,
1333,
3029,
1167,
718,
715,
1377,
4742,
40,
508,
65,
321,
955,
863,
1268,
183,
178,
38,
500,
358,
315,
1056,
917,
405,
1929,
1239,
1224,
1177,
871,
238,
1136,
2103,
783,
616,
358,
773,
841,
1412,
1262,
218,
2322,
1590,
243,
877,
1262,
1409,
1530,
427,
1004,
170,
787,
1258,
269,
964,
169,
2096,
181,
959,
1563,
1076,
1226,
248,
170,
729,
2446,
187,
1111,
1205,
222,
1716,
460,
1396,
728,
228,
118,
180,
1726,
175,
1426,
173,
551,
154,
1654,
1461,
205,
988,
198,
641,
987,
2502,
197,
541,
553,
987,
534,
2562,
299,
170,
215,
586,
539,
44,
1337,
850,
694,
183,
209,
1274,
530,
4731,
696,
198,
267,
876,
628,
151,
85,
621,
539,
618,
690,
76,
1048,
1030,
1028,
1090,
92,
89,
709,
143,
83,
76,
