2,3.0,
2,4.0,
2,2.0,
3,26.0,
3,3.0,
3,43.5,
3,9.5,
4,61.0,
4,18.0,
4,15.5,
4,47.5,
4,8.0,
5,26.5,
5,89.0,
5,6.5,
5,43.0,
5,16.0,
6,53.24,
6,105.0,
6,25.240000000000002,
6,41.0,
6,14.24,
6,1.0,
6,4.0,
7,81.68,
7,97.0,
7,28.68,
7,41.0,
7,13.18,
7,4.0,
7,2.25,
8,14.0,
8,85.0,
8,32.0,
8,18.0,
8,16.0,
9,23.5,
9,89.0,
9,6.5,
9,14.0,
9,8.0,
9,38.0,
9,8.0,
10,38.0,
10,114.0,
10,9.5,
10,8.0,
10,58.0,
10,9.5,
11,17.0,
11,61.07,
11,114.0,
11,37.07,
11,4.75,
11,3.75,
11,22.07,
11,4.0,
12,28.0,
12,102.0,
12,7.0,
12,3.5,
12,28.5,
12,8.0,
13,53.0,
13,118.0,
13,7.0,
13,4.5,
13,33.0,
13,6.5,
14,38.0,
14,109.0,
14,10.89,
14,13.53,
14,3.96,
14,35.38,
14,6.0,
14,57.88,
14,9.5,
15,92.41000000000001,
15,24.75,
15,138.75,
15,50.660000000000004,
15,6.0,
15,30.36,
15,7.4,
15,50.76,
15,19.259999999999998,
15,2.2,
15,68.16,
15,3.2,
16,80.09000000000002,
16,122.0,
16,13.0,
16,35.089999999999996,
16,2.2,
16,37.62,
16,6.2,
16,53.019999999999996,
16,13.190000000000001,
16,2.4,
16,73.62,
16,3.2,
17,131.03,
17,122.0,
17,29.439999999999998,
17,24.83,
17,29.439999999999998,
17,3.36,
17,29.439999999999998,
17,10.47,
17,1.32,
17,29.439999999999998,
17,1.56,
18,130.53,
18,13.6,
18,10.56,
18,150.16,
18,17.0,
18,29.97,
18,35.38,
18,3.4,
18,45.78,
18,13.07,
18,3.6,
18,71.58,
18,3.2,
19,129.33,
19,19.6,
19,3.3,
19,136.9,
19,61.08,
19,0.68,
19,22.549999999999997,
19,0.42,
19,61.08,
19,2.94,
19,61.08,
19,8.190000000000001,
19,2.16,
19,61.08,
19,1.08,
20,66.55,
20,30.4,
20,152.4,
20,24.55,
20,61.09,
20,2.8,
20,73.39,
20,10.75,
20,2.6,
20,87.19,
20,3.2,
21,67.54,
21,27.4,
21,17.49,
21,158.89000000000001,
21,30.049999999999997,
21,49.18,
21,3.4,
21,59.58,
21,11.15,
21,3.0,
21,96.78000000000002,
21,3.2,
22,20.4,
22,82.0,
22,228.4,
22,57.550000000000004,
22,35.150000000000006,
22,57.550000000000004,
22,2.89,
22,57.550000000000004,
22,14.26,
22,2.52,
22,57.550000000000004,
22,2.24,
23,39.81,
23,12.41,
23,95.5,
23,249.31,
23,17.0,
23,64.56,
23,3.63,
23,75.19,
23,30.220000000000002,
23,5.94,
23,108.41,
23,5.28,
24,49.2,
24,38.79,
24,14.79,
24,46.2,
24,198.99,
24,17.0,
24,0.99,
24,51.33,
24,4.62,
24,66.44,
24,46.24,
24,3.96,
24,87.67999999999999,
24,5.28,
25,6.27,
25,157.27,
25,29.349999999999998,
25,17.31,
25,59.4,
25,177.74999999999997,
25,75.86999999999999,
25,4.38,
25,75.86999999999999,
25,2.38,
25,75.86999999999999,
25,2.21,
25,75.86999999999999,
25,1.53,
26,9.6,
26,194.80999999999997,
26,25.630000000000003,
26,19.39,
26,69.3,
26,183.93,
26,143.50999999999996,
26,57.51,
26,57.51,
26,1.54,
26,57.50999999999999,
26,1.54,
26,57.51,
26,1.26,
27,3.74,
27,209.84,
27,22.060000000000002,
27,14.78,
27,57.75,
27,168.81,
27,64.09,
27,3.54,
27,64.08999999999999,
27,1.54,
27,64.09,
27,1.36,
27,64.08999999999999,
27,1.53,
27,4.0,
28,24.96,
28,3.74,
28,178.43000000000004,
28,42.7,
28,10.46,
28,3.3,
28,148.00000000000003,
28,79.13000000000001,
28,3.54,
28,79.13000000000001,
28,1.54,
28,79.13000000000001,
28,1.36,
28,79.13000000000001,
28,1.53,
29,21.84,
29,3.74,
29,148.06,
29,37.900000000000006,
29,8.780000000000001,
29,0.85,
29,139.9,
29,73.06000000000002,
29,2.21,
29,13.239999999999998,
29,0.7,
29,73.06000000000002,
29,1.54,
29,73.06000000000002,
29,1.53,
29,73.06,
29,1.53,
30,17.28,
30,10.56,
30,3.74,
30,137.59,
30,43.900000000000006,
30,19.340000000000003,
30,6.97,
30,157.9,
30,101.09,
30,23.8,
30,24.46,
30,101.09,
30,1.96,
30,101.09,
30,1.53,
30,101.08999999999999,
30,1.53,
31,12.6,
31,10.45,
31,3.74,
31,117.07,
31,39.11,
31,19.229999999999997,
31,4.76,
31,153.10999999999999,
31,80.57,
31,9.94,
31,31.46,
31,80.57000000000001,
31,1.96,
31,80.57000000000001,
31,1.87,
31,80.57000000000001,
31,1.53,
31,27.699999999999996,
32,9.24,
32,5.16,
32,4.08,
32,33.199999999999996,
32,15.12,
32,4.93,
32,126.19999999999999,
32,101.32999999999998,
32,12.07,
32,75.63,
32,3.74,
32,101.32999999999998,
32,2.89,
32,101.33,
32,1.8,
32,101.33,
32,3.2,
32,26.0,
33,7.92,
33,3.63,
33,3.74,
33,128.78,
33,27.61,
33,12.41,
33,2.53,
33,129.61,
33,84.91,
33,5.83,
33,59.77,
33,5.04,
33,84.91000000000003,
33,2.38,
33,84.91,
33,17.35,
33,1.56,
33,84.91000000000001,
33,1.56,
33,9.61,
34,7.26,
34,3.3,
34,3.4,
34,173.67000000000002,
34,24.82,
34,11.32,
34,2.3,
34,93.82000000000001,
34,225.67000000000004,
34,97.27000000000001,
34,15.0,
34,59.81999999999999,
34,6.36,
34,97.27,
34,1.68,
34,97.27,
34,28.68,
34,1.32,
34,97.27,
34,1.76,
34,18.1,
35,4.8,
35,5.39,
35,3.74,
35,205.97000000000003,
35,28.630000000000003,
35,14.17,
35,1.87,
35,81.63,
35,104.69999999999997,
35,16.5,
35,76.74,
35,8.26,
35,104.69999999999999,
35,1.96,
35,104.69999999999999,
35,28.52,
35,1.32,
35,104.69999999999999,
35,1.56,
35,19.37,
36,11.06,
36,3.24,
36,4.08,
36,255.38000000000002,
36,35.989999999999995,
36,13.200000000000001,
36,2.53,
36,101.10999999999999,
36,7.81,
36,66.79,
36,5.74,
36,101.11,
36,1.96,
36,101.11000000000001,
36,21.09,
36,1.56,
36,101.11000000000001,
36,1.92,
36,11.34,
37,5.6,
37,1.92,
37,4.08,
37,238.43000000000004,
37,26.32,
37,11.879999999999999,
37,1.87,
37,88.29999999999998,
37,7.81,
37,60.510000000000005,
37,4.62,
37,88.3,
37,1.96,
37,88.30000000000001,
37,17.43,
37,1.56,
37,88.30000000000001,
37,1.56,
37,10.68,
38,13.2,
38,2.72,
38,5.78,
38,194.73,
38,53.15,
38,22.7,
38,3.4,
38,10.6,
38,73.73,
38,10.0,
38,65.69,
38,2.8,
38,85.49,
38,24.43,
38,2.6,
38,115.28999999999999,
38,3.2,
38,15.0,
39,7.92,
39,2.42,
39,3.74,
39,253.65,
39,26.4,
39,11.2,
39,1.87,
39,103.4,
39,87.02,
39,5.83,
39,63.05,
39,8.12,
39,87.02,
39,1.96,
39,87.02000000000001,
39,14.97,
39,1.56,
39,87.02,
39,1.08,
39,8.7,
40,4.8,
40,1.76,
40,3.74,
40,285.08000000000004,
40,22.620000000000005,
40,10.54,
40,1.87,
40,24.75,
40,88.37,
40,89.7,
40,5.83,
40,64.31,
40,7.98,
40,89.7,
40,3.36,
40,89.7,
40,14.97,
40,1.56,
40,89.7,
40,1.08,
40,8.7,
41,16.5,
41,3.2,
41,6.8,
41,303.84999999999997,
41,54.16,
41,20.5,
41,2.04,
41,76.5,
41,44.15,
41,6.36,
41,67.60000000000001,
41,14.75,
41,135.81,
41,2.75,
41,167.31,
41,21.599999999999998,
41,3.25,
41,4.0,
41,9.4,
42,5.6,
42,1.92,
42,4.08,
42,367.84000000000003,
42,26.32,
42,11.879999999999999,
42,1.87,
42,105.0,
42,111.82,
42,11.77,
42,55.92,
42,7.0,
42,111.82,
42,1.54,
42,111.82000000000001,
42,24.88,
42,1.8,
42,111.82000000000001,
42,1.92,
42,14.89,
43,7.92,
43,1.76,
43,3.74,
43,344.9200000000001,
43,30.5,
43,10.54,
43,2.53,
43,72.93,
43,180.43,
43,105.34000000000002,
43,11.77,
43,68.49,
43,7.0,
43,105.34,
43,1.54,
43,105.34,
43,28.45,
43,1.44,
43,105.34,
43,1.56,
43,15.549999999999999,
44,7.42,
44,1.92,
44,4.08,
44,365.09,
44,30.099999999999994,
44,13.84,
44,1.87,
44,111.0,
44,94.13000000000001,
44,16.5,
44,66.99,
44,8.12,
44,94.13,
44,1.54,
44,94.13000000000001,
44,34.83,
44,1.92,
44,94.13000000000001,
44,1.08,
44,19.62,
45,5.6,
45,2.64,
45,4.08,
45,307.53999999999996,
45,29.0,
45,14.56,
45,1.87,
45,74.5,
45,84.08,
45,11.77,
45,56.03999999999999,
45,5.74,
45,84.08,
45,1.54,
45,84.08000000000001,
45,29.26,
45,1.08,
45,84.08,
45,1.08,
45,14.89,
46,5.6,
46,2.64,
46,4.08,
46,320.23,
46,27.04,
46,12.6,
46,3.74,
46,110.5,
46,81.04999999999998,
46,5.83,
46,52.69,
46,8.26,
46,81.05000000000003,
46,1.54,
46,81.05,
46,20.39,
46,1.56,
46,81.05,
46,1.08,
46,10.82,
47,5.6,
47,1.92,
47,4.08,
47,320.95000000000005,
47,26.32,
47,11.879999999999999,
47,3.74,
47,93.5,
47,83.77,
47,7.81,
47,49.93,
47,7.0,
47,83.77,
47,1.54,
47,83.77000000000001,
47,21.89,
47,1.08,
47,83.77,
47,1.08,
47,12.8,
48,4.8,
48,1.76,
48,3.74,
48,293.49,
48,22.620000000000005,
48,10.54,
48,3.74,
48,57.75,
48,129.37,
48,82.53000000000002,
48,9.79,
48,53.92,
48,7.0,
48,82.53000000000002,
48,1.54,
48,82.53,
48,29.380000000000003,
48,1.56,
48,82.53,
48,1.08,
48,14.53,
49,5.6,
49,1.92,
49,4.08,
49,0.99,
49,316.84000000000003,
49,26.32,
49,11.879999999999999,
49,3.74,
49,86.49,
49,85.94999999999999,
49,7.81,
49,52.63,
49,5.74,
49,85.94999999999999,
49,1.54,
49,85.95,
49,25.849999999999998,
49,1.32,
49,85.95,
49,1.08,
49,13.55,
50,4.8,
50,1.76,
50,3.74,
50,276.13000000000005,
50,22.620000000000005,
50,10.54,
50,5.78,
50,49.17,
50,78.79,
50,83.86999999999999,
50,15.13,
50,35.42999999999999,
50,3.5,
50,83.86999999999999,
50,1.96,
50,83.86999999999999,
50,10.47,
50,1.8,
50,83.86999999999999,
50,1.08,
51,4.8,
51,1.76,
51,3.74,
51,267.11,
51,22.620000000000005,
51,10.54,
51,6.8,
51,56.43,
51,197.05,
51,71.91,
51,9.01,
51,33.449999999999996,
51,3.5,
51,71.91,
51,1.54,
51,71.91000000000001,
51,8.91,
51,1.56,
51,71.91000000000001,
51,1.08,
52,4.8,
52,1.76,
52,3.74,
52,255.82000000000002,
52,22.620000000000005,
52,10.54,
52,5.78,
52,52.8,
52,189.42000000000002,
52,64.25,
52,9.01,
52,33.209999999999994,
52,3.5,
52,64.25,
52,1.54,
52,64.25,
52,8.67,
52,1.32,
52,64.25,
52,1.08,
53,4.8,
53,1.76,
53,3.74,
53,263.65999999999997,
53,22.620000000000005,
53,10.54,
53,2.53,
53,66.33,
53,141.95,
53,62.699999999999996,
53,5.83,
53,39.309999999999995,
53,8.26,
53,62.69999999999999,
53,1.54,
53,62.699999999999996,
53,16.509999999999998,
53,1.44,
53,62.699999999999996,
53,1.08,
53,10.36,
54,4.8,
54,1.76,
54,3.74,
54,272.37,
54,22.620000000000005,
54,10.54,
54,3.19,
54,69.63,
54,177.25,
54,63.35999999999999,
54,5.83,
54,44.71999999999999,
54,8.26,
54,63.359999999999985,
54,1.54,
54,63.35999999999999,
54,18.92,
54,1.44,
54,63.35999999999999,
54,1.08,
54,12.77,
55,4.8,
55,1.76,
55,3.74,
55,1.5,
55,259.56000000000006,
55,22.620000000000005,
55,10.54,
55,3.19,
55,63.21,
55,174.83,
55,62.21999999999999,
55,5.83,
55,45.32999999999999,
55,7.0,
55,62.21999999999999,
55,1.54,
55,62.22,
55,17.29,
55,1.56,
55,62.22,
55,1.08,
55,11.02,
56,4.8,
56,1.76,
56,3.74,
56,234.55,
56,22.620000000000005,
56,10.54,
56,3.19,
56,46.53,
56,150.15,
56,61.31999999999999,
56,5.83,
56,44.99999999999999,
56,5.74,
56,61.31999999999999,
56,1.54,
56,61.31999999999999,
56,18.22,
56,1.92,
56,61.32,
56,1.08,
56,10.27,
57,4.8,
57,1.76,
57,3.74,
57,191.09,
57,26.1,
57,14.02,
57,3.19,
57,103.1,
57,61.959999999999994,
57,5.83,
57,40.589999999999996,
57,3.5,
57,61.959999999999994,
57,1.54,
57,61.959999999999994,
57,16.05,
57,1.32,
57,61.959999999999994,
57,1.08,
57,10.02,
58,4.8,
58,1.76,
58,3.74,
58,189.17000000000002,
58,22.620000000000005,
58,10.54,
58,1.87,
58,91.62,
58,57.39999999999999,
58,5.83,
58,42.14999999999999,
58,3.5,
58,57.39999999999999,
58,1.54,
58,57.4,
58,17.61,
58,1.56,
58,57.4,
58,1.08,
58,8.7,
59,4.8,
59,1.76,
59,3.74,
59,6.0,
59,190.53,
59,22.620000000000005,
59,10.54,
59,1.87,
59,107.62,
59,57.39999999999999,
59,5.83,
59,39.50999999999999,
59,3.5,
59,57.39999999999999,
59,1.54,
59,57.4,
59,14.97,
59,1.56,
59,57.4,
59,1.08,
59,8.7,
60,4.8,
60,1.76,
60,3.74,
60,176.91,
60,22.620000000000005,
60,10.54,
60,1.87,
60,103.62,
60,59.63999999999999,
60,5.83,
60,40.88999999999999,
60,5.74,
60,59.63999999999999,
60,1.54,
60,59.63999999999999,
60,17.61,
60,1.56,
60,59.64,
60,1.08,
60,8.7,
61,4.8,
61,1.76,
61,3.74,
61,3.0,
61,133.66,
61,22.620000000000005,
61,10.54,
61,1.87,
61,99.62,
61,57.639999999999986,
61,5.83,
61,42.63999999999999,
61,3.5,
61,57.639999999999986,
61,1.54,
61,57.63999999999999,
61,18.1,
61,1.8,
61,57.63999999999999,
61,1.08,
61,8.95,
62,4.8,
62,1.76,
62,3.74,
62,101.42,
62,22.620000000000005,
62,10.54,
62,3.19,
62,99.62,
62,58.71999999999999,
62,5.83,
62,45.4,
62,3.5,
62,58.71999999999999,
62,1.54,
62,58.72,
62,17.86,
62,1.56,
62,58.72,
62,1.08,
62,10.27,
63,4.8,
63,1.76,
63,3.74,
63,116.32,
63,22.620000000000005,
63,10.54,
63,2.53,
63,17.49,
63,109.11,
63,58.059999999999995,
63,5.83,
63,42.809999999999995,
63,3.5,
63,58.059999999999995,
63,1.54,
63,58.06,
63,18.27,
63,1.56,
63,58.06,
63,1.08,
63,9.36,
64,4.8,
64,1.76,
64,3.74,
64,139.22,
64,22.620000000000005,
64,10.54,
64,1.87,
64,13.86,
64,113.48,
64,58.519999999999996,
64,5.83,
64,41.339999999999996,
64,4.62,
64,58.51999999999999,
64,1.54,
64,58.519999999999996,
64,19.18,
64,1.56,
64,58.519999999999996,
64,1.08,
64,8.95,
65,4.8,
65,1.76,
65,3.74,
65,9.0,
65,189.72000000000003,
65,22.620000000000005,
65,10.54,
65,5.06,
65,99.62,
65,72.38,
65,16.5,
65,61.7,
65,4.62,
65,72.38000000000001,
65,1.54,
65,72.38000000000002,
65,33.04,
65,1.56,
65,72.38000000000001,
65,1.08,
65,22.81,
66,4.8,
66,1.76,
66,3.74,
66,213.39000000000004,
66,22.620000000000005,
66,10.54,
66,3.74,
66,35.64,
66,139.26,
66,72.73,
66,11.77,
66,51.33,
66,4.62,
66,72.73,
66,1.54,
66,72.73000000000002,
66,25.67,
66,1.56,
66,72.73,
66,1.08,
66,16.759999999999998,
67,4.8,
67,1.76,
67,3.74,
67,3.0,
67,193.69000000000003,
67,22.620000000000005,
67,10.54,
67,3.19,
67,95.62,
67,66.36,
67,9.79,
67,50.46999999999999,
67,3.5,
67,66.35999999999999,
67,1.54,
67,66.36000000000001,
67,25.93,
67,2.04,
67,66.36,
67,1.08,
67,14.229999999999999,
68,4.8,
68,1.76,
68,3.74,
68,175.17000000000002,
68,22.620000000000005,
68,10.54,
68,2.9,
68,120.17,
68,54.05,
68,5.3,
68,38.059999999999995,
68,3.0,
68,54.050000000000004,
68,1.32,
68,54.05,
68,20.87,
68,1.43,
68,54.05,
68,0.99,
68,9.2,
69,4.8,
69,1.76,
69,3.74,
69,169.33,
69,22.620000000000005,
69,10.54,
69,2.53,
69,3.3,
69,90.92,
69,58.699999999999996,
69,5.83,
69,46.01,
69,4.62,
69,58.69999999999999,
69,1.54,
69,58.699999999999996,
69,20.35,
69,1.08,
69,58.699999999999996,
69,1.08,
69,9.61,
70,4.8,
70,1.76,
70,3.74,
70,157.64000000000001,
70,22.620000000000005,
70,10.54,
70,1.87,
70,3.3,
70,102.92,
70,57.75999999999999,
70,5.83,
70,41.31999999999999,
70,3.5,
70,57.75999999999999,
70,1.54,
70,57.76,
70,20.28,
70,1.92,
70,57.76,
70,1.08,
70,8.7,
71,5.6,
71,1.92,
71,4.08,
71,3.0,
71,106.67999999999999,
71,26.32,
71,11.879999999999999,
71,1.87,
71,60.98,
71,5.83,
71,40.959999999999994,
71,3.5,
71,60.97999999999998,
71,1.54,
71,60.97999999999999,
71,16.42,
71,1.44,
71,60.98,
71,1.08,
71,8.95,
72,4.8,
72,1.76,
72,3.74,
72,108.82,
72,22.620000000000005,
72,10.54,
72,1.87,
72,6.93,
72,82.55000000000001,
72,57.75999999999999,
72,5.83,
72,39.86999999999999,
72,3.5,
72,57.75999999999999,
72,1.54,
72,57.76,
72,15.33,
72,1.92,
72,57.76,
72,1.08,
72,8.7,
73,4.8,
73,1.76,
73,3.74,
73,105.73,
73,22.620000000000005,
73,10.54,
73,1.87,
73,75.62,
73,57.27999999999999,
73,5.83,
73,43.709999999999994,
73,3.5,
73,57.27999999999999,
73,1.54,
73,57.279999999999994,
73,16.17,
73,1.44,
73,57.279999999999994,
73,1.08,
73,8.7,
74,5.6,
74,1.92,
74,4.08,
74,120.58999999999997,
74,26.32,
74,11.879999999999999,
74,1.87,
74,62.46,
74,5.83,
74,43.86999999999999,
74,4.62,
74,62.45999999999998,
74,1.54,
74,62.459999999999994,
74,15.209999999999999,
74,1.8,
74,62.459999999999994,
74,1.08,
74,8.7,
75,4.8,
75,1.76,
75,3.74,
75,169.20999999999998,
75,22.620000000000005,
75,10.54,
75,1.87,
75,67.61999999999999,
75,57.75999999999999,
75,5.83,
75,44.19,
75,3.5,
75,57.75999999999999,
75,1.54,
75,57.76,
75,16.65,
75,1.92,
75,57.76,
75,1.08,
75,8.7,
76,4.8,
76,1.76,
76,3.74,
76,177.98999999999998,
76,22.620000000000005,
76,10.54,
76,2.53,
76,33.620000000000005,
76,59.54,
76,5.83,
76,45.97,
76,4.62,
76,59.53999999999999,
76,1.54,
76,59.54,
76,17.31,
76,1.92,
76,59.54,
76,1.08,
76,9.36,
77,5.6,
77,1.92,
77,4.08,
77,186.48000000000002,
77,26.32,
77,11.879999999999999,
77,1.87,
77,10.5,
77,62.46,
77,5.83,
77,40.26,
77,4.62,
77,62.45999999999998,
77,1.54,
77,62.459999999999994,
77,18.1,
77,1.8,
77,62.459999999999994,
77,1.08,
77,8.95,
78,4.8,
78,1.76,
78,3.74,
78,222.27000000000004,
78,22.620000000000005,
78,10.54,
78,1.87,
78,50.49,
78,114.11,
78,57.75999999999999,
78,5.83,
78,39.75999999999999,
78,3.5,
78,57.75999999999999,
78,1.54,
78,57.76,
78,18.72,
78,1.92,
78,57.76,
78,1.08,
78,9.45,
79,4.8,
79,1.76,
79,3.74,
79,263.22,
79,22.620000000000005,
79,10.54,
79,3.74,
79,61.71,
79,173.33,
79,59.629999999999995,
79,5.83,
79,43.489999999999995,
79,3.5,
79,59.629999999999995,
79,1.54,
79,59.63,
79,18.95,
79,1.92,
79,59.63,
79,1.08,
79,12.32,
