42,
35,
75,
53,
80,
75,
40,
82,
41,
43,
62,
58,
39,
64,
46,
73,
113,
114,
115,
37,
118,
35,
127,
115,
79,
44,
134,
119,
112,
78,
41,
44,
150,
145,
128,
120,
142,
145,
136,
38,
111,
143,
102,
130,
138,
110,
131,
152,
139,
113,
169,
34,
118,
109,
87,
100,
68,
119,
48,
156,
109,
64,
51,
43,
148,
58,
50,
114,
46,
162,
161,
142,
123,
48,
73,
132,
129,
47,
160,
151,
43,
160,
152,
174,
129,
119,
112,
120,
179,
182,
198,
93,
139,
44,
103,
137,
122,
207,
170,
163,
106,
135,
193,
170,
34,
117,
201,
184,
160,
213,
165,
136,
202,
139,
186,
189,
150,
189,
126,
211,
215,
166,
115,
210,
195,
135,
138,
122,
215,
150,
210,
199,
111,
198,
121,
178,
196,
110,
132,
112,
209,
173,
132,
176,
179,
177,
211,
165,
146,
48,
182,
181,
132,
130,
222,
153,
160,
171,
199,
112,
193,
133,
37,
183,
181,
202,
166,
225,
217,
216,
109,
46,
223,
235,
198,
234,
194,
215,
171,
231,
166,
216,
229,
167,
172,
218,
158,
175,
177,
196,
102,
128,
184,
186,
189,
168,
156,
174,
34,
207,
170,
171,
145,
196,
186,
193,
208,
207,
143,
209,
206,
45,
149,
181,
166,
248,
162,
170,
137,
208,
167,
159,
154,
222,
186,
153,
191,
114,
31,
184,
209,
200,
181,
82,
219,
44,
43,
203,
191,
80,
260,
78,
131,
130,
49,
146,
263,
169,
115,
110,
57,
44,
74,
46,
168,
46,
144,
169,
96,
117,
184,
133,
134,
224,
142,
68,
39,
290,
185,
273,
128,
196,
174,
266,
210,
174,
149,
44,
297,
179,
164,
41,
195,
151,
131,
182,
261,
142,
300,
142,
257,
290,
254,
268,
168,
231,
267,
136,
124,
208,
219,
31,
196,
218,
37,
190,
172,
224,
194,
121,
131,
179,
164,
205,
160,
177,
174,
140,
146,
174,
165,
270,
41,
117,
309,
206,
236,
218,
168,
180,
292,
203,
267,
197,
241,
158,
181,
224,
213,
191,
168,
305,
315,
163,
259,
44,
189,
221,
198,
205,
206,
255,
231,
247,
161,
158,
180,
225,
252,
166,
311,
132,
170,
194,
45,
186,
272,
216,
224,
157,
203,
277,
177,
180,
205,
165,
252,
253,
159,
174,
239,
293,
317,
176,
148,
261,
217,
227,
285,
211,
341,
31,
322,
278,
159,
152,
231,
29,
140,
175,
182,
333,
317,
108,
31,
161,
160,
156,
93,
125,
37,
173,
93,
152,
172,
133,
59,
141,
107,
135,
76,
96,
97,
205,
162,
164,
162,
180,
45,
170,
288,
83,
150,
213,
282,
141,
249,
215,
273,
159,
263,
39,
277,
140,
217,
233,
267,
281,
248,
204,
143,
255,
210,
260,
193,
152,
160,
202,
191,
41,
155,
134,
187,
254,
184,
188,
162,
186,
356,
275,
195,
170,
177,
127,
254,
126,
351,
184,
122,
244,
329,
180,
185,
180,
342,
240,
145,
211,
183,
200,
128,
95,
220,
192,
198,
186,
232,
232,
213,
334,
152,
297,
182,
157,
269,
226,
253,
130,
232,
259,
237,
180,
172,
281,
136,
348,
243,
350,
276,
178,
332,
197,
345,
323,
237,
294,
287,
359,
351,
265,
213,
176,
276,
37,
199,
345,
108,
198,
248,
287,
272,
320,
185,
284,
307,
348,
356,
292,
238,
232,
217,
300,
246,
253,
210,
210,
136,
303,
291,
287,
238,
253,
363,
181,
153,
267,
294,
216,
225,
374,
272,
397,
166,
281,
248,
212,
199,
149,
146,
250,
280,
179,
291,
321,
207,
37,
371,
193,
259,
166,
165,
173,
318,
230,
329,
218,
258,
136,
190,
347,
209,
34,
209,
219,
276,
241,
216,
380,
400,
255,
33,
43,
400,
182,
206,
312,
175,
136,
198,
182,
90,
367,
157,
166,
153,
358,
360,
36,
35,
330,
238,
129,
42,
328,
66,
103,
67,
57,
43,
157,
78,
49,
168,
195,
254,
266,
203,
163,
250,
163,
184,
140,
44,
42,
277,
234,
202,
113,
149,
221,
41,
185,
236,
162,
33,
216,
211,
40,
134,
108,
170,
200,
104,
234,
205,
316,
137,
154,
162,
269,
215,
192,
192,
208,
272,
276,
181,
149,
86,
248,
179,
150,
355,
146,
37,
306,
185,
173,
431,
192,
223,
410,
206,
395,
161,
159,
139,
340,
161,
281,
142,
220,
161,
276,
106,
189,
234,
217,
302,
185,
204,
252,
248,
211,
121,
289,
242,
167,
98,
291,
275,
184,
171,
205,
41,
217,
184,
303,
273,
262,
187,
307,
195,
434,
237,
167,
214,
156,
150,
35,
280,
341,
227,
151,
107,
280,
240,
294,
331,
205,
351,
213,
253,
234,
210,
425,
258,
172,
208,
329,
187,
304,
248,
220,
249,
360,
263,
227,
256,
184,
307,
202,
305,
436,
451,
289,
36,
190,
196,
463,
435,
239,
243,
441,
161,
250,
277,
316,
123,
398,
226,
239,
38,
371,
392,
226,
231,
453,
230,
224,
170,
353,
297,
189,
384,
282,
197,
99,
420,
333,
432,
43,
206,
221,
185,
202,
202,
111,
475,
141,
34,
430,
126,
507,
183,
169,
103,
93,
393,
79,
73,
128,
70,
131,
97,
47,
100,
41,
109,
63,
501,
235,
270,
152,
199,
60,
161,
213,
259,
328,
157,
338,
200,
269,
198,
177,
243,
490,
143,
203,
243,
169,
187,
167,
226,
203,
234,
170,
157,
261,
238,
279,
361,
186,
217,
273,
247,
179,
240,
207,
141,
197,
48,
327,
259,
194,
251,
250,
175,
155,
247,
215,
164,
258,
47,
171,
90,
238,
189,
356,
181,
130,
169,
129,
148,
147,
241,
118,
130,
249,
108,
236,
296,
128,
343,
447,
199,
41,
271,
112,
115,
301,
321,
195,
97,
311,
179,
265,
145,
267,
269,
171,
85,
314,
293,
132,
145,
244,
269,
228,
189,
37,
258,
227,
321,
277,
209,
329,
182,
307,
268,
196,
223,
281,
38,
533,
144,
299,
192,
322,
465,
294,
161,
160,
250,
115,
287,
130,
36,
257,
150,
127,
283,
384,
233,
442,
188,
318,
257,
208,
302,
143,
133,
231,
37,
193,
483,
230,
43,
219,
228,
282,
273,
286,
252,
271,
509,
358,
513,
221,
41,
441,
229,
227,
411,
202,
438,
473,
423,
36,
238,
242,
189,
159,
320,
292,
374,
236,
333,
390,
518,
268,
266,
369,
225,
325,
184,
367,
391,
318,
257,
328,
286,
128,
217,
195,
276,
346,
113,
259,
311,
445,
309,
242,
240,
193,
235,
317,
309,
266,
101,
170,
419,
285,
237,
258,
168,
361,
433,
252,
149,
228,
310,
422,
310,
507,
401,
359,
444,
239,
251,
338,
483,
445,
266,
194,
191,
85,
142,
249,
41,
104,
141,
81,
79,
178,
167,
167,
74,
95,
37,
168,
403,
63,
36,
154,
157,
228,
233,
148,
41,
192,
232,
228,
175,
191,
253,
169,
133,
252,
194,
352,
249,
559,
164,
194,
224,
107,
212,
254,
517,
344,
456,
403,
267,
45,
145,
581,
197,
355,
221,
269,
145,
507,
439,
151,
109,
506,
211,
221,
211,
262,
270,
430,
105,
177,
279,
46,
203,
517,
253,
174,
266,
249,
103,
220,
265,
260,
557,
170,
227,
228,
278,
206,
136,
232,
221,
304,
189,
266,
188,
558,
343,
45,
198,
258,
341,
251,
171,
260,
273,
146,
187,
165,
45,
296,
272,
223,
201,
141,
166,
280,
375,
45,
184,
219,
177,
278,
99,
204,
193,
238,
159,
239,
131,
286,
213,
424,
150,
248,
205,
201,
230,
390,
335,
160,
276,
205,
169,
348,
228,
294,
219,
282,
235,
224,
306,
355,
149,
515,
207,
231,
188,
184,
238,
182,
491,
191,
237,
395,
234,
331,
269,
502,
348,
162,
392,
267,
497,
175,
200,
535,
455,
252,
249,
252,
330,
330,
307,
202,
262,
593,
390,
375,
553,
156,
177,
163,
226,
316,
326,
303,
601,
336,
170,
152,
516,
143,
44,
135,
556,
351,
484,
552,
168,
551,
157,
152,
243,
547,
336,
278,
208,
310,
268,
217,
157,
166,
495,
165,
210,
231,
234,
275,
252,
539,
174,
42,
574,
317,
195,
221,
509,
308,
134,
172,
43,
560,
260,
32,
266,
223,
159,
187,
175,
169,
362,
111,
202,
227,
680,
93,
85,
319,
675,
162,
103,
51,
315,
495,
307,
144,
41,
436,
138,
186,
112,
139,
169,
168,
164,
233,
97,
224,
183,
120,
213,
44,
246,
277,
252,
175,
248,
466,
177,
204,
75,
182,
359,
263,
296,
29,
163,
702,
240,
167,
123,
166,
647,
96,
151,
236,
288,
148,
236,
325,
161,
102,
472,
163,
297,
447,
438,
286,
451,
258,
151,
211,
137,
155,
275,
163,
192,
193,
205,
155,
42,
199,
136,
442,
155,
150,
133,
263,
251,
128,
190,
190,
167,
451,
273,
346,
181,
159,
210,
272,
190,
664,
454,
168,
235,
134,
178,
184,
196,
193,
213,
179,
398,
44,
168,
294,
281,
206,
206,
155,
371,
141,
205,
268,
126,
140,
134,
162,
285,
144,
599,
167,
588,
348,
30,
163,
123,
127,
318,
301,
543,
31,
314,
253,
235,
270,
535,
491,
150,
336,
199,
486,
283,
177,
570,
554,
291,
166,
176,
584,
170,
569,
248,
139,
620,
547,
139,
509,
558,
266,
586,
148,
161,
258,
173,
275,
141,
562,
231,
448,
577,
196,
191,
557,
312,
40,
546,
544,
224,
313,
679,
275,
348,
581,
377,
539,
478,
484,
578,
518,
402,
171,
520,
564,
533,
349,
645,
184,
594,
105,
377,
93,
307,
147,
674,
337,
476,
42,
256,
151,
273,
85,
277,
135,
49,
144,
122,
44,
689,
43,
140,
444,
124,
639,
41,
171,
76,
279,
477,
178,
181,
288,
468,
166,
415,
619,
701,
533,
334,
43,
299,
303,
40,
447,
652,
150,
434,
184,
334,
179,
158,
252,
518,
136,
191,
498,
404,
227,
155,
77,
332,
497,
166,
186,
238,
40,
155,
174,
153,
437,
419,
170,
116,
184,
340,
40,
157,
167,
202,
167,
206,
135,
176,
204,
228,
268,
186,
324,
182,
341,
137,
144,
125,
197,
259,
246,
190,
188,
127,
283,
153,
163,
220,
353,
173,
144,
582,
123,
128,
245,
204,
180,
350,
36,
214,
148,
183,
169,
284,
548,
173,
231,
38,
357,
163,
279,
541,
289,
181,
203,
166,
511,
143,
33,
146,
277,
151,
285,
471,
420,
153,
326,
40,
274,
279,
165,
258,
386,
461,
361,
164,
285,
270,
372,
144,
116,
364,
213,
321,
161,
568,
327,
502,
46,
472,
538,
549,
349,
358,
450,
131,
477,
154,
142,
36,
358,
188,
166,
618,
367,
354,
39,
285,
181,
480,
360,
599,
244,
465,
331,
473,
218,
580,
335,
457,
513,
205,
550,
47,
147,
327,
366,
171,
417,
375,
344,
276,
552,
427,
324,
43,
323,
171,
338,
438,
333,
304,
502,
383,
318,
41,
157,
313,
325,
688,
127,
390,
468,
441,
543,
113,
322,
304,
152,
436,
463,
452,
462,
419,
334,
492,
338,
412,
158,
98,
426,
443,
77,
57,
412,
176,
333,
248,
396,
149,
41,
333,
650,
144,
249,
658,
61,
241,
241,
216,
596,
164,
717,
49,
206,
144,
45,
542,
149,
384,
301,
473,
165,
539,
214,
84,
301,
137,
40,
408,
153,
142,
276,
157,
702,
134,
34,
204,
288,
446,
247,
171,
183,
378,
68,
187,
388,
162,
132,
293,
437,
343,
111,
180,
42,
162,
105,
197,
409,
192,
302,
282,
191,
170,
391,
153,
199,
304,
162,
567,
198,
128,
94,
299,
382,
180,
202,
191,
379,
314,
373,
149,
403,
151,
34,
45,
142,
391,
352,
159,
306,
232,
122,
219,
163,
188,
158,
264,
194,
428,
147,
206,
313,
162,
168,
198,
527,
288,
477,
283,
179,
245,
245,
161,
44,
193,
470,
278,
407,
31,
214,
201,
479,
243,
180,
190,
147,
392,
401,
506,
339,
391,
157,
156,
310,
601,
383,
198,
462,
173,
147,
199,
141,
137,
37,
608,
579,
301,
398,
295,
209,
280,
140,
411,
408,
278,
288,
320,
301,
270,
175,
474,
49,
154,
388,
266,
189,
303,
249,
256,
388,
205,
293,
179,
459,
237,
309,
474,
40,
151,
328,
430,
421,
210,
48,
408,
311,
438,
366,
318,
597,
323,
433,
280,
389,
411,
311,
101,
372,
151,
460,
403,
98,
427,
81,
255,
405,
500,
256,
389,
322,
671,
64,
378,
331,
660,
161,
53,
413,
49,
312,
600,
279,
321,
195,
294,
593,
323,
46,
285,
579,
57,
42,
273,
401,
178,
40,
197,
159,
625,
636,
184,
167,
188,
161,
396,
180,
430,
596,
192,
178,
235,
395,
323,
205,
124,
221,
200,
180,
286,
442,
216,
142,
153,
141,
46,
800,
169,
453,
260,
313,
159,
87,
132,
179,
198,
738,
233,
162,
164,
36,
255,
301,
179,
679,
129,
186,
236,
165,
667,
233,
314,
644,
284,
167,
280,
209,
228,
158,
126,
110,
460,
292,
187,
198,
673,
109,
157,
226,
298,
644,
193,
302,
165,
195,
457,
242,
38,
185,
121,
174,
278,
363,
165,
133,
158,
217,
306,
185,
206,
148,
111,
128,
301,
136,
214,
181,
445,
222,
257,
262,
359,
120,
365,
261,
256,
173,
192,
180,
249,
44,
210,
448,
196,
133,
233,
194,
153,
201,
135,
374,
387,
131,
212,
176,
473,
209,
195,
350,
142,
129,
314,
88,
222,
161,
169,
367,
154,
349,
322,
217,
125,
133,
272,
376,
670,
333,
379,
452,
577,
250,
192,
240,
169,
449,
484,
285,
356,
192,
652,
153,
283,
505,
283,
635,
249,
467,
352,
283,
212,
420,
114,
141,
46,
244,
262,
614,
94,
340,
321,
310,
450,
261,
365,
354,
110,
290,
232,
702,
386,
604,
207,
703,
315,
44,
405,
501,
190,
412,
94,
438,
697,
404,
137,
250,
68,
694,
44,
207,
415,
130,
167,
700,
76,
43,
315,
310,
351,
44,
80,
45,
77,
143,
457,
255,
326,
502,
73,
502,
135,
281,
192,
498,
179,
191,
127,
501,
170,
210,
201,
242,
194,
542,
178,
185,
85,
180,
202,
116,
61,
209,
238,
521,
143,
157,
224,
452,
546,
188,
42,
355,
212,
185,
514,
422,
256,
247,
84,
475,
171,
340,
263,
158,
149,
224,
453,
322,
253,
353,
179,
176,
118,
48,
39,
78,
219,
253,
182,
235,
184,
233,
334,
35,
177,
268,
209,
217,
158,
252,
208,
286,
162,
305,
497,
163,
163,
108,
398,
155,
263,
343,
156,
395,
95,
234,
207,
340,
205,
183,
542,
138,
260,
173,
171,
179,
186,
141,
425,
197,
129,
95,
139,
151,
130,
434,
232,
110,
200,
184,
284,
148,
138,
196,
172,
497,
225,
189,
200,
147,
253,
138,
281,
170,
132,
191,
167,
130,
208,
218,
106,
222,
530,
254,
143,
255,
201,
227,
340,
182,
552,
39,
139,
387,
190,
473,
369,
248,
508,
240,
194,
257,
503,
132,
134,
442,
247,
575,
228,
44,
127,
247,
125,
43,
368,
657,
539,
357,
125,
545,
337,
268,
399,
429,
419,
47,
159,
242,
477,
43,
41,
392,
206,
378,
41,
190,
557,
83,
41,
372,
473,
528,
377,
769,
420,
139,
433,
334,
79,
347,
773,
123,
59,
330,
69,
378,
743,
68,
501,
187,
283,
265,
62,
522,
224,
428,
519,
504,
432,
58,
187,
62,
180,
54,
166,
259,
565,
609,
50,
274,
570,
205,
189,
447,
429,
202,
219,
589,
199,
556,
253,
227,
562,
192,
248,
221,
79,
344,
418,
209,
144,
154,
686,
131,
168,
154,
234,
233,
327,
224,
500,
191,
439,
191,
238,
354,
81,
273,
175,
144,
599,
293,
801,
99,
196,
279,
130,
232,
112,
237,
107,
195,
269,
204,
253,
82,
225,
424,
158,
193,
189,
221,
112,
121,
83,
469,
485,
369,
805,
182,
153,
414,
264,
176,
596,
80,
302,
206,
231,
189,
195,
157,
355,
58,
548,
509,
207,
827,
450,
189,
233,
302,
157,
204,
614,
263,
384,
137,
163,
298,
150,
609,
36,
184,
181,
42,
181,
218,
102,
239,
379,
202,
244,
311,
38,
270,
212,
326,
311,
182,
583,
209,
165,
214,
371,
404,
214,
209,
236,
144,
101,
99,
180,
614,
150,
162,
606,
94,
571,
230,
136,
235,
135,
247,
231,
422,
83,
608,
325,
426,
585,
356,
589,
599,
418,
263,
295,
107,
320,
373,
384,
591,
263,
361,
603,
496,
574,
322,
271,
279,
455,
197,
271,
321,
47,
589,
444,
281,
144,
276,
116,
66,
295,
267,
106,
286,
129,
102,
248,
75,
102,
305,
198,
484,
302,
69,
527,
208,
132,
88,
279,
806,
68,
766,
441,
61,
805,
232,
395,
229,
215,
220,
80,
653,
280,
667,
52,
216,
255,
229,
174,
278,
232,
196,
221,
267,
216,
651,
243,
206,
250,
220,
355,
168,
60,
260,
203,
425,
182,
41,
271,
214,
167,
169,
257,
59,
300,
183,
43,
225,
166,
78,
295,
222,
249,
221,
234,
213,
461,
40,
111,
110,
193,
118,
230,
100,
108,
266,
146,
266,
184,
154,
190,
235,
265,
107,
177,
527,
199,
276,
204,
227,
217,
151,
119,
157,
261,
684,
249,
247,
139,
174,
215,
331,
241,
659,
234,
138,
243,
576,
205,
254,
137,
250,
231,
133,
42,
177,
109,
248,
228,
198,
227,
565,
422,
234,
564,
171,
251,
685,
45,
550,
342,
645,
492,
898,
394,
672,
34,
168,
241,
331,
388,
631,
864,
203,
232,
147,
220,
181,
184,
219,
330,
909,
545,
502,
199,
115,
283,
908,
286,
145,
472,
194,
246,
205,
297,
243,
240,
894,
133,
916,
211,
410,
155,
33,
303,
340,
463,
931,
378,
202,
170,
333,
216,
262,
392,
318,
228,
583,
119,
45,
225,
687,
358,
684,
93,
224,
436,
680,
267,
384,
381,
318,
251,
270,
634,
348,
192,
295,
123,
630,
222,
479,
265,
308,
275,
117,
36,
237,
70,
359,
223,
439,
51,
276,
376,
182,
83,
353,
264,
667,
336,
613,
612,
41,
267,
77,
180,
464,
177,
222,
212,
78,
180,
150,
73,
464,
136,
173,
120,
233,
166,
707,
336,
180,
152,
460,
57,
215,
262,
632,
67,
655,
122,
284,
642,
669,
151,
228,
714,
274,
144,
161,
228,
237,
201,
173,
173,
45,
916,
202,
209,
218,
239,
467,
177,
213,
154,
331,
34,
882,
171,
223,
227,
37,
646,
231,
188,
116,
126,
163,
251,
631,
269,
242,
251,
165,
84,
146,
278,
722,
245,
225,
305,
234,
214,
239,
264,
182,
196,
147,
230,
234,
167,
158,
244,
268,
204,
309,
161,
185,
248,
711,
637,
131,
405,
264,
229,
920,
192,
149,
709,
489,
151,
260,
923,
540,
930,
143,
196,
203,
161,
247,
407,
919,
132,
107,
160,
301,
258,
162,
393,
239,
221,
409,
197,
33,
266,
155,
39,
217,
292,
224,
731,
233,
367,
42,
215,
363,
237,
186,
137,
355,
255,
180,
148,
212,
177,
205,
169,
418,
908,
351,
254,
409,
197,
38,
336,
248,
340,
374,
348,
228,
202,
247,
196,
936,
194,
205,
155,
170,
134,
141,
39,
230,
264,
653,
376,
317,
661,
243,
149,
38,
37,
252,
317,
215,
342,
266,
247,
147,
197,
115,
187,
365,
142,
263,
340,
416,
346,
198,
129,
166,
139,
372,
33,
103,
186,
107,
231,
120,
333,
185,
308,
712,
45,
680,
300,
190,
702,
404,
673,
162,
724,
35,
141,
351,
134,
434,
181,
558,
31,
233,
228,
104,
231,
100,
220,
596,
354,
202,
34,
43,
157,
269,
283,
45,
72,
176,
33,
196,
258,
607,
32,
201,
426,
270,
897,
188,
802,
377,
431,
462,
349,
150,
45,
69,
187,
216,
85,
158,
138,
152,
712,
143,
338,
137,
219,
141,
922,
133,
209,
391,
183,
236,
726,
43,
149,
124,
211,
172,
185,
32,
963,
267,
696,
366,
716,
395,
153,
636,
923,
156,
251,
192,
161,
179,
192,
336,
304,
202,
263,
370,
264,
917,
117,
176,
187,
137,
618,
190,
110,
321,
304,
226,
284,
272,
155,
210,
120,
280,
111,
240,
87,
218,
101,
733,
230,
813,
222,
250,
192,
206,
190,
203,
186,
167,
126,
724,
278,
150,
1000,
171,
154,
104,
231,
216,
82,
295,
407,
162,
221,
248,
168,
135,
230,
222,
321,
253,
161,
134,
254,
397,
112,
194,
118,
128,
216,
267,
228,
585,
253,
165,
229,
240,
133,
359,
293,
204,
144,
201,
133,
180,
421,
752,
729,
165,
1009,
266,
294,
123,
359,
43,
192,
274,
208,
117,
190,
209,
189,
344,
339,
162,
152,
283,
957,
192,
172,
119,
183,
195,
184,
278,
211,
182,
255,
38,
156,
206,
200,
171,
128,
249,
344,
255,
194,
249,
224,
673,
125,
186,
304,
162,
96,
248,
252,
203,
171,
238,
42,
133,
766,
243,
108,
34,
292,
241,
491,
141,
33,
195,
220,
207,
460,
214,
226,
266,
44,
279,
359,
273,
145,
627,
361,
282,
780,
227,
338,
73,
306,
584,
634,
227,
73,
255,
38,
258,
370,
296,
683,
234,
246,
353,
231,
372,
791,
47,
45,
296,
950,
323,
960,
40,
401,
248,
256,
394,
445,
190,
343,
222,
392,
424,
962,
225,
719,
394,
157,
162,
185,
628,
803,
312,
34,
280,
189,
296,
78,
151,
718,
249,
385,
229,
43,
395,
157,
899,
716,
208,
159,
144,
384,
221,
117,
35,
302,
218,
210,
214,
243,
220,
233,
133,
332,
211,
251,
131,
213,
145,
216,
135,
257,
202,
724,
227,
150,
221,
258,
222,
142,
253,
36,
131,
237,
156,
335,
205,
162,
211,
817,
228,
226,
246,
143,
150,
999,
347,
334,
391,
133,
829,
222,
239,
197,
120,
140,
264,
929,
218,
250,
191,
166,
107,
40,
39,
407,
212,
246,
177,
319,
195,
216,
927,
372,
39,
184,
219,
247,
337,
318,
202,
133,
169,
175,
87,
290,
140,
368,
218,
176,
245,
135,
36,
256,
129,
243,
258,
202,
157,
157,
89,
196,
181,
102,
209,
169,
417,
226,
170,
147,
313,
344,
313,
275,
158,
406,
414,
159,
37,
170,
182,
225,
351,
152,
118,
153,
765,
668,
197,
156,
820,
151,
102,
242,
158,
298,
368,
203,
173,
832,
144,
225,
961,
171,
267,
173,
196,
355,
43,
166,
138,
210,
260,
190,
325,
187,
404,
229,
223,
224,
126,
339,
33,
146,
360,
120,
151,
143,
158,
98,
160,
425,
744,
375,
124,
718,
362,
31,
90,
363,
136,
148,
47,
31,
707,
58,
509,
45,
148,
182,
89,
33,
50,
384,
282,
191,
72,
508,
335,
156,
1041,
424,
244,
184,
46,
707,
163,
279,
277,
953,
199,
934,
169,
388,
954,
205,
178,
120,
254,
164,
190,
379,
178,
230,
702,
241,
221,
162,
981,
379,
163,
255,
352,
154,
154,
98,
376,
162,
193,
233,
992,
140,
234,
125,
134,
42,
47,
269,
229,
146,
183,
803,
227,
239,
77,
714,
183,
217,
405,
221,
185,
182,
250,
196,
272,
983,
333,
229,
232,
234,
147,
733,
49,
193,
229,
150,
823,
173,
208,
537,
156,
177,
146,
177,
224,
347,
124,
217,
358,
177,
111,
35,
216,
734,
41,
48,
174,
269,
165,
329,
96,
134,
202,
47,
257,
193,
263,
284,
125,
735,
187,
1016,
284,
92,
206,
178,
156,
202,
267,
114,
39,
654,
188,
147,
187,
282,
233,
148,
265,
184,
175,
111,
348,
118,
213,
187,
177,
141,
147,
185,
298,
169,
316,
747,
147,
189,
215,
195,
354,
35,
163,
1075,
161,
115,
167,
150,
422,
204,
190,
1074,
429,
662,
351,
188,
167,
334,
341,
143,
164,
211,
197,
318,
160,
581,
209,
38,
254,
166,
102,
844,
138,
36,
241,
164,
163,
154,
169,
310,
197,
140,
436,
176,
328,
371,
210,
114,
31,
367,
151,
205,
126,
366,
164,
355,
278,
221,
588,
296,
355,
117,
111,
106,
161,
247,
184,
207,
43,
46,
461,
67,
545,
326,
43,
225,
461,
84,
299,
41,
271,
461,
79,
295,
376,
791,
218,
268,
190,
705,
252,
215,
35,
187,
83,
42,
192,
173,
233,
626,
129,
178,
155,
389,
270,
156,
249,
154,
331,
131,
142,
183,
1040,
204,
135,
1038,
139,
163,
402,
148,
43,
396,
109,
151,
190,
409,
197,
170,
140,
711,
238,
209,
247,
225,
131,
349,
324,
204,
407,
230,
156,
200,
243,
192,
193,
200,
240,
142,
108,
195,
169,
230,
214,
144,
192,
195,
736,
223,
239,
143,
172,
230,
227,
342,
208,
212,
183,
135,
173,
344,
291,
402,
578,
185,
208,
225,
173,
45,
176,
608,
255,
217,
322,
131,
163,
146,
123,
228,
318,
327,
912,
40,
257,
190,
199,
735,
742,
153,
31,
165,
158,
198,
197,
561,
745,
345,
324,
170,
345,
173,
174,
1081,
161,
342,
418,
321,
302,
145,
291,
178,
143,
195,
149,
330,
116,
149,
323,
142,
328,
157,
199,
198,
45,
838,
270,
187,
192,
385,
661,
38,
226,
658,
326,
284,
356,
208,
350,
184,
156,
147,
321,
276,
32,
327,
42,
354,
194,
148,
222,
678,
56,
358,
270,
204,
189,
357,
209,
151,
416,
148,
346,
431,
35,
43,
314,
203,
110,
277,
126,
87,
192,
334,
361,
125,
40,
73,
80,
118,
80,
389,
50,
112,
342,
463,
316,
239,
35,
263,
46,
167,
178,
201,
168,
618,
194,
195,
163,
190,
164,
116,
154,
149,
194,
142,
312,
222,
203,
711,
290,
252,
233,
375,
156,
35,
143,
161,
721,
215,
632,
220,
300,
128,
138,
215,
308,
222,
272,
93,
227,
227,
161,
191,
179,
221,
357,
230,
240,
256,
172,
207,
274,
218,
217,
185,
115,
225,
262,
166,
170,
220,
181,
199,
280,
203,
166,
176,
199,
226,
170,
212,
152,
291,
157,
174,
152,
733,
189,
133,
651,
277,
216,
182,
146,
146,
150,
254,
225,
159,
154,
573,
173,
228,
158,
195,
128,
315,
162,
549,
654,
127,
147,
129,
228,
196,
186,
140,
303,
334,
230,
361,
168,
171,
165,
213,
236,
157,
192,
134,
282,
177,
217,
220,
744,
175,
210,
167,
253,
164,
422,
155,
162,
179,
180,
125,
332,
344,
249,
209,
203,
419,
170,
322,
316,
220,
229,
297,
247,
921,
138,
746,
212,
239,
203,
140,
240,
325,
162,
271,
180,
137,
209,
838,
188,
201,
673,
178,
196,
187,
177,
187,
163,
205,
188,
185,
263,
94,
321,
107,
187,
241,
106,
94,
99,
97,
82,
158,
72,
53,
493,
179,
692,
43,
480,
127,
204,
687,
125,
218,
217,
162,
149,
40,
129,
229,
159,
227,
167,
162,
145,
40,
148,
127,
200,
285,
143,
126,
252,
41,
161,
72,
216,
993,
42,
211,
708,
264,
722,
40,
39,
32,
268,
800,
86,
141,
176,
228,
214,
155,
209,
117,
174,
266,
37,
172,
181,
180,
246,
172,
186,
160,
737,
203,
197,
180,
212,
189,
264,
131,
199,
302,
356,
101,
158,
222,
129,
192,
204,
828,
137,
258,
98,
277,
144,
341,
219,
136,
41,
216,
750,
251,
175,
143,
169,
40,
191,
172,
182,
156,
259,
132,
157,
205,
838,
244,
145,
192,
349,
221,
338,
666,
741,
153,
433,
359,
380,
146,
311,
332,
150,
363,
147,
329,
165,
189,
249,
1115,
228,
185,
1024,
154,
249,
136,
244,
253,
365,
37,
207,
186,
251,
204,
888,
314,
262,
233,
246,
169,
274,
41,
195,
264,
163,
801,
161,
688,
44,
234,
92,
512,
44,
338,
430,
86,
251,
116,
88,
413,
52,
289,
80,
72,
1160,
428,
1060,
387,
421,
489,
144,
42,
430,
287,
603,
1090,
49,
41,
179,
275,
272,
237,
209,
176,
160,
37,
1237,
232,
229,
305,
230,
899,
189,
186,
160,
124,
159,
39,
154,
165,
217,
141,
227,
188,
145,
1073,
139,
708,
211,
44,
636,
812,
189,
138,
155,
176,
106,
169,
199,
172,
344,
148,
313,
41,
195,
231,
191,
643,
174,
222,
223,
189,
136,
132,
185,
213,
270,
298,
197,
720,
1181,
91,
261,
193,
190,
291,
300,
448,
41,
163,
500,
231,
369,
208,
214,
221,
823,
342,
184,
127,
316,
251,
721,
222,
318,
285,
314,
235,
169,
159,
285,
370,
283,
217,
177,
234,
39,
324,
368,
711,
260,
330,
173,
180,
683,
176,
308,
739,
217,
216,
1099,
152,
230,
135,
1196,
267,
199,
132,
357,
679,
191,
1014,
288,
829,
1007,
123,
300,
250,
751,
133,
281,
38,
681,
374,
142,
114,
835,
206,
357,
296,
1110,
420,
309,
303,
241,
44,
884,
231,
354,
752,
250,
233,
305,
669,
197,
318,
761,
183,
894,
277,
229,
255,
961,
295,
389,
174,
1050,
225,
236,
208,
893,
45,
890,
252,
289,
46,
33,
191,
105,
854,
288,
114,
244,
255,
33,
1231,
890,
557,
330,
269,
298,
47,
103,
825,
550,
293,
423,
100,
67,
187,
824,
92,
112,
110,
198,
73,
835,
79,
96,
1123,
325,
609,
60,
603,
375,
79,
257,
607,
1083,
186,
55,
59,
75,
156,
73,
169,
217,
982,
290,
44,
329,
275,
48,
169,
1323,
373,
227,
344,
178,
330,
1375,
216,
246,
230,
225,
800,
200,
1321,
304,
308,
158,
77,
138,
136,
282,
1362,
311,
291,
255,
38,
634,
365,
728,
144,
203,
218,
315,
183,
127,
310,
216,
407,
214,
46,
325,
159,
289,
307,
326,
193,
291,
284,
318,
276,
204,
230,
168,
190,
218,
397,
372,
221,
247,
255,
199,
240,
168,
195,
337,
1177,
176,
205,
203,
200,
181,
178,
211,
36,
197,
258,
231,
835,
188,
185,
189,
1096,
271,
240,
213,
270,
825,
219,
302,
196,
149,
835,
140,
750,
210,
300,
134,
313,
296,
243,
145,
281,
272,
179,
842,
236,
134,
379,
440,
746,
366,
176,
1290,
749,
837,
317,
315,
743,
139,
1119,
403,
331,
307,
203,
253,
602,
359,
433,
482,
363,
340,
250,
758,
317,
266,
432,
294,
845,
1205,
263,
321,
153,
242,
179,
195,
172,
316,
232,
858,
112,
306,
242,
270,
139,
311,
1219,
254,
177,
247,
372,
316,
340,
41,
185,
265,
719,
162,
301,
718,
137,
176,
651,
604,
270,
43,
324,
650,
118,
599,
1050,
96,
125,
114,
616,
607,
254,
417,
634,
65,
267,
202,
110,
87,
173,
608,
77,
643,
60,
340,
404,
140,
72,
252,
589,
70,
158,
658,
211,
68,
33,
288,
415,
333,
167,
279,
253,
212,
331,
344,
191,
258,
230,
305,
344,
279,
335,
263,
190,
291,
35,
325,
700,
346,
253,
181,
228,
250,
284,
317,
257,
40,
722,
807,
217,
429,
112,
215,
292,
209,
270,
708,
50,
139,
284,
75,
135,
143,
101,
97,
236,
36,
809,
200,
111,
215,
221,
331,
93,
370,
233,
344,
304,
213,
327,
214,
43,
212,
285,
189,
449,
163,
223,
193,
206,
336,
183,
203,
43,
362,
170,
297,
228,
1080,
247,
203,
181,
260,
196,
159,
1011,
389,
653,
314,
173,
424,
1196,
300,
155,
453,
729,
208,
308,
36,
160,
424,
740,
324,
271,
174,
201,
218,
164,
355,
286,
224,
420,
311,
201,
291,
220,
402,
239,
292,
225,
289,
1017,
234,
213,
243,
446,
914,
190,
289,
189,
664,
777,
210,
340,
174,
344,
42,
265,
217,
160,
232,
1155,
774,
330,
189,
170,
758,
620,
340,
223,
1212,
211,
1023,
160,
963,
132,
234,
194,
667,
174,
164,
1212,
221,
282,
169,
327,
756,
762,
975,
214,
135,
619,
160,
896,
757,
117,
191,
894,
214,
1329,
268,
321,
37,
736,
190,
632,
276,
1158,
629,
620,
745,
338,
330,
243,
337,
627,
140,
125,
82,
715,
649,
419,
640,
352,
715,
619,
727,
282,
379,
627,
59,
696,
423,
676,
329,
634,
83,
350,
874,
297,
236,
225,
44,
137,
191,
1413,
188,
661,
37,
330,
190,
203,
182,
198,
204,
244,
255,
209,
41,
183,
163,
143,
714,
252,
143,
126,
350,
190,
214,
180,
144,
204,
114,
293,
138,
319,
422,
252,
40,
366,
118,
216,
281,
310,
428,
330,
95,
320,
155,
264,
442,
77,
376,
43,
35,
210,
344,
344,
212,
377,
164,
216,
290,
180,
253,
460,
323,
355,
197,
164,
346,
207,
160,
453,
41,
176,
276,
213,
200,
738,
469,
157,
239,
303,
671,
323,
1091,
204,
821,
156,
166,
179,
475,
225,
413,
204,
662,
279,
825,
35,
171,
248,
269,
346,
197,
40,
209,
218,
173,
670,
186,
237,
137,
394,
302,
651,
151,
233,
183,
375,
747,
219,
688,
1286,
394,
921,
171,
202,
158,
196,
679,
209,
939,
271,
149,
150,
637,
144,
849,
416,
442,
1210,
278,
33,
680,
337,
191,
389,
398,
679,
221,
267,
141,
194,
942,
142,
292,
48,
623,
148,
554,
446,
850,
406,
322,
181,
198,
139,
143,
171,
448,
1428,
905,
156,
1578,
113,
132,
1514,
97,
119,
1481,
90,
78,
690,
143,
249,
416,
675,
652,
353,
60,
674,
85,
757,
133,
743,
677,
667,
404,
288,
669,
672,
49,
47,
437,
1553,
239,
42,
213,
244,
656,
535,
203,
206,
229,
915,
417,
234,
438,
666,
258,
191,
71,
399,
624,
66,
1153,
361,
183,
284,
188,
210,
190,
371,
1338,
135,
192,
103,
46,
215,
1375,
138,
362,
92,
135,
183,
183,
113,
1081,
388,
348,
722,
153,
131,
172,
181,
717,
99,
90,
189,
909,
164,
190,
171,
281,
136,
157,
269,
302,
766,
166,
117,
372,
179,
396,
254,
89,
39,
91,
396,
116,
244,
169,
395,
246,
231,
298,
139,
222,
1249,
190,
453,
263,
188,
995,
471,
217,
603,
402,
202,
1005,
234,
308,
198,
127,
395,
406,
231,
345,
679,
677,
195,
172,
273,
406,
220,
675,
833,
205,
672,
37,
234,
639,
594,
525,
459,
237,
870,
1112,
198,
221,
1273,
224,
606,
165,
253,
749,
715,
296,
230,
474,
241,
505,
216,
226,
718,
793,
234,
410,
177,
421,
349,
750,
252,
171,
671,
219,
129,
40,
1116,
707,
107,
318,
235,
341,
310,
380,
342,
867,
267,
697,
293,
106,
687,
844,
102,
111,
1019,
360,
321,
109,
896,
104,
507,
545,
501,
104,
419,
321,
175,
77,
479,
411,
83,
391,
45,
1181,
263,
39,
212,
721,
447,
204,
518,
176,
197,
327,
224,
710,
38,
212,
194,
187,
211,
154,
152,
604,
42,
234,
159,
178,
169,
191,
512,
173,
556,
347,
496,
611,
150,
1123,
144,
183,
399,
380,
945,
144,
438,
247,
209,
277,
319,
325,
1052,
160,
40,
466,
297,
266,
315,
398,
142,
1043,
265,
247,
485,
821,
276,
176,
297,
162,
460,
134,
320,
336,
361,
305,
145,
395,
192,
416,
530,
115,
1279,
235,
273,
389,
190,
391,
162,
748,
227,
344,
304,
708,
224,
277,
1188,
912,
718,
256,
749,
458,
678,
230,
275,
285,
45,
542,
200,
42,
1113,
40,
42,
227,
243,
459,
613,
40,
237,
237,
433,
749,
498,
163,
273,
433,
423,
299,
592,
514,
756,
676,
289,
177,
1625,
1378,
435,
675,
1606,
300,
706,
144,
158,
601,
46,
1057,
288,
760,
391,
139,
151,
158,
346,
437,
480,
695,
137,
320,
694,
1176,
661,
419,
695,
842,
871,
396,
391,
728,
110,
809,
893,
249,
190,
809,
1167,
868,
122,
643,
804,
94,
427,
642,
87,
923,
421,
433,
666,
49,
52,
406,
415,
641,
739,
465,
614,
715,
174,
210,
713,
1632,
224,
183,
1590,
203,
605,
451,
154,
1586,
167,
151,
165,
204,
618,
439,
189,
155,
172,
387,
1534,
202,
153,
441,
360,
291,
475,
203,
1002,
559,
462,
200,
471,
351,
172,
487,
538,
206,
309,
812,
456,
469,
389,
460,
208,
738,
479,
233,
349,
228,
987,
361,
333,
623,
378,
264,
425,
46,
931,
287,
380,
447,
373,
339,
208,
229,
43,
1178,
375,
465,
1078,
214,
266,
252,
328,
339,
171,
187,
311,
811,
250,
173,
383,
908,
517,
735,
224,
47,
160,
622,
266,
821,
199,
159,
413,
429,
51,
904,
476,
247,
432,
128,
361,
319,
223,
451,
575,
421,
199,
383,
236,
166,
1101,
268,
333,
234,
732,
291,
130,
397,
357,
367,
221,
513,
251,
742,
177,
167,
124,
296,
293,
754,
166,
321,
121,
411,
360,
134,
119,
302,
506,
330,
261,
504,
301,
112,
214,
43,
48,
301,
594,
181,
260,
656,
248,
336,
648,
383,
705,
433,
223,
749,
501,
333,
254,
433,
710,
336,
496,
691,
485,
499,
660,
321,
754,
468,
215,
416,
697,
466,
362,
422,
470,
1125,
435,
382,
939,
182,
531,
385,
395,
327,
675,
220,
163,
655,
558,
283,
725,
122,
436,
502,
1294,
282,
650,
278,
148,
554,
1211,
289,
311,
411,
159,
850,
149,
190,
237,
189,
194,
225,
485,
217,
161,
353,
523,
410,
469,
176,
655,
298,
1222,
197,
216,
552,
287,
326,
427,
195,
832,
658,
100,
102,
1020,
190,
415,
599,
654,
237,
301,
833,
551,
676,
357,
1685,
428,
51,
917,
591,
1218,
109,
628,
50,
779,
48,
623,
538,
778,
234,
517,
782,
1683,
527,
244,
156,
1188,
456,
525,
591,
46,
908,
187,
286,
211,
248,
44,
223,
581,
694,
252,
176,
809,
421,
797,
1687,
347,
222,
624,
135,
300,
956,
329,
125,
165,
353,
194,
82,
111,
433,
258,
956,
887,
43,
165,
299,
370,
842,
158,
97,
268,
64,
473,
1629,
327,
86,
192,
662,
153,
411,
344,
278,
283,
320,
214,
288,
403,
298,
252,
225,
380,
377,
403,
256,
185,
396,
235,
375,
292,
217,
188,
219,
228,
297,
146,
128,
183,
156,
529,
331,
224,
1083,
312,
139,
308,
244,
250,
205,
309,
44,
299,
335,
197,
185,
278,
220,
238,
475,
244,
223,
170,
177,
187,
140,
400,
446,
250,
139,
422,
128,
43,
1373,
573,
479,
282,
142,
108,
213,
202,
265,
427,
304,
671,
110,
212,
211,
315,
252,
392,
251,
493,
253,
461,
185,
236,
495,
384,
190,
453,
191,
314,
394,
287,
195,
324,
360,
668,
187,
460,
401,
245,
632,
508,
343,
50,
640,
216,
738,
169,
829,
582,
180,
301,
212,
639,
850,
850,
188,
161,
430,
367,
197,
840,
203,
454,
426,
62,
139,
667,
1518,
704,
228,
177,
582,
139,
227,
505,
196,
292,
250,
759,
329,
303,
231,
209,
243,
260,
223,
607,
501,
261,
220,
214,
235,
198,
512,
260,
758,
603,
428,
570,
678,
339,
233,
242,
399,
215,
418,
208,
231,
266,
597,
44,
857,
257,
162,
678,
103,
143,
469,
620,
231,
98,
430,
275,
383,
130,
337,
698,
80,
136,
1755,
126,
285,
1010,
81,
412,
76,
635,
293,
995,
267,
870,
702,
362,
700,
574,
173,
385,
311,
125,
978,
195,
112,
122,
471,
142,
442,
79,
537,
112,
144,
822,
951,
263,
468,
617,
447,
88,
1082,
383,
172,
605,
458,
804,
924,
158,
612,
508,
442,
62,
382,
850,
363,
419,
217,
268,
358,
411,
653,
333,
192,
451,
414,
218,
414,
212,
340,
558,
193,
116,
900,
407,
484,
993,
407,
777,
985,
480,
186,
43,
457,
186,
768,
42,
208,
397,
705,
299,
175,
382,
418,
252,
332,
171,
1089,
351,
175,
221,
169,
780,
186,
268,
312,
217,
1109,
185,
420,
273,
168,
164,
365,
380,
255,
379,
339,
221,
484,
175,
180,
742,
834,
259,
676,
145,
281,
923,
368,
314,
380,
392,
793,
153,
268,
239,
391,
512,
445,
289,
488,
348,
235,
508,
585,
251,
371,
281,
548,
499,
388,
338,
193,
145,
426,
229,
115,
227,
587,
344,
349,
334,
580,
303,
386,
480,
534,
701,
351,
614,
335,
238,
229,
478,
661,
390,
511,
415,
376,
708,
177,
426,
326,
272,
436,
567,
434,
107,
521,
434,
205,
443,
811,
326,
932,
709,
173,
608,
704,
636,
661,
511,
911,
231,
93,
906,
486,
51,
882,
700,
49,
685,
127,
74,
706,
601,
70,
575,
524,
875,
186,
128,
490,
49,
52,
44,
351,
209,
859,
204,
564,
681,
687,
1003,
497,
98,
529,
47,
165,
923,
161,
805,
1779,
663,
46,
105,
191,
364,
833,
133,
678,
333,
454,
723,
190,
74,
1695,
558,
146,
632,
101,
135,
571,
125,
133,
519,
277,
46,
668,
157,
579,
175,
316,
98,
403,
440,
381,
360,
92,
266,
417,
413,
204,
606,
489,
158,
216,
653,
223,
667,
485,
198,
392,
85,
306,
402,
560,
271,
159,
335,
190,
352,
46,
320,
448,
675,
418,
224,
436,
177,
55,
607,
366,
198,
175,
231,
593,
47,
278,
725,
358,
232,
226,
40,
148,
224,
248,
242,
770,
506,
319,
130,
377,
372,
246,
1370,
386,
159,
454,
217,
925,
920,
306,
194,
325,
178,
627,
107,
180,
141,
36,
355,
929,
351,
169,
35,
107,
323,
254,
147,
261,
138,
219,
204,
352,
219,
578,
118,
171,
144,
219,
277,
566,
578,
110,
164,
689,
343,
425,
247,
396,
327,
330,
657,
395,
732,
662,
669,
457,
1029,
128,
469,
929,
841,
486,
586,
214,
289,
133,
707,
490,
476,
342,
109,
930,
564,
45,
540,
408,
431,
340,
465,
758,
510,
45,
384,
609,
44,
557,
39,
713,
433,
608,
772,
399,
427,
1620,
160,
736,
709,
701,
339,
277,
616,
628,
720,
666,
642,
181,
590,
59,
143,
591,
45,
495,
633,
526,
82,
411,
118,
166,
156,
520,
540,
1072,
794,
166,
552,
546,
543,
576,
64,
461,
570,
46,
78,
456,
295,
451,
1819,
220,
47,
373,
406,
96,
179,
457,
496,
330,
335,
401,
160,
454,
178,
381,
466,
40,
383,
912,
144,
465,
39,
419,
367,
941,
700,
299,
375,
447,
571,
102,
409,
390,
160,
994,
194,
178,
38,
133,
424,
346,
112,
367,
141,
709,
372,
365,
184,
378,
218,
771,
300,
289,
111,
229,
458,
284,
819,
329,
47,
392,
546,
329,
172,
373,
263,
462,
637,
1003,
256,
203,
818,
103,
615,
360,
313,
389,
108,
1000,
731,
370,
444,
339,
723,
494,
780,
470,
317,
354,
259,
194,
347,
668,
210,
263,
173,
292,
197,
509,
431,
284,
1020,
218,
416,
370,
235,
925,
385,
251,
430,
544,
215,
344,
924,
531,
378,
311,
196,
348,
436,
349,
488,
289,
213,
826,
923,
229,
294,
244,
232,
393,
419,
421,
365,
342,
392,
1010,
375,
302,
194,
268,
295,
151,
398,
206,
409,
846,
508,
867,
479,
354,
851,
284,
453,
383,
298,
261,
371,
419,
340,
324,
839,
494,
400,
435,
166,
559,
169,
416,
410,
382,
280,
736,
546,
421,
282,
156,
48,
479,
759,
349,
406,
571,
1054,
339,
726,
129,
587,
267,
618,
1667,
99,
474,
330,
550,
591,
164,
261,
312,
98,
309,
635,
801,
606,
238,
290,
373,
318,
447,
94,
444,
604,
317,
522,
333,
270,
161,
68,
421,
86,
72,
522,
136,
525,
510,
296,
912,
416,
59,
699,
952,
931,
227,
167,
787,
322,
514,
931,
1052,
415,
583,
61,
439,
363,
33,
401,
181,
286,
395,
1889,
29,
622,
701,
895,
211,
204,
208,
432,
471,
233,
392,
183,
274,
155,
491,
470,
373,
328,
311,
710,
232,
1908,
129,
204,
152,
116,
487,
232,
339,
300,
490,
75,
259,
810,
166,
484,
396,
1887,
396,
345,
201,
470,
141,
152,
258,
197,
1898,
421,
237,
150,
176,
477,
399,
139,
351,
453,
183,
559,
340,
320,
220,
317,
149,
259,
146,
377,
157,
320,
254,
275,
305,
334,
195,
319,
242,
993,
319,
109,
283,
116,
471,
35,
917,
176,
914,
821,
298,
913,
100,
514,
314,
270,
264,
910,
673,
296,
359,
554,
227,
36,
829,
204,
40,
310,
226,
828,
515,
360,
283,
245,
316,
838,
920,
374,
221,
557,
439,
133,
118,
43,
275,
685,
394,
521,
316,
132,
323,
32,
682,
281,
425,
181,
46,
426,
33,
504,
529,
459,
475,
290,
762,
852,
549,
369,
251,
284,
175,
336,
378,
166,
327,
350,
468,
296,
1088,
215,
394,
1040,
327,
162,
291,
195,
348,
36,
168,
470,
446,
475,
101,
797,
1044,
116,
418,
1039,
718,
371,
792,
142,
35,
333,
234,
95,
304,
407,
1758,
368,
627,
456,
64,
954,
382,
486,
79,
559,
142,
699,
185,
388,
160,
1000,
310,
54,
482,
531,
154,
936,
403,
322,
405,
48,
492,
352,
1012,
156,
370,
49,
46,
1008,
360,
412,
48,
130,
948,
977,
465,
224,
191,
202,
195,
342,
205,
256,
211,
117,
44,
701,
328,
147,
181,
214,
269,
267,
160,
329,
203,
368,
160,
413,
178,
811,
44,
167,
475,
344,
157,
406,
105,
368,
121,
320,
426,
44,
421,
323,
315,
351,
299,
438,
371,
237,
556,
363,
132,
318,
44,
896,
926,
323,
159,
42,
123,
551,
190,
350,
319,
96,
167,
97,
486,
153,
900,
399,
501,
177,
121,
479,
364,
330,
447,
265,
351,
352,
147,
1044,
394,
256,
286,
156,
247,
313,
494,
265,
346,
125,
119,
434,
93,
452,
329,
194,
506,
333,
263,
262,
538,
261,
490,
149,
494,
364,
248,
187,
255,
140,
285,
394,
256,
264,
369,
139,
149,
483,
255,
32,
471,
344,
315,
494,
504,
350,
320,
598,
32,
299,
358,
316,
571,
110,
457,
289,
846,
315,
122,
291,
451,
42,
489,
171,
514,
470,
340,
741,
849,
603,
552,
351,
346,
136,
521,
532,
843,
110,
312,
38,
506,
359,
1026,
601,
302,
191,
119,
338,
231,
183,
93,
520,
859,
698,
201,
456,
291,
795,
51,
505,
505,
199,
336,
525,
78,
146,
49,
365,
380,
319,
576,
182,
414,
464,
408,
133,
452,
682,
443,
174,
513,
79,
499,
81,
399,
495,
54,
510,
698,
1082,
41,
473,
999,
285,
379,
362,
79,
326,
259,
1100,
451,
195,
145,
361,
2063,
63,
176,
391,
381,
511,
432,
327,
515,
194,
352,
900,
358,
146,
2063,
346,
605,
383,
228,
132,
328,
401,
328,
556,
130,
67,
1162,
393,
468,
336,
388,
605,
887,
315,
224,
541,
180,
479,
484,
132,
248,
588,
68,
463,
361,
271,
178,
289,
333,
180,
121,
413,
518,
270,
354,
296,
557,
310,
41,
342,
38,
536,
288,
53,
356,
180,
132,
376,
335,
162,
254,
304,
360,
127,
353,
53,
262,
460,
319,
498,
487,
1049,
285,
219,
105,
43,
497,
277,
279,
39,
460,
235,
431,
189,
261,
570,
335,
552,
511,
416,
434,
221,
527,
453,
198,
822,
342,
103,
379,
231,
370,
825,
258,
447,
202,
461,
475,
251,
308,
220,
317,
472,
437,
405,
217,
264,
405,
315,
447,
223,
50,
918,
451,
269,
366,
291,
930,
390,
587,
125,
389,
845,
419,
402,
934,
210,
851,
944,
125,
99,
767,
348,
845,
850,
412,
123,
276,
394,
520,
522,
412,
329,
395,
476,
1862,
433,
446,
373,
96,
1862,
395,
286,
545,
803,
71,
1092,
272,
444,
684,
789,
1091,
259,
89,
1854,
1029,
245,
774,
415,
337,
486,
82,
360,
697,
83,
411,
347,
56,
870,
439,
316,
562,
52,
286,
44,
247,
182,
1018,
1016,
967,
217,
193,
41,
299,
958,
265,
303,
129,
307,
87,
317,
246,
956,
783,
299,
309,
214,
374,
277,
473,
40,
189,
125,
70,
462,
210,
631,
980,
173,
707,
395,
226,
345,
155,
181,
405,
516,
267,
539,
705,
164,
945,
386,
199,
638,
476,
387,
203,
385,
267,
183,
37,
197,
352,
543,
271,
319,
130,
576,
495,
37,
476,
315,
441,
406,
612,
301,
200,
150,
410,
255,
363,
425,
485,
512,
593,
321,
429,
150,
444,
273,
254,
908,
245,
102,
391,
580,
322,
479,
426,
424,
447,
295,
318,
95,
149,
149,
558,
110,
297,
387,
377,
119,
583,
441,
353,
528,
478,
100,
369,
227,
50,
111,
253,
108,
494,
223,
151,
585,
827,
385,
339,
196,
41,
375,
338,
579,
212,
197,
461,
495,
265,
322,
400,
912,
291,
279,
516,
184,
507,
748,
368,
183,
182,
266,
745,
400,
347,
359,
149,
213,
186,
550,
838,
433,
433,
461,
842,
367,
234,
107,
666,
469,
167,
280,
187,
218,
297,
152,
480,
514,
834,
122,
756,
1021,
215,
1179,
370,
451,
86,
276,
37,
220,
428,
616,
382,
87,
232,
268,
743,
849,
135,
117,
431,
528,
305,
305,
355,
209,
460,
179,
440,
238,
421,
125,
803,
317,
503,
459,
83,
344,
93,
424,
422,
555,
1112,
189,
1111,
608,
775,
1107,
514,
348,
43,
494,
1039,
67,
594,
546,
60,
92,
1041,
313,
308,
82,
180,
327,
73,
71,
100,
469,
366,
889,
282,
190,
280,
375,
153,
336,
461,
260,
491,
291,
98,
157,
890,
305,
186,
212,
325,
276,
49,
374,
1028,
343,
210,
348,
553,
270,
203,
100,
316,
433,
125,
186,
297,
471,
86,
357,
250,
185,
202,
267,
39,
1285,
600,
236,
386,
429,
607,
399,
300,
255,
478,
153,
360,
225,
274,
222,
267,
336,
312,
425,
330,
539,
313,
459,
416,
107,
234,
183,
121,
311,
378,
59,
624,
117,
365,
351,
207,
239,
371,
128,
460,
203,
384,
558,
156,
315,
278,
349,
298,
35,
392,
308,
97,
437,
336,
337,
573,
304,
353,
380,
107,
222,
577,
345,
285,
529,
324,
362,
207,
291,
742,
455,
121,
531,
355,
292,
308,
235,
388,
364,
307,
376,
507,
642,
104,
345,
233,
573,
235,
323,
354,
829,
512,
269,
246,
221,
129,
506,
296,
287,
271,
306,
449,
241,
361,
420,
369,
214,
507,
424,
394,
388,
171,
754,
463,
497,
378,
358,
492,
497,
660,
497,
370,
480,
425,
425,
591,
381,
203,
458,
495,
364,
420,
649,
41,
407,
759,
409,
197,
547,
274,
432,
520,
574,
518,
591,
409,
197,
449,
540,
132,
512,
2010,
166,
580,
80,
297,
253,
499,
157,
133,
1983,
229,
194,
404,
316,
482,
91,
493,
171,
134,
304,
871,
413,
867,
1342,
462,
1100,
384,
74,
867,
340,
1038,
73,
1031,
449,
1037,
49,
496,
505,
142,
65,
1032,
285,
265,
308,
344,
409,
188,
231,
54,
443,
336,
53,
2275,
84,
469,
348,
79,
473,
400,
360,
203,
449,
564,
451,
248,
35,
220,
47,
355,
76,
159,
2262,
292,
226,
202,
271,
286,
152,
438,
210,
201,
40,
273,
186,
278,
147,
303,
48,
332,
549,
681,
586,
226,
309,
558,
434,
44,
546,
311,
38,
217,
256,
408,
266,
405,
560,
359,
145,
218,
266,
318,
435,
289,
40,
301,
367,
457,
282,
241,
296,
39,
259,
122,
544,
267,
442,
240,
229,
275,
297,
199,
43,
470,
329,
1223,
636,
342,
412,
320,
202,
460,
210,
319,
266,
330,
534,
530,
396,
827,
418,
453,
1164,
405,
144,
822,
468,
169,
470,
390,
369,
465,
1160,
301,
224,
304,
145,
153,
413,
253,
170,
236,
439,
498,
409,
356,
418,
36,
183,
262,
240,
605,
417,
564,
216,
442,
498,
262,
750,
236,
35,
281,
503,
383,
216,
424,
503,
195,
234,
426,
438,
265,
164,
404,
484,
566,
788,
454,
108,
751,
319,
844,
215,
184,
748,
210,
358,
424,
109,
301,
202,
198,
497,
370,
879,
342,
477,
382,
332,
570,
874,
196,
524,
116,
606,
570,
306,
799,
411,
402,
258,
435,
414,
558,
312,
412,
406,
397,
434,
443,
375,
145,
534,
544,
273,
76,
865,
110,
327,
323,
430,
36,
1071,
83,
493,
73,
93,
167,
1429,
479,
122,
1077,
350,
1037,
114,
1073,
2317,
1037,
69,
885,
1033,
881,
1230,
339,
877,
466,
424,
2289,
255,
395,
73,
296,
324,
427,
337,
317,
375,
134,
434,
1018,
282,
292,
59,
122,
233,
205,
240,
259,
519,
231,
317,
110,
62,
1290,
528,
240,
251,
285,
207,
186,
95,
151,
282,
103,
357,
235,
182,
219,
201,
339,
260,
91,
197,
498,
43,
563,
264,
392,
408,
177,
409,
278,
250,
223,
436,
426,
358,
556,
731,
657,
380,
303,
279,
245,
210,
221,
737,
436,
332,
588,
469,
202,
288,
357,
483,
387,
256,
555,
190,
328,
380,
428,
1165,
333,
289,
608,
433,
291,
316,
195,
183,
173,
1161,
167,
570,
171,
303,
256,
207,
538,
166,
46,
372,
154,
426,
832,
552,
459,
315,
181,
345,
323,
209,
461,
306,
749,
354,
322,
263,
411,
301,
133,
376,
280,
442,
330,
234,
131,
500,
188,
282,
506,
269,
349,
529,
37,
427,
126,
300,
216,
335,
744,
503,
647,
610,
142,
498,
450,
459,
375,
343,
521,
617,
254,
404,
508,
350,
481,
479,
365,
413,
196,
460,
476,
363,
198,
458,
262,
536,
616,
509,
491,
301,
1467,
226,
410,
445,
1119,
300,
420,
278,
469,
59,
1010,
275,
483,
413,
533,
2337,
449,
2328,
1230,
577,
625,
422,
247,
457,
1220,
411,
605,
96,
1016,
621,
466,
975,
384,
421,
94,
47,
172,
1340,
47,
1034,
164,
271,
175,
155,
982,
33,
105,
111,
257,
406,
514,
168,
980,
133,
136,
149,
93,
190,
124,
478,
895,
169,
194,
555,
328,
2313,
354,
250,
267,
67,
241,
193,
894,
2312,
363,
956,
893,
265,
338,
229,
268,
403,
242,
169,
483,
256,
194,
377,
194,
124,
182,
182,
229,
1196,
436,
137,
499,
41,
299,
153,
281,
331,
154,
214,
160,
280,
350,
305,
1271,
38,
193,
192,
386,
43,
316,
398,
308,
536,
448,
224,
155,
403,
41,
181,
242,
340,
366,
294,
347,
906,
346,
387,
370,
471,
437,
168,
313,
527,
369,
827,
434,
160,
384,
444,
808,
309,
153,
350,
1233,
412,
607,
245,
345,
389,
329,
404,
827,
281,
515,
365,
172,
626,
732,
450,
254,
489,
382,
236,
372,
327,
265,
417,
684,
742,
254,
747,
489,
362,
456,
181,
622,
497,
303,
419,
641,
859,
332,
206,
432,
1109,
312,
371,
315,
367,
319,
222,
617,
356,
443,
371,
386,
413,
324,
233,
205,
360,
237,
385,
528,
748,
440,
152,
538,
667,
525,
339,
302,
407,
258,
270,
481,
385,
660,
326,
33,
566,
416,
618,
564,
429,
674,
539,
294,
546,
341,
262,
128,
1344,
125,
942,
241,
2106,
74,
369,
979,
496,
144,
894,
55,
1335,
413,
331,
503,
544,
939,
467,
421,
1123,
906,
1122,
320,
155,
467,
222,
943,
184,
307,
1033,
1114,
426,
347,
126,
314,
351,
59,
186,
220,
129,
217,
2356,
202,
168,
186,
83,
199,
61,
2351,
133,
565,
193,
167,
166,
202,
182,
104,
1276,
433,
140,
150,
358,
87,
32,
555,
403,
2337,
283,
163,
294,
566,
860,
140,
276,
153,
262,
182,
34,
159,
336,
2333,
317,
289,
146,
720,
312,
348,
725,
314,
466,
164,
126,
438,
376,
643,
304,
432,
382,
358,
138,
331,
726,
291,
463,
492,
425,
301,
143,
827,
645,
347,
237,
134,
127,
657,
583,
400,
511,
673,
827,
1231,
35,
656,
360,
161,
262,
384,
529,
210,
496,
352,
313,
295,
321,
385,
274,
324,
525,
269,
310,
600,
443,
454,
341,
297,
322,
569,
198,
363,
294,
481,
388,
429,
272,
326,
352,
395,
270,
347,
393,
180,
426,
321,
381,
928,
475,
383,
282,
523,
461,
293,
947,
356,
283,
496,
446,
339,
377,
223,
552,
238,
367,
276,
403,
617,
449,
880,
585,
751,
2174,
666,
1306,
283,
82,
616,
175,
784,
607,
91,
876,
329,
429,
92,
521,
119,
569,
2086,
276,
2074,
103,
353,
450,
352,
507,
107,
564,
681,
399,
572,
230,
550,
396,
915,
58,
376,
1118,
407,
887,
51,
355,
155,
76,
1116,
216,
190,
233,
372,
403,
1256,
46,
44,
958,
1180,
495,
608,
431,
876,
424,
2396,
1246,
444,
430,
1109,
183,
420,
1042,
2370,
414,
865,
566,
323,
338,
303,
1251,
893,
328,
66,
166,
641,
712,
62,
354,
250,
275,
330,
48,
805,
861,
202,
391,
162,
257,
128,
229,
376,
828,
430,
703,
229,
216,
168,
650,
221,
466,
237,
210,
440,
610,
366,
234,
324,
820,
197,
245,
258,
230,
468,
800,
249,
577,
82,
446,
373,
437,
379,
316,
169,
1199,
277,
593,
464,
224,
513,
285,
154,
162,
166,
321,
416,
346,
433,
129,
332,
659,
43,
608,
411,
330,
153,
482,
86,
447,
126,
331,
339,
105,
420,
275,
415,
105,
645,
725,
133,
384,
417,
373,
250,
224,
370,
356,
356,
189,
172,
401,
295,
185,
288,
327,
413,
324,
300,
347,
520,
318,
483,
287,
541,
425,
353,
421,
256,
374,
239,
666,
229,
486,
300,
545,
510,
264,
398,
267,
261,
327,
148,
53,
296,
246,
357,
420,
254,
359,
391,
151,
737,
387,
229,
439,
299,
281,
429,
554,
256,
234,
224,
172,
348,
376,
249,
421,
758,
394,
367,
468,
139,
730,
483,
421,
569,
344,
185,
670,
354,
549,
583,
433,
99,
162,
471,
2073,
488,
129,
463,
799,
97,
170,
87,
539,
1729,
358,
1638,
450,
1627,
491,
236,
86,
140,
721,
635,
375,
674,
293,
286,
715,
352,
453,
868,
368,
340,
626,
300,
353,
323,
338,
839,
249,
376,
2444,
197,
562,
429,
204,
244,
832,
1122,
40,
452,
215,
2445,
869,
1119,
644,
1244,
2444,
347,
76,
1110,
43,
431,
824,
215,
387,
229,
2393,
203,
351,
184,
351,
1189,
240,
166,
242,
198,
272,
470,
297,
189,
209,
1190,
419,
433,
167,
374,
335,
121,
235,
226,
134,
381,
51,
185,
178,
784,
401,
47,
395,
708,
392,
539,
168,
2381,
236,
463,
141,
318,
716,
46,
97,
40,
527,
240,
94,
412,
78,
426,
571,
677,
39,
151,
285,
211,
157,
457,
136,
357,
241,
393,
185,
203,
410,
772,
185,
308,
245,
1441,
304,
229,
370,
113,
816,
156,
425,
547,
29,
272,
728,
368,
248,
252,
348,
412,
132,
277,
439,
244,
151,
221,
321,
309,
227,
520,
473,
453,
278,
232,
485,
728,
712,
318,
249,
525,
422,
44,
568,
724,
33,
202,
536,
450,
1458,
462,
597,
269,
405,
582,
586,
417,
502,
404,
362,
177,
479,
448,
440,
455,
694,
405,
33,
349,
247,
134,
44,
294,
476,
394,
350,
291,
545,
155,
485,
408,
173,
360,
44,
54,
331,
162,
335,
585,
429,
339,
314,
45,
411,
353,
308,
428,
289,
199,
336,
598,
761,
438,
358,
301,
658,
43,
449,
264,
218,
477,
42,
333,
209,
421,
597,
342,
113,
419,
474,
312,
442,
418,
273,
441,
369,
707,
102,
1637,
420,
677,
682,
309,
222,
447,
138,
1557,
103,
717,
354,
270,
728,
425,
134,
723,
371,
316,
345,
297,
440,
73,
328,
141,
244,
679,
42,
280,
304,
224,
124,
647,
1118,
293,
43,
188,
482,
549,
281,
655,
1172,
79,
1121,
729,
395,
660,
1116,
609,
320,
395,
416,
148,
1035,
2381,
1319,
300,
296,
47,
177,
222,
1249,
2371,
716,
324,
318,
1248,
216,
190,
487,
710,
299,
249,
207,
700,
60,
556,
309,
799,
179,
205,
135,
163,
257,
173,
59,
158,
158,
265,
229,
239,
154,
181,
142,
228,
206,
204,
270,
625,
45,
288,
342,
244,
223,
135,
217,
255,
154,
121,
228,
453,
153,
116,
707,
202,
202,
120,
536,
683,
47,
88,
179,
427,
718,
119,
275,
2318,
182,
165,
229,
170,
576,
221,
92,
228,
167,
182,
175,
405,
777,
153,
94,
687,
231,
38,
518,
393,
271,
628,
497,
334,
539,
397,
458,
738,
241,
696,
490,
149,
37,
395,
557,
409,
193,
765,
223,
463,
103,
494,
528,
299,
692,
541,
331,
473,
370,
378,
281,
528,
297,
398,
39,
429,
156,
116,
272,
397,
195,
471,
357,
449,
338,
190,
46,
437,
346,
115,
35,
301,
229,
328,
186,
188,
454,
179,
427,
509,
253,
336,
638,
375,
319,
393,
451,
45,
348,
183,
230,
355,
435,
678,
323,
748,
748,
269,
309,
260,
246,
465,
716,
35,
448,
274,
266,
471,
196,
392,
457,
254,
452,
441,
404,
101,
37,
760,
179,
478,
283,
418,
375,
332,
645,
677,
232,
448,
325,
118,
630,
225,
106,
432,
98,
224,
526,
367,
85,
128,
343,
1626,
39,
148,
727,
118,
284,
469,
107,
637,
405,
1642,
322,
1542,
281,
517,
92,
314,
322,
436,
307,
346,
313,
37,
462,
340,
681,
293,
37,
271,
43,
657,
654,
323,
300,
276,
251,
455,
305,
1104,
273,
1196,
70,
1591,
1243,
2300,
1605,
295,
203,
1039,
1243,
1034,
267,
44,
180,
1599,
244,
534,
192,
1024,
237,
731,
264,
327,
166,
191,
204,
673,
430,
45,
132,
471,
517,
179,
115,
347,
658,
711,
241,
510,
140,
212,
135,
159,
604,
161,
248,
721,
717,
165,
353,
410,
601,
664,
509,
235,
584,
123,
636,
613,
226,
549,
530,
571,
209,
128,
278,
199,
361,
121,
179,
195,
592,
223,
655,
189,
239,
362,
235,
564,
41,
160,
459,
1158,
1614,
222,
132,
510,
439,
413,
566,
361,
108,
34,
453,
490,
104,
349,
265,
732,
347,
537,
456,
192,
157,
437,
106,
288,
104,
161,
164,
293,
185,
474,
1156,
535,
754,
737,
304,
154,
492,
579,
666,
155,
438,
460,
633,
494,
438,
229,
510,
259,
43,
325,
440,
639,
446,
412,
264,
508,
786,
403,
166,
454,
257,
226,
460,
180,
34,
571,
459,
367,
367,
437,
561,
443,
177,
290,
492,
279,
281,
455,
297,
314,
493,
333,
37,
234,
345,
196,
317,
338,
345,
227,
665,
467,
285,
487,
304,
268,
659,
299,
284,
440,
118,
472,
262,
388,
410,
300,
321,
771,
93,
302,
302,
679,
300,
235,
42,
410,
321,
381,
234,
813,
736,
239,
236,
252,
287,
734,
424,
233,
1466,
327,
249,
643,
642,
322,
268,
225,
264,
329,
269,
231,
301,
340,
244,
388,
249,
742,
179,
1594,
1177,
71,
1031,
218,
50,
2388,
227,
302,
175,
787,
270,
542,
205,
267,
177,
53,
262,
270,
2301,
553,
237,
258,
706,
211,
136,
419,
2288,
174,
231,
425,
141,
713,
660,
173,
667,
40,
498,
206,
467,
530,
32,
464,
129,
127,
661,
199,
153,
421,
801,
541,
500,
441,
709,
624,
415,
539,
147,
226,
146,
530,
186,
179,
107,
132,
716,
94,
173,
622,
1606,
271,
201,
132,
575,
100,
318,
265,
316,
169,
398,
294,
267,
148,
310,
220,
193,
246,
211,
616,
469,
471,
349,
350,
621,
193,
531,
224,
430,
813,
592,
326,
235,
193,
234,
476,
545,
417,
203,
191,
345,
439,
337,
1160,
591,
639,
439,
191,
520,
302,
723,
542,
250,
36,
314,
113,
658,
320,
516,
208,
460,
428,
407,
96,
360,
172,
224,
523,
251,
223,
204,
306,
393,
229,
370,
455,
36,
374,
276,
164,
745,
528,
238,
455,
264,
327,
382,
232,
348,
239,
1640,
319,
169,
453,
534,
584,
207,
291,
329,
168,
191,
289,
382,
124,
430,
756,
443,
335,
269,
319,
304,
334,
314,
402,
250,
29,
316,
233,
247,
201,
336,
387,
185,
761,
194,
287,
607,
470,
265,
301,
180,
386,
299,
36,
214,
140,
381,
136,
351,
182,
125,
33,
121,
230,
682,
290,
445,
109,
663,
325,
215,
711,
353,
163,
682,
569,
140,
119,
729,
294,
120,
421,
314,
210,
459,
722,
133,
602,
125,
75,
445,
439,
337,
214,
136,
252,
619,
205,
327,
692,
239,
689,
1123,
77,
57,
241,
1122,
648,
231,
302,
551,
1041,
522,
1107,
236,
239,
1036,
179,
237,
292,
236,
241,
184,
195,
1186,
165,
231,
216,
133,
51,
176,
1194,
234,
188,
160,
201,
654,
692,
208,
40,
186,
663,
1185,
317,
127,
168,
252,
653,
165,
529,
566,
1611,
724,
134,
53,
343,
722,
584,
145,
562,
721,
254,
615,
513,
825,
168,
141,
525,
125,
671,
560,
194,
443,
217,
642,
151,
692,
438,
157,
566,
587,
211,
242,
80,
171,
493,
503,
122,
497,
230,
258,
219,
529,
132,
510,
180,
367,
633,
664,
183,
247,
584,
125,
118,
297,
266,
255,
241,
1534,
204,
326,
656,
74,
197,
291,
449,
702,
362,
155,
200,
236,
819,
227,
185,
302,
110,
223,
322,
235,
195,
221,
668,
407,
728,
186,
316,
465,
362,
139,
164,
593,
221,
290,
324,
37,
399,
240,
553,
448,
591,
427,
36,
292,
212,
698,
284,
326,
385,
210,
426,
350,
420,
119,
403,
338,
831,
228,
312,
636,
368,
396,
669,
698,
428,
293,
345,
458,
382,
338,
258,
406,
276,
139,
341,
349,
426,
30,
303,
602,
201,
322,
513,
295,
153,
329,
120,
123,
312,
277,
346,
267,
1623,
165,
261,
136,
161,
85,
362,
571,
90,
151,
182,
1555,
719,
1111,
256,
249,
312,
200,
240,
352,
246,
253,
245,
310,
2188,
228,
1105,
1193,
213,
874,
890,
330,
459,
491,
83,
175,
870,
524,
524,
215,
218,
209,
231,
2033,
182,
177,
176,
201,
161,
207,
274,
179,
291,
190,
444,
206,
1703,
172,
318,
266,
487,
177,
529,
242,
147,
600,
414,
859,
263,
516,
139,
501,
150,
625,
737,
437,
160,
437,
644,
131,
152,
316,
307,
900,
156,
158,
134,
145,
340,
530,
125,
150,
146,
278,
66,
258,
105,
727,
589,
299,
131,
166,
282,
891,
279,
510,
98,
257,
661,
2031,
366,
370,
698,
116,
1524,
265,
894,
817,
197,
247,
284,
254,
159,
196,
243,
684,
316,
390,
214,
301,
695,
105,
818,
265,
457,
164,
243,
262,
519,
385,
292,
181,
377,
584,
340,
120,
254,
439,
478,
204,
734,
132,
245,
119,
713,
249,
113,
356,
75,
136,
224,
242,
415,
118,
333,
514,
106,
121,
279,
336,
233,
173,
355,
515,
101,
240,
358,
344,
627,
245,
285,
212,
324,
344,
378,
364,
182,
190,
258,
118,
372,
341,
914,
274,
392,
545,
215,
207,
365,
240,
279,
224,
704,
34,
199,
439,
640,
115,
215,
338,
368,
838,
246,
168,
280,
564,
275,
1271,
359,
204,
356,
626,
250,
380,
509,
319,
158,
196,
373,
772,
468,
370,
121,
403,
754,
256,
387,
279,
38,
326,
354,
751,
356,
945,
354,
662,
577,
317,
302,
476,
643,
358,
942,
168,
90,
265,
300,
158,
701,
90,
370,
127,
1109,
103,
198,
1108,
33,
112,
1108,
84,
278,
77,
93,
326,
401,
36,
271,
35,
398,
286,
617,
137,
314,
178,
84,
514,
307,
298,
423,
1101,
904,
75,
544,
276,
898,
144,
79,
893,
343,
435,
68,
871,
389,
183,
180,
139,
868,
1043,
550,
242,
151,
147,
272,
212,
627,
1041,
408,
1198,
180,
200,
853,
157,
363,
81,
160,
35,
145,
717,
133,
256,
263,
131,
186,
362,
172,
325,
1884,
123,
136,
119,
669,
145,
239,
301,
229,
809,
894,
683,
445,
187,
625,
674,
145,
215,
244,
717,
809,
95,
152,
715,
723,
299,
764,
365,
172,
213,
329,
174,
424,
106,
439,
72,
115,
285,
212,
258,
445,
583,
142,
273,
484,
145,
680,
521,
181,
714,
398,
438,
495,
266,
274,
824,
155,
566,
438,
187,
272,
337,
251,
126,
34,
402,
132,
319,
513,
255,
158,
228,
341,
823,
909,
659,
671,
753,
333,
906,
294,
545,
740,
579,
236,
372,
456,
163,
738,
451,
358,
220,
244,
409,
920,
288,
170,
109,
266,
207,
321,
842,
586,
293,
424,
179,
388,
347,
557,
180,
268,
163,
207,
348,
300,
195,
302,
715,
278,
587,
454,
469,
314,
192,
200,
510,
546,
840,
150,
831,
149,
721,
361,
324,
449,
624,
549,
429,
261,
701,
759,
265,
133,
736,
233,
356,
663,
573,
160,
305,
186,
288,
382,
390,
304,
656,
32,
378,
662,
309,
210,
214,
315,
315,
309,
387,
586,
110,
234,
364,
444,
647,
266,
326,
491,
435,
1188,
438,
273,
1111,
203,
117,
115,
130,
771,
300,
110,
894,
112,
110,
2104,
250,
99,
787,
278,
852,
322,
91,
777,
286,
80,
74,
831,
272,
1116,
251,
818,
296,
423,
73,
288,
818,
191,
1041,
809,
73,
207,
770,
169,
310,
190,
71,
199,
165,
182,
2034,
205,
184,
71,
1045,
185,
410,
2031,
203,
223,
161,
178,
330,
184,
381,
406,
700,
132,
773,
307,
453,
891,
149,
449,
219,
129,
43,
642,
346,
698,
122,
167,
155,
203,
507,
335,
231,
401,
715,
195,
166,
728,
153,
136,
479,
893,
387,
800,
221,
154,
724,
44,
76,
90,
699,
380,
301,
723,
728,
247,
215,
184,
224,
371,
700,
237,
212,
414,
150,
227,
753,
226,
152,
386,
158,
386,
270,
377,
202,
301,
180,
149,
153,
382,
174,
810,
382,
183,
212,
216,
150,
38,
313,
243,
181,
240,
257,
256,
264,
233,
245,
221,
237,
268,
370,
251,
249,
377,
137,
238,
237,
743,
360,
171,
470,
329,
832,
794,
587,
177,
282,
163,
43,
190,
301,
177,
233,
602,
190,
280,
44,
130,
177,
175,
729,
164,
419,
338,
472,
545,
529,
652,
1621,
843,
348,
183,
270,
673,
261,
1611,
562,
431,
289,
523,
778,
388,
114,
381,
671,
431,
505,
1162,
461,
211,
841,
193,
1102,
317,
414,
370,
213,
362,
294,
157,
276,
62,
709,
239,
707,
378,
117,
291,
106,
380,
363,
320,
55,
208,
251,
220,
100,
352,
93,
292,
411,
106,
1560,
1776,
151,
279,
309,
408,
921,
148,
143,
409,
2012,
297,
97,
805,
121,
422,
94,
1116,
800,
787,
202,
466,
41,
1041,
780,
97,
1039,
195,
333,
378,
2011,
81,
72,
340,
242,
1943,
381,
526,
215,
182,
61,
1796,
181,
758,
125,
164,
772,
849,
163,
177,
521,
51,
437,
163,
163,
94,
714,
126,
395,
662,
203,
192,
451,
294,
198,
138,
1126,
204,
473,
169,
407,
139,
206,
243,
539,
164,
642,
455,
263,
255,
499,
408,
286,
155,
530,
427,
666,
174,
233,
423,
257,
209,
162,
376,
571,
122,
498,
401,
243,
244,
209,
549,
124,
202,
228,
207,
184,
119,
671,
301,
368,
258,
733,
46,
35,
116,
750,
269,
731,
237,
261,
313,
293,
216,
207,
751,
173,
575,
205,
363,
227,
384,
467,
318,
415,
124,
407,
431,
262,
375,
391,
129,
133,
437,
318,
432,
208,
430,
390,
185,
315,
434,
549,
172,
531,
1613,
286,
378,
642,
247,
355,
37,
374,
376,
303,
252,
1603,
611,
411,
362,
217,
214,
370,
491,
320,
39,
381,
364,
255,
152,
609,
231,
711,
529,
374,
177,
400,
507,
352,
608,
462,
385,
397,
293,
254,
258,
675,
586,
253,
277,
108,
322,
382,
350,
481,
245,
381,
275,
322,
771,
199,
333,
1174,
345,
238,
1169,
94,
117,
771,
345,
1084,
354,
257,
770,
308,
62,
1176,
230,
376,
767,
397,
747,
112,
330,
571,
600,
749,
91,
127,
257,
83,
345,
1921,
230,
699,
414,
280,
370,
1104,
59,
597,
970,
309,
338,
324,
390,
1099,
320,
306,
1094,
347,
79,
321,
684,
335,
287,
1037,
681,
200,
879,
286,
250,
115,
74,
681,
305,
204,
207,
357,
712,
213,
542,
213,
1929,
194,
149,
246,
225,
126,
104,
62,
178,
192,
126,
212,
98,
538,
42,
216,
95,
253,
222,
117,
738,
368,
453,
112,
409,
91,
762,
193,
682,
230,
495,
333,
265,
225,
751,
78,
216,
385,
255,
230,
457,
383,
351,
214,
256,
307,
165,
244,
375,
270,
237,
314,
252,
212,
188,
163,
252,
181,
263,
264,
168,
282,
261,
339,
301,
245,
231,
573,
192,
354,
293,
231,
195,
556,
359,
237,
449,
674,
339,
511,
312,
648,
373,
443,
174,
186,
347,
749,
696,
315,
583,
318,
138,
251,
174,
337,
384,
211,
211,
164,
267,
317,
630,
229,
200,
349,
481,
543,
226,
312,
371,
650,
149,
663,
751,
253,
255,
683,
618,
582,
229,
226,
622,
773,
755,
597,
176,
1615,
581,
759,
415,
1539,
568,
751,
628,
231,
161,
619,
528,
762,
116,
403,
173,
263,
758,
577,
125,
276,
749,
1188,
354,
1110,
286,
1109,
797,
311,
133,
267,
79,
309,
305,
118,
121,
1920,
105,
298,
81,
698,
245,
115,
101,
289,
694,
342,
86,
598,
367,
417,
588,
326,
296,
377,
694,
597,
97,
1109,
394,
85,
521,
1037,
424,
322,
42,
296,
470,
404,
673,
281,
799,
252,
953,
740,
797,
260,
341,
354,
188,
169,
131,
340,
232,
187,
77,
100,
396,
235,
104,
393,
624,
43,
229,
91,
252,
302,
490,
354,
185,
743,
416,
452,
243,
754,
713,
212,
265,
258,
426,
177,
120,
531,
83,
625,
170,
740,
52,
248,
403,
108,
271,
145,
1946,
233,
184,
745,
86,
281,
276,
222,
531,
248,
1933,
449,
398,
197,
204,
214,
1870,
434,
219,
238,
728,
673,
476,
151,
378,
645,
157,
445,
358,
535,
288,
223,
223,
239,
387,
252,
226,
159,
185,
238,
445,
353,
470,
387,
200,
38,
181,
739,
196,
311,
341,
366,
211,
366,
292,
308,
382,
519,
840,
356,
313,
359,
112,
337,
292,
469,
269,
387,
201,
733,
219,
273,
353,
331,
287,
554,
319,
318,
496,
312,
190,
347,
348,
417,
236,
192,
318,
606,
258,
302,
341,
290,
320,
532,
350,
760,
188,
350,
614,
337,
386,
166,
167,
582,
218,
651,
316,
363,
754,
487,
741,
349,
185,
458,
533,
338,
155,
339,
518,
131,
346,
533,
458,
790,
164,
779,
280,
217,
446,
748,
559,
93,
480,
118,
437,
387,
169,
144,
41,
331,
225,
411,
115,
89,
306,
1458,
1554,
586,
74,
459,
476,
96,
457,
302,
1111,
269,
1108,
747,
1098,
50,
325,
600,
291,
440,
79,
273,
406,
351,
523,
48,
334,
267,
705,
432,
427,
403,
358,
248,
737,
1031,
1019,
252,
1936,
201,
296,
360,
513,
1085,
426,
237,
792,
705,
620,
234,
52,
184,
341,
568,
222,
235,
293,
115,
157,
625,
201,
525,
151,
742,
52,
196,
234,
244,
270,
369,
563,
261,
207,
544,
268,
216,
753,
129,
150,
264,
424,
427,
225,
125,
817,
709,
219,
115,
124,
117,
1778,
88,
135,
752,
182,
89,
928,
271,
115,
765,
124,
84,
587,
334,
228,
148,
65,
89,
299,
124,
67,
181,
602,
49,
294,
348,
378,
738,
264,
263,
344,
214,
258,
170,
238,
286,
272,
684,
351,
680,
53,
234,
456,
367,
684,
471,
704,
156,
263,
420,
639,
499,
599,
419,
269,
40,
574,
338,
405,
349,
126,
52,
315,
327,
240,
231,
450,
332,
744,
348,
127,
290,
41,
41,
378,
417,
393,
298,
265,
319,
534,
724,
123,
306,
426,
460,
312,
291,
281,
37,
338,
591,
250,
296,
215,
745,
703,
519,
749,
284,
222,
388,
387,
457,
512,
369,
397,
399,
399,
336,
398,
680,
476,
237,
224,
352,
312,
485,
210,
288,
282,
48,
654,
367,
393,
147,
321,
125,
162,
389,
346,
169,
402,
804,
407,
384,
635,
446,
504,
342,
341,
130,
43,
668,
118,
563,
352,
1104,
275,
88,
103,
370,
41,
211,
105,
74,
230,
1020,
296,
96,
555,
208,
258,
1019,
590,
464,
357,
591,
72,
447,
777,
559,
247,
232,
461,
325,
432,
366,
109,
599,
324,
1479,
284,
261,
363,
597,
1462,
793,
363,
244,
259,
76,
342,
230,
248,
323,
272,
59,
228,
244,
1020,
566,
952,
212,
309,
267,
184,
703,
308,
263,
952,
948,
204,
700,
69,
297,
46,
234,
261,
569,
625,
995,
233,
57,
164,
266,
278,
163,
199,
184,
783,
963,
154,
793,
157,
252,
624,
235,
262,
247,
602,
135,
213,
441,
212,
275,
237,
355,
224,
584,
230,
211,
235,
359,
629,
785,
197,
283,
171,
483,
105,
454,
157,
181,
181,
1079,
155,
211,
579,
619,
165,
1083,
1177,
49,
156,
722,
154,
609,
200,
415,
532,
803,
474,
347,
296,
679,
263,
553,
226,
439,
232,
280,
190,
221,
734,
635,
315,
297,
332,
321,
356,
221,
337,
516,
48,
208,
791,
571,
496,
46,
521,
736,
40,
564,
196,
194,
407,
588,
650,
33,
420,
323,
440,
504,
241,
532,
558,
305,
744,
369,
189,
436,
246,
276,
751,
712,
176,
532,
383,
403,
534,
407,
653,
358,
473,
410,
442,
327,
521,
192,
467,
332,
426,
646,
324,
304,
587,
472,
241,
274,
367,
582,
124,
299,
165,
327,
370,
416,
586,
197,
407,
239,
518,
606,
424,
359,
208,
274,
663,
389,
407,
332,
336,
233,
252,
335,
231,
41,
415,
466,
344,
432,
360,
402,
263,
628,
291,
561,
334,
252,
496,
516,
216,
352,
299,
538,
117,
263,
428,
194,
271,
312,
44,
104,
299,
271,
42,
123,
342,
362,
1470,
80,
455,
84,
546,
267,
358,
530,
46,
236,
130,
438,
232,
455,
311,
873,
221,
222,
215,
167,
159,
323,
310,
1016,
66,
309,
154,
263,
321,
793,
73,
355,
136,
276,
679,
219,
200,
236,
179,
236,
757,
1944,
629,
139,
171,
792,
229,
219,
137,
622,
224,
214,
325,
142,
681,
349,
1944,
210,
589,
225,
213,
388,
647,
201,
626,
174,
265,
216,
295,
327,
542,
183,
192,
263,
198,
446,
188,
134,
474,
163,
134,
166,
384,
219,
93,
138,
718,
155,
173,
158,
704,
161,
1179,
113,
271,
200,
103,
582,
155,
170,
413,
130,
287,
422,
194,
240,
293,
455,
177,
92,
608,
213,
311,
203,
131,
533,
119,
628,
211,
360,
432,
116,
271,
732,
346,
89,
462,
300,
164,
88,
291,
332,
345,
104,
164,
749,
290,
318,
341,
228,
542,
197,
707,
679,
367,
617,
222,
300,
43,
205,
120,
285,
612,
403,
258,
482,
315,
312,
355,
249,
285,
445,
624,
372,
302,
343,
311,
522,
255,
694,
283,
161,
366,
340,
326,
272,
497,
409,
459,
502,
413,
264,
400,
397,
326,
530,
495,
536,
752,
257,
232,
227,
425,
338,
459,
358,
215,
376,
477,
409,
433,
385,
426,
1177,
410,
386,
303,
379,
339,
1294,
271,
34,
676,
432,
375,
227,
418,
217,
330,
422,
677,
441,
216,
377,
360,
447,
269,
167,
316,
149,
669,
284,
684,
358,
341,
144,
206,
376,
677,
447,
590,
329,
537,
104,
373,
539,
119,
115,
467,
768,
297,
71,
275,
385,
68,
155,
97,
274,
150,
149,
71,
365,
275,
130,
386,
353,
345,
607,
352,
359,
113,
48,
427,
271,
1409,
307,
294,
736,
43,
279,
303,
345,
732,
241,
273,
273,
329,
629,
180,
46,
358,
230,
200,
189,
370,
224,
227,
721,
207,
38,
1101,
375,
375,
415,
299,
289,
239,
628,
620,
75,
274,
38,
368,
297,
198,
220,
1102,
167,
147,
159,
717,
160,
42,
620,
342,
434,
152,
226,
282,
287,
640,
363,
486,
84,
304,
704,
134,
495,
207,
316,
297,
267,
77,
408,
728,
196,
299,
453,
807,
256,
178,
203,
730,
248,
153,
361,
315,
193,
251,
241,
287,
132,
645,
863,
234,
459,
279,
437,
438,
397,
285,
369,
364,
501,
288,
478,
404,
274,
128,
243,
459,
1077,
341,
457,
647,
248,
271,
394,
192,
236,
417,
457,
1077,
215,
318,
250,
230,
277,
376,
1075,
31,
262,
1265,
237,
279,
547,
239,
374,
342,
640,
334,
469,
1278,
191,
596,
385,
379,
237,
336,
236,
483,
271,
758,
749,
286,
401,
399,
278,
435,
566,
427,
315,
319,
346,
182,
259,
408,
192,
343,
255,
253,
453,
552,
478,
327,
254,
352,
349,
254,
515,
324,
242,
171,
546,
754,
343,
336,
582,
353,
1550,
196,
751,
347,
474,
453,
203,
270,
111,
473,
120,
743,
297,
369,
297,
252,
256,
250,
414,
359,
335,
366,
272,
118,
375,
462,
260,
604,
334,
302,
288,
398,
273,
309,
702,
533,
118,
763,
58,
223,
282,
755,
677,
740,
123,
82,
87,
408,
221,
311,
117,
414,
235,
1037,
112,
1241,
732,
533,
280,
93,
548,
308,
220,
1024,
195,
317,
161,
219,
253,
189,
85,
731,
427,
276,
315,
412,
177,
174,
241,
255,
522,
53,
283,
712,
261,
239,
294,
237,
242,
1340,
266,
232,
50,
137,
115,
346,
174,
198,
804,
286,
374,
135,
429,
678,
117,
106,
45,
319,
190,
2044,
722,
231,
509,
571,
631,
113,
281,
226,
453,
157,
288,
442,
863,
614,
712,
351,
131,
296,
286,
547,
136,
327,
273,
446,
430,
388,
217,
325,
253,
735,
377,
150,
266,
335,
191,
321,
282,
271,
519,
318,
336,
463,
362,
288,
311,
362,
213,
575,
116,
280,
201,
346,
474,
524,
117,
34,
349,
378,
412,
292,
489,
305,
308,
1157,
242,
242,
329,
115,
270,
287,
345,
436,
301,
387,
229,
313,
366,
330,
539,
573,
325,
225,
258,
269,
220,
257,
358,
173,
397,
227,
275,
592,
745,
175,
466,
35,
254,
335,
386,
267,
437,
586,
531,
277,
368,
417,
315,
336,
739,
345,
408,
518,
326,
426,
230,
559,
318,
152,
239,
277,
1377,
356,
336,
348,
291,
244,
195,
164,
36,
474,
250,
740,
586,
261,
577,
303,
281,
463,
214,
280,
435,
333,
556,
609,
345,
397,
131,
396,
36,
328,
302,
487,
160,
385,
201,
80,
1111,
189,
1308,
231,
416,
290,
775,
2079,
483,
174,
40,
791,
82,
409,
131,
481,
137,
1177,
143,
36,
1170,
1184,
689,
316,
60,
132,
257,
386,
1110,
246,
115,
623,
228,
398,
55,
1179,
169,
236,
404,
611,
488,
114,
245,
582,
772,
127,
385,
1036,
684,
475,
290,
232,
224,
429,
770,
407,
151,
663,
738,
302,
159,
297,
156,
106,
2024,
270,
281,
114,
379,
303,
2012,
1030,
330,
1944,
423,
240,
237,
294,
801,
274,
136,
194,
272,
717,
42,
391,
199,
180,
227,
431,
198,
137,
237,
220,
311,
322,
275,
102,
272,
399,
233,
703,
179,
252,
718,
87,
186,
119,
262,
326,
86,
244,
320,
295,
1934,
223,
206,
720,
239,
278,
95,
192,
304,
187,
223,
713,
255,
546,
613,
164,
238,
222,
295,
1267,
243,
257,
146,
249,
275,
385,
264,
392,
210,
433,
363,
266,
295,
267,
142,
220,
582,
297,
259,
347,
349,
207,
151,
322,
255,
344,
258,
231,
412,
339,
316,
424,
135,
229,
355,
384,
206,
328,
655,
374,
500,
121,
655,
230,
154,
408,
649,
276,
35,
304,
450,
144,
271,
263,
820,
441,
236,
296,
729,
285,
403,
408,
340,
420,
527,
330,
375,
381,
488,
152,
646,
349,
468,
353,
473,
443,
742,
543,
368,
144,
1360,
427,
148,
473,
272,
542,
455,
234,
434,
153,
741,
561,
328,
217,
355,
403,
393,
286,
360,
758,
508,
572,
818,
240,
252,
345,
427,
660,
461,
843,
190,
358,
539,
399,
189,
473,
222,
172,
340,
320,
284,
1121,
177,
761,
495,
193,
462,
588,
376,
294,
292,
400,
264,
371,
411,
158,
372,
456,
409,
599,
760,
366,
538,
340,
234,
267,
339,
320,
398,
264,
495,
396,
517,
338,
226,
284,
1110,
489,
577,
302,
288,
1107,
179,
1171,
383,
220,
232,
167,
134,
1089,
405,
413,
91,
332,
261,
141,
197,
337,
146,
139,
1006,
404,
1038,
120,
112,
377,
775,
93,
770,
89,
284,
68,
287,
1945,
386,
364,
701,
82,
236,
88,
320,
1937,
134,
693,
1859,
179,
710,
90,
273,
455,
402,
620,
77,
1349,
386,
376,
267,
439,
707,
321,
315,
240,
362,
323,
213,
268,
589,
66,
171,
637,
219,
265,
178,
1432,
233,
635,
722,
363,
299,
805,
318,
717,
238,
711,
236,
948,
318,
61,
147,
552,
182,
714,
638,
730,
377,
947,
334,
55,
244,
122,
110,
292,
267,
358,
139,
444,
435,
104,
395,
205,
279,
116,
266,
220,
348,
226,
223,
57,
227,
429,
218,
398,
198,
405,
142,
518,
252,
56,
265,
314,
149,
287,
741,
386,
309,
534,
135,
208,
195,
400,
235,
235,
501,
530,
341,
595,
217,
381,
418,
217,
744,
535,
334,
280,
427,
327,
326,
489,
740,
360,
471,
309,
279,
494,
290,
190,
297,
284,
654,
211,
278,
427,
386,
285,
751,
348,
430,
382,
375,
464,
188,
134,
422,
187,
371,
253,
148,
192,
364,
405,
232,
331,
737,
218,
348,
422,
556,
221,
404,
381,
186,
344,
658,
363,
366,
366,
340,
329,
368,
354,
582,
496,
229,
670,
272,
461,
642,
496,
346,
611,
678,
524,
86,
456,
248,
608,
374,
1730,
679,
368,
517,
100,
141,
1714,
574,
447,
602,
348,
343,
375,
1108,
381,
549,
1104,
272,
294,
96,
668,
428,
543,
364,
339,
377,
1096,
411,
633,
349,
153,
908,
417,
110,
850,
361,
137,
383,
135,
375,
360,
543,
349,
177,
769,
437,
136,
567,
302,
748,
444,
614,
366,
403,
180,
1040,
417,
114,
737,
1039,
436,
796,
1038,
99,
248,
287,
1418,
315,
576,
318,
340,
741,
290,
280,
211,
167,
241,
1343,
96,
741,
248,
401,
94,
150,
346,
1432,
192,
1944,
170,
459,
238,
144,
362,
405,
736,
632,
371,
276,
456,
300,
182,
217,
114,
120,
1935,
248,
191,
292,
79,
239,
157,
494,
95,
734,
275,
342,
82,
195,
291,
79,
76,
231,
249,
95,
437,
236,
348,
560,
428,
80,
348,
75,
75,
168,
160,
453,
81,
150,
425,
493,
487,
263,
126,
181,
137,
160,
264,
209,
618,
726,
117,
185,
204,
471,
348,
415,
230,
411,
177,
383,
196,
250,
77,
268,
277,
428,
151,
465,
164,
365,
173,
283,
331,
529,
494,
735,
340,
118,
474,
343,
329,
245,
166,
135,
644,
388,
456,
328,
311,
311,
183,
174,
177,
192,
310,
281,
440,
271,
417,
1371,
277,
184,
1365,
455,
168,
264,
738,
509,
442,
199,
382,
370,
163,
234,
447,
438,
424,
275,
276,
434,
329,
181,
253,
364,
368,
274,
445,
415,
391,
399,
370,
319,
255,
310,
660,
343,
242,
391,
100,
324,
424,
377,
673,
667,
672,
753,
359,
131,
421,
358,
337,
87,
373,
314,
104,
430,
359,
1734,
346,
160,
1727,
94,
411,
373,
345,
161,
315,
438,
1720,
616,
868,
160,
569,
621,
445,
603,
874,
378,
528,
150,
583,
157,
152,
132,
367,
148,
1113,
687,
114,
195,
384,
622,
90,
588,
383,
99,
1938,
372,
98,
282,
919,
393,
1041,
791,
369,
197,
97,
236,
243,
924,
86,
920,
76,
1041,
298,
424,
452,
163,
261,
162,
142,
208,
295,
90,
122,
124,
228,
838,
78,
73,
250,
791,
359,
110,
135,
55,
76,
216,
477,
149,
659,
165,
481,
74,
196,
258,
1947,
73,
147,
90,
96,
47,
203,
207,
107,
500,
227,
394,
218,
121,
301,
405,
809,
94,
427,
213,
290,
470,
384,
294,
125,
363,
129,
206,
389,
343,
726,
99,
567,
556,
180,
379,
426,
403,
805,
634,
195,
732,
70,
545,
541,
309,
452,
310,
529,
287,
387,
472,
356,
282,
824,
355,
188,
446,
183,
71,
191,
170,
319,
430,
197,
390,
219,
131,
196,
357,
395,
232,
369,
159,
118,
412,
300,
314,
222,
144,
253,
436,
679,
430,
114,
450,
168,
666,
441,
663,
423,
346,
428,
242,
358,
208,
279,
275,
448,
146,
496,
352,
593,
208,
600,
410,
200,
497,
519,
127,
140,
149,
233,
461,
377,
422,
379,
449,
404,
325,
388,
113,
466,
497,
426,
394,
320,
436,
84,
375,
425,
441,
327,
112,
507,
513,
396,
384,
443,
607,
629,
440,
126,
342,
92,
627,
437,
546,
619,
549,
84,
468,
329,
545,
1123,
400,
1729,
692,
378,
327,
309,
404,
1118,
324,
2006,
193,
318,
398,
269,
1942,
253,
911,
393,
231,
287,
446,
668,
150,
202,
190,
276,
206,
270,
166,
176,
213,
120,
710,
238,
463,
412,
920,
234,
218,
759,
710,
115,
724,
87,
283,
177,
116,
161,
250,
398,
206,
176,
66,
456,
201,
248,
289,
228,
720,
203,
299,
463,
184,
258,
258,
415,
443,
130,
887,
313,
326,
494,
581,
279,
401,
532,
136,
436,
249,
366,
297,
141,
731,
188,
357,
301,
338,
106,
578,
67,
237,
557,
193,
483,
366,
185,
346,
407,
292,
385,
286,
478,
38,
279,
419,
106,
269,
369,
550,
387,
631,
283,
354,
444,
259,
372,
378,
447,
391,
474,
393,
420,
257,
518,
254,
906,
401,
310,
901,
117,
292,
480,
475,
113,
309,
240,
229,
282,
201,
325,
513,
269,
109,
266,
836,
234,
488,
489,
215,
96,
266,
359,
336,
744,
295,
383,
297,
664,
427,
272,
404,
202,
378,
316,
671,
386,
1253,
349,
437,
341,
371,
130,
766,
333,
387,
669,
225,
271,
110,
543,
435,
409,
321,
109,
211,
450,
105,
101,
413,
87,
211,
121,
673,
429,
214,
371,
644,
479,
1651,
215,
414,
65,
621,
367,
559,
690,
65,
452,
540,
457,
195,
199,
373,
556,
192,
190,
426,
131,
370,
73,
1121,
1194,
271,
503,
188,
182,
1131,
1040,
555,
231,
1129,
170,
176,
933,
1039,
343,
279,
378,
159,
892,
266,
78,
217,
453,
466,
220,
477,
200,
932,
445,
77,
611,
290,
711,
221,
556,
262,
253,
755,
148,
159,
76,
182,
134,
119,
310,
243,
754,
233,
676,
162,
315,
217,
471,
712,
71,
270,
223,
363,
464,
207,
611,
303,
951,
416,
181,
48,
565,
191,
315,
656,
274,
433,
278,
307,
293,
266,
511,
904,
358,
494,
607,
903,
549,
520,
517,
394,
563,
413,
603,
365,
164,
329,
36,
425,
568,
262,
257,
823,
438,
311,
256,
334,
120,
103,
694,
414,
327,
262,
260,
249,
730,
247,
382,
37,
388,
241,
259,
147,
110,
249,
710,
369,
166,
250,
378,
971,
294,
109,
260,
277,
286,
399,
170,
335,
443,
127,
381,
395,
258,
358,
592,
498,
377,
362,
64,
253,
456,
480,
307,
229,
367,
391,
450,
420,
312,
466,
280,
198,
332,
376,
268,
376,
578,
164,
360,
168,
740,
671,
370,
160,
449,
369,
284,
451,
334,
282,
373,
54,
427,
440,
351,
390,
117,
93,
281,
360,
279,
674,
434,
443,
32,
116,
236,
366,
380,
259,
102,
110,
422,
107,
786,
271,
405,
80,
434,
112,
85,
528,
1180,
386,
82,
1720,
389,
531,
1113,
35,
415,
427,
115,
87,
378,
366,
399,
1647,
237,
352,
34,
227,
367,
251,
219,
405,
345,
371,
389,
1100,
206,
195,
392,
353,
35,
185,
309,
343,
357,
356,
376,
608,
98,
347,
362,
195,
201,
177,
48,
713,
282,
371,
607,
256,
183,
241,
149,
148,
232,
99,
159,
303,
39,
284,
91,
717,
528,
453,
179,
797,
321,
467,
138,
387,
709,
556,
419,
225,
386,
717,
42,
169,
233,
583,
718,
571,
135,
636,
995,
224,
547,
624,
221,
897,
203,
497,
129,
253,
999,
699,
856,
234,
142,
481,
1610,
238,
366,
672,
470,
276,
358,
295,
184,
687,
568,
593,
538,
430,
342,
392,
819,
266,
338,
405,
1630,
449,
587,
569,
120,
381,
458,
576,
421,
312,
203,
197,
863,
268,
777,
366,
281,
43,
345,
160,
628,
216,
163,
677,
162,
280,
435,
203,
322,
728,
402,
395,
340,
397,
147,
497,
193,
377,
409,
443,
111,
393,
346,
508,
335,
128,
281,
331,
162,
509,
839,
101,
140,
277,
307,
479,
295,
911,
108,
158,
164,
549,
370,
477,
48,
641,
126,
283,
343,
303,
247,
379,
363,
498,
392,
602,
195,
347,
238,
616,
754,
498,
571,
857,
296,
35,
388,
661,
845,
422,
547,
605,
502,
283,
571,
388,
594,
721,
135,
727,
710,
488,
261,
252,
267,
476,
638,
265,
43,
397,
419,
261,
351,
1178,
675,
604,
390,
34,
323,
308,
386,
113,
418,
390,
289,
1108,
58,
367,
533,
211,
1107,
46,
32,
158,
1105,
425,
304,
342,
437,
116,
47,
103,
413,
319,
240,
109,
567,
46,
135,
400,
381,
431,
132,
347,
296,
347,
128,
337,
390,
427,
687,
182,
278,
1122,
1120,
415,
121,
159,
114,
318,
119,
111,
177,
257,
1044,
291,
353,
453,
299,
523,
75,
306,
273,
101,
44,
749,
1606,
74,
347,
648,
610,
266,
51,
204,
327,
390,
707,
718,
289,
49,
828,
501,
139,
716,
562,
307,
45,
136,
128,
968,
992,
154,
80,
351,
46,
330,
829,
466,
137,
182,
306,
584,
975,
65,
373,
239,
358,
333,
732,
970,
608,
902,
310,
808,
883,
462,
338,
458,
758,
273,
217,
408,
271,
822,
732,
581,
294,
984,
388,
651,
294,
817,
1711,
147,
305,
500,
264,
481,
240,
309,
316,
274,
308,
129,
191,
676,
261,
384,
313,
510,
370,
304,
431,
542,
107,
244,
243,
407,
446,
308,
582,
312,
342,
237,
236,
127,
422,
299,
463,
326,
93,
659,
222,
503,
169,
280,
380,
391,
406,
413,
220,
380,
439,
345,
225,
232,
151,
928,
406,
383,
718,
48,
121,
168,
304,
485,
259,
52,
291,
410,
578,
327,
586,
149,
289,
399,
399,
279,
465,
598,
646,
326,
277,
584,
224,
621,
44,
305,
479,
357,
342,
650,
420,
583,
442,
595,
604,
376,
261,
278,
193,
1279,
460,
576,
503,
263,
383,
388,
488,
549,
226,
333,
542,
459,
276,
362,
648,
748,
423,
490,
830,
470,
39,
362,
690,
216,
419,
932,
383,
388,
942,
376,
188,
264,
1165,
549,
419,
274,
325,
591,
333,
1299,
385,
855,
855,
210,
504,
369,
235,
848,
603,
195,
376,
248,
396,
173,
259,
46,
429,
294,
851,
230,
381,
340,
516,
434,
290,
397,
375,
311,
813,
664,
326,
44,
439,
338,
384,
423,
387,
339,
606,
372,
868,
130,
337,
100,
124,
782,
335,
360,
86,
491,
150,
346,
668,
397,
159,
322,
423,
325,
1072,
337,
152,
1121,
146,
1110,
161,
283,
122,
68,
497,
260,
569,
860,
155,
319,
442,
138,
265,
133,
203,
337,
309,
175,
54,
411,
113,
1128,
131,
47,
245,
457,
193,
578,
133,
134,
107,
336,
164,
680,
130,
718,
887,
715,
92,
128,
233,
106,
720,
87,
156,
601,
978,
136,
684,
178,
426,
301,
317,
618,
588,
730,
810,
973,
325,
570,
826,
262,
391,
36,
733,
527,
351,
236,
279,
816,
767,
525,
139,
301,
440,
343,
283,
478,
355,
818,
900,
282,
414,
210,
110,
275,
239,
245,
142,
202,
300,
998,
219,
216,
270,
90,
39,
822,
546,
197,
532,
37,
485,
278,
915,
233,
578,
257,
174,
269,
413,
204,
283,
579,
577,
164,
146,
646,
403,
571,
245,
313,
33,
672,
291,
176,
258,
502,
427,
323,
409,
682,
533,
343,
174,
96,
172,
111,
214,
509,
308,
238,
284,
213,
267,
539,
467,
104,
290,
294,
438,
274,
486,
40,
429,
682,
1195,
238,
1194,
414,
159,
435,
391,
751,
158,
406,
562,
44,
144,
143,
43,
1827,
259,
730,
256,
492,
44,
261,
1224,
112,
41,
111,
370,
349,
378,
688,
195,
304,
177,
1126,
135,
843,
1242,
363,
616,
1120,
111,
262,
213,
82,
318,
334,
203,
1276,
213,
158,
369,
66,
617,
705,
274,
293,
298,
287,
270,
80,
1217,
337,
61,
431,
268,
289,
262,
354,
474,
50,
362,
81,
144,
39,
311,
410,
279,
351,
480,
1341,
84,
422,
434,
193,
82,
228,
496,
239,
314,
332,
198,
230,
589,
445,
232,
251,
229,
498,
1364,
230,
494,
485,
442,
738,
1272,
97,
365,
227,
153,
42,
447,
494,
272,
828,
176,
123,
376,
443,
373,
181,
259,
376,
466,
43,
449,
440,
370,
432,
377,
846,
371,
447,
424,
280,
371,
125,
205,
288,
352,
557,
273,
204,
755,
41,
265,
257,
240,
287,
414,
313,
761,
309,
1219,
44,
433,
133,
416,
297,
597,
129,
1226,
103,
444,
295,
361,
1219,
315,
358,
520,
123,
289,
110,
530,
118,
265,
117,
390,
2463,
149,
87,
1265,
76,
100,
121,
690,
108,
112,
1353,
1427,
358,
48,
591,
1232,
65,
1126,
705,
83,
198,
143,
1115,
159,
1529,
286,
116,
75,
132,
2311,
205,
73,
193,
389,
73,
237,
39,
72,
237,
43,
257,
71,
369,
666,
71,
900,
188,
392,
42,
426,
151,
33,
285,
299,
115,
355,
379,
287,
282,
631,
277,
241,
121,
133,
277,
320,
824,
541,
456,
470,
285,
255,
536,
120,
149,
158,
475,
699,
354,
140,
235,
525,
146,
139,
268,
922,
821,
150,
299,
229,
742,
226,
444,
282,
455,
236,
230,
409,
685,
981,
370,
384,
979,
1290,
1281,
383,
128,
237,
866,
129,
1287,
260,
235,
135,
628,
627,
274,
239,
623,
1336,
212,
123,
1212,
1281,
2381,
172,
1211,
614,
95,
1286,
1269,
334,
1107,
1156,
799,
106,
1046,
791,
129,
131,
391,
1151,
1259,
1047,
94,
94,
100,
461,
212,
156,
153,
408,
106,
895,
258,
371,
405,
817,
197,
189,
403,
166,
823,
192,
487,
510,
896,
487,
599,
1092,
1457,
364,
2060,
777,
523,
498,
880,
861,
752,
585,
695,
852,
817,
582,
523,
687,
516,
926,
1285,
1067,
102,
595,
237,
265,
629,
2456,
71,
1283,
724,
266,
582,
690,
1263,
405,
2382,
1119,
323,
1272,
424,
783,
697,
528,
2027,
1052,
421,
242,
186,
422,
268,
799,
86,
792,
581,
470,
185,
453,
671,
1115,
434,
931,
1253,
171,
570,
381,
1687,
506,
446,
352,
835,
627,
655,
540,
428,
385,
345,
1203,
170,
399,
181,
147,
362,
571,
497,
815,
143,
160,
171,
398,
180,
122,
879,
724,
111,
357,
384,
530,
142,
639,
827,
528,
1260,
142,
553,
172,
475,
445,
564,
151,
112,
788,
456,
1635,
755,
536,
480,
819,
553,
1048,
173,
132,
589,
593,
561,
952,
130,
170,
503,
555,
436,
973,
444,
557,
920,
710,
513,
171,
514,
150,
834,
761,
661,
486,
1195,
691,
454,
999,
575,
502,
690,
1194,
484,
1188,
436,
677,
692,
1129,
1565,
547,
699,
1054,
756,
623,
646,
728,
393,
903,
970,
743,
602,
807,
1051,
1042,
518,
1974,
1042,
1905,
564,
659,
752,
1166,
599,
1102,
891,
678,
585,
745,
290,
602,
1676,
487,
110,
109,
1354,
387,
1341,
1106,
569,
699,
1280,
111,
682,
871,
532,
745,
636,
544,
107,
2456,
617,
733,
326,
2444,
565,
303,
306,
325,
1060,
690,
2373,
604,
588,
978,
605,
597,
74,
750,
540,
473,
463,
1248,
388,
730,
527,
432,
1064,
446,
407,
452,
1112,
228,
420,
363,
418,
224,
350,
550,
203,
458,
476,
686,
898,
316,
1221,
350,
412,
682,
522,
1192,
1041,
1078,
379,
499,
448,
558,
197,
341,
939,
1294,
595,
332,
412,
604,
168,
797,
341,
412,
314,
573,
1161,
358,
264,
669,
166,
545,
417,
331,
747,
1179,
461,
979,
688,
1124,
1204,
1165,
343,
491,
828,
561,
677,
158,
342,
498,
115,
352,
903,
541,
1160,
811,
507,
511,
1636,
126,
616,
154,
491,
523,
354,
1187,
589,
553,
585,
1076,
499,
1053,
681,
757,
1123,
613,
770,
728,
756,
140,
920,
1091,
440,
171,
708,
767,
896,
449,
788,
993,
125,
333,
544,
615,
721,
587,
447,
119,
580,
511,
452,
1153,
637,
1638,
553,
495,
501,
1189,
830,
389,
1960,
462,
1883,
848,
116,
608,
499,
1080,
835,
608,
984,
600,
769,
349,
541,
733,
352,
634,
695,
629,
522,
698,
574,
477,
661,
659,
667,
763,
670,
437,
679,
749,
675,
340,
420,
335,
332,
498,
689,
637,
317,
331,
793,
528,
472,
451,
705,
534,
382,
471,
655,
1142,
381,
660,
1338,
617,
379,
538,
1087,
419,
374,
423,
657,
522,
325,
775,
761,
760,
773,
1182,
873,
329,
1119,
2358,
324,
418,
2287,
323,
1202,
543,
692,
1271,
314,
1119,
732,
458,
124,
414,
398,
111,
658,
121,
691,
730,
1030,
97,
1120,
92,
446,
1940,
2208,
1043,
333,
353,
704,
430,
291,
298,
709,
429,
94,
571,
1276,
354,
332,
332,
491,
151,
374,
330,
363,
334,
1247,
313,
151,
714,
137,
304,
786,
696,
146,
629,
419,
428,
235,
120,
573,
722,
348,
1153,
300,
741,
344,
119,
143,
777,
324,
138,
1085,
785,
601,
276,
294,
478,
807,
268,
413,
358,
519,
330,
115,
560,
128,
417,
591,
260,
340,
1171,
595,
265,
532,
677,
413,
116,
1264,
127,
1052,
970,
255,
570,
840,
249,
906,
678,
791,
1036,
629,
643,
119,
997,
111,
500,
552,
768,
813,
361,
449,
644,
388,
176,
358,
128,
667,
156,
639,
793,
488,
103,
1269,
493,
202,
143,
508,
205,
683,
492,
487,
120,
161,
471,
631,
105,
935,
819,
718,
843,
1274,
1091,
684,
352,
439,
519,
638,
209,
498,
406,
451,
1035,
644,
107,
1167,
585,
794,
198,
681,
106,
651,
604,
1898,
620,
421,
833,
409,
654,
539,
574,
634,
395,
1894,
1082,
875,
740,
955,
583,
533,
241,
574,
529,
1891,
631,
373,
587,
1815,
535,
982,
404,
688,
789,
545,
481,
407,
1121,
677,
779,
370,
380,
636,
44,
560,
631,
360,
358,
567,
362,
819,
709,
548,
322,
581,
135,
498,
1330,
595,
991,
188,
417,
522,
585,
364,
345,
657,
493,
722,
2193,
345,
413,
519,
383,
430,
97,
361,
394,
451,
378,
485,
599,
116,
105,
2195,
327,
386,
1191,
735,
460,
367,
898,
449,
449,
1266,
1116,
360,
538,
358,
453,
525,
357,
598,
1005,
690,
440,
559,
1002,
341,
731,
502,
1110,
2279,
439,
326,
1043,
334,
1040,
357,
619,
996,
609,
149,
324,
562,
303,
159,
147,
260,
758,
338,
432,
439,
344,
805,
358,
913,
147,
289,
321,
703,
337,
837,
298,
713,
372,
508,
315,
84,
117,
505,
554,
1010,
324,
316,
150,
242,
431,
180,
2216,
908,
286,
349,
371,
446,
112,
963,
312,
969,
178,
225,
178,
458,
730,
246,
99,
549,
129,
150,
398,
590,
387,
109,
427,
882,
390,
321,
1178,
710,
373,
753,
1168,
322,
1075,
383,
291,
796,
695,
162,
234,
277,
447,
806,
334,
717,
621,
252,
1096,
219,
388,
770,
145,
460,
874,
747,
1282,
236,
172,
162,
556,
1009,
70,
985,
206,
446,
261,
587,
665,
401,
735,
466,
543,
252,
638,
240,
1160,
818,
903,
223,
1017,
67,
639,
1355,
659,
712,
628,
522,
643,
1096,
585,
565,
477,
545,
1361,
898,
1271,
862,
154,
547,
170,
656,
536,
679,
519,
1105,
511,
880,
620,
783,
584,
486,
868,
504,
824,
860,
132,
428,
470,
172,
701,
786,
718,
499,
687,
249,
847,
785,
647,
745,
337,
476,
502,
747,
552,
403,
427,
1195,
483,
455,
952,
732,
320,
1239,
828,
781,
529,
521,
706,
460,
310,
164,
546,
666,
600,
760,
330,
741,
339,
572,
1010,
485,
334,
596,
507,
380,
332,
1037,
365,
562,
325,
1129,
879,
605,
868,
618,
460,
312,
485,
348,
514,
117,
538,
723,
310,
430,
235,
311,
859,
598,
206,
540,
140,
413,
2186,
100,
195,
93,
389,
1261,
507,
184,
498,
709,
505,
478,
174,
692,
1419,
111,
1265,
73,
108,
175,
1118,
1107,
185,
528,
108,
597,
107,
794,
285,
815,
792,
194,
798,
507,
1044,
91,
310,
99,
312,
109,
1271,
297,
1473,
386,
217,
105,
957,
264,
247,
321,
280,
427,
71,
102,
386,
267,
569,
841,
82,
545,
538,
102,
620,
186,
2129,
515,
416,
143,
273,
289,
165,
282,
85,
1152,
708,
945,
719,
888,
152,
175,
433,
80,
368,
141,
509,
349,
85,
355,
877,
423,
417,
557,
345,
187,
931,
387,
624,
472,
135,
421,
336,
317,
494,
86,
336,
558,
281,
316,
841,
273,
85,
1169,
621,
773,
352,
456,
125,
1408,
912,
168,
1090,
398,
834,
411,
541,
462,
599,
81,
242,
183,
285,
528,
309,
305,
1250,
121,
499,
597,
448,
92,
1007,
195,
233,
453,
524,
459,
83,
120,
513,
643,
1154,
478,
923,
134,
176,
428,
472,
526,
562,
103,
1100,
84,
408,
864,
559,
939,
909,
814,
621,
482,
514,
1015,
291,
1189,
862,
739,
624,
304,
924,
424,
1828,
947,
693,
646,
926,
968,
348,
219,
223,
1012,
421,
259,
316,
519,
142,
241,
516,
312,
497,
883,
297,
216,
338,
399,
1024,
748,
1312,
423,
452,
295,
296,
390,
520,
719,
276,
218,
884,
514,
757,
91,
677,
1396,
100,
420,
1102,
674,
522,
679,
368,
738,
778,
923,
950,
355,
89,
896,
419,
476,
890,
87,
428,
770,
1984,
498,
1486,
689,
438,
156,
926,
616,
634,
174,
874,
772,
1916,
607,
382,
1913,
642,
497,
948,
1902,
257,
62,
450,
702,
405,
1066,
328,
58,
307,
411,
490,
589,
335,
670,
1262,
155,
56,
95,
869,
136,
314,
143,
120,
54,
115,
92,
899,
1113,
1042,
72,
545,
135,
859,
314,
1040,
49,
325,
113,
123,
934,
48,
387,
330,
307,
157,
373,
2192,
378,
315,
875,
914,
226,
46,
1524,
257,
781,
417,
109,
261,
41,
633,
397,
222,
292,
166,
144,
267,
223,
614,
423,
875,
649,
240,
524,
230,
718,
1518,
150,
306,
266,
200,
413,
226,
96,
238,
1073,
616,
217,
365,
246,
698,
107,
965,
322,
219,
392,
726,
762,
382,
283,
1152,
761,
493,
689,
183,
784,
388,
120,
602,
351,
768,
231,
617,
144,
118,
1435,
502,
598,
589,
551,
149,
983,
172,
1450,
360,
297,
44,
171,
1362,
507,
1345,
182,
515,
796,
910,
615,
156,
442,
652,
918,
277,
357,
516,
973,
174,
144,
461,
427,
116,
926,
910,
762,
623,
453,
419,
911,
432,
446,
659,
122,
412,
973,
258,
796,
888,
908,
253,
874,
607,
415,
848,
1085,
444,
933,
789,
399,
449,
353,
1381,
902,
414,
838,
532,
434,
474,
905,
313,
1094,
595,
354,
246,
423,
132,
315,
752,
747,
914,
193,
417,
471,
975,
382,
892,
703,
940,
885,
259,
594,
744,
497,
924,
665,
432,
866,
1174,
926,
771,
1095,
314,
418,
469,
484,
398,
859,
928,
426,
881,
342,
754,
847,
758,
373,
203,
304,
407,
60,
719,
434,
303,
422,
377,
279,
488,
416,
431,
268,
469,
753,
150,
1017,
277,
906,
272,
795,
547,
813,
955,
416,
1194,
354,
503,
1105,
408,
280,
376,
744,
247,
379,
969,
274,
426,
392,
143,
284,
175,
169,
750,
287,
378,
326,
347,
692,
731,
220,
267,
637,
146,
381,
275,
384,
85,
686,
995,
1107,
1010,
345,
256,
146,
495,
232,
1041,
189,
538,
170,
706,
119,
250,
654,
934,
530,
276,
141,
794,
49,
716,
742,
958,
269,
257,
362,
211,
103,
752,
319,
170,
244,
139,
363,
383,
255,
384,
772,
100,
246,
743,
243,
291,
2228,
486,
407,
117,
41,
626,
157,
462,
730,
137,
167,
1007,
760,
281,
998,
794,
494,
926,
945,
257,
245,
668,
270,
137,
695,
470,
798,
304,
207,
278,
309,
780,
144,
753,
160,
459,
140,
85,
78,
355,
114,
980,
575,
114,
763,
544,
983,
480,
468,
104,
554,
477,
75,
648,
93,
268,
303,
341,
825,
765,
141,
1067,
51,
710,
115,
48,
396,
138,
138,
886,
755,
339,
593,
711,
889,
864,
420,
382,
826,
413,
902,
634,
634,
664,
274,
114,
393,
837,
430,
398,
658,
617,
252,
767,
478,
785,
989,
1259,
360,
912,
688,
255,
146,
630,
1191,
157,
434,
151,
387,
266,
978,
491,
913,
458,
537,
534,
972,
786,
666,
209,
1083,
995,
780,
675,
286,
373,
427,
410,
830,
1120,
420,
968,
845,
526,
328,
452,
435,
46,
736,
369,
209,
121,
438,
283,
309,
299,
434,
754,
338,
452,
425,
1119,
1105,
964,
805,
399,
359,
874,
784,
310,
223,
696,
205,
311,
204,
338,
985,
251,
311,
203,
415,
392,
1992,
962,
1192,
482,
721,
258,
500,
793,
446,
623,
288,
490,
535,
332,
248,
165,
682,
851,
273,
45,
346,
661,
961,
926,
542,
273,
315,
924,
1112,
263,
313,
368,
142,
677,
271,
43,
292,
1103,
495,
689,
498,
326,
1056,
907,
1042,
126,
140,
98,
976,
1042,
366,
219,
130,
201,
931,
1038,
199,
124,
647,
455,
109,
706,
145,
198,
48,
215,
249,
714,
338,
209,
105,
718,
97,
208,
763,
282,
333,
1034,
482,
278,
1032,
1032,
267,
326,
194,
793,
160,
246,
249,
1014,
251,
263,
1075,
1173,
900,
1161,
163,
405,
380,
286,
751,
168,
894,
745,
484,
144,
816,
381,
247,
250,
122,
653,
698,
817,
711,
311,
1091,
128,
1064,
396,
816,
120,
753,
1294,
112,
123,
308,
145,
210,
120,
1074,
63,
318,
105,
1323,
386,
816,
1164,
425,
315,
296,
399,
116,
310,
394,
49,
99,
336,
819,
584,
609,
499,
244,
379,
253,
418,
947,
195,
100,
347,
858,
181,
367,
656,
427,
856,
1064,
172,
400,
1091,
120,
140,
753,
1090,
499,
299,
408,
105,
313,
405,
635,
93,
193,
250,
1168,
395,
387,
1105,
343,
1082,
302,
613,
920,
1078,
1006,
437,
480,
347,
300,
184,
346,
489,
330,
335,
401,
435,
322,
1014,
243,
734,
159,
779,
518,
465,
284,
242,
261,
290,
512,
691,
1013,
329,
455,
909,
127,
1035,
373,
320,
244,
161,
690,
404,
792,
304,
213,
238,
363,
47,
436,
1000,
925,
288,
312,
1287,
375,
230,
422,
707,
267,
399,
1046,
786,
213,
235,
519,
954,
281,
843,
178,
337,
768,
406,
429,
242,
195,
280,
710,
271,
372,
764,
609,
461,
228,
343,
1028,
382,
310,
1063,
300,
198,
203,
247,
155,
146,
1116,
277,
332,
257,
176,
142,
351,
144,
1990,
177,
402,
1058,
144,
124,
538,
1025,
277,
782,
219,
189,
365,
343,
499,
208,
120,
618,
447,
245,
1044,
723,
683,
885,
77,
44,
374,
268,
475,
481,
78,
856,
545,
44,
999,
141,
441,
286,
1107,
46,
187,
228,
151,
811,
1060,
73,
436,
97,
43,
215,
241,
192,
1022,
98,
553,
837,
1104,
248,
422,
210,
152,
803,
258,
70,
876,
642,
144,
88,
456,
216,
881,
2309,
66,
197,
43,
556,
257,
747,
977,
350,
441,
152,
431,
1076,
740,
273,
428,
1168,
166,
490,
308,
419,
232,
457,
304,
110,
66,
230,
198,
728,
813,
802,
78,
127,
480,
470,
484,
64,
1090,
1166,
56,
154,
174,
416,
589,
1077,
344,
387,
357,
512,
246,
846,
816,
819,
199,
1081,
464,
383,
422,
297,
364,
169,
184,
43,
781,
473,
1152,
664,
461,
503,
383,
788,
338,
42,
278,
158,
498,
194,
235,
462,
196,
610,
115,
1169,
296,
375,
161,
149,
1072,
380,
138,
277,
160,
323,
343,
365,
40,
273,
635,
666,
305,
319,
805,
297,
47,
338,
178,
330,
1133,
365,
410,
1080,
714,
296,
1199,
1106,
527,
375,
333,
342,
1103,
215,
450,
328,
408,
474,
309,
211,
1088,
838,
752,
485,
836,
1046,
1096,
264,
241,
404,
271,
267,
34,
834,
416,
1093,
760,
241,
313,
328,
42,
397,
1092,
1099,
469,
318,
362,
394,
135,
1100,
1089,
329,
976,
500,
387,
125,
432,
395,
595,
267,
313,
1092,
765,
347,
125,
282,
47,
253,
443,
803,
350,
237,
269,
38,
410,
94,
259,
49,
519,
79,
815,
89,
74,
50,
294,
809,
462,
1130,
284,
325,
75,
297,
435,
866,
