33,
30,
40,
42,
36,
38,
33,
79,
77,
37,
33,
33,
66,
45,
44,
74,
46,
102,
74,
42,
90,
106,
107,
41,
33,
96,
81,
115,
128,
131,
130,
118,
102,
134,
132,
118,
124,
113,
39,
117,
121,
140,
109,
143,
151,
104,
102,
39,
150,
45,
44,
131,
146,
144,
147,
102,
43,
142,
107,
125,
136,
145,
111,
97,
105,
102,
124,
148,
149,
170,
35,
100,
88,
139,
98,
54,
170,
147,
34,
159,
99,
86,
143,
152,
79,
141,
115,
63,
131,
99,
158,
106,
103,
155,
73,
163,
177,
200,
175,
138,
203,
175,
45,
110,
88,
168,
200,
143,
187,
124,
84,
169,
176,
164,
141,
183,
187,
206,
115,
138,
174,
171,
125,
104,
109,
198,
163,
165,
203,
129,
121,
180,
196,
114,
118,
128,
196,
203,
116,
196,
175,
163,
203,
150,
106,
123,
183,
180,
204,
224,
190,
166,
213,
183,
219,
121,
224,
218,
47,
158,
209,
48,
164,
226,
47,
174,
181,
186,
172,
198,
177,
228,
229,
38,
183,
169,
45,
158,
199,
189,
152,
154,
44,
220,
176,
205,
170,
141,
147,
192,
156,
190,
147,
153,
166,
116,
199,
232,
144,
227,
193,
168,
201,
154,
206,
205,
37,
147,
185,
212,
234,
188,
148,
131,
177,
210,
115,
195,
167,
249,
156,
185,
201,
125,
77,
77,
38,
237,
164,
215,
40,
237,
77,
213,
106,
141,
31,
203,
149,
103,
159,
126,
268,
32,
252,
31,
69,
170,
245,
48,
160,
251,
135,
180,
214,
156,
148,
136,
139,
65,
164,
39,
44,
97,
144,
237,
229,
206,
197,
147,
150,
281,
154,
145,
173,
223,
221,
43,
257,
163,
158,
209,
166,
224,
256,
166,
187,
221,
239,
183,
47,
130,
153,
240,
198,
198,
137,
167,
197,
215,
207,
237,
186,
181,
144,
250,
120,
294,
41,
169,
195,
126,
146,
216,
217,
263,
176,
242,
175,
161,
168,
183,
184,
104,
188,
229,
310,
238,
121,
283,
162,
140,
235,
175,
148,
252,
190,
130,
190,
312,
232,
215,
156,
265,
162,
304,
181,
245,
289,
250,
234,
233,
241,
215,
251,
199,
218,
188,
242,
299,
283,
198,
257,
185,
146,
174,
225,
266,
205,
317,
232,
171,
279,
212,
243,
194,
287,
173,
232,
152,
177,
195,
212,
206,
122,
207,
203,
182,
218,
154,
227,
238,
184,
131,
173,
190,
52,
255,
211,
201,
268,
151,
117,
182,
294,
150,
207,
172,
270,
202,
191,
157,
200,
207,
215,
169,
189,
166,
280,
274,
313,
215,
198,
38,
113,
319,
146,
113,
261,
295,
229,
270,
162,
242,
100,
133,
219,
140,
37,
301,
47,
143,
99,
281,
248,
214,
194,
136,
156,
71,
117,
113,
213,
246,
40,
117,
34,
174,
105,
161,
163,
246,
234,
96,
134,
172,
93,
239,
221,
264,
108,
181,
216,
339,
86,
179,
165,
41,
96,
344,
155,
186,
40,
329,
219,
200,
199,
218,
239,
315,
212,
191,
177,
193,
336,
182,
185,
85,
165,
241,
123,
141,
185,
135,
234,
292,
252,
112,
333,
108,
147,
179,
227,
144,
256,
237,
108,
131,
144,
213,
247,
231,
115,
230,
42,
203,
226,
221,
226,
316,
99,
195,
234,
213,
177,
273,
331,
318,
182,
195,
233,
239,
303,
229,
313,
331,
191,
201,
176,
39,
40,
269,
181,
196,
326,
158,
163,
186,
153,
345,
247,
173,
99,
382,
298,
211,
175,
172,
193,
138,
276,
198,
188,
349,
215,
157,
181,
236,
265,
306,
153,
250,
277,
158,
306,
312,
37,
180,
243,
369,
36,
186,
43,
198,
289,
188,
330,
360,
233,
36,
204,
245,
35,
208,
286,
236,
391,
172,
309,
228,
316,
360,
126,
158,
345,
112,
228,
120,
90,
340,
347,
33,
350,
258,
293,
81,
315,
105,
35,
212,
244,
152,
136,
34,
161,
126,
83,
154,
173,
280,
147,
259,
160,
46,
130,
70,
208,
158,
112,
127,
42,
129,
42,
125,
185,
207,
231,
250,
209,
163,
128,
225,
153,
223,
188,
275,
217,
219,
260,
223,
255,
277,
259,
242,
191,
235,
255,
186,
361,
199,
251,
203,
352,
213,
225,
245,
159,
134,
115,
193,
191,
133,
189,
164,
91,
393,
184,
363,
189,
224,
227,
207,
355,
153,
141,
248,
255,
202,
136,
94,
41,
300,
127,
104,
121,
178,
206,
180,
194,
213,
208,
126,
376,
292,
308,
230,
217,
125,
246,
210,
121,
155,
246,
423,
214,
368,
199,
236,
415,
324,
320,
292,
246,
361,
220,
216,
316,
372,
304,
249,
303,
205,
202,
170,
359,
104,
189,
249,
358,
97,
334,
201,
334,
419,
427,
359,
236,
96,
310,
219,
383,
31,
340,
440,
254,
213,
388,
301,
173,
231,
329,
306,
175,
204,
234,
397,
183,
215,
319,
357,
147,
164,
201,
269,
356,
437,
192,
45,
315,
199,
195,
181,
178,
235,
378,
322,
270,
46,
304,
215,
299,
166,
204,
185,
146,
230,
344,
427,
175,
431,
398,
283,
112,
360,
428,
487,
208,
197,
340,
218,
258,
231,
257,
229,
373,
150,
163,
342,
482,
131,
195,
459,
211,
80,
315,
325,
387,
117,
443,
86,
344,
168,
249,
295,
82,
113,
374,
91,
372,
44,
80,
387,
72,
117,
418,
220,
280,
39,
86,
68,
63,
274,
387,
174,
179,
79,
194,
166,
206,
261,
123,
147,
258,
135,
226,
252,
161,
373,
316,
347,
225,
209,
227,
216,
211,
160,
284,
219,
222,
263,
253,
126,
340,
239,
215,
78,
206,
173,
202,
238,
388,
176,
183,
358,
142,
182,
245,
301,
247,
139,
318,
171,
129,
359,
108,
431,
138,
235,
317,
170,
301,
255,
262,
283,
238,
164,
270,
194,
248,
43,
109,
366,
449,
406,
181,
397,
209,
206,
234,
50,
209,
453,
265,
48,
377,
47,
410,
258,
221,
319,
319,
301,
193,
35,
208,
273,
444,
213,
211,
306,
253,
343,
239,
267,
165,
220,
247,
32,
44,
253,
126,
248,
445,
407,
229,
43,
283,
224,
226,
233,
213,
111,
301,
254,
238,
224,
191,
209,
389,
415,
242,
304,
333,
383,
349,
181,
196,
204,
342,
215,
362,
185,
152,
225,
352,
258,
43,
473,
410,
472,
191,
156,
236,
265,
162,
402,
322,
395,
216,
36,
45,
411,
137,
281,
43,
320,
190,
104,
441,
408,
570,
354,
396,
120,
390,
401,
74,
106,
446,
192,
60,
239,
88,
419,
65,
84,
392,
147,
412,
71,
50,
111,
201,
404,
422,
411,
83,
42,
177,
257,
406,
217,
139,
41,
124,
144,
138,
135,
78,
238,
125,
350,
336,
197,
170,
224,
309,
227,
316,
284,
53,
77,
340,
200,
346,
171,
193,
269,
409,
224,
216,
229,
204,
276,
219,
308,
183,
179,
220,
194,
196,
196,
242,
195,
259,
223,
42,
432,
78,
352,
153,
271,
230,
162,
242,
315,
400,
328,
229,
239,
39,
346,
377,
366,
259,
194,
190,
227,
165,
296,
190,
241,
233,
186,
158,
268,
309,
261,
196,
130,
191,
253,
286,
174,
298,
230,
145,
220,
163,
180,
470,
160,
180,
174,
232,
153,
180,
176,
290,
546,
282,
317,
174,
325,
389,
270,
94,
242,
315,
111,
222,
452,
286,
333,
315,
140,
325,
205,
233,
384,
397,
314,
256,
459,
372,
243,
211,
384,
199,
140,
214,
470,
444,
566,
406,
261,
198,
417,
219,
139,
112,
544,
224,
541,
249,
280,
271,
218,
388,
334,
369,
305,
210,
469,
214,
219,
351,
311,
34,
339,
313,
223,
377,
334,
247,
376,
342,
230,
360,
285,
248,
207,
270,
384,
269,
440,
219,
285,
345,
198,
186,
227,
237,
462,
495,
272,
153,
168,
471,
269,
109,
391,
292,
390,
505,
427,
106,
85,
549,
215,
48,
602,
421,
405,
80,
180,
171,
589,
198,
404,
125,
149,
547,
139,
465,
96,
76,
389,
458,
146,
285,
380,
379,
44,
336,
132,
146,
550,
95,
114,
41,
526,
400,
199,
338,
232,
190,
202,
271,
205,
57,
92,
293,
228,
269,
241,
200,
336,
258,
188,
252,
39,
331,
248,
46,
292,
302,
277,
41,
319,
260,
238,
209,
330,
277,
209,
115,
241,
263,
246,
185,
253,
215,
282,
514,
42,
269,
190,
342,
202,
179,
41,
185,
287,
201,
376,
152,
167,
173,
383,
172,
364,
286,
372,
186,
196,
163,
190,
379,
168,
413,
295,
171,
267,
304,
421,
191,
394,
161,
182,
188,
280,
153,
447,
276,
264,
155,
321,
167,
273,
383,
256,
236,
166,
264,
239,
261,
307,
180,
511,
300,
172,
219,
251,
255,
189,
448,
95,
159,
403,
137,
249,
245,
464,
345,
211,
213,
236,
391,
163,
335,
227,
446,
271,
304,
525,
170,
359,
290,
271,
310,
203,
234,
263,
323,
388,
139,
214,
143,
126,
281,
408,
358,
272,
259,
164,
427,
215,
291,
349,
521,
239,
122,
371,
361,
267,
241,
42,
326,
142,
496,
41,
452,
580,
79,
413,
180,
569,
515,
571,
309,
486,
495,
305,
324,
151,
403,
105,
93,
131,
330,
153,
582,
254,
31,
93,
85,
88,
88,
126,
81,
452,
78,
58,
390,
176,
68,
531,
149,
578,
594,
138,
318,
510,
132,
633,
514,
159,
315,
311,
81,
42,
131,
41,
257,
315,
72,
539,
253,
303,
544,
118,
66,
33,
225,
260,
43,
224,
234,
211,
238,
116,
285,
174,
281,
126,
237,
111,
122,
214,
153,
196,
219,
37,
207,
369,
223,
200,
285,
186,
37,
168,
135,
186,
315,
323,
134,
260,
151,
370,
456,
534,
263,
227,
170,
235,
425,
42,
150,
145,
345,
268,
220,
229,
172,
195,
369,
123,
236,
404,
173,
334,
189,
85,
582,
180,
419,
341,
270,
140,
47,
333,
186,
106,
161,
331,
298,
193,
428,
308,
599,
280,
294,
423,
222,
570,
596,
460,
106,
285,
189,
231,
283,
271,
337,
377,
311,
274,
43,
203,
513,
50,
230,
285,
459,
334,
186,
194,
266,
257,
264,
379,
108,
206,
397,
578,
383,
156,
357,
228,
223,
283,
295,
400,
466,
39,
288,
306,
239,
394,
275,
272,
289,
368,
587,
403,
239,
43,
571,
128,
215,
172,
385,
343,
318,
507,
200,
587,
123,
346,
220,
257,
321,
411,
498,
588,
282,
634,
615,
321,
121,
93,
444,
191,
521,
233,
319,
218,
121,
438,
125,
129,
595,
408,
74,
610,
463,
76,
428,
555,
236,
57,
590,
243,
40,
474,
241,
422,
606,
43,
225,
112,
536,
177,
606,
160,
587,
387,
337,
113,
540,
185,
253,
204,
157,
184,
234,
280,
354,
624,
192,
270,
43,
115,
198,
424,
225,
299,
493,
207,
204,
221,
255,
316,
180,
343,
211,
32,
220,
103,
349,
264,
235,
439,
219,
243,
213,
244,
212,
460,
357,
217,
38,
221,
349,
264,
296,
185,
308,
295,
251,
345,
256,
381,
280,
303,
402,
305,
201,
33,
281,
194,
341,
223,
42,
270,
318,
215,
236,
216,
189,
316,
423,
292,
210,
175,
242,
199,
162,
332,
194,
203,
267,
38,
310,
342,
403,
316,
166,
160,
282,
343,
317,
224,
644,
419,
281,
172,
307,
221,
232,
305,
366,
41,
345,
268,
237,
330,
640,
307,
265,
537,
387,
200,
326,
288,
276,
309,
346,
363,
151,
570,
262,
164,
295,
152,
412,
320,
333,
197,
201,
436,
340,
346,
196,
150,
434,
279,
207,
137,
150,
217,
393,
209,
478,
318,
221,
201,
138,
144,
431,
590,
151,
466,
216,
432,
44,
293,
316,
116,
615,
150,
209,
604,
586,
286,
322,
43,
29,
116,
549,
42,
17,
571,
342,
619,
551,
102,
262,
467,
655,
109,
432,
594,
585,
435,
60,
545,
632,
91,
50,
98,
613,
59,
174,
529,
84,
326,
111,
382,
70,
156,
70,
48,
296,
350,
140,
423,
604,
109,
257,
54,
351,
353,
215,
254,
286,
323,
325,
68,
208,
302,
257,
185,
684,
173,
342,
704,
337,
261,
96,
229,
273,
279,
46,
306,
243,
242,
288,
226,
325,
119,
257,
227,
290,
211,
275,
275,
281,
600,
233,
267,
45,
303,
262,
234,
240,
118,
535,
533,
211,
209,
331,
76,
152,
193,
192,
208,
425,
131,
291,
203,
329,
349,
295,
88,
249,
511,
196,
161,
280,
482,
267,
316,
223,
139,
333,
242,
387,
391,
44,
211,
343,
357,
482,
180,
722,
425,
139,
387,
572,
387,
191,
484,
690,
224,
45,
375,
724,
129,
549,
383,
182,
449,
419,
652,
211,
199,
484,
699,
334,
667,
240,
184,
657,
415,
387,
431,
469,
400,
43,
225,
137,
290,
212,
182,
187,
339,
166,
463,
200,
400,
47,
205,
127,
165,
531,
156,
228,
394,
313,
200,
186,
214,
163,
134,
466,
662,
390,
447,
622,
259,
261,
179,
470,
199,
42,
374,
157,
230,
409,
218,
691,
152,
309,
174,
613,
121,
88,
149,
584,
614,
242,
665,
341,
103,
117,
96,
212,
616,
319,
530,
79,
495,
627,
295,
59,
489,
352,
681,
587,
636,
55,
173,
121,
60,
634,
139,
46,
111,
58,
495,
318,
47,
250,
196,
192,
190,
436,
305,
583,
448,
105,
39,
232,
409,
169,
166,
222,
340,
241,
406,
380,
241,
198,
265,
349,
352,
75,
327,
415,
219,
427,
219,
268,
232,
72,
258,
242,
186,
249,
469,
327,
65,
650,
716,
303,
278,
210,
62,
492,
335,
606,
45,
277,
527,
358,
56,
365,
201,
347,
328,
43,
523,
476,
345,
523,
187,
334,
42,
51,
469,
467,
42,
144,
384,
490,
456,
214,
487,
742,
39,
474,
762,
52,
153,
333,
358,
517,
191,
418,
206,
117,
134,
363,
453,
285,
202,
355,
485,
37,
732,
369,
188,
180,
175,
732,
537,
397,
378,
174,
491,
492,
32,
486,
491,
708,
382,
303,
425,
69,
645,
547,
107,
411,
642,
243,
632,
733,
154,
298,
634,
323,
628,
553,
113,
560,
144,
107,
84,
97,
46,
80,
69,
97,
329,
346,
393,
97,
63,
718,
57,
467,
703,
42,
475,
74,
308,
263,
52,
419,
106,
370,
46,
258,
713,
245,
399,
276,
261,
253,
272,
98,
230,
303,
224,
389,
436,
105,
255,
78,
43,
189,
278,
388,
315,
333,
115,
183,
264,
458,
463,
190,
296,
174,
460,
456,
493,
268,
367,
520,
160,
319,
314,
469,
274,
243,
145,
161,
429,
42,
214,
211,
497,
41,
382,
304,
256,
401,
515,
162,
198,
500,
401,
345,
461,
390,
392,
468,
474,
258,
385,
371,
369,
458,
740,
301,
171,
293,
368,
380,
523,
41,
484,
385,
509,
332,
557,
440,
475,
334,
512,
144,
492,
160,
499,
291,
489,
678,
660,
184,
327,
364,
528,
170,
39,
214,
388,
42,
168,
459,
129,
600,
342,
451,
466,
369,
383,
280,
495,
136,
332,
261,
397,
207,
559,
318,
202,
210,
405,
432,
535,
466,
270,
545,
40,
220,
385,
299,
123,
481,
381,
546,
463,
263,
188,
199,
779,
152,
219,
303,
705,
151,
290,
698,
312,
229,
218,
647,
108,
615,
557,
314,
113,
92,
100,
307,
107,
555,
744,
105,
99,
104,
93,
45,
91,
61,
59,
71,
67,
128,
724,
53,
81,
747,
79,
155,
43,
107,
36,
175,
114,
181,
285,
456,
392,
478,
292,
260,
211,
521,
256,
353,
458,
307,
301,
494,
221,
268,
387,
112,
341,
202,
479,
277,
276,
259,
254,
338,
327,
239,
154,
256,
389,
270,
600,
225,
308,
286,
450,
423,
372,
530,
723,
353,
619,
313,
438,
722,
480,
220,
471,
332,
447,
421,
261,
563,
443,
346,
411,
555,
629,
330,
471,
511,
545,
601,
50,
492,
806,
552,
342,
45,
260,
165,
501,
821,
419,
326,
488,
355,
321,
149,
397,
412,
551,
180,
457,
732,
262,
356,
411,
213,
476,
159,
252,
474,
477,
529,
457,
309,
176,
527,
484,
162,
345,
468,
374,
513,
422,
122,
478,
446,
295,
486,
229,
836,
441,
496,
417,
242,
473,
270,
591,
158,
444,
339,
568,
475,
548,
223,
196,
383,
531,
517,
39,
877,
45,
523,
44,
424,
578,
850,
407,
619,
358,
43,
106,
120,
521,
541,
752,
876,
447,
202,
684,
337,
810,
38,
125,
622,
304,
111,
96,
312,
821,
860,
111,
795,
80,
822,
42,
221,
329,
818,
74,
41,
859,
593,
587,
652,
44,
391,
42,
272,
359,
427,
202,
550,
500,
325,
222,
340,
346,
461,
73,
360,
201,
315,
112,
417,
43,
116,
329,
192,
297,
36,
158,
347,
252,
80,
431,
178,
631,
447,
320,
692,
305,
197,
42,
276,
385,
81,
434,
450,
171,
483,
176,
176,
439,
455,
244,
137,
169,
433,
43,
318,
799,
432,
495,
183,
454,
312,
463,
43,
280,
166,
502,
173,
515,
357,
259,
250,
286,
625,
434,
119,
376,
381,
504,
337,
283,
446,
820,
41,
389,
129,
360,
99,
270,
384,
487,
249,
393,
290,
363,
376,
518,
401,
480,
222,
593,
581,
925,
365,
216,
148,
206,
199,
516,
258,
572,
412,
570,
597,
192,
680,
379,
134,
614,
639,
808,
398,
433,
396,
518,
557,
375,
265,
532,
297,
443,
269,
571,
289,
529,
623,
505,
306,
544,
572,
548,
446,
112,
831,
596,
390,
580,
368,
715,
152,
655,
137,
380,
211,
716,
277,
295,
715,
104,
260,
439,
699,
647,
602,
217,
457,
254,
84,
122,
932,
227,
951,
299,
877,
887,
488,
116,
506,
700,
461,
856,
866,
865,
499,
87,
907,
646,
951,
591,
622,
77,
612,
301,
383,
381,
474,
80,
342,
270,
361,
264,
505,
78,
512,
352,
281,
528,
258,
109,
339,
326,
92,
493,
366,
491,
241,
259,
865,
464,
396,
638,
533,
288,
504,
505,
265,
83,
495,
440,
592,
501,
522,
494,
503,
318,
442,
446,
583,
467,
624,
564,
379,
75,
151,
364,
363,
260,
319,
358,
548,
912,
636,
527,
624,
928,
488,
155,
565,
469,
374,
587,
432,
379,
614,
153,
582,
513,
459,
548,
594,
581,
910,
266,
454,
476,
153,
621,
717,
566,
658,
469,
931,
594,
495,
565,
575,
644,
221,
543,
135,
334,
631,
452,
346,
451,
134,
329,
289,
412,
396,
696,
286,
531,
524,
321,
326,
585,
400,
258,
607,
359,
544,
410,
290,
441,
277,
558,
1054,
212,
624,
522,
953,
1039,
333,
343,
597,
673,
906,
129,
681,
324,
321,
1057,
598,
236,
310,
293,
944,
452,
268,
326,
674,
319,
78,
972,
369,
569,
730,
133,
726,
215,
929,
232,
1034,
714,
140,
937,
124,
246,
380,
302,
712,
329,
177,
71,
99,
217,
80,
198,
265,
394,
79,
361,
301,
385,
413,
412,
194,
321,
345,
474,
88,
470,
298,
397,
565,
357,
487,
338,
404,
97,
393,
87,
190,
82,
507,
564,
873,
547,
551,
601,
638,
542,
976,
380,
204,
568,
185,
905,
166,
482,
534,
638,
134,
522,
175,
370,
508,
550,
652,
426,
548,
459,
429,
563,
541,
903,
632,
908,
720,
875,
146,
560,
168,
620,
689,
369,
132,
392,
639,
597,
557,
324,
654,
626,
483,
973,
683,
391,
358,
615,
890,
99,
144,
482,
584,
380,
493,
487,
516,
171,
751,
888,
910,
697,
387,
889,
541,
620,
294,
932,
135,
144,
708,
175,
466,
149,
559,
497,
526,
661,
628,
249,
522,
173,
479,
442,
543,
274,
168,
551,
670,
568,
138,
451,
466,
606,
576,
461,
450,
435,
304,
488,
663,
580,
303,
349,
479,
383,
363,
727,
370,
134,
233,
381,
315,
224,
359,
544,
708,
568,
1102,
200,
877,
326,
1074,
529,
266,
532,
136,
1103,
312,
613,
234,
308,
995,
1087,
1036,
111,
200,
1006,
303,
98,
355,
288,
1007,
140,
103,
556,
724,
652,
244,
258,
176,
705,
256,
466,
685,
779,
722,
241,
239,
385,
94,
774,
265,
379,
423,
207,
228,
917,
352,
299,
621,
102,
611,
713,
272,
195,
525,
359,
457,
681,
523,
506,
216,
209,
490,
180,
216,
423,
223,
152,
169,
346,
493,
479,
155,
181,
524,
596,
368,
785,
669,
523,
586,
407,
322,
179,
201,
800,
327,
369,
160,
506,
189,
351,
588,
431,
389,
165,
163,
156,
486,
339,
797,
484,
745,
213,
660,
341,
334,
653,
520,
651,
705,
537,
272,
448,
522,
519,
635,
137,
558,
271,
621,
222,
1265,
158,
327,
596,
208,
587,
482,
636,
261,
213,
566,
682,
599,
258,
746,
193,
597,
208,
190,
558,
496,
741,
398,
171,
284,
288,
594,
554,
477,
389,
485,
643,
441,
604,
618,
316,
453,
360,
664,
322,
384,
459,
348,
338,
414,
156,
397,
585,
336,
513,
309,
626,
485,
778,
314,
328,
302,
307,
425,
390,
255,
598,
316,
724,
385,
433,
463,
1034,
751,
557,
435,
328,
934,
319,
89,
291,
1030,
234,
731,
420,
727,
233,
464,
191,
222,
660,
649,
182,
92,
489,
539,
184,
845,
91,
254,
249,
1272,
87,
236,
351,
511,
432,
148,
101,
515,
436,
567,
451,
150,
481,
260,
1212,
484,
309,
269,
480,
99,
595,
527,
238,
533,
483,
521,
371,
248,
68,
210,
510,
303,
481,
505,
372,
472,
148,
225,
379,
116,
598,
480,
596,
345,
370,
497,
549,
283,
807,
556,
477,
455,
600,
133,
589,
285,
159,
662,
407,
454,
374,
734,
685,
759,
514,
895,
492,
385,
315,
800,
520,
641,
532,
237,
499,
527,
688,
627,
816,
612,
382,
547,
553,
265,
834,
519,
605,
599,
628,
521,
240,
665,
855,
260,
169,
220,
171,
572,
777,
144,
286,
384,
155,
750,
829,
604,
625,
487,
635,
202,
539,
538,
813,
436,
155,
355,
494,
454,
787,
277,
602,
350,
524,
607,
530,
238,
606,
594,
498,
226,
408,
381,
552,
829,
380,
393,
717,
830,
477,
801,
1044,
283,
344,
547,
378,
104,
585,
874,
284,
662,
1045,
133,
235,
564,
581,
271,
791,
190,
1204,
225,
1230,
647,
609,
103,
1130,
225,
1012,
236,
1199,
1201,
76,
369,
1095,
147,
486,
114,
350,
1179,
683,
126,
108,
481,
103,
498,
231,
505,
657,
1128,
541,
517,
547,
345,
515,
762,
441,
256,
99,
572,
524,
103,
479,
491,
296,
251,
72,
537,
626,
381,
556,
537,
661,
104,
472,
306,
246,
603,
86,
68,
353,
197,
186,
396,
346,
417,
578,
511,
520,
59,
220,
286,
505,
55,
619,
183,
578,
197,
605,
368,
579,
263,
105,
375,
512,
878,
144,
214,
698,
275,
431,
423,
421,
362,
495,
686,
383,
594,
334,
512,
450,
667,
415,
596,
390,
409,
441,
178,
524,
518,
411,
596,
869,
592,
204,
708,
401,
531,
598,
203,
611,
332,
510,
525,
560,
609,
330,
424,
430,
522,
140,
192,
752,
616,
842,
322,
553,
188,
513,
507,
699,
413,
321,
826,
481,
298,
372,
464,
617,
316,
362,
604,
199,
519,
173,
525,
502,
688,
444,
431,
756,
439,
132,
730,
428,
532,
704,
773,
755,
107,
730,
1181,
299,
268,
1255,
528,
666,
562,
629,
1159,
431,
342,
338,
727,
466,
494,
322,
766,
116,
1078,
390,
386,
751,
419,
495,
654,
332,
225,
106,
228,
148,
1196,
346,
1145,
755,
116,
206,
1377,
388,
114,
309,
100,
1178,
120,
701,
327,
340,
98,
969,
388,
385,
690,
101,
107,
97,
1381,
196,
964,
799,
963,
90,
418,
272,
96,
431,
370,
330,
279,
260,
318,
141,
82,
212,
412,
960,
73,
240,
71,
449,
217,
409,
588,
504,
406,
419,
450,
412,
597,
652,
525,
410,
287,
157,
817,
618,
167,
373,
492,
210,
614,
555,
341,
158,
600,
745,
124,
439,
274,
403,
144,
292,
348,
508,
552,
905,
442,
490,
586,
154,
314,
931,
504,
862,
381,
331,
935,
444,
745,
519,
560,
433,
530,
225,
413,
502,
522,
490,
160,
283,
173,
598,
465,
646,
724,
324,
500,
426,
599,
431,
154,
756,
275,
598,
651,
317,
478,
791,
496,
1133,
549,
170,
161,
270,
101,
143,
333,
409,
195,
1079,
642,
189,
904,
843,
474,
591,
518,
496,
251,
1073,
498,
841,
563,
259,
863,
306,
1066,
360,
221,
217,
1049,
284,
392,
1290,
299,
948,
630,
587,
189,
161,
332,
612,
451,
431,
886,
1319,
281,
631,
807,
479,
1311,
454,
1187,
725,
486,
219,
1254,
343,
725,
408,
511,
307,
186,
138,
655,
685,
127,
153,
267,
78,
201,
651,
143,
650,
467,
956,
1143,
478,
126,
123,
255,
175,
939,
384,
203,
312,
378,
242,
255,
595,
90,
287,
95,
627,
61,
906,
309,
377,
86,
628,
689,
660,
590,
83,
338,
577,
248,
288,
210,
652,
124,
62,
520,
141,
219,
580,
194,
632,
603,
58,
252,
575,
45,
208,
436,
566,
192,
149,
360,
390,
574,
38,
338,
243,
336,
584,
460,
484,
304,
76,
290,
604,
419,
345,
331,
327,
510,
458,
583,
247,
271,
395,
493,
810,
281,
512,
271,
392,
239,
510,
560,
369,
44,
212,
189,
681,
414,
366,
426,
909,
505,
292,
511,
652,
159,
376,
362,
178,
356,
235,
187,
324,
509,
171,
533,
494,
529,
307,
263,
378,
277,
501,
321,
352,
140,
386,
510,
1016,
326,
1013,
931,
914,
184,
494,
487,
391,
177,
910,
630,
175,
366,
939,
165,
891,
351,
334,
464,
602,
163,
248,
969,
166,
327,
565,
383,
153,
201,
318,
564,
434,
391,
478,
912,
298,
547,
281,
313,
1206,
1517,
357,
1226,
387,
258,
295,
708,
106,
153,
676,
533,
780,
856,
491,
320,
319,
516,
492,
81,
1507,
515,
223,
195,
1388,
135,
758,
649,
574,
134,
221,
126,
632,
118,
1280,
962,
100,
101,
131,
637,
631,
117,
108,
476,
1176,
384,
556,
93,
612,
115,
1377,
256,
621,
306,
82,
106,
598,
93,
315,
935,
73,
67,
929,
901,
163,
831,
284,
280,
45,
89,
426,
269,
272,
265,
957,
642,
362,
619,
630,
618,
634,
118,
597,
164,
439,
235,
434,
212,
183,
439,
208,
605,
427,
466,
141,
290,
83,
226,
208,
447,
172,
507,
265,
513,
311,
323,
498,
583,
747,
976,
628,
203,
343,
538,
493,
438,
733,
158,
361,
1217,
291,
159,
492,
299,
962,
171,
636,
259,
273,
1703,
296,
718,
1144,
422,
409,
820,
974,
183,
505,
497,
354,
425,
266,
319,
207,
178,
537,
284,
319,
142,
200,
560,
246,
374,
450,
801,
1140,
316,
388,
844,
546,
247,
1076,
863,
437,
451,
663,
528,
278,
402,
517,
326,
494,
307,
975,
391,
307,
1237,
406,
393,
390,
553,
245,
264,
985,
389,
589,
864,
849,
1240,
82,
541,
1251,
1085,
1067,
463,
289,
572,
1197,
970,
371,
564,
206,
558,
764,
1192,
872,
856,
1417,
267,
1482,
128,
730,
1314,
687,
111,
145,
653,
99,
873,
135,
381,
635,
837,
395,
282,
118,
73,
71,
352,
637,
102,
1262,
905,
885,
1417,
188,
118,
253,
657,
66,
114,
889,
239,
886,
365,
192,
41,
402,
471,
402,
241,
320,
507,
863,
506,
246,
500,
492,
504,
483,
870,
123,
917,
345,
253,
940,
1003,
291,
815,
81,
245,
260,
344,
159,
1018,
311,
521,
422,
95,
764,
521,
412,
290,
1090,
278,
1192,
547,
618,
627,
757,
1174,
1196,
723,
963,
421,
1201,
773,
406,
1167,
734,
635,
720,
971,
857,
352,
771,
398,
509,
527,
503,
515,
974,
1087,
745,
790,
940,
511,
1140,
444,
986,
736,
930,
361,
262,
392,
538,
508,
931,
873,
391,
769,
531,
338,
1066,
867,
516,
523,
399,
399,
375,
293,
265,
316,
362,
536,
927,
289,
370,
231,
382,
1038,
1016,
895,
390,
290,
418,
244,
666,
815,
329,
434,
842,
955,
538,
591,
341,
921,
42,
902,
431,
323,
571,
192,
641,
869,
214,
228,
472,
281,
192,
555,
1204,
1069,
839,
371,
212,
1815,
463,
663,
1198,
811,
1082,
378,
557,
1189,
212,
250,
84,
678,
1184,
1456,
250,
1172,
1440,
92,
140,
1171,
94,
393,
391,
678,
1280,
128,
639,
678,
586,
1117,
316,
98,
1018,
249,
308,
76,
955,
452,
96,
817,
920,
1381,
1377,
1461,
81,
147,
935,
713,
45,
879,
398,
336,
868,
43,
1152,
1011,
933,
342,
941,
585,
1072,
1196,
329,
43,
583,
1001,
796,
915,
316,
431,
871,
1175,
292,
416,
399,
415,
343,
180,
440,
1164,
1092,
418,
430,
425,
391,
417,
1079,
381,
276,
419,
1121,
358,
296,
954,
317,
205,
1038,
950,
827,
396,
1012,
423,
382,
392,
1134,
39,
1256,
1004,
193,
382,
841,
1240,
595,
938,
382,
1018,
594,
523,
382,
587,
608,
378,
1353,
1008,
646,
634,
998,
519,
373,
1068,
955,
1089,
823,
786,
519,
381,
369,
399,
1027,
326,
624,
433,
385,
1078,
1301,
1015,
1073,
420,
296,
376,
1072,
576,
394,
620,
373,
1076,
317,
291,
262,
432,
285,
196,
726,
431,
584,
451,
559,
1113,
708,
1024,
259,
584,
311,
724,
305,
589,
769,
553,
468,
1326,
488,
274,
1530,
214,
694,
134,
1016,
1280,
317,
1185,
731,
1222,
93,
259,
1221,
415,
691,
1267,
329,
1204,
940,
68,
254,
1187,
1391,
935,
519,
1056,
915,
260,
1104,
916,
867,
76,
865,
268,
424,
657,
247,
420,
489,
313,
275,
350,
232,
347,
41,
403,
363,
497,
488,
39,
504,
343,
332,
238,
330,
1244,
418,
1090,
453,
336,
139,
1042,
335,
1156,
344,
418,
137,
415,
381,
132,
347,
115,
477,
362,
372,
521,
567,
416,
266,
351,
266,
193,
394,
279,
1315,
309,
358,
499,
180,
344,
334,
285,
90,
477,
227,
407,
637,
221,
502,
306,
1143,
833,
839,
223,
381,
435,
1053,
515,
415,
670,
1125,
291,
169,
869,
1136,
710,
406,
307,
772,
972,
263,
507,
424,
399,
373,
982,
598,
294,
791,
43,
513,
330,
1273,
600,
418,
262,
309,
204,
188,
326,
485,
324,
386,
305,
197,
529,
523,
531,
367,
307,
931,
1122,
1091,
669,
288,
382,
239,
701,
39,
1191,
437,
1106,
369,
298,
402,
491,
441,
205,
744,
440,
362,
702,
535,
389,
389,
486,
699,
282,
904,
364,
310,
1256,
398,
273,
302,
248,
274,
1114,
1618,
1446,
658,
277,
619,
759,
569,
97,
1507,
770,
513,
381,
1605,
125,
509,
655,
283,
560,
584,
1086,
476,
107,
533,
329,
42,
66,
407,
556,
242,
266,
84,
1397,
191,
110,
200,
409,
86,
92,
927,
1148,
1390,
78,
41,
206,
218,
447,
390,
504,
401,
296,
266,
300,
259,
1138,
410,
131,
265,
416,
460,
243,
420,
408,
402,
419,
96,
444,
997,
1066,
417,
395,
1202,
266,
95,
97,
230,
441,
709,
415,
1187,
580,
504,
201,
459,
111,
184,
491,
303,
153,
391,
338,
344,
1099,
337,
1398,
208,
421,
859,
355,
680,
517,
199,
1452,
868,
522,
676,
43,
197,
174,
541,
396,
458,
517,
173,
736,
436,
1192,
233,
561,
653,
493,
721,
517,
860,
505,
1127,
589,
593,
467,
199,
981,
260,
345,
1155,
420,
512,
232,
335,
136,
776,
588,
202,
582,
164,
380,
459,
687,
709,
976,
538,
656,
267,
893,
328,
363,
752,
807,
387,
220,
345,
315,
616,
362,
306,
1129,
623,
610,
392,
464,
1239,
1242,
364,
1577,
350,
399,
410,
1180,
610,
366,
113,
599,
1344,
231,
1497,
313,
143,
96,
312,
1177,
73,
965,
558,
887,
614,
717,
1453,
1705,
178,
1495,
731,
546,
1010,
545,
687,
421,
1191,
534,
732,
344,
977,
690,
425,
1192,
426,
77,
328,
279,
76,
131,
337,
130,
99,
398,
196,
415,
378,
442,
384,
478,
81,
1226,
286,
413,
408,
413,
495,
1383,
86,
1549,
276,
1110,
293,
498,
277,
787,
300,
383,
1254,
831,
295,
805,
721,
1097,
493,
490,
410,
368,
1177,
361,
620,
493,
393,
504,
455,
487,
498,
389,
570,
357,
493,
487,
1207,
868,
970,
502,
476,
2089,
1174,
331,
286,
1184,
249,
334,
523,
450,
67,
527,
905,
358,
60,
512,
586,
545,
970,
711,
413,
1201,
280,
1189,
655,
290,
810,
697,
506,
855,
231,
434,
661,
706,
917,
1226,
307,
563,
449,
339,
803,
1140,
842,
647,
1208,
317,
199,
641,
343,
270,
606,
333,
582,
761,
1297,
197,
349,
894,
172,
543,
640,
1266,
494,
181,
831,
442,
430,
1265,
226,
450,
309,
285,
1242,
395,
807,
621,
117,
1823,
126,
1807,
426,
1266,
151,
935,
1228,
110,
445,
1815,
744,
104,
1617,
472,
104,
135,
420,
715,
102,
448,
91,
92,
1208,
397,
1519,
256,
893,
73,
106,
71,
375,
87,
1207,
323,
723,
72,
358,
363,
368,
70,
680,
704,
65,
392,
462,
63,
56,
586,
418,
55,
463,
429,
437,
246,
380,
409,
367,
389,
488,
444,
56,
423,
745,
139,
55,
267,
444,
93,
241,
161,
263,
89,
219,
788,
271,
1139,
242,
349,
364,
421,
789,
133,
42,
539,
534,
545,
404,
779,
1016,
715,
1022,
359,
137,
186,
308,
483,
973,
995,
578,
387,
207,
651,
559,
863,
497,
520,
349,
525,
1217,
720,
381,
615,
274,
241,
825,
618,
526,
498,
550,
801,
518,
176,
908,
571,
846,
541,
545,
161,
584,
680,
994,
1026,
230,
994,
705,
700,
403,
259,
582,
347,
466,
471,
677,
231,
715,
324,
914,
543,
1050,
213,
678,
799,
427,
903,
816,
403,
480,
578,
278,
638,
399,
658,
433,
267,
832,
808,
812,
1376,
212,
641,
279,
982,
590,
737,
640,
740,
304,
109,
402,
636,
729,
295,
543,
635,
632,
429,
1604,
335,
118,
1170,
425,
266,
632,
406,
247,
1282,
1529,
126,
1080,
75,
1596,
652,
325,
819,
111,
321,
87,
1525,
246,
331,
108,
83,
1604,
575,
82,
731,
73,
2186,
705,
1362,
421,
511,
1227,
313,
419,
320,
1383,
416,
510,
580,
859,
136,
722,
329,
779,
529,
570,
308,
106,
1198,
119,
574,
508,
1226,
286,
1386,
99,
284,
1210,
392,
185,
591,
191,
355,
504,
276,
573,
886,
531,
167,
463,
548,
507,
281,
591,
275,
157,
121,
458,
506,
522,
172,
35,
257,
481,
521,
447,
191,
577,
519,
1440,
503,
463,
371,
572,
546,
181,
181,
862,
171,
484,
1116,
596,
179,
318,
459,
534,
473,
469,
463,
513,
511,
420,
428,
583,
208,
43,
533,
439,
161,
528,
469,
329,
630,
273,
378,
933,
284,
153,
329,
208,
216,
673,
152,
362,
596,
340,
382,
665,
229,
397,
349,
443,
631,
896,
553,
447,
444,
424,
682,
370,
265,
502,
387,
266,
928,
401,
251,
367,
633,
748,
381,
565,
440,
393,
1589,
372,
610,
619,
525,
303,
594,
272,
1932,
948,
641,
1935,
1962,
98,
1714,
134,
138,
133,
1295,
513,
194,
661,
55,
1952,
1470,
129,
88,
900,
239,
349,
278,
62,
295,
52,
47,
227,
1889,
61,
700,
212,
305,
461,
78,
593,
520,
584,
431,
521,
146,
565,
518,
307,
516,
581,
339,
702,
130,
1249,
141,
893,
450,
467,
88,
145,
901,
412,
339,
435,
131,
286,
286,
477,
445,
508,
292,
454,
382,
589,
438,
108,
1732,
519,
1552,
1107,
906,
394,
1683,
1296,
306,
1590,
322,
196,
373,
419,
192,
359,
550,
503,
182,
433,
672,
453,
1818,
686,
267,
333,
409,
450,
448,
536,
570,
932,
442,
477,
514,
517,
1014,
532,
326,
774,
589,
973,
298,
353,
533,
1215,
941,
422,
586,
767,
428,
506,
363,
543,
342,
1658,
696,
525,
533,
1740,
672,
390,
988,
1844,
292,
1022,
975,
1876,
1726,
951,
908,
659,
603,
619,
1035,
644,
909,
612,
774,
557,
692,
1715,
458,
291,
437,
440,
676,
638,
945,
325,
991,
94,
136,
637,
123,
460,
1368,
548,
298,
365,
697,
100,
93,
403,
230,
1216,
1801,
1079,
1974,
612,
93,
76,
252,
611,
1501,
210,
951,
81,
404,
457,
235,
68,
470,
75,
951,
553,
387,
1708,
951,
598,
588,
286,
1696,
596,
580,
575,
562,
514,
948,
970,
513,
511,
340,
570,
589,
98,
231,
1385,
1406,
584,
627,
507,
320,
316,
1349,
704,
506,
79,
410,
161,
968,
302,
511,
514,
1442,
1340,
504,
72,
327,
292,
502,
426,
274,
432,
501,
986,
40,
1312,
511,
439,
955,
1896,
1377,
1007,
1412,
1305,
157,
551,
504,
512,
868,
156,
312,
461,
357,
323,
297,
428,
487,
319,
434,
1895,
430,
228,
830,
486,
993,
447,
200,
1000,
426,
372,
478,
260,
287,
440,
1087,
1706,
384,
324,
1007,
413,
167,
263,
465,
373,
1763,
517,
306,
283,
782,
449,
947,
910,
1416,
222,
1028,
1773,
200,
433,
182,
1093,
253,
272,
602,
257,
224,
1029,
494,
703,
1092,
388,
1028,
315,
270,
40,
1912,
570,
425,
571,
704,
958,
370,
135,
393,
399,
649,
748,
529,
635,
287,
130,
137,
136,
369,
609,
313,
1742,
604,
104,
558,
1299,
110,
346,
1821,
172,
591,
1115,
98,
1525,
81,
107,
245,
1723,
48,
67,
107,
548,
90,
701,
84,
589,
495,
490,
322,
50,
489,
84,
44,
386,
1142,
56,
425,
45,
245,
403,
492,
982,
418,
88,
416,
164,
62,
423,
78,
498,
229,
996,
415,
237,
414,
392,
78,
406,
497,
413,
490,
485,
351,
349,
496,
137,
985,
154,
318,
394,
287,
41,
484,
418,
351,
349,
247,
77,
710,
475,
153,
414,
417,
389,
150,
164,
295,
385,
549,
348,
1057,
343,
456,
416,
425,
667,
339,
1065,
368,
425,
997,
387,
989,
402,
995,
213,
142,
305,
256,
988,
2486,
1054,
585,
113,
625,
1019,
1014,
241,
275,
430,
119,
1000,
110,
1014,
101,
418,
251,
93,
603,
827,
190,
586,
193,
838,
46,
393,
372,
909,
513,
509,
416,
752,
329,
910,
418,
989,
413,
376,
925,
436,
304,
708,
1023,
1083,
316,
2170,
189,
81,
645,
194,
65,
419,
2181,
184,
851,
937,
244,
1011,
919,
722,
231,
133,
383,
132,
120,
1183,
1917,
108,
683,
120,
126,
65,
1191,
1041,
73,
60,
331,
222,
660,
72,
67,
53,
47,
117,
43,
325,
40,
762,
455,
78,
162,
420,
408,
334,
371,
525,
472,
957,
477,
468,
453,
432,
419,
572,
42,
394,
403,
937,
459,
1041,
133,
143,
131,
132,
355,
170,
124,
1430,
95,
373,
101,
420,
875,
81,
41,
706,
417,
1086,
881,
579,
347,
354,
212,
640,
201,
1425,
647,
340,
917,
568,
318,
878,
601,
820,
1057,
451,
308,
1009,
813,
732,
1025,
884,
1058,
1111,
900,
782,
761,
292,
1110,
1052,
1095,
810,
757,
898,
438,
430,
534,
345,
810,
607,
1091,
516,
473,
443,
569,
260,
603,
595,
823,
472,
887,
603,
382,
258,
822,
746,
730,
407,
396,
1050,
1143,
449,
1088,
439,
1099,
69,
605,
1086,
544,
684,
564,
1709,
58,
1542,
233,
423,
86,
377,
272,
850,
553,
221,
268,
1055,
356,
1650,
994,
1357,
104,
63,
56,
100,
97,
735,
49,
1122,
97,
325,
99,
44,
98,
152,
90,
97,
58,
352,
473,
352,
1672,
1029,
545,
75,
53,
111,
381,
1227,
52,
45,
588,
249,
487,
461,
76,
394,
244,
239,
382,
627,
421,
627,
408,
649,
577,
437,
646,
414,
646,
627,
452,
564,
1573,
417,
329,
498,
269,
235,
251,
1940,
425,
547,
172,
415,
475,
44,
1217,
413,
350,
40,
318,
346,
316,
281,
422,
458,
1543,
553,
347,
43,
651,
45,
267,
1157,
900,
399,
169,
43,
900,
357,
304,
259,
366,
246,
874,
278,
888,
730,
626,
566,
44,
994,
986,
42,
508,
279,
511,
257,
263,
903,
613,
887,
1003,
564,
995,
516,
436,
587,
511,
952,
641,
904,
1097,
528,
463,
749,
909,
897,
466,
1601,
506,
47,
915,
41,
298,
1593,
924,
40,
896,
270,
1079,
742,
254,
226,
37,
1109,
640,
926,
40,
832,
568,
735,
38,
305,
669,
279,
774,
632,
1071,
284,
292,
40,
1015,
115,
656,
587,
221,
555,
270,
276,
111,
492,
71,
46,
88,
84,
1218,
86,
47,
145,
77,
1561,
43,
1218,
384,
396,
275,
44,
550,
1580,
45,
479,
1884,
76,
43,
423,
1540,
364,
361,
48,
503,
476,
590,
345,
73,
481,
342,
473,
636,
329,
436,
73,
286,
285,
503,
413,
1565,
46,
496,
488,
586,
488,
563,
365,
79,
1676,
418,
42,
384,
436,
441,
981,
1934,
343,
372,
722,
352,
455,
636,
269,
963,
487,
283,
1580,
439,
763,
489,
43,
778,
288,
644,
907,
415,
462,
363,
310,
1323,
1133,
258,
564,
1946,
1582,
239,
324,
583,
320,
1119,
441,
260,
576,
267,
249,
601,
326,
520,
966,
46,
246,
555,
597,
424,
552,
683,
254,
328,
536,
1017,
338,
535,
276,
737,
405,
331,
536,
689,
748,
693,
466,
636,
928,
558,
688,
251,
687,
311,
50,
302,
683,
43,
502,
395,
115,
133,
873,
235,
100,
483,
326,
242,
156,
45,
48,
42,
156,
549,
482,
81,
587,
320,
500,
553,
467,
496,
474,
703,
376,
427,
384,
42,
494,
504,
499,
520,
435,
379,
386,
398,
146,
41,
108,
770,
487,
341,
537,
301,
108,
289,
313,
110,
151,
289,
364,
37,
283,
854,
454,
445,
351,
1026,
346,
1002,
444,
328,
314,
501,
985,
355,
2059,
579,
249,
1010,
380,
276,
380,
374,
886,
983,
561,
261,
366,
258,
373,
505,
257,
333,
545,
42,
531,
492,
492,
466,
2170,
320,
515,
653,
265,
731,
477,
519,
429,
340,
437,
433,
401,
42,
307,
431,
492,
422,
40,
365,
369,
225,
754,
547,
384,
453,
352,
448,
310,
381,
459,
510,
772,
509,
44,
414,
43,
253,
503,
437,
525,
484,
270,
460,
486,
455,
102,
560,
218,
303,
192,
754,
914,
108,
342,
315,
93,
107,
98,
155,
82,
314,
335,
98,
61,
81,
45,
2349,
1833,
1828,
64,
78,
54,
312,
837,
52,
349,
323,
367,
45,
506,
330,
393,
324,
44,
505,
503,
378,
431,
535,
502,
2828,
497,
424,
579,
411,
39,
286,
480,
111,
174,
303,
502,
76,
102,
432,
2407,
98,
564,
346,
495,
306,
518,
109,
676,
2279,
2237,
409,
178,
1805,
1693,
266,
498,
475,
1851,
801,
446,
115,
539,
297,
780,
445,
2509,
297,
631,
798,
439,
788,
429,
43,
1319,
457,
714,
245,
413,
372,
2145,
315,
489,
45,
2056,
368,
312,
332,
44,
349,
414,
174,
614,
400,
655,
562,
1986,
529,
811,
520,
424,
550,
1532,
480,
377,
316,
386,
553,
387,
544,
459,
514,
1900,
355,
385,
450,
403,
373,
441,
622,
316,
2170,
1694,
449,
267,
432,
409,
660,
210,
362,
47,
953,
562,
2336,
42,
2272,
364,
581,
282,
464,
337,
557,
508,
45,
325,
133,
140,
454,
92,
64,
310,
133,
225,
91,
44,
130,
962,
960,
1884,
955,
950,
399,
359,
41,
378,
78,
1790,
438,
396,
403,
2112,
1770,
316,
434,
500,
503,
2123,
694,
480,
508,
857,
631,
2162,
2168,
429,
432,
94,
706,
101,
505,
422,
333,
327,
336,
79,
542,
324,
44,
1505,
2114,
77,
1267,
761,
82,
47,
328,
1003,
1860,
280,
318,
369,
434,
344,
427,
312,
187,
545,
538,
356,
489,
1867,
168,
420,
549,
517,
421,
107,
425,
253,
446,
448,
250,
514,
339,
241,
524,
592,
520,
375,
460,
318,
316,
1853,
626,
1586,
379,
299,
400,
42,
522,
1089,
379,
42,
443,
1890,
455,
235,
422,
409,
1029,
505,
1535,
238,
513,
627,
626,
283,
431,
404,
234,
1528,
43,
266,
1523,
941,
632,
67,
936,
498,
42,
584,
448,
522,
934,
467,
926,
451,
918,
858,
95,
569,
924,
831,
829,
647,
39,
319,
223,
755,
719,
391,
494,
547,
1224,
129,
319,
126,
40,
330,
104,
119,
43,
398,
389,
581,
75,
49,
36,
52,
444,
375,
44,
2234,
77,
513,
365,
521,
362,
2226,
365,
496,
391,
108,
419,
2185,
585,
481,
332,
1969,
432,
5,
330,
43,
8,
437,
1408,
489,
530,
564,
341,
470,
431,
13,
697,
445,
282,
615,
438,
422,
622,
18,
484,
336,
628,
249,
278,
288,
618,
436,
25,
167,
508,
695,
2327,
690,
601,
502,
610,
542,
512,
320,
532,
448,
338,
471,
387,
578,
334,
325,
543,
393,
303,
510,
466,
701,
436,
399,
632,
118,
444,
458,
43,
375,
1743,
304,
362,
360,
457,
357,
346,
501,
450,
383,
606,
435,
432,
320,
481,
522,
427,
411,
437,
415,
592,
263,
209,
2310,
451,
393,
473,
727,
656,
342,
1606,
264,
41,
41,
597,
369,
584,
345,
465,
763,
214,
43,
397,
700,
2361,
122,
469,
74,
45,
45,
2225,
331,
1079,
757,
99,
344,
84,
40,
102,
460,
22,
2335,
26,
2254,
41,
32,
504,
587,
432,
39,
487,
33,
428,
427,
407,
575,
611,
598,
1893,
50,
423,
48,
137,
436,
504,
557,
490,
41,
301,
689,
1769,
683,
541,
137,
502,
50,
113,
431,
1528,
497,
492,
479,
48,
496,
138,
515,
33,
87,
445,
38,
88,
2515,
1867,
37,
431,
402,
41,
426,
500,
440,
496,
539,
420,
293,
514,
431,
306,
362,
527,
514,
317,
41,
403,
703,
647,
710,
289,
283,
456,
103,
408,
647,
46,
544,
374,
315,
444,
1701,
363,
642,
741,
657,
717,
539,
551,
348,
518,
2583,
594,
317,
306,
345,
344,
592,
457,
513,
417,
358,
302,
1113,
371,
458,
760,
506,
1785,
473,
564,
642,
338,
428,
1087,
357,
349,
545,
379,
382,
560,
406,
1084,
449,
679,
215,
2275,
2151,
214,
450,
399,
1562,
523,
386,
650,
114,
44,
98,
219,
96,
2063,
134,
582,
578,
69,
1494,
1741,
1779,
50,
658,
46,
464,
2057,
55,
220,
558,
334,
402,
555,
76,
43,
171,
497,
483,
50,
77,
444,
1833,
381,
426,
41,
431,
308,
426,
282,
290,
288,
302,
1248,
310,
510,
505,
568,
43,
292,
438,
688,
114,
481,
41,
38,
2679,
288,
510,
408,
449,
277,
248,
392,
2084,
363,
1114,
702,
696,
340,
710,
399,
432,
507,
721,
420,
379,
551,
317,
341,
395,
644,
366,
551,
607,
651,
400,
659,
320,
303,
434,
475,
362,
294,
266,
446,
652,
1170,
292,
365,
396,
535,
1150,
554,
291,
510,
333,
290,
549,
229,
1294,
312,
342,
370,
489,
491,
692,
409,
215,
483,
307,
454,
312,
427,
207,
36,
296,
453,
515,
118,
264,
452,
2168,
1663,
129,
325,
327,
108,
104,
654,
91,
40,
389,
2175,
82,
74,
330,
63,
318,
393,
81,
52,
50,
501,
466,
499,
243,
387,
684,
396,
512,
700,
108,
498,
42,
327,
527,
674,
429,
433,
82,
437,
137,
505,
495,
306,
41,
295,
269,
579,
399,
478,
80,
637,
307,
157,
245,
309,
411,
46,
40,
438,
524,
1204,
38,
376,
45,
372,
43,
425,
282,
517,
579,
457,
437,
706,
616,
1285,
776,
297,
538,
455,
366,
418,
577,
399,
611,
723,
531,
801,
41,
596,
299,
445,
537,
439,
306,
411,
255,
462,
469,
326,
630,
40,
296,
641,
421,
283,
455,
400,
551,
45,
509,
354,
461,
431,
380,
446,
188,
357,
440,
370,
500,
730,
555,
567,
375,
732,
467,
528,
446,
350,
374,
540,
96,
494,
90,
42,
465,
87,
1277,
666,
80,
105,
44,
77,
97,
604,
348,
676,
90,
53,
559,
353,
46,
432,
37,
429,
504,
479,
597,
43,
306,
474,
561,
486,
433,
336,
431,
278,
297,
275,
268,
431,
273,
2643,
295,
47,
280,
659,
425,
531,
292,
415,
402,
484,
323,
497,
414,
697,
418,
1586,
41,
280,
360,
263,
450,
524,
292,
324,
600,
617,
2893,
250,
307,
412,
304,
291,
44,
537,
521,
522,
527,
46,
360,
526,
638,
353,
347,
714,
305,
497,
357,
597,
601,
464,
497,
358,
434,
747,
506,
416,
705,
557,
2476,
403,
379,
329,
544,
304,
399,
386,
441,
43,
531,
1463,
448,
641,
310,
317,
394,
857,
420,
86,
39,
443,
452,
41,
495,
410,
2255,
465,
393,
37,
422,
407,
2344,
2898,
338,
1256,
92,
1256,
221,
1258,
126,
457,
108,
397,
93,
47,
106,
43,
45,
418,
250,
77,
1069,
1117,
396,
2018,
557,
1496,
49,
427,
45,
415,
344,
301,
39,
423,
319,
2056,
2622,
489,
2243,
503,
300,
297,
228,
85,
253,
99,
239,
341,
2825,
501,
418,
788,
394,
425,
404,
1443,
73,
417,
2366,
318,
410,
301,
242,
48,
1793,
420,
263,
377,
43,
416,
2415,
697,
844,
42,
359,
499,
440,
439,
2363,
2451,
261,
282,
363,
513,
598,
254,
398,
419,
521,
692,
414,
526,
500,
350,
290,
225,
310,
394,
307,
362,
350,
478,
669,
224,
461,
461,
614,
267,
2128,
600,
432,
254,
382,
41,
541,
187,
447,
426,
369,
46,
269,
527,
40,
379,
437,
366,
463,
551,
222,
467,
550,
1179,
1188,
363,
413,
486,
894,
42,
650,
456,
279,
518,
43,
517,
2366,
1416,
369,
41,
321,
955,
116,
127,
113,
2083,
48,
94,
99,
82,
1460,
57,
83,
626,
41,
305,
350,
375,
53,
51,
2743,
424,
352,
46,
77,
3533,
420,
2453,
491,
70,
83,
513,
431,
2441,
2124,
602,
408,
792,
286,
268,
2263,
317,
806,
2469,
305,
74,
268,
282,
266,
50,
83,
2424,
2867,
421,
511,
352,
2494,
541,
251,
499,
525,
288,
291,
524,
596,
533,
45,
284,
415,
44,
688,
274,
676,
399,
354,
330,
467,
709,
335,
534,
526,
288,
612,
2374,
332,
420,
434,
346,
310,
535,
425,
483,
647,
537,
493,
360,
321,
319,
426,
371,
941,
2605,
460,
442,
447,
245,
397,
548,
539,
478,
515,
313,
401,
281,
321,
428,
305,
465,
514,
427,
294,
245,
390,
470,
291,
481,
122,
558,
521,
2026,
101,
85,
991,
441,
85,
100,
972,
116,
542,
86,
2114,
479,
435,
94,
2112,
93,
91,
68,
75,
75,
66,
459,
408,
1597,
47,
46,
42,
502,
428,
644,
444,
592,
410,
104,
809,
428,
100,
877,
42,
335,
515,
315,
436,
455,
521,
280,
256,
510,
328,
337,
268,
471,
585,
410,
551,
463,
530,
354,
528,
463,
343,
337,
894,
370,
373,
356,
463,
606,
603,
725,
438,
308,
300,
908,
338,
460,
464,
551,
238,
583,
567,
598,
499,
539,
723,
397,
699,
453,
449,
634,
560,
400,
499,
389,
40,
1658,
474,
284,
80,
580,
662,
464,
337,
724,
130,
344,
130,
129,
1600,
99,
2677,
110,
47,
95,
87,
83,
73,
71,
55,
1879,
609,
520,
385,
570,
3171,
431,
292,
424,
582,
323,
420,
105,
960,
327,
431,
327,
355,
315,
347,
48,
704,
708,
510,
40,
342,
39,
534,
605,
2577,
311,
531,
517,
2866,
527,
333,
317,
546,
448,
291,
325,
308,
451,
44,
438,
48,
622,
330,
704,
437,
319,
45,
432,
632,
525,
268,
372,
42,
468,
1641,
245,
1636,
3335,
617,
2096,
248,
314,
270,
46,
237,
710,
254,
301,
1660,
657,
2536,
520,
563,
558,
635,
74,
496,
136,
119,
98,
43,
69,
132,
125,
42,
62,
55,
3039,
3027,
53,
2954,
3021,
118,
115,
40,
2290,
114,
2959,
2282,
2984,
432,
2311,
106,
110,
39,
88,
343,
2667,
41,
2506,
107,
344,
2610,
41,
288,
2485,
256,
2413,
359,
1763,
305,
297,
294,
370,
364,
339,
352,
525,
273,
288,
347,
622,
283,
226,
326,
551,
319,
301,
468,
617,
365,
41,
2913,
347,
39,
2016,
2107,
49,
625,
95,
1111,
410,
1028,
1020,
26,
115,
34,
92,
115,
86,
91,
2280,
88,
72,
38,
2882,
1020,
51,
46,
46,
2393,
590,
41,
42,
50,
36,
82,
103,
83,
87,
2075,
692,
84,
894,
3095,
31,
46,
30,
42,
1094,
40,
807,
3079,
830,
2543,
29,
1859,
1887,
777,
1897,
880,
541,
94,
1096,
1009,
3127,
3272,
99,
119,
1055,
434,
1017,
3400,
823,
96,
49,
874,
39,
2835,
105,
110,
2985,
55,
947,
3164,
1216,
2846,
3070,
1871,
517,
76,
2689,
577,
580,
578,
583,
1413,
79,
578,
1448,
579,
134,
117,
127,
598,
81,
594,
1945,
113,
1895,
3068,
2948,
76,
2939,
73,
92,
2129,
91,
100,
78,
32,
351,
4155,
3517,
2968,
1993,
333,
648,
324,
650,
4241,
86,
125,
325,
44,
1123,
2650,
2654,
711,
934,
694,
783,
851,
967,
99,
938,
944,
82,
79,
1138,
527,
941,
735,
625,
694,
801,
640,
715,
689,
699,
665,
3376,
76,
457,
1439,
800,
631,
325,
717,
700,
77,
757,
25,
486,
484,
3901,
484,
371,
88,
1195,
780,
362,
89,
381,
53,
1089,
982,
1003,
2211,
2224,
3418,
104,
320,
74,
301,
427,
615,
381,
379,
3646,
3496,
78,
350,
2160,
3349,
342,
3409,
3876,
3334,
3356,
3350,
2766,
3273,
3280,
3259,
3199,
304,
88,
2409,
73,
43,
526,
3214,
2631,
3729,
3728,
3189,
3728,
3714,
3234,
2349,
2366,
86,
84,
81,
104,
87,
79,
31,
1772,
654,
115,
38,
2294,
542,
1125,
935,
999,
990,
1230,
925,
92,
2927,
83,
1149,
840,
106,
1344,
73,
4527,
93,
1450,
1051,
986,
1067,
944,
942,
1150,
909,
1147,
3206,
3161,
2622,
76,
1789,
829,
932,
91,
1019,
595,
817,
589,
1190,
534,
519,
115,
89,
670,
1553,
1562,
589,
1502,
499,
589,
81,
71,
77,
760,
854,
514,
597,
515,
1052,
1144,
68,
77,
1123,
1135,
1062,
1054,
2473,
984,
1134,
1141,
1153,
511,
1061,
948,
1469,
1124,
507,
1046,
963,
1045,
604,
3924,
3839,
463,
939,
605,
1683,
18,
560,
551,
570,
1166,
489,
976,
1256,
2977,
4150,
1249,
1229,
1152,
1075,
1156,
924,
1055,
945,
3772,
1179,
2898,
1396,
2795,
983,
888,
963,
1253,
905,
947,
1418,
928,
1271,
1053,
1488,
997,
886,
2938,
1178,
966,
976,
1054,
1097,
1035,
950,
999,
1096,
1254,
1036,
1034,
991,
522,
73,
1188,
513,
1039,
412,
2134,
1201,
104,
413,
624,
951,
2220,
2210,
93,
584,
624,
830,
407,
621,
827,
825,
1009,
3665,
1055,
80,
405,
1055,
1130,
900,
914,
21,
78,
1131,
398,
69,
104,
89,
1127,
1130,
392,
21,
969,
1126,
72,
1011,
3324,
4335,
842,
922,
1020,
1063,
1246,
459,
1234,
1062,
1080,
1251,
1243,
1234,
1023,
3647,
1062,
954,
1082,
119,
1046,
1043,
3674,
113,
949,
2264,
976,
158,
1183,
1058,
108,
109,
3596,
1248,
2557,
1029,
1019,
1095,
1013,
2021,
2584,
979,
447,
2019,
2896,
824,
1028,
79,
78,
2462,
73,
2803,
95,
80,
3639,
1056,
3426,
102,
2844,
679,
139,
82,
1132,
1127,
958,
1123,
909,
961,
877,
871,
2868,
969,
660,
1600,
1045,
1490,
1608,
964,
1354,
949,
997,
1363,
892,
1242,
1114,
1070,
1146,
1021,
957,
1125,
1064,
938,
1252,
941,
1069,
1243,
1146,
954,
1182,
1090,
1011,
1262,
1094,
2548,
209,
1254,
2635,
2098,
1271,
853,
2549,
2098,
867,
954,
1017,
3253,
99,
90,
53,
81,
3261,
895,
1600,
993,
133,
756,
122,
746,
114,
1168,
1114,
736,
114,
112,
867,
703,
113,
726,
113,
1692,
3201,
1149,
108,
111,
1626,
702,
109,
694,
938,
94,
1584,
1499,
1074,
1583,
1151,
1581,
1481,
1102,
1655,
1065,
1325,
112,
1263,
110,
780,
874,
1036,
2050,
1306,
2438,
41,
1560,
1494,
2434,
1220,
989,
2427,
1141,
1051,
1321,
1495,
1645,
1231,
1588,
1654,
1650,
1645,
958,
1242,
1251,
986,
1641,
1466,
916,
1604,
1458,
1185,
1040,
1591,
1643,
1358,
1602,
1151,
343,
1701,
1477,
769,
934,
1103,
1691,
947,
1084,
1500,
910,
1553,
1104,
950,
1357,
1507,
1273,
1503,
1656,
1529,
951,
848,
901,
1515,
1523,
1613,
280,
838,
1027,
1484,
851,
1529,
262,
32,
1295,
3445,
918,
93,
113,
4496,
35,
1149,
1349,
407,
1704,
3124,
1111,
784,
93,
266,
4265,
3383,
92,
771,
3526,
86,
2472,
785,
246,
86,
3893,
579,
247,
1497,
3991,
1494,
246,
275,
361,
1451,
240,
274,
260,
1319,
271,
1327,
1306,
1420,
1314,
1304,
1219,
169,
110,
1263,
1231,
1319,
150,
1147,
1171,
1331,
1652,
1180,
1155,
350,
1213,
711,
1623,
1180,
1418,
960,
1589,
1001,
1417,
1528,
120,
1451,
119,
1166,
1259,
925,
863,
1085,
1025,
820,
1144,
1107,
1255,
1053,
755,
1048,
1256,
1263,
927,
1111,
1230,
1349,
1001,
1273,
1031,
1132,
955,
1554,
1345,
1236,
1344,
1119,
1587,
1343,
897,
1312,
1586,
1503,
2156,
1553,
954,
1488,
946,
921,
1531,
84,
981,
2072,
1348,
1059,
1342,
868,
1194,
916,
1528,
1526,
1017,
1524,
940,
1527,
1159,
564,
1526,
1490,
1356,
273,
3527,
1539,
1120,
911,
262,
572,
1435,
2094,
2399,
3765,
556,
2463,
118,
108,
1708,
131,
1435,
118,
3919,
230,
224,
171,
3579,
1554,
3107,
1512,
3775,
3646,
94,
1472,
3857,
1147,
1324,
432,
1491,
781,
4299,
1158,
1147,
1183,
1381,
120,
765,
1130,
1393,
1141,
648,
118,
1169,
1218,
1154,
1329,
2798,
463,
1314,
1311,
72,
1248,
962,
1591,
1253,
1578,
1161,
1121,
961,
3612,
1168,
1147,
1195,
1275,
991,
1128,
1303,
1027,
1210,
836,
1185,
839,
784,
1053,
1206,
960,
1242,
1415,
1094,
1234,
789,
2863,
806,
984,
1263,
1362,
989,
1680,
1326,
2351,
1684,
1587,
1180,
1612,
2165,
1362,
1473,
499,
1085,
1674,
1212,
1585,
963,
1673,
1075,
1250,
478,
1269,
3438,
838,
2800,
1366,
1162,
1506,
1495,
1438,
1447,
957,
1590,
816,
1098,
1173,
2836,
1898,
1181,
1529,
226,
1072,
1259,
167,
42,
1270,
1017,
2171,
1179,
800,
1154,
116,
131,
147,
156,
111,
104,
59,
161,
2892,
2019,
432,
157,
91,
136,
107,
157,
154,
91,
146,
1495,
138,
133,
1408,
66,
131,
134,
155,
1569,
115,
3869,
1547,
1217,
142,
150,
1193,
4139,
1187,
848,
1151,
1155,
456,
3620,
1189,
130,
134,
1638,
1153,
1019,
32,
1100,
1580,
1041,
1310,
117,
112,
78,
1162,
137,
1087,
1588,
1144,
523,
86,
2221,
103,
1129,
1972,
1279,
1914,
832,
1478,
1246,
1069,
1134,
1300,
1574,
1055,
1081,
859,
1068,
1246,
3399,
1067,
750,
1132,
1239,
1090,
3621,
1521,
1030,
1256,
922,
1140,
1101,
1264,
3128,
3560,
528,
3495,
545,
1108,
880,
936,
560,
1084,
511,
923,
1252,
1056,
1444,
506,
3650,
1434,
486,
1134,
4037,
3336,
1265,
1075,
2182,
1392,
3334,
1667,
1345,
3361,
1429,
1490,
935,
2644,
4195,
915,
1510,
873,
1429,
1463,
1361,
504,
1369,
3271,
1037,
1440,
1465,
133,
1472,
1361,
930,
1370,
469,
549,
516,
913,
104,
2060,
550,
3520,
1076,
132,
1082,
520,
137,
189,
124,
187,
135,
106,
1508,
138,
130,
118,
146,
108,
125,
123,
142,
146,
1526,
1464,
101,
136,
116,
1444,
133,
99,
3622,
102,
90,
811,
95,
1099,
90,
974,
1479,
909,
643,
1314,
1466,
606,
921,
100,
1479,
1545,
316,
1308,
639,
1140,
1225,
977,
1130,
118,
1124,
110,
1406,
1100,
148,
2716,
948,
3741,
1467,
603,
1237,
126,
727,
76,
1104,
1566,
614,
57,
2310,
977,
62,
731,
1653,
1606,
1153,
562,
936,
1408,
1192,
934,
1340,
730,
443,
988,
1445,
532,
1546,
1111,
285,
658,
1353,
1443,
1326,
1341,
956,
633,
1496,
1451,
311,
524,
467,
965,
321,
1669,
1521,
462,
659,
478,
645,
1582,
1335,
636,
1613,
453,
1593,
1472,
409,
957,
687,
1492,
583,
334,
863,
656,
625,
627,
639,
1038,
495,
1541,
624,
624,
663,
593,
1524,
659,
129,
1438,
1119,
573,
678,
517,
98,
1172,
126,
680,
678,
1364,
460,
4108,
421,
458,
300,
875,
225,
110,
4315,
1432,
90,
346,
86,
130,
152,
88,
148,
383,
119,
66,
149,
87,
121,
114,
1507,
86,
82,
107,
1517,
85,
1474,
1653,
911,
714,
999,
992,
1428,
718,
1398,
912,
862,
997,
455,
857,
105,
717,
114,
1335,
1563,
3600,
2333,
873,
1313,
1230,
1749,
78,
871,
1294,
1584,
1434,
77,
1425,
1280,
521,
651,
515,
66,
76,
65,
650,
1258,
740,
682,
1554,
1346,
1483,
652,
1463,
470,
713,
392,
1042,
706,
1416,
409,
1419,
540,
1602,
1598,
594,
712,
587,
1536,
1422,
1685,
668,
657,
677,
659,
657,
655,
1521,
472,
302,
1885,
77,
2284,
1881,
931,
1828,
653,
4581,
623,
1018,
1686,
1698,
3487,
642,
4582,
1545,
651,
267,
639,
86,
79,
95,
3614,
4674,
64,
90,
3908,
60,
1496,
134,
3165,
66,
125,
52,
65,
219,
100,
57,
1555,
2851,
1549,
52,
59,
77,
1483,
193,
45,
519,
202,
66,
193,
486,
46,
193,
468,
715,
1479,
714,
191,
458,
453,
435,
92,
3228,
1624,
712,
667,
449,
1486,
4000,
1473,
455,
711,
705,
446,
1668,
505,
1091,
544,
156,
789,
1424,
733,
541,
536,
788,
1393,
2401,
701,
783,
2342,
453,
482,
2171,
516,
2181,
5356,
3773,
3600,
490,
783,
470,
701,
5346,
5353,
541,
5344,
484,
695,
328,
471,
566,
829,
450,
1464,
321,
444,
480,
729,
716,
693,
631,
1604,
1438,
657,
337,
515,
1427,
1600,
1430,
410,
695,
1425,
292,
642,
406,
712,
3149,
634,
649,
1039,
706,
1902,
678,
516,
603,
628,
633,
1488,
642,
3145,
579,
676,
383,
372,
1694,
669,
393,
692,
900,
57,
561,
580,
429,
585,
1557,
3759,
743,
1466,
678,
517,
46,
442,
750,
62,
43,
735,
5555,
4442,
44,
3388,
48,
1434,
116,
4382,
379,
748,
3555,
45,
185,
110,
90,
43,
2586,
236,
233,
1538,
40,
3823,
26,
195,
3819,
1453,
194,
204,
41,
1398,
3808,
200,
1402,
34,
200,
215,
215,
2916,
463,
477,
189,
623,
636,
468,
619,
610,
541,
109,
632,
540,
571,
611,
3593,
3805,
176,
539,
108,
116,
534,
1174,
521,
606,
799,
185,
94,
498,
2958,
113,
109,
532,
781,
773,
16,
234,
100,
691,
745,
80,
650,
475,
686,
618,
585,
533,
474,
473,
44,
707,
1421,
1150,
449,
578,
481,
501,
507,
499,
503,
645,
482,
494,
554,
727,
634,
669,
782,
2916,
1200,
653,
410,
532,
537,
469,
1533,
618,
530,
723,
260,
736,
498,
46,
578,
402,
747,
610,
2738,
411,
336,
2934,
598,
590,
486,
675,
4475,
579,
635,
2453,
4856,
43,
589,
487,
605,
596,
422,
272,
651,
382,
4991,
595,
364,
2393,
4385,
3782,
42,
455,
505,
116,
98,
233,
96,
251,
119,
172,
161,
3479,
533,
160,
3494,
158,
1495,
624,
628,
159,
565,
159,
44,
654,
641,
4403,
690,
141,
553,
521,
4629,
551,
537,
550,
3689,
43,
424,
2485,
529,
87,
545,
2979,
527,
41,
607,
433,
462,
550,
305,
612,
90,
2429,
692,
510,
92,
433,
638,
650,
45,
40,
468,
529,
631,
511,
644,
467,
804,
405,
351,
532,
667,
631,
377,
559,
607,
464,
654,
250,
432,
1555,
430,
643,
598,
615,
612,
387,
705,
580,
631,
687,
535,
609,
1531,
500,
568,
544,
640,
328,
466,
944,
576,
550,
703,
518,
2522,
436,
1264,
742,
491,
500,
2078,
512,
337,
608,
810,
653,
715,
447,
492,
358,
325,
4931,
229,
654,
456,
497,
47,
808,
488,
2842,
2825,
749,
31,
466,
104,
1785,
486,
91,
40,
85,
399,
135,
1773,
169,
3794,
122,
4447,
155,
114,
612,
97,
1801,
723,
64,
1787,
137,
98,
461,
654,
125,
1782,
49,
1778,
73,
3915,
1776,
1774,
95,
118,
1772,
43,
142,
3998,
463,
763,
1771,
517,
76,
1769,
758,
687,
585,
1767,
73,
470,
1766,
439,
41,
2503,
507,
404,
1764,
653,
417,
3595,
781,
388,
777,
571,
497,
414,
660,
690,
74,
665,
554,
684,
46,
596,
450,
524,
82,
536,
616,
112,
638,
423,
372,
51,
585,
803,
709,
282,
657,
529,
402,
670,
519,
362,
439,
676,
2618,
592,
516,
643,
617,
2540,
624,
641,
600,
47,
676,
3381,
43,
679,
2607,
649,
661,
743,
497,
526,
668,
636,
492,
45,
616,
508,
327,
680,
370,
39,
597,
626,
469,
4072,
491,
84,
619,
4136,
4133,
914,
3795,
823,
660,
447,
2619,
457,
469,
44,
667,
97,
836,
3738,
156,
156,
27,
97,
89,
144,
3446,
48,
1888,
600,
632,
44,
128,
111,
470,
118,
4698,
75,
721,
46,
113,
662,
4077,
549,
485,
384,
447,
647,
679,
565,
4189,
754,
3460,
123,
659,
100,
2601,
41,
754,
458,
113,
4376,
678,
99,
2616,
619,
79,
4443,
303,
570,
386,
573,
333,
584,
480,
577,
788,
543,
623,
617,
497,
321,
394,
517,
679,
624,
390,
614,
621,
446,
623,
625,
354,
332,
570,
576,
701,
3551,
427,
41,
315,
3690,
731,
691,
487,
686,
639,
727,
304,
621,
606,
535,
581,
619,
674,
399,
3079,
42,
3719,
627,
674,
115,
500,
644,
432,
417,
74,
610,
895,
359,
527,
393,
668,
584,
677,
439,
715,
609,
486,
525,
487,
602,
610,
453,
430,
402,
2937,
622,
3798,
333,
640,
3504,
342,
525,
102,
715,
596,
630,
452,
169,
76,
136,
461,
178,
169,
160,
557,
3034,
46,
4973,
4677,
153,
157,
5337,
163,
146,
45,
145,
560,
78,
75,
301,
552,
137,
144,
301,
556,
44,
142,
425,
4237,
79,
150,
130,
780,
576,
551,
4686,
560,
139,
4027,
530,
538,
39,
117,
3075,
494,
144,
861,
140,
534,
97,
345,
540,
491,
2678,
468,
456,
98,
354,
497,
467,
73,
577,
3990,
89,
515,
725,
785,
588,
3777,
85,
694,
76,
312,
93,
48,
3631,
77,
73,
630,
696,
336,
895,
695,
3813,
709,
472,
3812,
520,
683,
3712,
327,
645,
43,
330,
378,
165,
402,
3697,
537,
646,
3674,
44,
435,
165,
3759,
2707,
2701,
2710,
622,
3742,
464,
166,
510,
2927,
903,
705,
3738,
4975,
390,
3628,
42,
325,
322,
634,
640,
3803,
321,
911,
3719,
3780,
718,
919,
5316,
605,
509,
310,
446,
604,
47,
557,
3720,
585,
2926,
568,
676,
479,
328,
416,
41,
2935,
659,
115,
1403,
521,
465,
79,
130,
4638,
81,
79,
205,
146,
141,
132,
146,
121,
88,
3740,
421,
120,
1845,
610,
555,
47,
84,
2070,
677,
548,
361,
75,
479,
657,
502,
439,
504,
457,
304,
40,
90,
533,
587,
139,
376,
1614,
769,
867,
688,
2431,
416,
619,
528,
39,
686,
540,
609,
2085,
381,
687,
613,
517,
316,
513,
418,
371,
438,
295,
648,
2764,
796,
968,
555,
533,
608,
511,
324,
410,
671,
682,
3773,
436,
45,
4215,
696,
2989,
706,
552,
2988,
4225,
755,
765,
590,
502,
3671,
3803,
621,
2705,
370,
989,
584,
510,
3362,
772,
2177,
766,
3797,
599,
457,
978,
2176,
3714,
2989,
2178,
484,
3669,
558,
593,
557,
442,
477,
3652,
2931,
438,
622,
2934,
493,
616,
3766,
591,
3645,
383,
474,
3087,
763,
651,
366,
536,
843,
465,
466,
614,
621,
348,
81,
500,
927,
130,
577,
3808,
472,
272,
78,
2752,
77,
2188,
251,
910,
5944,
347,
641,
563,
883,
3781,
415,
440,
4712,
464,
414,
2034,
523,
116,
546,
475,
575,
575,
112,
474,
631,
611,
680,
588,
691,
288,
608,
306,
691,
704,
649,
3748,
598,
345,
473,
322,
655,
445,
990,
2251,
284,
599,
683,
531,
744,
661,
460,
320,
679,
2253,
632,
1426,
3005,
674,
514,
599,
525,
396,
2786,
972,
529,
891,
758,
507,
1074,
491,
2813,
753,
1035,
785,
3442,
297,
546,
2808,
2996,
3892,
2254,
790,
886,
2245,
341,
415,
987,
565,
701,
529,
911,
354,
2249,
631,
814,
663,
317,
2237,
764,
347,
547,
491,
2236,
702,
2477,
2234,
2273,
2255,
283,
546,
371,
767,
555,
350,
78,
456,
3130,
323,
3195,
598,
449,
142,
124,
346,
75,
4035,
4570,
3907,
3850,
2250,
425,
3062,
358,
440,
348,
438,
3816,
683,
83,
85,
280,
427,
439,
523,
2863,
684,
682,
676,
2687,
696,
3148,
2686,
417,
391,
652,
648,
582,
611,
556,
2124,
78,
604,
464,
622,
422,
323,
469,
390,
834,
2332,
2325,
532,
5116,
685,
2285,
426,
692,
672,
301,
1499,
543,
619,
677,
664,
400,
594,
683,
669,
2317,
316,
461,
522,
636,
593,
2315,
523,
612,
704,
2305,
587,
650,
763,
405,
669,
433,
531,
919,
570,
4035,
1433,
4988,
593,
544,
384,
343,
3015,
717,
680,
537,
612,
423,
269,
703,
591,
3983,
676,
569,
3111,
28,
477,
1879,
3930,
4341,
43,
239,
306,
663,
2739,
740,
2364,
33,
686,
932,
1009,
4082,
2369,
237,
4279,
773,
701,
322,
4611,
1007,
97,
796,
452,
38,
90,
30,
79,
1572,
126,
330,
2388,
354,
323,
4754,
224,
312,
2569,
60,
293,
5822,
2879,
290,
356,
274,
39,
608,
465,
489,
407,
447,
699,
421,
86,
121,
685,
272,
113,
4910,
668,
678,
5294,
425,
270,
432,
699,
267,
469,
5574,
497,
663,
60,
5399,
781,
409,
622,
617,
521,
138,
491,
4169,
3178,
403,
665,
616,
580,
519,
693,
428,
675,
468,
485,
726,
4134,
2425,
750,
609,
1703,
2789,
994,
801,
2358,
2806,
1904,
2881,
2722,
419,
713,
598,
406,
608,
1898,
1902,
652,
1894,
630,
659,
549,
476,
343,
1840,
535,
1899,
392,
2804,
4448,
1508,
478,
3014,
4017,
1402,
4024,
793,
3113,
1401,
810,
966,
433,
597,
2446,
539,
460,
1903,
5234,
104,
2408,
4697,
469,
353,
5163,
625,
621,
3033,
794,
147,
3277,
544,
632,
488,
91,
106,
790,
107,
1531,
615,
1534,
78,
1523,
76,
551,
648,
300,
116,
314,
831,
4982,
297,
828,
295,
4943,
149,
4942,
5043,
4977,
644,
687,
561,
677,
93,
594,
616,
90,
593,
135,
853,
2704,
675,
499,
379,
89,
88,
6267,
364,
612,
567,
478,
4571,
340,
444,
462,
439,
349,
386,
355,
434,
539,
413,
385,
670,
355,
665,
589,
609,
408,
1467,
792,
750,
540,
486,
743,
755,
449,
546,
550,
4099,
871,
682,
4127,
879,
390,
1111,
692,
666,
511,
655,
2527,
2709,
540,
523,
2626,
533,
686,
6199,
4595,
614,
494,
693,
593,
570,
757,
636,
4148,
487,
596,
486,
738,
802,
531,
528,
433,
536,
835,
670,
779,
453,
710,
524,
820,
537,
989,
590,
444,
4134,
540,
94,
551,
3109,
311,
737,
272,
2673,
537,
4049,
4159,
498,
629,
745,
1184,
619,
4147,
1438,
679,
609,
1388,
697,
2812,
641,
1024,
482,
1313,
680,
473,
1450,
162,
473,
450,
153,
354,
1691,
121,
353,
4449,
4426,
2577,
110,
4626,
137,
4630,
353,
755,
4625,
122,
352,
4630,
339,
807,
121,
288,
78,
559,
1875,
155,
486,
96,
668,
93,
148,
602,
793,
555,
1953,
4216,
597,
593,
294,
724,
2762,
806,
122,
589,
55,
654,
524,
1664,
522,
585,
288,
2874,
87,
608,
380,
92,
201,
359,
653,
422,
590,
344,
62,
203,
369,
344,
482,
458,
2252,
594,
538,
438,
195,
562,
2791,
2789,
654,
2796,
193,
865,
546,
650,
821,
460,
536,
427,
440,
684,
757,
595,
554,
1162,
796,
516,
596,
772,
554,
810,
603,
629,
547,
789,
594,
551,
559,
555,
908,
436,
608,
1166,
997,
400,
557,
2890,
1154,
591,
811,
502,
5067,
418,
802,
334,
1163,
570,
540,
546,
721,
599,
477,
564,
586,
349,
548,
459,
815,
396,
487,
503,
2722,
702,
544,
2638,
616,
203,
599,
179,
532,
123,
340,
462,
1108,
505,
112,
125,
520,
112,
530,
84,
136,
92,
115,
3291,
825,
109,
546,
100,
96,
119,
785,
827,
129,
110,
119,
75,
98,
109,
95,
4225,
639,
471,
278,
407,
86,
498,
96,
79,
417,
497,
501,
128,
603,
106,
73,
491,
475,
70,
577,
353,
5767,
586,
638,
481,
358,
346,
353,
5299,
295,
287,
284,
614,
948,
63,
581,
514,
612,
768,
611,
738,
801,
600,
516,
1158,
567,
611,
816,
994,
594,
799,
515,
681,
539,
819,
564,
588,
607,
522,
309,
2443,
598,
663,
583,
2723,
589,
463,
677,
525,
499,
348,
557,
2596,
781,
755,
792,
599,
696,
983,
325,
631,
744,
623,
762,
727,
537,
637,
830,
597,
469,
654,
514,
530,
424,
360,
348,
400,
631,
102,
794,
5360,
87,
118,
919,
622,
698,
146,
365,
109,
105,
145,
603,
2660,
729,
116,
77,
101,
87,
112,
87,
913,
80,
86,
102,
89,
80,
76,
5411,
5507,
72,
5836,
568,
423,
426,
2709,
471,
67,
674,
615,
96,
94,
395,
2501,
116,
61,
57,
722,
675,
349,
2555,
502,
108,
473,
69,
428,
2690,
1429,
49,
364,
60,
380,
368,
3795,
487,
87,
696,
60,
359,
345,
51,
1391,
53,
538,
46,
336,
617,
333,
368,
839,
489,
41,
333,
685,
278,
653,
304,
658,
736,
766,
990,
631,
337,
2222,
396,
600,
1159,
963,
403,
532,
815,
382,
1079,
347,
626,
606,
381,
375,
415,
706,
686,
528,
2753,
615,
626,
414,
515,
399,
894,
649,
388,
662,
678,
2757,
736,
649,
620,
655,
806,
372,
329,
669,
598,
314,
1017,
371,
463,
378,
371,
1558,
411,
814,
1947,
78,
712,
696,
4376,
367,
624,
404,
61,
709,
124,
533,
136,
129,
449,
90,
83,
80,
