32,
33,
45,
43,
61,
69,
40,
75,
91,
41,
85,
87,
43,
85,
53,
43,
89,
109,
73,
80,
81,
113,
70,
121,
66,
121,
63,
79,
77,
109,
132,
114,
113,
126,
131,
120,
133,
120,
43,
127,
141,
136,
42,
119,
139,
123,
125,
144,
129,
146,
147,
127,
139,
134,
142,
131,
107,
93,
144,
145,
120,
96,
142,
146,
38,
139,
135,
111,
140,
119,
144,
142,
135,
151,
101,
155,
99,
128,
114,
70,
156,
118,
111,
159,
112,
94,
167,
131,
134,
140,
136,
107,
167,
120,
130,
145,
157,
36,
119,
139,
173,
39,
137,
117,
117,
136,
133,
142,
172,
147,
32,
111,
109,
137,
151,
160,
140,
131,
135,
123,
167,
124,
130,
114,
150,
110,
180,
124,
150,
44,
139,
137,
141,
103,
126,
149,
149,
142,
138,
114,
138,
123,
137,
110,
105,
111,
152,
181,
125,
93,
162,
85,
176,
82,
80,
128,
191,
184,
184,
158,
90,
160,
149,
134,
158,
190,
208,
118,
128,
140,
196,
181,
135,
149,
182,
179,
189,
195,
162,
35,
176,
190,
224,
180,
102,
110,
150,
167,
130,
215,
191,
159,
81,
103,
131,
117,
91,
162,
150,
40,
44,
157,
118,
168,
178,
142,
93,
148,
224,
153,
134,
164,
135,
180,
115,
101,
41,
89,
250,
35,
207,
183,
74,
65,
126,
231,
86,
40,
84,
253,
249,
198,
216,
160,
169,
162,
193,
186,
167,
257,
156,
148,
179,
136,
161,
224,
158,
223,
230,
248,
150,
187,
171,
140,
257,
171,
37,
173,
250,
150,
210,
175,
152,
180,
191,
124,
117,
198,
147,
224,
45,
177,
176,
67,
170,
176,
63,
182,
171,
165,
229,
245,
53,
161,
79,
163,
85,
173,
68,
108,
153,
158,
172,
116,
179,
181,
108,
174,
69,
183,
190,
165,
233,
181,
150,
135,
210,
35,
230,
206,
33,
226,
250,
249,
224,
222,
181,
286,
249,
48,
73,
77,
215,
213,
93,
283,
258,
221,
264,
92,
126,
115,
82,
110,
86,
71,
234,
213,
238,
74,
69,
200,
172,
237,
52,
69,
284,
232,
76,
283,
241,
270,
282,
67,
265,
194,
236,
261,
207,
43,
241,
315,
300,
38,
258,
194,
302,
37,
318,
239,
217,
276,
29,
214,
267,
209,
179,
207,
212,
206,
247,
229,
233,
213,
157,
230,
238,
288,
253,
288,
215,
229,
172,
241,
224,
291,
164,
196,
169,
238,
199,
229,
205,
141,
201,
200,
218,
229,
277,
278,
221,
210,
211,
220,
145,
165,
244,
192,
170,
338,
231,
161,
180,
135,
292,
252,
265,
192,
39,
179,
118,
126,
178,
190,
254,
294,
150,
90,
172,
129,
126,
271,
158,
285,
204,
314,
104,
36,
175,
197,
163,
77,
229,
122,
113,
182,
327,
33,
209,
340,
247,
195,
198,
94,
161,
192,
154,
231,
276,
247,
285,
219,
206,
281,
147,
296,
134,
116,
37,
205,
107,
119,
201,
222,
285,
277,
274,
215,
120,
285,
264,
302,
232,
107,
250,
193,
246,
299,
224,
103,
97,
116,
182,
96,
251,
102,
354,
223,
227,
256,
140,
113,
260,
206,
194,
167,
238,
104,
243,
206,
266,
234,
33,
188,
242,
149,
38,
239,
146,
147,
230,
213,
266,
202,
202,
143,
187,
190,
244,
137,
234,
204,
189,
233,
217,
229,
210,
167,
216,
197,
235,
242,
265,
45,
143,
190,
184,
232,
260,
237,
41,
198,
168,
208,
201,
220,
113,
178,
172,
230,
170,
278,
195,
250,
156,
292,
167,
165,
184,
250,
164,
228,
180,
41,
43,
138,
149,
190,
308,
154,
282,
316,
262,
150,
172,
167,
231,
281,
296,
171,
152,
181,
189,
176,
193,
203,
184,
162,
298,
142,
298,
171,
177,
197,
169,
163,
148,
259,
171,
190,
143,
140,
417,
239,
285,
426,
255,
184,
79,
238,
287,
190,
131,
98,
180,
144,
179,
121,
45,
409,
237,
143,
47,
299,
210,
310,
183,
149,
417,
334,
263,
252,
191,
192,
103,
253,
285,
193,
197,
186,
42,
189,
292,
346,
36,
185,
39,
228,
221,
45,
178,
274,
121,
123,
178,
183,
115,
63,
293,
32,
142,
173,
157,
173,
154,
48,
194,
279,
189,
193,
186,
169,
193,
164,
191,
197,
188,
141,
273,
191,
188,
204,
170,
166,
158,
241,
295,
317,
351,
187,
222,
37,
167,
147,
259,
168,
232,
231,
321,
295,
194,
277,
274,
320,
235,
153,
150,
194,
135,
163,
221,
169,
129,
173,
177,
306,
276,
401,
207,
364,
171,
188,
160,
180,
275,
391,
165,
235,
145,
149,
241,
164,
404,
397,
161,
389,
142,
396,
52,
370,
159,
390,
406,
358,
421,
128,
446,
353,
395,
136,
344,
391,
410,
126,
60,
421,
322,
365,
109,
404,
54,
284,
280,
122,
87,
279,
32,
387,
315,
356,
349,
97,
112,
356,
323,
266,
42,
321,
268,
306,
186,
260,
82,
337,
252,
251,
248,
395,
244,
387,
214,
386,
81,
326,
297,
342,
312,
283,
150,
379,
240,
270,
247,
329,
338,
226,
297,
212,
217,
369,
48,
225,
235,
375,
207,
238,
383,
39,
237,
270,
251,
207,
172,
236,
202,
261,
186,
431,
217,
469,
169,
247,
447,
149,
280,
330,
310,
401,
301,
184,
224,
220,
435,
262,
355,
351,
249,
341,
274,
446,
349,
219,
329,
262,
316,
387,
389,
273,
345,
41,
212,
324,
197,
217,
343,
361,
349,
267,
295,
210,
264,
188,
273,
217,
210,
157,
163,
181,
251,
401,
170,
236,
240,
40,
145,
361,
36,
432,
220,
229,
310,
161,
330,
224,
229,
154,
198,
187,
205,
343,
234,
279,
235,
265,
253,
298,
262,
219,
170,
276,
256,
157,
240,
182,
213,
116,
244,
242,
322,
201,
148,
326,
217,
316,
229,
262,
196,
158,
348,
349,
162,
156,
252,
231,
335,
271,
194,
289,
244,
360,
203,
401,
382,
221,
190,
160,
234,
155,
279,
374,
171,
117,
230,
243,
214,
171,
298,
322,
152,
345,
170,
269,
135,
148,
249,
197,
276,
162,
299,
245,
109,
201,
348,
152,
132,
247,
275,
183,
152,
359,
102,
274,
119,
156,
107,
176,
321,
135,
139,
86,
165,
411,
74,
314,
204,
453,
317,
34,
149,
258,
122,
162,
498,
41,
353,
316,
317,
220,
130,
263,
253,
188,
281,
150,
261,
159,
39,
369,
362,
306,
349,
343,
275,
256,
200,
336,
362,
215,
286,
267,
245,
80,
252,
321,
292,
41,
265,
361,
230,
253,
168,
273,
65,
365,
256,
223,
115,
508,
347,
214,
241,
231,
239,
436,
145,
242,
239,
274,
237,
205,
222,
209,
165,
336,
418,
113,
268,
156,
246,
205,
333,
211,
71,
483,
511,
390,
290,
273,
42,
408,
382,
207,
219,
279,
285,
334,
486,
242,
176,
186,
56,
62,
406,
164,
46,
265,
142,
328,
42,
218,
113,
42,
243,
455,
232,
188,
295,
459,
354,
279,
383,
429,
535,
271,
488,
287,
41,
344,
286,
310,
191,
521,
444,
114,
237,
221,
219,
320,
206,
255,
165,
209,
151,
389,
464,
283,
191,
530,
207,
100,
141,
276,
118,
395,
167,
204,
339,
278,
495,
36,
166,
579,
234,
182,
583,
142,
121,
260,
371,
362,
105,
360,
567,
44,
369,
342,
554,
201,
115,
324,
576,
318,
506,
562,
190,
96,
77,
42,
499,
314,
511,
503,
602,
303,
536,
73,
142,
152,
43,
463,
412,
389,
452,
257,
200,
438,
80,
386,
464,
225,
41,
384,
378,
171,
384,
72,
348,
201,
288,
245,
175,
235,
397,
43,
245,
218,
154,
526,
450,
361,
33,
80,
444,
213,
151,
319,
241,
74,
325,
254,
416,
377,
301,
400,
342,
365,
43,
368,
199,
311,
351,
498,
450,
331,
148,
238,
335,
184,
475,
281,
231,
126,
305,
155,
170,
203,
435,
324,
214,
465,
227,
588,
441,
370,
173,
255,
349,
321,
590,
429,
279,
234,
155,
320,
360,
592,
179,
573,
240,
190,
264,
251,
268,
260,
50,
242,
280,
281,
417,
41,
260,
192,
352,
613,
252,
602,
237,
289,
273,
584,
243,
306,
302,
258,
223,
265,
333,
393,
321,
389,
306,
402,
344,
403,
250,
627,
374,
319,
258,
209,
256,
244,
266,
40,
209,
364,
207,
336,
393,
344,
183,
631,
342,
429,
362,
280,
265,
423,
300,
418,
294,
364,
275,
235,
375,
412,
387,
288,
230,
238,
253,
351,
47,
133,
235,
185,
196,
378,
411,
231,
108,
214,
208,
86,
221,
266,
91,
310,
287,
392,
236,
116,
231,
48,
205,
101,
177,
45,
365,
226,
204,
185,
88,
79,
129,
391,
134,
88,
283,
252,
188,
178,
128,
213,
250,
251,
370,
371,
278,
119,
247,
354,
314,
220,
93,
425,
273,
280,
41,
44,
368,
338,
309,
315,
40,
361,
262,
411,
381,
258,
337,
276,
363,
353,
259,
263,
343,
330,
350,
212,
34,
68,
348,
214,
392,
205,
33,
49,
230,
359,
337,
75,
258,
351,
212,
323,
220,
235,
359,
247,
214,
44,
359,
346,
358,
227,
330,
174,
201,
293,
166,
290,
354,
210,
326,
267,
339,
311,
171,
123,
299,
365,
265,
37,
316,
339,
145,
430,
336,
454,
169,
413,
140,
232,
213,
274,
248,
330,
180,
425,
375,
206,
290,
269,
424,
173,
190,
394,
249,
215,
416,
415,
259,
325,
509,
250,
42,
466,
426,
221,
518,
431,
498,
325,
210,
336,
228,
86,
439,
250,
510,
81,
219,
208,
463,
246,
213,
353,
251,
207,
228,
378,
334,
261,
85,
364,
522,
380,
37,
422,
335,
402,
177,
329,
36,
64,
173,
400,
313,
366,
35,
213,
310,
223,
294,
384,
227,
325,
386,
410,
304,
257,
266,
379,
317,
199,
357,
308,
342,
315,
295,
33,
268,
403,
212,
305,
292,
303,
409,
225,
368,
199,
296,
326,
575,
324,
398,
239,
298,
287,
284,
189,
35,
603,
356,
261,
279,
233,
283,
242,
277,
591,
82,
567,
216,
217,
125,
375,
648,
269,
494,
84,
266,
206,
612,
233,
514,
528,
376,
542,
265,
598,
178,
536,
171,
524,
465,
529,
286,
597,
424,
371,
253,
267,
266,
45,
466,
261,
416,
252,
567,
43,
260,
212,
200,
557,
617,
161,
374,
208,
420,
729,
439,
197,
481,
43,
706,
188,
74,
72,
251,
435,
415,
147,
590,
43,
272,
146,
40,
699,
118,
615,
126,
35,
178,
713,
198,
657,
308,
42,
685,
303,
635,
623,
206,
40,
562,
206,
40,
530,
313,
204,
429,
316,
455,
133,
136,
270,
210,
425,
163,
266,
41,
34,
111,
549,
246,
221,
205,
74,
43,
224,
111,
219,
39,
259,
148,
70,
199,
159,
369,
67,
45,
655,
277,
141,
659,
162,
467,
324,
280,
216,
89,
83,
285,
220,
260,
330,
478,
338,
310,
371,
249,
455,
32,
228,
437,
268,
441,
78,
306,
210,
338,
198,
78,
273,
306,
598,
550,
690,
270,
689,
41,
241,
477,
511,
55,
354,
243,
362,
296,
265,
385,
240,
292,
450,
491,
365,
487,
365,
476,
364,
42,
483,
421,
399,
295,
297,
290,
317,
271,
289,
272,
276,
364,
264,
214,
31,
223,
291,
190,
321,
480,
258,
266,
234,
255,
228,
430,
292,
475,
331,
432,
360,
233,
445,
285,
413,
266,
220,
340,
301,
252,
254,
387,
389,
271,
43,
448,
246,
300,
379,
406,
302,
355,
482,
282,
221,
295,
428,
350,
220,
410,
386,
303,
268,
286,
507,
501,
388,
238,
240,
497,
382,
41,
499,
395,
492,
380,
483,
380,
262,
481,
526,
253,
313,
73,
272,
261,
255,
413,
253,
91,
342,
354,
524,
314,
117,
286,
270,
261,
43,
34,
313,
116,
389,
48,
263,
234,
315,
477,
463,
341,
338,
250,
227,
201,
387,
36,
477,
514,
508,
52,
249,
161,
43,
391,
220,
477,
343,
393,
219,
482,
219,
197,
342,
438,
470,
182,
295,
463,
220,
420,
384,
251,
511,
445,
164,
189,
251,
410,
295,
580,
205,
451,
340,
45,
207,
376,
472,
275,
172,
242,
468,
255,
332,
220,
345,
412,
272,
169,
198,
443,
331,
177,
80,
128,
532,
376,
136,
181,
498,
405,
224,
75,
500,
259,
302,
594,
195,
467,
210,
144,
414,
308,
190,
455,
269,
193,
358,
274,
587,
88,
459,
220,
617,
526,
224,
44,
236,
537,
588,
450,
177,
522,
38,
401,
439,
540,
578,
303,
527,
253,
418,
282,
482,
379,
544,
577,
40,
566,
324,
248,
298,
254,
566,
574,
283,
252,
145,
515,
260,
368,
295,
33,
587,
201,
409,
204,
306,
300,
396,
326,
387,
519,
180,
418,
174,
416,
87,
227,
605,
40,
146,
413,
173,
291,
40,
249,
566,
671,
96,
401,
266,
41,
230,
642,
83,
208,
255,
653,
71,
94,
207,
435,
557,
254,
325,
270,
549,
44,
211,
245,
266,
283,
38,
42,
666,
266,
254,
282,
310,
78,
284,
596,
127,
143,
234,
611,
193,
79,
185,
598,
294,
239,
275,
75,
302,
253,
261,
259,
154,
522,
220,
188,
424,
261,
243,
581,
534,
131,
620,
401,
153,
183,
170,
355,
384,
135,
136,
619,
128,
317,
220,
141,
103,
107,
412,
34,
356,
323,
396,
293,
446,
354,
42,
149,
282,
138,
330,
290,
600,
306,
228,
294,
519,
44,
422,
264,
336,
546,
450,
488,
47,
145,
622,
303,
495,
480,
327,
690,
253,
251,
150,
175,
248,
67,
276,
143,
545,
88,
453,
30,
168,
409,
609,
283,
368,
694,
605,
33,
305,
383,
706,
466,
499,
530,
210,
324,
454,
446,
477,
323,
148,
131,
439,
33,
353,
217,
467,
436,
628,
31,
569,
179,
577,
414,
520,
92,
470,
412,
485,
613,
732,
389,
317,
384,
490,
395,
711,
410,
391,
349,
510,
451,
731,
295,
382,
330,
423,
457,
297,
384,
255,
254,
714,
376,
304,
372,
449,
495,
360,
451,
366,
376,
299,
382,
416,
459,
35,
396,
393,
378,
386,
207,
298,
186,
430,
258,
414,
293,
445,
303,
271,
398,
425,
400,
352,
394,
181,
43,
263,
318,
112,
372,
299,
399,
444,
293,
327,
431,
451,
269,
389,
357,
84,
302,
331,
245,
461,
492,
450,
486,
412,
339,
239,
71,
333,
292,
386,
221,
257,
288,
334,
213,
240,
390,
572,
426,
353,
442,
218,
275,
658,
312,
479,
181,
49,
239,
253,
407,
331,
583,
38,
495,
85,
41,
560,
190,
391,
256,
656,
208,
216,
263,
324,
216,
473,
271,
324,
344,
163,
278,
481,
261,
423,
556,
315,
416,
263,
402,
198,
498,
313,
254,
447,
268,
132,
414,
357,
302,
313,
266,
121,
257,
161,
87,
207,
182,
89,
140,
205,
267,
132,
655,
242,
40,
314,
259,
363,
228,
295,
180,
241,
515,
205,
384,
214,
173,
156,
364,
200,
158,
252,
521,
491,
266,
168,
183,
230,
174,
158,
417,
142,
247,
435,
146,
358,
39,
208,
477,
287,
250,
430,
266,
440,
438,
326,
385,
530,
128,
177,
334,
474,
155,
267,
251,
472,
210,
487,
326,
239,
250,
214,
466,
223,
278,
253,
242,
496,
150,
230,
235,
253,
183,
712,
200,
530,
234,
220,
457,
341,
193,
245,
526,
179,
174,
255,
187,
506,
155,
338,
702,
213,
173,
190,
298,
615,
115,
168,
172,
624,
606,
450,
702,
329,
345,
157,
301,
121,
504,
482,
101,
170,
463,
81,
499,
51,
468,
166,
104,
267,
212,
48,
625,
159,
727,
236,
200,
711,
429,
69,
408,
434,
369,
412,
340,
391,
396,
59,
460,
522,
382,
246,
445,
107,
286,
45,
283,
339,
407,
116,
42,
498,
364,
423,
389,
356,
352,
115,
42,
602,
105,
164,
207,
202,
642,
340,
366,
314,
159,
45,
663,
659,
390,
158,
308,
257,
410,
49,
463,
380,
343,
251,
100,
448,
368,
397,
327,
263,
237,
504,
480,
379,
345,
395,
583,
320,
41,
672,
475,
487,
259,
277,
593,
138,
314,
263,
338,
420,
253,
354,
286,
425,
680,
98,
378,
329,
350,
345,
385,
698,
310,
350,
386,
397,
705,
47,
282,
229,
458,
402,
652,
493,
291,
108,
341,
208,
237,
608,
331,
371,
283,
232,
345,
212,
363,
105,
299,
602,
773,
261,
103,
330,
349,
320,
98,
367,
245,
88,
50,
368,
675,
374,
93,
411,
43,
342,
703,
717,
353,
309,
855,
60,
45,
71,
323,
791,
70,
225,
282,
538,
77,
697,
545,
323,
453,
259,
195,
131,
150,
445,
39,
197,
187,
273,
522,
493,
184,
47,
258,
186,
127,
99,
113,
456,
46,
313,
697,
389,
274,
126,
587,
97,
534,
672,
102,
476,
565,
176,
617,
876,
706,
692,
77,
637,
562,
37,
182,
730,
131,
191,
631,
174,
245,
161,
453,
597,
577,
71,
87,
138,
56,
641,
593,
150,
83,
601,
178,
184,
172,
587,
486,
459,
118,
43,
639,
649,
505,
566,
571,
456,
510,
503,
434,
587,
616,
397,
43,
504,
442,
574,
667,
323,
75,
307,
523,
416,
384,
558,
388,
464,
456,
349,
336,
414,
582,
321,
519,
326,
357,
346,
476,
331,
642,
286,
594,
397,
443,
457,
303,
461,
484,
611,
467,
128,
495,
363,
408,
200,
288,
500,
425,
427,
371,
462,
204,
333,
607,
493,
318,
105,
319,
328,
625,
348,
78,
414,
32,
368,
249,
292,
445,
503,
402,
736,
320,
258,
756,
370,
332,
302,
319,
495,
437,
204,
206,
495,
647,
386,
194,
31,
378,
434,
137,
349,
763,
486,
380,
348,
95,
300,
80,
208,
455,
315,
615,
446,
307,
427,
217,
539,
397,
276,
72,
601,
370,
35,
450,
294,
247,
114,
668,
209,
355,
435,
632,
305,
338,
612,
270,
605,
451,
260,
64,
808,
286,
553,
497,
436,
176,
93,
545,
70,
394,
406,
478,
260,
455,
757,
37,
140,
616,
471,
147,
36,
555,
516,
544,
480,
760,
129,
246,
813,
545,
475,
520,
432,
310,
172,
152,
260,
603,
124,
373,
427,
434,
293,
905,
348,
349,
518,
404,
391,
290,
626,
283,
804,
387,
375,
919,
190,
601,
390,
410,
767,
35,
336,
159,
422,
664,
134,
390,
168,
317,
560,
524,
819,
709,
181,
167,
31,
332,
861,
777,
154,
292,
165,
423,
419,
50,
827,
361,
150,
443,
400,
446,
684,
280,
388,
385,
769,
345,
727,
333,
98,
1016,
293,
249,
339,
373,
783,
387,
550,
503,
457,
309,
499,
784,
365,
389,
412,
394,
366,
713,
480,
458,
268,
382,
351,
367,
407,
677,
567,
426,
490,
266,
344,
357,
442,
249,
353,
435,
798,
466,
339,
329,
398,
246,
781,
577,
705,
94,
500,
824,
328,
111,
297,
79,
872,
584,
69,
870,
226,
462,
580,
249,
518,
548,
428,
250,
96,
217,
377,
350,
422,
718,
377,
541,
416,
495,
563,
247,
673,
283,
578,
736,
629,
415,
240,
550,
414,
644,
386,
516,
553,
591,
617,
441,
461,
522,
286,
629,
362,
429,
487,
114,
347,
199,
620,
150,
227,
390,
1067,
624,
383,
123,
199,
679,
496,
596,
442,
249,
473,
384,
455,
161,
155,
373,
150,
443,
490,
732,
578,
107,
173,
164,
692,
422,
739,
138,
143,
726,
361,
754,
732,
411,
873,
226,
594,
232,
604,
614,
371,
368,
882,
591,
654,
302,
516,
86,
531,
694,
604,
172,
604,
682,
80,
403,
523,
385,
576,
434,
606,
385,
611,
358,
542,
769,
332,
293,
531,
285,
153,
273,
454,
278,
430,
70,
139,
421,
355,
264,
401,
173,
560,
589,
315,
302,
506,
676,
546,
225,
588,
664,
289,
549,
137,
311,
172,
252,
335,
419,
351,
131,
378,
220,
509,
344,
808,
596,
463,
180,
601,
489,
467,
656,
548,
97,
497,
611,
233,
478,
441,
168,
432,
514,
196,
550,
163,
410,
408,
492,
423,
447,
160,
392,
339,
473,
325,
479,
508,
331,
561,
379,
568,
636,
811,
459,
165,
94,
390,
620,
411,
336,
135,
801,
429,
940,
663,
371,
670,
460,
492,
796,
603,
369,
588,
680,
391,
497,
434,
325,
89,
515,
784,
531,
157,
558,
655,
548,
73,
415,
446,
754,
645,
667,
469,
660,
281,
455,
424,
382,
655,
268,
490,
351,
382,
443,
311,
507,
413,
355,
307,
305,
500,
669,
816,
224,
562,
527,
457,
491,
497,
472,
521,
278,
528,
507,
428,
515,
139,
506,
675,
578,
138,
327,
497,
511,
841,
506,
625,
323,
455,
368,
518,
834,
490,
141,
500,
727,
639,
583,
336,
716,
491,
883,
174,
403,
512,
228,
662,
482,
356,
293,
129,
826,
430,
389,
884,
280,
684,
405,
963,
356,
269,
413,
832,
388,
960,
128,
336,
419,
418,
271,
266,
415,
233,
206,
324,
362,
343,
320,
418,
389,
262,
337,
405,
722,
564,
803,
400,
287,
324,
485,
1006,
764,
381,
228,
406,
259,
400,
221,
761,
407,
817,
947,
189,
581,
467,
720,
571,
312,
544,
255,
467,
389,
752,
367,
355,
536,
527,
708,
458,
624,
316,
185,
867,
404,
385,
521,
292,
764,
671,
344,
807,
426,
113,
295,
622,
494,
294,
551,
344,
126,
302,
367,
253,
581,
764,
758,
435,
108,
277,
550,
471,
714,
205,
704,
592,
277,
363,
369,
609,
335,
512,
396,
686,
428,
157,
501,
334,
268,
300,
611,
172,
496,
399,
498,
276,
473,
310,
333,
234,
513,
595,
484,
568,
742,
354,
243,
319,
278,
313,
315,
687,
300,
233,
642,
314,
395,
310,
371,
553,
593,
285,
668,
943,
472,
436,
559,
479,
342,
259,
607,
332,
466,
286,
203,
511,
735,
511,
489,
952,
199,
363,
663,
195,
868,
373,
635,
463,
508,
126,
191,
183,
747,
987,
201,
398,
183,
574,
536,
173,
596,
322,
900,
910,
131,
394,
171,
826,
370,
789,
113,
702,
383,
382,
172,
192,
862,
895,
269,
243,
43,
431,
89,
165,
785,
151,
233,
1024,
45,
230,
313,
293,
255,
112,
37,
149,
588,
316,
579,
177,
609,
245,
703,
171,
175,
532,
556,
450,
112,
107,
168,
305,
551,
233,
521,
41,
520,
238,
98,
321,
333,
79,
250,
177,
512,
627,
368,
455,
481,
602,
192,
459,
161,
174,
298,
433,
309,
345,
686,
1094,
663,
1081,
513,
217,
298,
389,
421,
624,
128,
292,
587,
393,
221,
404,
798,
534,
383,
76,
501,
71,
388,
648,
405,
371,
126,
356,
546,
274,
389,
558,
80,
363,
479,
365,
357,
187,
596,
270,
666,
487,
364,
731,
425,
507,
316,
432,
345,
475,
553,
381,
471,
332,
522,
247,
550,
416,
524,
511,
355,
297,
429,
339,
241,
574,
488,
621,
414,
421,
436,
218,
350,
555,
409,
459,
399,
289,
434,
372,
565,
605,
581,
467,
450,
344,
491,
333,
464,
352,
757,
518,
450,
387,
399,
341,
345,
477,
853,
190,
790,
300,
574,
211,
896,
408,
174,
629,
517,
580,
496,
732,
678,
480,
257,
800,
585,
663,
166,
570,
475,
236,
421,
478,
183,
901,
382,
498,
654,
689,
761,
489,
626,
614,
314,
674,
524,
154,
478,
578,
699,
852,
678,
480,
493,
506,
761,
545,
903,
282,
600,
222,
90,
417,
243,
279,
509,
251,
163,
450,
658,
576,
386,
70,
416,
611,
534,
244,
433,
676,
261,
426,
720,
409,
526,
911,
165,
581,
368,
195,
355,
698,
155,
685,
517,
533,
510,
819,
445,
433,
332,
190,
878,
500,
877,
694,
292,
659,
422,
600,
407,
515,
291,
423,
164,
695,
876,
435,
733,
649,
413,
333,
178,
404,
234,
709,
489,
162,
747,
883,
558,
422,
751,
56,
253,
495,
854,
542,
483,
597,
517,
653,
363,
443,
556,
265,
515,
510,
107,
914,
576,
458,
661,
683,
881,
442,
555,
516,
916,
178,
552,
1094,
567,
651,
378,
191,
384,
445,
405,
881,
442,
832,
718,
369,
286,
358,
474,
151,
643,
685,
651,
336,
646,
216,
906,
469,
294,
422,
319,
568,
311,
358,
303,
503,
591,
665,
337,
899,
349,
904,
217,
145,
770,
377,
310,
537,
299,
471,
495,
243,
910,
969,
305,
481,
505,
447,
415,
1065,
383,
596,
644,
490,
630,
165,
411,
464,
230,
286,
346,
435,
368,
440,
362,
337,
555,
306,
410,
484,
388,
161,
305,
369,
696,
88,
366,
301,
173,
77,
439,
156,
1013,
396,
378,
76,
272,
459,
977,
308,
432,
124,
276,
299,
413,
147,
473,
377,
414,
146,
133,
101,
94,
283,
846,
876,
1052,
392,
482,
83,
1157,
892,
742,
498,
273,
1155,
684,
954,
125,
453,
268,
686,
437,
832,
721,
951,
387,
286,
276,
968,
930,
634,
269,
228,
247,
390,
828,
947,
246,
551,
1006,
158,
350,
655,
369,
488,
385,
840,
910,
351,
85,
108,
850,
318,
654,
768,
212,
346,
336,
660,
978,
808,
315,
733,
441,
850,
771,
428,
226,
1016,
754,
724,
923,
403,
385,
725,
633,
914,
507,
689,
501,
469,
882,
900,
356,
371,
718,
77,
669,
84,
330,
778,
652,
803,
290,
128,
309,
790,
657,
556,
627,
583,
507,
499,
629,
551,
315,
469,
68,
506,
571,
600,
514,
476,
629,
613,
299,
421,
486,
476,
426,
586,
545,
375,
405,
425,
579,
361,
96,
450,
418,
479,
574,
387,
447,
595,
508,
492,
1059,
250,
738,
238,
485,
643,
305,
587,
397,
983,
358,
768,
630,
593,
395,
473,
522,
609,
467,
722,
904,
493,
213,
480,
464,
522,
847,
640,
456,
520,
453,
377,
1024,
403,
841,
632,
758,
503,
204,
327,
975,
645,
327,
420,
287,
334,
483,
237,
489,
459,
592,
268,
750,
1002,
473,
203,
316,
351,
851,
1065,
772,
293,
708,
196,
801,
277,
472,
537,
452,
781,
352,
436,
491,
226,
685,
348,
558,
582,
901,
444,
610,
324,
696,
335,
574,
438,
500,
684,
414,
590,
561,
300,
160,
636,
502,
201,
889,
176,
528,
490,
520,
1004,
480,
854,
203,
402,
454,
572,
996,
350,
972,
586,
1031,
599,
758,
414,
632,
461,
145,
198,
320,
615,
556,
474,
366,
129,
1004,
1041,
353,
962,
124,
520,
977,
60,
440,
480,
800,
281,
823,
613,
682,
427,
139,
587,
482,
769,
806,
686,
145,
633,
584,
958,
444,
259,
585,
321,
503,
672,
387,
194,
611,
300,
828,
378,
455,
793,
171,
665,
265,
138,
413,
798,
186,
525,
365,
564,
1008,
432,
861,
282,
380,
427,
404,
639,
715,
646,
1007,
934,
651,
486,
397,
137,
251,
565,
463,
452,
650,
118,
993,
187,
433,
111,
262,
1022,
724,
774,
354,
255,
466,
311,
305,
987,
415,
523,
591,
174,
716,
850,
185,
962,
455,
683,
145,
700,
664,
245,
477,
633,
577,
576,
959,
353,
329,
628,
938,
833,
754,
562,
310,
570,
1068,
589,
302,
171,
303,
1008,
300,
286,
1278,
420,
1167,
287,
167,
1144,
271,
103,
100,
1276,
572,
1248,
508,
1234,
1198,
1003,
287,
336,
490,
610,
393,
474,
581,
437,
472,
494,
408,
427,
1198,
1112,
902,
1198,
1308,
529,
1173,
445,
509,
580,
1379,
299,
1305,
249,
1084,
290,
522,
319,
206,
205,
675,
495,
492,
528,
1042,
1145,
827,
987,
260,
239,
215,
198,
185,
967,
216,
324,
321,
514,
335,
214,
384,
503,
1034,
502,
398,
217,
176,
121,
551,
1213,
573,
204,
434,
811,
408,
811,
1078,
235,
144,
695,
926,
591,
401,
224,
163,
376,
170,
919,
428,
372,
919,
288,
624,
547,
918,
189,
300,
917,
545,
839,
611,
314,
330,
364,
705,
326,
682,
136,
187,
267,
336,
652,
666,
704,
1087,
964,
308,
987,
835,
951,
593,
642,
683,
287,
577,
379,
643,
255,
222,
585,
81,
1061,
646,
667,
572,
257,
92,
987,
553,
610,
549,
214,
308,
753,
544,
180,
341,
635,
594,
234,
522,
593,
285,
388,
620,
666,
580,
234,
578,
538,
575,
452,
611,
274,
644,
246,
537,
570,
230,
511,
527,
525,
518,
493,
470,
464,
414,
514,
540,
573,
565,
1098,
1074,
1093,
1123,
660,
532,
251,
816,
733,
472,
1055,
863,
442,
494,
468,
491,
547,
446,
459,
759,
1089,
422,
481,
493,
1059,
569,
553,
1171,
439,
614,
778,
441,
742,
451,
996,
973,
769,
702,
995,
492,
782,
931,
516,
984,
227,
564,
437,
411,
477,
987,
462,
609,
242,
869,
558,
580,
458,
906,
1071,
351,
338,
533,
525,
445,
753,
433,
577,
989,
444,
881,
971,
475,
430,
576,
837,
245,
719,
682,
565,
1018,
979,
426,
722,
424,
244,
407,
185,
448,
419,
753,
1121,
486,
466,
740,
190,
641,
185,
734,
641,
1116,
405,
725,
890,
586,
688,
640,
298,
525,
995,
844,
1144,
858,
640,
438,
981,
452,
978,
798,
432,
292,
521,
566,
725,
759,
678,
221,
444,
455,
271,
765,
727,
380,
223,
430,
939,
976,
410,
536,
1199,
725,
282,
544,
504,
397,
394,
356,
459,
373,
715,
398,
442,
495,
369,
684,
446,
849,
524,
203,
486,
1225,
201,
482,
371,
921,
507,
325,
598,
502,
1065,
472,
139,
1096,
691,
661,
539,
835,
569,
360,
554,
874,
529,
351,
482,
519,
449,
544,
447,
583,
294,
182,
899,
176,
282,
226,
1194,
438,
683,
962,
927,
1251,
725,
974,
982,
1234,
411,
110,
107,
865,
875,
512,
1130,
1210,
949,
98,
380,
478,
649,
534,
380,
1178,
689,
94,
662,
875,
824,
471,
1049,
1023,
493,
353,
754,
803,
518,
860,
752,
1151,
851,
787,
529,
735,
511,
111,
776,
510,
504,
479,
1278,
519,
396,
496,
314,
364,
508,
659,
631,
1117,
681,
392,
675,
501,
456,
377,
457,
374,
556,
514,
297,
281,
503,
1482,
191,
212,
460,
207,
1317,
631,
467,
170,
1318,
504,
412,
199,
470,
127,
915,
298,
183,
125,
208,
319,
191,
645,
172,
282,
1197,
1317,
89,
86,
570,
1127,
643,
1307,
616,
186,
1299,
1080,
361,
164,
1236,
480,
1155,
604,
356,
82,
1211,
514,
158,
1292,
1190,
628,
263,
153,
468,
493,
1118,
1007,
260,
353,
597,
1103,
334,
145,
847,
1297,
959,
152,
141,
150,
1179,
1070,
1480,
134,
317,
306,
517,
1340,
1090,
276,
646,
1285,
261,
73,
373,
905,
535,
246,
1255,
737,
285,
756,
518,
1142,
328,
42,
1105,
283,
754,
815,
1195,
362,
291,
568,
1093,
1294,
562,
945,
506,
1100,
1353,
1487,
429,
1184,
1317,
412,
1451,
183,
368,
798,
1450,
809,
423,
512,
1049,
227,
383,
410,
206,
658,
798,
222,
247,
162,
225,
220,
706,
639,
578,
1300,
579,
660,
1290,
704,
607,
594,
189,
179,
353,
706,
601,
186,
1018,
163,
571,
655,
341,
193,
597,
648,
313,
380,
551,
635,
672,
75,
144,
285,
627,
642,
734,
374,
677,
613,
477,
726,
742,
243,
299,
150,
426,
632,
472,
831,
216,
479,
307,
412,
484,
204,
249,
589,
467,
238,
588,
766,
706,
711,
907,
643,
804,
578,
881,
985,
1228,
946,
1319,
422,
695,
457,
517,
510,
705,
466,
722,
580,
688,
923,
555,
633,
614,
604,
233,
1047,
445,
733,
689,
695,
698,
617,
541,
423,
417,
593,
1221,
598,
1044,
1191,
1178,
356,
215,
835,
417,
571,
470,
593,
455,
207,
578,
549,
691,
465,
416,
512,
287,
181,
442,
373,
505,
1300,
437,
1053,
710,
436,
904,
410,
989,
514,
659,
674,
448,
435,
205,
178,
234,
433,
910,
435,
777,
226,
431,
606,
423,
172,
771,
551,
1126,
236,
422,
1194,
503,
678,
812,
443,
1045,
631,
175,
171,
829,
1032,
1146,
498,
538,
616,
165,
1070,
410,
130,
632,
272,
514,
393,
625,
378,
473,
511,
428,
211,
1243,
1305,
86,
466,
533,
442,
690,
523,
882,
655,
840,
994,
507,
411,
764,
435,
1034,
464,
664,
489,
835,
1221,
787,
456,
664,
498,
549,
1182,
1295,
420,
478,
450,
463,
763,
911,
523,
482,
492,
877,
1038,
1276,
508,
501,
573,
955,
1253,
697,
390,
381,
375,
626,
379,
509,
289,
1325,
391,
999,
771,
377,
591,
1042,
484,
1084,
376,
1011,
433,
479,
731,
981,
717,
544,
123,
532,
730,
751,
392,
1134,
703,
366,
670,
509,
597,
692,
747,
436,
490,
147,
1299,
538,
510,
1008,
103,
618,
906,
500,
894,
1074,
433,
1280,
566,
851,
1272,
688,
1009,
459,
441,
1265,
793,
670,
319,
478,
398,
1360,
1264,
661,
449,
611,
501,
351,
454,
517,
1038,
477,
104,
463,
899,
419,
454,
1360,
462,
465,
302,
401,
432,
1553,
445,
918,
364,
163,
536,
408,
486,
722,
418,
352,
316,
934,
655,
1546,
711,
203,
145,
1543,
660,
1537,
146,
1427,
113,
712,
728,
324,
1485,
1201,
368,
616,
1402,
670,
367,
630,
1283,
341,
641,
335,
974,
266,
928,
1011,
1493,
706,
616,
315,
1175,
1171,
936,
614,
230,
1114,
737,
1250,
1319,
211,
230,
74,
239,
1153,
1384,
1157,
453,
223,
429,
492,
1440,
422,
483,
947,
224,
208,
489,
614,
194,
1430,
372,
1207,
888,
970,
290,
359,
1265,
312,
1198,
272,
267,
1194,
809,
180,
706,
1395,
1137,
1446,
767,
319,
525,
711,
766,
1381,
193,
725,
699,
652,
574,
78,
766,
1231,
704,
794,
566,
153,
568,
755,
697,
537,
1441,
411,
173,
310,
115,
380,
586,
647,
362,
191,
1474,
344,
626,
341,
177,
322,
156,
688,
672,
616,
681,
651,
376,
653,
428,
605,
656,
352,
375,
563,
546,
796,
385,
371,
84,
458,
243,
332,
355,
336,
733,
143,
800,
488,
792,
207,
260,
833,
779,
912,
493,
478,
527,
785,
211,
603,
826,
604,
435,
188,
744,
433,
741,
299,
1231,
183,
640,
750,
253,
738,
425,
414,
1023,
417,
1379,
1338,
695,
549,
268,
1386,
540,
236,
254,
720,
906,
1308,
832,
1357,
1359,
1107,
524,
671,
1330,
597,
477,
631,
188,
1307,
1492,
616,
830,
538,
577,
1370,
587,
1320,
1093,
538,
1342,
652,
476,
570,
870,
542,
611,
549,
996,
1220,
457,
619,
179,
1298,
1050,
611,
502,
583,
265,
221,
940,
828,
612,
616,
482,
1022,
539,
664,
585,
579,
527,
481,
902,
286,
809,
496,
236,
479,
920,
522,
1210,
886,
996,
460,
1170,
609,
833,
446,
631,
1189,
451,
1169,
581,
498,
441,
1301,
252,
494,
429,
491,
1340,
509,
798,
531,
527,
425,
580,
510,
763,
913,
235,
1009,
506,
708,
1176,
985,
516,
970,
197,
564,
532,
606,
479,
506,
763,
513,
688,
492,
1024,
205,
386,
575,
425,
487,
1026,
371,
802,
680,
528,
496,
1034,
468,
215,
495,
1029,
732,
192,
663,
467,
227,
1001,
367,
400,
661,
692,
372,
811,
1368,
449,
772,
392,
399,
378,
842,
560,
361,
377,
992,
525,
651,
524,
592,
506,
423,
394,
460,
525,
510,
458,
432,
719,
515,
706,
355,
459,
624,
894,
690,
503,
948,
350,
930,
1405,
510,
548,
441,
482,
356,
377,
434,
1452,
592,
687,
703,
1407,
591,
489,
771,
343,
426,
180,
653,
525,
1331,
521,
1321,
1391,
453,
726,
471,
1299,
1365,
1018,
319,
785,
599,
483,
329,
501,
328,
1478,
802,
328,
1303,
634,
195,
478,
485,
178,
321,
494,
416,
575,
471,
312,
537,
1223,
517,
103,
518,
535,
112,
286,
423,
321,
420,
292,
343,
307,
1186,
515,
762,
302,
519,
1211,
617,
111,
292,
135,
1017,
280,
418,
1309,
273,
193,
298,
1499,
206,
1471,
528,
616,
212,
185,
416,
1456,
790,
183,
177,
1023,
1471,
270,
179,
302,
732,
1303,
269,
203,
169,
1289,
505,
156,
176,
701,
264,
517,
169,
773,
648,
1446,
718,
379,
391,
1419,
710,
1287,
163,
702,
630,
1276,
649,
574,
1217,
659,
271,
917,
1262,
383,
764,
1213,
352,
395,
405,
657,
663,
50,
1198,
218,
662,
968,
1041,
1196,
78,
797,
633,
423,
645,
539,
371,
71,
353,
473,
682,
729,
211,
1506,
298,
343,
1395,
285,
46,
612,
178,
765,
329,
1166,
350,
1068,
320,
418,
748,
762,
169,
973,
693,
1228,
315,
694,
772,
314,
1134,
78,
42,
181,
734,
1387,
296,
1653,
867,
1515,
722,
899,
1195,
170,
745,
713,
1598,
170,
860,
482,
432,
109,
106,
87,
685,
250,
534,
1627,
624,
641,
1143,
590,
615,
1137,
619,
832,
623,
723,
83,
888,
939,
1540,
868,
724,
428,
703,
91,
732,
75,
424,
1116,
677,
84,
455,
657,
523,
709,
804,
576,
902,
794,
926,
761,
734,
240,
313,
1474,
704,
589,
240,
482,
593,
455,
704,
741,
936,
621,
1052,
604,
911,
750,
453,
806,
1039,
628,
1242,
637,
446,
582,
529,
220,
456,
637,
544,
337,
550,
677,
1078,
1469,
487,
77,
531,
1043,
551,
885,
299,
546,
1379,
647,
650,
613,
299,
1019,
721,
1451,
1398,
487,
680,
1414,
482,
943,
649,
631,
1531,
1181,
432,
871,
471,
483,
952,
960,
1510,
684,
654,
639,
555,
652,
1161,
499,
222,
1630,
626,
252,
540,
484,
1177,
470,
673,
523,
1176,
485,
808,
470,
1188,
1683,
774,
483,
1360,
585,
479,
787,
559,
1330,
431,
475,
418,
1121,
374,
440,
270,
941,
482,
352,
733,
1499,
711,
831,
924,
1303,
511,
624,
483,
475,
897,
581,
982,
998,
223,
648,
603,
507,
553,
1081,
992,
452,
503,
843,
185,
926,
405,
694,
472,
539,
523,
426,
1227,
1146,
477,
435,
433,
553,
352,
1052,
1503,
751,
626,
568,
504,
558,
1444,
469,
595,
546,
298,
497,
1365,
622,
492,
568,
566,
281,
1225,
1591,
595,
535,
594,
614,
552,
578,
1549,
678,
470,
526,
546,
202,
590,
351,
185,
496,
510,
569,
387,
508,
555,
392,
282,
512,
186,
442,
949,
526,
544,
679,
674,
589,
592,
386,
458,
563,
504,
557,
781,
558,
1445,
586,
888,
465,
495,
684,
560,
379,
576,
1253,
470,
424,
525,
577,
394,
424,
147,
563,
616,
560,
138,
285,
131,
563,
512,
116,
428,
279,
486,
521,
1158,
500,
156,
133,
142,
253,
457,
108,
100,
410,
335,
277,
134,
94,
139,
119,
213,
1090,
91,
138,
452,
315,
968,
994,
910,
535,
220,
80,
210,
1456,
391,
90,
1455,
79,
76,
982,
43,
78,
716,
741,
627,
409,
204,
40,
495,
584,
373,
1587,
434,
1565,
348,
1453,
1449,
1403,
451,
344,
196,
580,
1014,
742,
402,
271,
602,
1332,
963,
1769,
80,
717,
1398,
963,
317,
1457,
166,
860,
1844,
1008,
896,
952,
174,
340,
442,
966,
662,
1092,
67,
956,
433,
656,
1848,
921,
375,
415,
1313,
391,
726,
404,
1064,
505,
1874,
371,
406,
587,
176,
366,
601,
581,
426,
429,
1880,
910,
203,
1688,
1684,
222,
772,
325,
211,
119,
365,
1278,
84,
793,
110,
117,
269,
866,
403,
765,
79,
914,
246,
720,
861,
1494,
802,
404,
776,
709,
1342,
523,
798,
740,
405,
1558,
602,
431,
479,
333,
1863,
684,
778,
477,
258,
581,
357,
477,
785,
336,
370,
349,
676,
602,
1196,
76,
564,
218,
611,
370,
307,
710,
216,
660,
477,
663,
474,
336,
463,
579,
396,
457,
644,
425,
302,
940,
1067,
329,
72,
420,
419,
798,
604,
407,
327,
788,
791,
988,
826,
636,
619,
750,
668,
263,
788,
1069,
809,
635,
799,
414,
491,
455,
593,
883,
979,
270,
444,
317,
1133,
685,
996,
339,
571,
361,
489,
377,
606,
221,
614,
207,
606,
747,
363,
660,
651,
605,
257,
391,
467,
213,
583,
1009,
597,
925,
597,
220,
1174,
296,
79,
882,
554,
339,
1328,
584,
915,
604,
477,
1320,
633,
472,
541,
1332,
1805,
499,
751,
628,
495,
524,
864,
605,
466,
944,
659,
1465,
481,
651,
256,
942,
1609,
636,
1285,
674,
577,
1801,
678,
753,
476,
566,
871,
1234,
667,
303,
585,
1046,
635,
1635,
548,
1334,
567,
722,
539,
563,
513,
853,
1656,
1074,
490,
1084,
482,
679,
816,
707,
507,
573,
582,
531,
794,
566,
1242,
1172,
1177,
1019,
1706,
630,
705,
1180,
650,
1309,
1126,
748,
678,
344,
1031,
665,
1553,
520,
584,
972,
571,
825,
381,
188,
510,
761,
569,
956,
251,
1663,
671,
1080,
514,
343,
371,
1571,
1059,
683,
728,
786,
773,
526,
434,
694,
548,
473,
860,
728,
191,
172,
547,
545,
479,
117,
498,
445,
552,
855,
437,
940,
278,
329,
1000,
527,
452,
1138,
211,
1190,
696,
803,
748,
692,
836,
885,
949,
627,
264,
831,
864,
724,
541,
613,
601,
711,
753,
1055,
539,
447,
655,
795,
1781,
1055,
811,
405,
1237,
884,
812,
559,
1058,
206,
729,
1763,
852,
833,
645,
500,
810,
753,
833,
507,
666,
712,
649,
454,
835,
659,
559,
795,
532,
639,
1769,
941,
473,
606,
1003,
428,
496,
512,
1765,
917,
874,
627,
751,
1751,
518,
702,
503,
633,
721,
645,
1530,
571,
685,
1387,
707,
132,
156,
1517,
691,
1516,
1268,
207,
214,
198,
1172,
514,
684,
170,
83,
1265,
665,
715,
1786,
1016,
703,
1325,
554,
919,
745,
460,
529,
1061,
71,
224,
1999,
957,
1756,
530,
224,
1711,
1733,
185,
183,
1371,
1119,
669,
539,
177,
532,
703,
1311,
1147,
176,
1182,
783,
1170,
416,
450,
1265,
85,
1185,
1026,
163,
347,
1235,
457,
277,
975,
765,
414,
445,
825,
793,
453,
1553,
803,
1186,
429,
476,
1393,
2004,
941,
789,
450,
481,
1175,
1094,
787,
1311,
445,
801,
1230,
487,
1017,
69,
1033,
674,
1074,
306,
688,
993,
866,
1055,
763,
974,
1454,
981,
1007,
951,
73,
323,
993,
191,
1066,
746,
189,
926,
168,
900,
895,
888,
146,
469,
1066,
148,
768,
757,
943,
432,
128,
153,
571,
121,
1064,
762,
86,
1393,
124,
1110,
80,
896,
700,
1770,
507,
1579,
711,
982,
78,
476,
691,
881,
635,
376,
742,
779,
1716,
178,
937,
894,
652,
683,
725,
869,
508,
234,
267,
754,
762,
673,
489,
1014,
241,
249,
743,
79,
544,
175,
633,
660,
837,
671,
475,
1181,
1037,
815,
882,
177,
99,
926,
511,
718,
861,
719,
1832,
837,
717,
665,
850,
462,
865,
1038,
1772,
642,
940,
1171,
1836,
1812,
1868,
755,
797,
699,
831,
812,
906,
466,
461,
1654,
468,
1013,
1086,
819,
796,
1839,
321,
698,
816,
899,
903,
692,
673,
668,
689,
635,
193,
1651,
668,
189,
1162,
1616,
744,
702,
1048,
1638,
868,
646,
1588,
1822,
1796,
1064,
1864,
607,
1835,
1106,
1180,
652,
890,
1517,
1394,
1831,
1076,
652,
579,
611,
639,
631,
591,
670,
663,
536,
591,
560,
1842,
564,
646,
1854,
677,
994,
529,
1343,
1870,
664,
393,
527,
962,
630,
542,
1822,
618,
815,
1863,
1095,
1919,
747,
1089,
814,
1874,
667,
165,
1064,
1896,
610,
623,
241,
1032,
1920,
868,
1407,
543,
505,
1336,
659,
458,
536,
1796,
587,
589,
288,
754,
1017,
572,
286,
1866,
1047,
1787,
722,
614,
1810,
1318,
166,
1025,
472,
53,
1307,
282,
610,
962,
1224,
648,
702,
530,
552,
446,
264,
1905,
1728,
888,
324,
693,
572,
516,
263,
271,
671,
430,
1566,
578,
480,
914,
479,
865,
705,
171,
447,
202,
908,
942,
1110,
421,
549,
865,
258,
452,
131,
470,
757,
1004,
1800,
181,
1081,
516,
906,
449,
1169,
507,
165,
156,
2121,
478,
635,
479,
99,
153,
1147,
500,
798,
439,
740,
505,
1141,
999,
1756,
468,
153,
436,
163,
688,
1902,
1770,
596,
496,
74,
144,
723,
564,
420,
136,
810,
845,
1208,
622,
609,
884,
1462,
574,
525,
137,
901,
1445,
400,
1386,
1434,
136,
792,
942,
373,
399,
857,
405,
581,
137,
123,
434,
40,
458,
715,
1027,
1246,
414,
936,
620,
900,
1155,
1455,
2136,
1243,
919,
13,
1454,
702,
2135,
1012,
745,
1171,
2141,
1031,
1078,
607,
743,
1664,
423,
1384,
730,
920,
75,
1106,
233,
565,
578,
988,
218,
385,
39,
1469,
330,
1982,
628,
294,
198,
284,
881,
327,
886,
185,
1098,
387,
715,
226,
43,
725,
195,
1355,
182,
189,
1169,
712,
1698,
704,
263,
1333,
1380,
390,
176,
639,
724,
1480,
978,
297,
1522,
309,
442,
250,
971,
358,
247,
721,
1505,
1684,
959,
1809,
133,
728,
1096,
1499,
346,
1140,
313,
131,
233,
1233,
245,
137,
307,
264,
232,
1469,
853,
878,
1085,
333,
350,
796,
1994,
251,
1044,
319,
768,
1958,
740,
478,
324,
344,
278,
1141,
251,
155,
1744,
667,
1152,
775,
1739,
355,
151,
804,
1394,
373,
189,
172,
116,
1273,
413,
177,
392,
654,
1282,
371,
376,
1121,
575,
428,
140,
1198,
673,
96,
407,
1016,
1040,
94,
778,
243,
988,
1023,
617,
226,
1077,
422,
518,
1033,
399,
1372,
995,
663,
364,
233,
911,
1096,
1329,
891,
885,
505,
351,
473,
477,
140,
337,
470,
217,
1776,
324,
1766,
683,
1396,
558,
1772,
505,
770,
1242,
769,
1229,
885,
330,
712,
2208,
1445,
840,
713,
1251,
1491,
1190,
1126,
1080,
1028,
612,
1258,
1010,
574,
1076,
517,
237,
1579,
941,
1333,
530,
885,
1256,
967,
595,
991,
518,
1248,
992,
147,
542,
610,
535,
797,
813,
2172,
144,
897,
1405,
473,
1462,
484,
967,
465,
403,
973,
476,
1152,
851,
901,
1332,
158,
951,
957,
896,
1240,
950,
1014,
134,
1775,
1711,
733,
798,
878,
844,
1247,
888,
1000,
1099,
938,
1124,
993,
127,
506,
731,
1223,
849,
206,
174,
870,
815,
694,
727,
144,
935,
134,
672,
573,
931,
840,
141,
896,
809,
910,
923,
972,
817,
161,
126,
890,
833,
712,
118,
615,
807,
1381,
779,
832,
524,
123,
758,
707,
415,
694,
707,
119,
861,
108,
687,
751,
700,
559,
708,
571,
96,
896,
535,
684,
94,
1066,
879,
401,
474,
889,
693,
48,
677,
1207,
1430,
1450,
46,
910,
635,
1404,
1449,
254,
844,
994,
1495,
940,
1504,
295,
1056,
788,
415,
1060,
884,
292,
1397,
337,
929,
1378,
903,
322,
853,
876,
1293,
1037,
1137,
842,
179,
811,
1034,
542,
1497,
1120,
237,
1382,
789,
81,
313,
85,
878,
176,
805,
804,
81,
695,
751,
741,
668,
656,
212,
631,
1083,
668,
581,
1165,
216,
558,
609,
588,
79,
652,
1122,
1497,
986,
935,
606,
1131,
627,
580,
957,
881,
402,
996,
260,
352,
526,
583,
1551,
1499,
1693,
1269,
921,
324,
312,
757,
310,
1913,
571,
248,
321,
244,
1690,
514,
513,
262,
917,
1053,
964,
1571,
195,
943,
561,
1861,
1566,
2155,
548,
968,
939,
1716,
1509,
1265,
1004,
990,
1176,
1165,
848,
781,
823,
955,
1223,
1220,
190,
1368,
866,
848,
1073,
870,
2151,
618,
1509,
377,
948,
283,
866,
1079,
849,
177,
648,
319,
206,
894,
831,
217,
291,
1076,
645,
1082,
130,
1374,
931,
1200,
1191,
568,
638,
742,
576,
1200,
437,
1008,
1145,
656,
1255,
153,
838,
391,
2023,
2309,
712,
175,
243,
1070,
733,
1067,
1188,
738,
659,
2232,
319,
1025,
368,
1547,
556,
1256,
835,
1383,
1245,
358,
918,
935,
782,
815,
1058,
908,
1102,
2179,
1095,
774,
259,
1089,
1081,
1079,
1119,
1315,
1347,
1292,
664,
261,
1119,
1025,
1012,
774,
2201,
699,
1700,
1221,
836,
1033,
369,
1344,
857,
1193,
1253,
1525,
1608,
1577,
1382,
2246,
1407,
2042,
1335,
997,
1186,
489,
742,
724,
399,
412,
1110,
908,
985,
915,
1099,
760,
1021,
2072,
855,
711,
2060,
702,
785,
1030,
1655,
488,
1035,
825,
1234,
2216,
1111,
1334,
487,
945,
905,
985,
914,
1750,
1230,
1118,
773,
855,
288,
982,
634,
2000,
2251,
1247,
778,
1016,
737,
1515,
772,
593,
469,
291,
642,
871,
2118,
1370,
1050,
567,
643,
787,
1274,
719,
745,
791,
436,
309,
640,
777,
738,
954,
1562,
603,
503,
527,
683,
624,
1013,
540,
452,
671,
903,
666,
742,
683,
1120,
745,
692,
1848,
1013,
1004,
729,
699,
568,
836,
1114,
838,
742,
736,
532,
1081,
1165,
1000,
695,
446,
1303,
643,
1038,
678,
1254,
634,
688,
1020,
351,
961,
728,
271,
714,
886,
1241,
960,
1974,
615,
270,
958,
596,
1015,
580,
947,
715,
203,
889,
788,
208,
503,
986,
187,
787,
784,
947,
925,
779,
638,
742,
538,
471,
853,
157,
755,
478,
667,
467,
885,
145,
742,
184,
408,
762,
105,
776,
680,
722,
606,
105,
542,
811,
710,
778,
790,
148,
764,
735,
786,
467,
962,
754,
1488,
602,
467,
82,
595,
408,
1485,
963,
825,
1293,
280,
509,
364,
643,
1617,
832,
422,
567,
421,
1616,
775,
348,
700,
409,
1224,
970,
576,
746,
889,
354,
812,
886,
1063,
53,
722,
722,
961,
700,
1406,
454,
1063,
812,
726,
692,
693,
1466,
1692,
1539,
1449,
1391,
1324,
886,
808,
849,
1461,
695,
1051,
1011,
611,
864,
1023,
1565,
857,
581,
1799,
761,
874,
79,
610,
674,
1509,
1488,
367,
876,
677,
823,
875,
646,
665,
1609,
585,
601,
2347,
353,
326,
1494,
1748,
337,
696,
298,
1420,
750,
937,
856,
1781,
670,
291,
320,
999,
283,
330,
368,
1084,
290,
688,
329,
2337,
869,
339,
326,
1677,
666,
577,
388,
1091,
377,
994,
72,
654,
356,
332,
201,
712,
450,
1512,
362,
421,
447,
296,
1016,
350,
1038,
440,
414,
1769,
783,
240,
439,
276,
257,
78,
438,
257,
289,
189,
81,
884,
187,
236,
446,
488,
438,
287,
2291,
111,
86,
1317,
183,
1589,
1293,
80,
479,
112,
840,
1290,
121,
123,
1529,
1039,
460,
1303,
1250,
1153,
510,
1057,
965,
1540,
1472,
744,
1533,
776,
1059,
906,
744,
717,
901,
940,
606,
936,
725,
907,
740,
934,
828,
469,
2276,
564,
725,
941,
721,
705,
744,
633,
1918,
884,
1327,
671,
937,
1317,
713,
1211,
1668,
926,
2182,
803,
2187,
1677,
908,
1577,
1489,
650,
1788,
900,
934,
794,
835,
730,
2031,
1311,
429,
928,
1687,
1353,
1799,
884,
1508,
536,
1195,
990,
618,
567,
502,
934,
589,
931,
1220,
817,
1544,
1759,
1161,
674,
398,
2303,
807,
588,
603,
731,
1690,
1664,
904,
590,
750,
639,
558,
589,
857,
842,
1336,
1640,
705,
926,
1678,
544,
772,
1498,
944,
587,
433,
509,
569,
903,
1142,
497,
859,
1666,
872,
1132,
776,
1262,
591,
701,
698,
1182,
862,
772,
535,
923,
676,
772,
1529,
1098,
570,
782,
1541,
854,
746,
647,
927,
631,
643,
1207,
779,
783,
824,
853,
1216,
716,
554,
502,
643,
814,
839,
460,
351,
684,
1134,
642,
709,
969,
847,
1160,
542,
1683,
460,
1164,
431,
1607,
847,
1554,
690,
776,
1222,
1092,
644,
1043,
850,
579,
1467,
1418,
769,
760,
976,
1566,
192,
1173,
1522,
647,
1102,
671,
950,
714,
946,
193,
633,
437,
924,
454,
1004,
171,
480,
436,
871,
977,
974,
436,
161,
747,
167,
434,
967,
458,
141,
998,
111,
1362,
429,
977,
534,
405,
467,
993,
602,
405,
764,
1477,
101,
403,
1210,
85,
960,
98,
707,
393,
589,
850,
381,
617,
87,
418,
907,
380,
407,
1802,
569,
564,
361,
612,
312,
1803,
335,
874,
78,
265,
224,
1251,
699,
694,
1001,
226,
535,
630,
615,
261,
897,
659,
78,
780,
568,
77,
869,
999,
480,
872,
945,
308,
555,
695,
71,
553,
1273,
888,
1548,
548,
537,
553,
535,
1477,
545,
1084,
1433,
758,
1370,
1651,
1341,
79,
1189,
1611,
474,
1389,
1359,
246,
1710,
1297,
1451,
1295,
1381,
1888,
889,
1791,
1018,
1435,
746,
714,
1216,
926,
857,
787,
1017,
1654,
1024,
131,
889,
868,
1587,
1300,
959,
1012,
965,
942,
955,
973,
882,
592,
87,
1118,
75,
831,
877,
992,
80,
922,
2545,
870,
1630,
477,
1545,
473,
637,
458,
872,
959,
893,
1472,
2577,
943,
2468,
676,
1695,
625,
938,
624,
1327,
821,
933,
847,
1345,
624,
824,
798,
842,
752,
1010,
597,
884,
625,
900,
746,
762,
1659,
1944,
893,
352,
625,
570,
742,
765,
1660,
856,
713,
201,
570,
775,
1251,
628,
613,
872,
853,
508,
869,
598,
931,
597,
482,
670,
921,
1039,
553,
461,
743,
347,
380,
761,
485,
789,
684,
372,
816,
928,
694,
1688,
364,
350,
1741,
691,
1202,
2679,
539,
476,
432,
768,
1238,
352,
668,
196,
500,
368,
519,
676,
473,
484,
1230,
398,
512,
389,
309,
376,
430,
772,
330,
500,
671,
340,
510,
519,
866,
484,
488,
496,
502,
538,
478,
565,
482,
1171,
192,
704,
189,
751,
755,
536,
722,
1105,
828,
471,
744,
691,
2633,
167,
890,
236,
1598,
611,
756,
391,
720,
1032,
1653,
1708,
787,
188,
1273,
1804,
635,
589,
170,
174,
1141,
505,
165,
403,
169,
160,
568,
155,
1074,
150,
688,
849,
678,
154,
687,
684,
140,
603,
951,
138,
2591,
661,
927,
619,
691,
699,
626,
576,
140,
208,
508,
205,
381,
808,
295,
236,
244,
369,
182,
118,
1110,
242,
944,
291,
142,
805,
890,
937,
113,
1008,
1159,
799,
125,
143,
1249,
777,
389,
338,
173,
148,
168,
539,
114,
720,
257,
146,
1059,
113,
117,
1228,
810,
982,
85,
257,
1128,
276,
106,
238,
858,
274,
1002,
1432,
825,
591,
793,
757,
587,
755,
229,
1066,
862,
857,
82,
833,
589,
741,
282,
665,
820,
859,
832,
653,
546,
782,
790,
856,
827,
1156,
843,
741,
824,
372,
548,
814,
855,
884,
819,
988,
83,
834,
640,
789,
665,
657,
830,
639,
403,
597,
814,
1112,
809,
317,
80,
631,
802,
855,
728,
731,
352,
336,
1591,
726,
792,
851,
830,
2179,
235,
1289,
740,
610,
689,
62,
849,
514,
697,
341,
318,
281,
277,
612,
847,
192,
554,
210,
698,
726,
174,
718,
310,
159,
366,
240,
266,
138,
618,
94,
553,
126,
434,
176,
128,
1023,
994,
725,
1010,
778,
690,
2638,
1347,
1792,
865,
919,
1472,
1678,
810,
937,
1338,
494,
854,
903,
403,
905,
437,
364,
818,
868,
1794,
447,
693,
1340,
399,
812,
692,
287,
427,
951,
812,
704,
1269,
696,
758,
729,
1610,
865,
78,
759,
671,
759,
81,
1650,
758,
1622,
814,
2616,
748,
1613,
377,
774,
956,
759,
759,
1930,
798,
333,
962,
809,
383,
862,
496,
358,
1217,
1135,
356,
1256,
380,
375,
81,
711,
852,
371,
363,
633,
839,
354,
1171,
350,
910,
759,
323,
770,
376,
1070,
647,
1437,
344,
347,
881,
1297,
1399,
217,
1570,
588,
1494,
334,
364,
204,
1183,
884,
704,
764,
1353,
497,
363,
1034,
343,
366,
77,
369,
421,
1274,
378,
384,
350,
195,
1546,
184,
378,
977,
1417,
368,
820,
342,
380,
140,
1026,
343,
356,
397,
1418,
74,
833,
343,
933,
342,
369,
335,
135,
688,
1446,
1388,
772,
407,
2174,
131,
151,
369,
1103,
1100,
363,
390,
1147,
121,
464,
1081,
145,
357,
1852,
1443,
105,
356,
416,
1724,
132,
379,
388,
849,
1157,
560,
1601,
102,
319,
1979,
1346,
1471,
925,
118,
906,
326,
189,
855,
1611,
50,
1138,
1439,
1687,
1986,
1397,
805,
1019,
448,
46,
1128,
188,
1027,
964,
209,
1623,
1803,
289,
175,
2877,
378,
973,
1171,
1441,
1117,
1618,
1327,
175,
943,
302,
871,
2191,
1961,
1773,
838,
44,
1397,
1287,
759,
162,
856,
955,
422,
158,
96,
817,
2127,
939,
798,
148,
1994,
830,
828,
361,
923,
139,
343,
1414,
816,
147,
767,
1361,
1981,
137,
802,
131,
1990,
664,
112,
669,
179,
192,
1186,
170,
144,
500,
505,
790,
118,
788,
975,
87,
820,
944,
1012,
944,
73,
1001,
832,
788,
949,
1014,
964,
908,
764,
992,
54,
991,
1548,
884,
383,
840,
881,
875,
818,
1782,
328,
273,
369,
854,
281,
170,
757,
1767,
248,
259,
838,
1740,
835,
239,
856,
1655,
1728,
215,
156,
1671,
870,
806,
805,
173,
2932,
427,
446,
451,
855,
440,
593,
426,
178,
436,
131,
1011,
129,
1271,
419,
156,
1464,
866,
1471,
100,
442,
1254,
745,
1905,
124,
59,
1847,
1437,
1229,
1296,
1820,
888,
2611,
1812,
432,
101,
1810,
419,
1710,
1004,
2118,
479,
469,
1198,
366,
1255,
475,
383,
1840,
2879,
423,
1714,
379,
1839,
440,
1296,
375,
1509,
373,
1006,
894,
385,
404,
1814,
1045,
1217,
67,
863,
820,
363,
381,
334,
2082,
849,
867,
405,
825,
429,
872,
2538,
441,
808,
374,
510,
378,
494,
1304,
274,
1159,
409,
283,
2063,
2416,
317,
337,
316,
402,
258,
1296,
376,
238,
544,
167,
355,
238,
78,
1787,
237,
340,
213,
459,
1733,
167,
80,
419,
718,
447,
1506,
890,
1088,
1380,
914,
367,
1407,
1661,
526,
450,
393,
1098,
1503,
1511,
1320,
386,
901,
1576,
449,
2142,
909,
850,
1103,
440,
1525,
418,
1802,
1456,
1031,
1576,
310,
1598,
998,
343,
377,
955,
372,
333,
1530,
287,
1736,
1054,
357,
565,
393,
586,
939,
1048,
180,
1752,
1634,
557,
382,
1675,
1691,
251,
1742,
862,
524,
1617,
1099,
345,
1768,
1141,
956,
930,
330,
937,
1148,
667,
1668,
308,
1812,
1326,
1114,
500,
1581,
1057,
304,
604,
503,
1607,
591,
1417,
889,
947,
199,
188,
905,
1569,
177,
1694,
566,
855,
508,
889,
1596,
1173,
924,
557,
157,
945,
923,
1695,
932,
1594,
41,
642,
1098,
1594,
169,
842,
1779,
155,
1694,
1929,
149,
1238,
1197,
544,
143,
159,
1177,
829,
902,
139,
934,
843,
1910,
623,
104,
1857,
620,
960,
655,
1932,
851,
994,
1693,
636,
1617,
415,
951,
404,
343,
187,
104,
95,
307,
163,
1870,
99,
1184,
1182,
178,
439,
704,
917,
858,
138,
86,
146,
1751,
40,
117,
1610,
41,
1156,
1148,
114,
844,
838,
93,
97,
1580,
92,
723,
726,
366,
1597,
1010,
93,
475,
1768,
456,
1597,
1704,
534,
3028,
416,
90,
1789,
2545,
1515,
552,
436,
492,
1443,
564,
558,
528,
232,
393,
330,
304,
557,
1445,
584,
280,
1932,
571,
268,
343,
266,
441,
316,
296,
42,
267,
490,
1600,
348,
415,
865,
478,
248,
363,
282,
358,
196,
202,
437,
262,
246,
308,
380,
254,
1722,
604,
445,
1636,
242,
263,
577,
1765,
1505,
325,
196,
195,
314,
382,
530,
1558,
362,
1638,
220,
172,
286,
993,
321,
1283,
1835,
273,
315,
253,
176,
211,
300,
1805,
1024,
534,
138,
1738,
709,
1828,
721,
1733,
447,
118,
122,
1714,
256,
384,
1343,
266,
828,
75,
813,
247,
93,
811,
1841,
1617,
307,
504,
532,
301,
493,
1838,
1533,
338,
271,
1624,
327,
294,
520,
1667,
253,
1495,
1658,
1609,
73,
1622,
268,
1839,
355,
202,
1014,
352,
347,
241,
1008,
1029,
345,
590,
550,
340,
1002,
1339,
333,
723,
1864,
242,
1843,
602,
390,
570,
1660,
168,
1101,
556,
1740,
547,
339,
566,
1558,
1034,
1749,
184,
1022,
340,
993,
917,
333,
1864,
1121,
1690,
308,
987,
1761,
1614,
303,
1891,
1091,
599,
299,
1012,
1886,
326,
2006,
956,
773,
471,
986,
719,
302,
962,
401,
607,
2328,
551,
314,
1664,
581,
547,
950,
394,
1343,
358,
728,
962,
31,
403,
606,
496,
1473,
515,
561,
1892,
1778,
186,
1909,
1756,
1878,
181,
1028,
1901,
2355,
246,
1844,
181,
498,
2135,
170,
736,
1326,
356,
2216,
338,
301,
562,
693,
944,
1135,
1840,
501,
1341,
359,
618,
2273,
630,
737,
147,
39,
1888,
960,
363,
487,
141,
1276,
297,
137,
2168,
932,
1881,
1737,
1910,
121,
2226,
938,
694,
411,
1492,
588,
2038,
1262,
936,
2388,
964,
727,
1810,
1512,
604,
912,
102,
511,
109,
921,
390,
1686,
102,
769,
1674,
101,
1884,
291,
575,
915,
63,
646,
546,
2387,
1911,
590,
1686,
212,
458,
968,
2174,
163,
952,
2344,
151,
1603,
1012,
402,
75,
2135,
70,
348,
1791,
325,
1434,
146,
246,
367,
1529,
342,
105,
1525,
475,
112,
103,
2250,
393,
1622,
583,
94,
590,
2188,
587,
576,
80,
375,
1810,
1924,
405,
349,
267,
258,
377,
1328,
1967,
2024,
1639,
1738,
292,
1720,
80,
73,
452,
229,
1749,
2266,
290,
280,
401,
284,
259,
248,
1736,
594,
392,
608,
74,
20,
600,
301,
597,
296,
72,
391,
597,
995,
586,
597,
307,
1066,
976,
196,
581,
1073,
1430,
196,
20,
306,
703,
161,
487,
403,
369,
394,
1339,
1935,
1498,
116,
610,
1760,
1815,
104,
413,
1379,
307,
137,
1509,
1845,
109,
1939,
1925,
1929,
1484,
641,
424,
1822,
451,
2380,
603,
1896,
610,
575,
623,
2327,
925,
383,
911,
717,
294,
46,
356,
394,
291,
664,
756,
727,
1910,
287,
54,
1842,
515,
79,
1306,
2131,
1010,
890,
1991,
1432,
1135,
1445,
365,
708,
547,
186,
1095,
558,
2433,
1812,
508,
188,
426,
1109,
707,
1875,
579,
1493,
2051,
1086,
180,
902,
485,
174,
574,
744,
792,
660,
478,
174,
740,
1717,
995,
378,
1443,
154,
2211,
499,
666,
727,
761,
611,
1094,
717,
767,
692,
107,
900,
1461,
1477,
843,
846,
1451,
497,
646,
884,
856,
819,
953,
98,
919,
892,
475,
741,
486,
465,
751,
245,
95,
812,
565,
1459,
711,
719,
743,
547,
905,
2360,
206,
843,
726,
1437,
235,
1461,
2510,
734,
48,
924,
739,
880,
251,
913,
764,
917,
198,
42,
197,
931,
1465,
1175,
194,
189,
713,
192,
181,
720,
170,
192,
189,
58,
665,
836,
202,
1940,
208,
1769,
169,
2267,
181,
178,
176,
166,
718,
153,
2123,
1746,
164,
32,
176,
418,
44,
474,
181,
140,
519,
355,
751,
586,
128,
174,
140,
107,
519,
533,
2246,
105,
494,
532,
48,
111,
544,
421,
488,
428,
387,
464,
78,
45,
1134,
407,
1426,
574,
598,
874,
436,
386,
1881,
830,
445,
592,
1425,
873,
308,
510,
843,
295,
1327,
2206,
78,
353,
599,
2288,
78,
601,
3522,
619,
557,
178,
179,
899,
125,
3444,
87,
2357,
3213,
575,
524,
613,
908,
2827,
2251,
3024,
535,
1289,
694,
3456,
707,
12,
3456,
622,
588,
84,
523,
2254,
932,
2268,
643,
2246,
65,
538,
2241,
608,
608,
2217,
74,
1207,
674,
1333,
867,
541,
2294,
1202,
958,
1628,
2397,
1176,
2378,
2388,
2355,
1053,
1240,
958,
2318,
711,
1041,
929,
927,
919,
917,
2317,
2012,
912,
575,
2354,
907,
905,
2353,
471,
1206,
1177,
698,
2375,
973,
2386,
1216,
1254,
2361,
23,
1181,
1172,
1152,
977,
1003,
689,
988,
730,
2022,
1182,
530,
787,
702,
613,
947,
634,
959,
794,
778,
679,
683,
689,
662,
615,
586,
596,
679,
1123,
611,
696,
595,
1007,
692,
671,
758,
202,
1411,
2342,
1095,
213,
616,
625,
37,
205,
202,
182,
31,
191,
1825,
186,
1020,
131,
1415,
163,
517,
131,
128,
2569,
975,
913,
2082,
130,
912,
96,
1940,
637,
540,
521,
84,
758,
766,
564,
616,
599,
661,
74,
516,
916,
598,
1004,
769,
788,
451,
129,
964,
601,
696,
594,
74,
592,
293,
2404,
620,
626,
625,
80,
604,
79,
761,
984,
998,
2829,
3143,
648,
636,
681,
593,
1007,
1951,
629,
742,
776,
607,
75,
1950,
593,
853,
600,
511,
1949,
526,
774,
789,
498,
516,
692,
520,
512,
504,
1942,
634,
188,
636,
670,
390,
470,
432,
21,
427,
539,
532,
1406,
410,
543,
2593,
120,
519,
150,
659,
2455,
215,
91,
503,
517,
2564,
546,
438,
640,
89,
515,
2305,
76,
1130,
2515,
683,
504,
687,
788,
802,
88,
1739,
2158,
511,
34,
527,
1698,
756,
663,
513,
546,
87,
1000,
624,
74,
73,
2371,
1002,
72,
2384,
543,
1000,
593,
760,
385,
2555,
115,
2450,
2099,
2449,
2083,
124,
2458,
583,
1744,
1210,
2391,
2131,
1234,
559,
2115,
579,
2463,
542,
2341,
84,
2325,
1945,
113,
2342,
1080,
28,
98,
685,
1139,
758,
818,
740,
607,
656,
681,
779,
1703,
822,
1168,
569,
813,
1071,
721,
178,
589,
615,
596,
1110,
1183,
718,
812,
748,
743,
738,
586,
1313,
1208,
906,
582,
617,
791,
770,
607,
890,
848,
732,
855,
580,
2159,
830,
741,
1338,
2453,
839,
861,
961,
844,
804,
784,
3320,
2434,
2454,
2446,
2413,
836,
2446,
760,
796,
764,
1099,
856,
915,
2446,
837,
1154,
1079,
740,
183,
878,
403,
701,
781,
952,
1146,
1123,
2433,
2405,
395,
742,
735,
2470,
167,
165,
135,
1085,
1341,
424,
763,
1101,
222,
967,
407,
150,
204,
405,
155,
395,
387,
805,
705,
138,
369,
681,
2039,
138,
243,
148,
2158,
133,
961,
375,
369,
131,
135,
126,
364,
420,
121,
794,
2692,
360,
2212,
638,
2359,
356,
122,
607,
2649,
354,
672,
2629,
1662,
967,
619,
93,
2044,
2118,
578,
582,
2465,
81,
107,
550,
790,
787,
56,
2118,
2384,
2523,
573,
430,
2443,
434,
322,
516,
77,
216,
816,
566,
77,
455,
971,
481,
717,
2791,
867,
667,
516,
2776,
496,
783,
471,
2753,
489,
766,
546,
796,
200,
709,
592,
883,
2475,
692,
503,
2841,
647,
516,
1161,
562,
3230,
2431,
1207,
2326,
967,
2267,
998,
2265,
2262,
751,
781,
639,
2322,
757,
837,
2596,
3303,
173,
2445,
709,
754,
2593,
214,
480,
175,
864,
630,
186,
37,
175,
1282,
316,
171,
2731,
162,
169,
86,
474,
83,
1696,
1618,
740,
4100,
99,
711,
729,
137,
676,
673,
537,
561,
3298,
890,
906,
622,
545,
2516,
504,
113,
565,
79,
2360,
3976,
1745,
1725,
911,
872,
682,
84,
1728,
769,
1282,
532,
877,
248,
531,
1072,
1258,
907,
763,
2212,
92,
525,
1118,
523,
250,
952,
867,
238,
905,
762,
2211,
1441,
712,
2207,
87,
791,
2200,
528,
923,
883,
2193,
867,
1228,
1211,
2190,
884,
789,
808,
752,
827,
516,
852,
2186,
740,
714,
917,
878,
699,
1298,
870,
893,
2182,
689,
517,
265,
379,
505,
2181,
197,
782,
745,
616,
928,
790,
590,
2058,
718,
977,
497,
933,
686,
690,
2053,
1299,
710,
1178,
517,
706,
514,
965,
823,
651,
2053,
473,
511,
869,
2052,
579,
887,
783,
808,
441,
509,
366,
371,
792,
1264,
356,
610,
868,
491,
918,
3219,
916,
692,
461,
952,
933,
722,
628,
1303,
883,
685,
533,
714,
288,
907,
589,
220,
497,
679,
316,
313,
744,
783,
807,
813,
247,
781,
306,
1005,
793,
1284,
304,
806,
1128,
802,
300,
512,
454,
290,
1177,
551,
694,
353,
828,
858,
806,
613,
782,
710,
1285,
594,
802,
1274,
353,
789,
344,
826,
781,
594,
863,
771,
179,
1264,
830,
616,
656,
606,
751,
1205,
1137,
178,
1299,
815,
752,
566,
670,
1136,
787,
947,
171,
887,
169,
213,
168,
964,
605,
167,
1135,
215,
781,
265,
725,
162,
494,
168,
406,
158,
343,
313,
225,
712,
645,
640,
157,
571,
160,
145,
155,
567,
123,
558,
503,
139,
515,
555,
294,
342,
138,
739,
510,
929,
157,
344,
357,
116,
114,
139,
62,
248,
865,
121,
137,
292,
112,
535,
139,
2247,
623,
1306,
116,
615,
84,
2263,
75,
597,
43,
849,
39,
657,
649,
934,
75,
55,
472,
1608,
1492,
824,
618,
472,
464,
131,
491,
2326,
502,
469,
2423,
551,
629,
617,
2114,
41,
931,
3529,
694,
551,
375,
2421,
683,
368,
680,
2455,
2176,
620,
2108,
872,
1084,
695,
678,
2260,
704,
74,
1332,
501,
570,
1373,
716,
1215,
518,
75,
887,
1064,
2271,
216,
215,
1400,
268,
1243,
186,
214,
3812,
897,
211,
2417,
577,
194,
102,
510,
196,
2475,
144,
221,
2023,
89,
16,
349,
211,
286,
117,
326,
76,
333,
2158,
2067,
397,
906,
306,
2053,
742,
528,
117,
642,
1708,
498,
469,
2841,
672,
2004,
598,
879,
15,
901,
888,
1928,
923,
20,
2215,
878,
926,
697,
120,
1144,
1059,
1288,
121,
1264,
1272,
1348,
604,
44,
1112,
744,
1296,
601,
597,
1946,
596,
1945,
500,
396,
970,
471,
1650,
685,
638,
730,
298,
582,
652,
456,
583,
637,
571,
706,
2374,
713,
698,
826,
557,
604,
902,
851,
591,
919,
778,
907,
601,
131,
973,
309,
873,
524,
787,
2377,
764,
2401,
199,
949,
2465,
137,
836,
745,
613,
758,
199,
1035,
803,
635,
705,
963,
183,
2219,
361,
617,
991,
976,
802,
916,
317,
491,
1651,
538,
487,
2251,
1140,
181,
474,
645,
530,
838,
705,
812,
909,
354,
530,
670,
146,
706,
486,
512,
381,
676,
733,
386,
1921,
380,
609,
527,
853,
904,
908,
340,
453,
437,
557,
432,
380,
571,
201,
841,
513,
319,
830,
378,
484,
845,
200,
449,
438,
119,
807,
318,
647,
190,
329,
2418,
298,
509,
189,
581,
729,
187,
682,
543,
122,
265,
183,
680,
519,
216,
1493,
1140,
104,
503,
347,
374,
666,
218,
340,
201,
390,
335,
510,
877,
121,
107,
125,
358,
682,
213,
99,
329,
349,
2374,
352,
325,
317,
344,
2629,
100,
97,
733,
340,
310,
87,
513,
151,
198,
364,
80,
335,
79,
116,
777,
129,
124,
128,
75,
299,
775,
94,
730,
77,
915,
998,
394,
65,
74,
854,
703,
77,
680,
367,
70,
333,
328,
708,
340,
399,
638,
258,
2656,
415,
40,
579,
343,
607,
625,
37,
67,
592,
2731,
721,
471,
2847,
254,
482,
2231,
2866,
811,
78,
502,
490,
717,
820,
708,
726,
415,
939,
617,
965,
120,
612,
202,
477,
1234,
717,
129,
464,
1598,
808,
2213,
77,
462,
715,
460,
651,
50,
678,
688,
641,
231,
504,
260,
657,
730,
703,
663,
55,
546,
77,
452,
679,
730,
70,
2267,
58,
51,
277,
2180,
2169,
2799,
3180,
3152,
121,
189,
2675,
1068,
4535,
188,
3180,
2659,
2572,
1510,
973,
2574,
3327,
146,
410,
3139,
3512,
201,
493,
464,
193,
455,
444,
157,
451,
457,
121,
122,
409,
298,
2783,
484,
465,
1388,
484,
96,
4406,
440,
912,
445,
477,
111,
456,
2801,
2569,
453,
2747,
1421,
923,
3775,
484,
85,
918,
455,
84,
2916,
2612,
2677,
685,
368,
308,
3485,
147,
216,
316,
389,
292,
345,
1011,
302,
176,
2325,
2877,
512,
215,
375,
157,
810,
290,
194,
298,
387,
422,
77,
821,
149,
135,
180,
436,
134,
63,
105,
412,
398,
76,
129,
962,
820,
76,
75,
1006,
169,
70,
146,
117,
301,
2896,
146,
256,
136,
1097,
127,
566,
1156,
1355,
300,
1797,
547,
1147,
1372,
838,
1383,
1368,
290,
2745,
922,
834,
103,
1422,
819,
554,
883,
2338,
323,
1094,
88,
807,
632,
962,
457,
907,
996,
774,
1967,
2698,
2669,
981,
2611,
806,
1421,
865,
658,
585,
739,
398,
986,
744,
875,
721,
940,
278,
951,
889,
2400,
1015,
560,
844,
719,
368,
698,
138,
2456,
191,
599,
577,
573,
96,
136,
121,
534,
681,
673,
105,
1114,
671,
1109,
967,
1416,
364,
627,
1442,
2968,
967,
673,
631,
943,
695,
1245,
122,
995,
122,
1412,
957,
190,
1265,
924,
860,
133,
699,
1134,
633,
702,
945,
1149,
922,
1467,
403,
168,
822,
750,
941,
817,
657,
1467,
567,
796,
1274,
405,
781,
645,
740,
484,
87,
639,
165,
2912,
939,
632,
232,
372,
484,
837,
773,
615,
641,
2265,
333,
648,
638,
828,
1466,
1564,
2159,
308,
642,
3590,
411,
405,
801,
185,
150,
162,
2931,
161,
143,
2780,
1597,
108,
83,
2666,
604,
987,
601,
255,
596,
612,
594,
592,
575,
510,
1002,
453,
612,
683,
608,
286,
597,
77,
268,
603,
394,
296,
394,
263,
2557,
2591,
263,
1002,
221,
587,
253,
1268,
544,
612,
252,
211,
694,
456,
655,
249,
545,
247,
415,
535,
554,
515,
543,
508,
624,
516,
498,
468,
514,
175,
609,
151,
408,
467,
211,
623,
153,
175,
560,
481,
566,
944,
464,
761,
621,
536,
427,
1028,
405,
766,
148,
425,
496,
579,
880,
421,
513,
742,
396,
672,
206,
881,
393,
875,
432,
522,
162,
4803,
837,
160,
822,
501,
150,
883,
515,
628,
318,
1102,
149,
256,
318,
255,
611,
461,
867,
439,
762,
146,
901,
744,
1218,
140,
672,
638,
134,
121,
119,
956,
749,
119,
352,
624,
744,
900,
492,
925,
337,
1383,
44,
148,
604,
349,
1154,
85,
108,
584,
2285,
806,
525,
773,
574,
712,
1702,
2141,
564,
600,
892,
660,
578,
1231,
825,
815,
615,
161,
1023,
1594,
1600,
1011,
886,
2553,
792,
346,
1614,
757,
910,
1707,
1445,
774,
592,
959,
1418,
602,
1705,
966,
815,
3121,
2505,
1104,
4213,
959,
563,
1096,
1387,
2381,
582,
2500,
800,
3459,
2722,
1432,
2492,
1100,
958,
1726,
85,
1716,
329,
727,
79,
2774,
1712,
75,
173,
166,
129,
174,
83,
4062,
79,
661,
305,
3460,
2709,
812,
2250,
946,
838,
704,
652,
666,
844,
688,
126,
2500,
2959,
77,
75,
576,
2877,
423,
578,
615,
2706,
795,
848,
647,
696,
676,
3066,
511,
326,
786,
102,
127,
584,
524,
3018,
521,
578,
672,
3011,
727,
880,
512,
634,
720,
1038,
401,
312,
726,
532,
527,
907,
667,
653,
900,
930,
516,
523,
565,
1031,
703,
845,
895,
505,
795,
501,
594,
1833,
642,
505,
310,
4257,
3500,
1390,
502,
424,
728,
300,
518,
549,
894,
284,
2886,
547,
1807,
1038,
566,
195,
609,
698,
189,
3785,
680,
398,
572,
710,
601,
636,
1022,
404,
761,
3296,
322,
492,
1830,
626,
399,
195,
1830,
3159,
586,
735,
550,
179,
407,
546,
917,
534,
903,
1022,
2917,
180,
341,
1028,
729,
743,
536,
488,
161,
369,
671,
424,
1036,
169,
2377,
758,
363,
582,
717,
771,
717,
469,
566,
486,
555,
780,
783,
706,
663,
541,
538,
442,
866,
672,
439,
898,
595,
938,
816,
1151,
536,
187,
413,
470,
493,
1203,
1190,
199,
603,
175,
589,
1092,
989,
726,
566,
594,
167,
568,
634,
971,
3238,
454,
938,
715,
1024,
1332,
368,
806,
781,
776,
500,
688,
2952,
1018,
1097,
723,
938,
664,
1096,
1417,
160,
146,
158,
1082,
603,
150,
746,
535,
3146,
964,
137,
1078,
136,
748,
760,
522,
126,
998,
772,
720,
42,
2975,
568,
654,
550,
1442,
1090,
1488,
558,
588,
463,
3018,
828,
92,
402,
589,
689,
3008,
983,
1063,
961,
1921,
1078,
3000,
1089,
28,
1061,
24,
429,
525,
3070,
3261,
514,
546,
585,
955,
659,
671,
766,
969,
834,
1419,
861,
1078,
616,
707,
814,
608,
1470,
816,
1043,
868,
511,
591,
432,
660,
991,
500,
3266,
749,
178,
1602,
3080,
1905,
615,
979,
560,
1500,
3032,
1513,
180,
1011,
67,
775,
405,
64,
997,
1236,
110,
582,
752,
804,
125,
102,
72,
2933,
585,
3027,
959,
169,
592,
578,
195,
1084,
153,
150,
627,
148,
369,
408,
53,
1098,
3142,
101,
773,
101,
3134,
221,
308,
2925,
102,
99,
1075,
97,
151,
149,
119,
1101,
118,
621,
1936,
736,
83,
697,
601,
620,
806,
618,
3099,
92,
128,
662,
74,
381,
1122,
631,
448,
2753,
654,
448,
634,
620,
986,
137,
625,
482,
481,
641,
747,
512,
646,
704,
252,
436,
697,
495,
42,
464,
287,
3030,
761,
307,
80,
37,
530,
1245,
537,
295,
680,
492,
3131,
3199,
360,
620,
2659,
145,
616,
196,
140,
165,
3141,
478,
782,
119,
347,
3112,
135,
1527,
614,
802,
383,
1571,
770,
3065,
3233,
300,
974,
703,
612,
696,
607,
1451,
954,
599,
340,
457,
598,
667,
597,
2680,
597,
778,
3401,
882,
597,
942,
722,
555,
569,
884,
1089,
321,
447,
1071,
1003,
2723,
441,
554,
1069,
2562,
425,
277,
507,
411,
160,
368,
660,
177,
1098,
1157,
1166,
155,
153,
4355,
687,
3014,
876,
151,
1153,
3795,
152,
65,
421,
126,
795,
644,
62,
267,
1000,
1114,
809,
139,
146,
881,
1107,
615,
653,
569,
1112,
592,
209,
848,
698,
3767,
714,
1472,
694,
356,
1130,
827,
3241,
625,
3387,
587,
3261,
560,
206,
543,
328,
1111,
554,
205,
371,
931,
2868,
936,
1131,
566,
934,
2813,
911,
930,
907,
349,
568,
782,
898,
440,
952,
740,
456,
2068,
553,
915,
962,
934,
342,
1084,
549,
562,
951,
625,
3208,
691,
972,
491,
928,
1098,
2977,
562,
946,
388,
741,
798,
490,
855,
402,
768,
1091,
665,
1225,
746,
1556,
1057,
731,
943,
1040,
1065,
572,
995,
942,
825,
488,
3488,
1250,
1137,
549,
2465,
428,
3057,
962,
979,
620,
606,
3244,
555,
1179,
677,
602,
411,
170,
616,
2606,
423,
582,
767,
180,
3047,
568,
392,
569,
591,
426,
3526,
391,
1013,
606,
712,
3492,
412,
585,
29,
91,
718,
108,
290,
603,
3162,
595,
2834,
630,
121,
101,
609,
688,
581,
619,
83,
586,
394,
3211,
211,
188,
3268,
580,
570,
705,
593,
710,
224,
142,
170,
567,
3074,
164,
619,
563,
144,
586,
561,
3355,
140,
549,
136,
217,
202,
112,
573,
178,
217,
116,
740,
115,
170,
115,
761,
535,
527,
102,
571,
306,
118,
883,
1088,
449,
2045,
1173,
905,
1136,
1134,
923,
574,
299,
670,
749,
81,
186,
183,
325,
183,
157,
120,
155,
114,
4147,
92,
76,
154,
152,
130,
1048,
611,
207,
3298,
1258,
48,
129,
119,
1037,
799,
875,
2178,
118,
480,
669,
37,
1094,
487,
115,
214,
513,
2203,
3591,
1109,
718,
932,
560,
105,
867,
478,
1138,
947,
639,
219,
889,
289,
913,
2201,
2212,
1143,
1163,
719,
265,
277,
819,
108,
966,
907,
1164,
904,
886,
905,
816,
211,
528,
101,
56,
984,
981,
823,
1050,
612,
1170,
4779,
551,
898,
874,
208,
343,
3083,
1177,
985,
999,
2238,
1127,
749,
957,
943,
1078,
929,
948,
902,
935,
892,
853,
784,
779,
780,
532,
890,
842,
835,
3057,
1050,
397,
711,
422,
426,
937,
267,
1170,
360,
921,
461,
940,
1215,
1179,
933,
38,
811,
938,
1812,
1172,
909,
861,
787,
1010,
1194,
850,
563,
427,
431,
454,
787,
339,
1203,
965,
706,
348,
1000,
769,
979,
760,
866,
692,
764,
460,
880,
1099,
2284,
2276,
357,
999,
939,
563,
449,
263,
4318,
167,
152,
583,
382,
448,
148,
121,
388,
2952,
378,
682,
4058,
175,
1030,
442,
141,
742,
110,
176,
156,
96,
459,
742,
766,
205,
463,
3422,
201,
3022,
392,
3019,
2864,
434,
871,
421,
278,
504,
252,
454,
167,
187,
435,
354,
743,
346,
161,
516,
748,
168,
342,
340,
438,
989,
304,
152,
339,
3316,
432,
443,
113,
96,
432,
447,
486,
440,
305,
423,
429,
408,
3687,
86,
422,
3093,
429,
528,
436,
403,
240,
94,
345,
611,
75,
445,
2457,
421,
631,
3242,
3841,
3625,
4888,
655,
1814,
420,
769,
1285,
943,
75,
632,
3554,
2150,
1276,
355,
443,
4047,
421,
3377,
443,
1012,
293,
402,
400,
450,
307,
516,
255,
3496,
390,
390,
715,
1050,
388,
401,
3361,
369,
514,
359,
401,
454,
356,
75,
354,
15,
190,
523,
190,
75,
133,
3431,
543,
431,
331,
771,
163,
312,
159,
152,
769,
273,
1381,
152,
145,
1242,
449,
399,
996,
423,
460,
1263,
145,
595,
134,
482,
487,
493,
1060,
364,
1177,
1167,
920,
874,
1047,
3637,
103,
93,
1149,
1109,
2899,
1270,
3187,
413,
833,
1254,
560,
3396,
393,
521,
1035,
382,
1062,
87,
576,
893,
1074,
474,
615,
372,
2940,
409,
754,
740,
991,
1082,
555,
520,
368,
908,
542,
1088,
400,
590,
943,
349,
460,
538,
900,
502,
618,
566,
723,
356,
1339,
525,
528,
396,
937,
343,
226,
566,
524,
1190,
489,
522,
412,
565,
391,
605,
516,
359,
514,
235,
738,
345,
47,
275,
468,
728,
527,
525,
500,
514,
956,
956,
493,
455,
372,
444,
219,
316,
1183,
231,
422,
201,
412,
758,
525,
959,
439,
1203,
958,
196,
509,
737,
952,
487,
577,
42,
392,
406,
448,
525,
216,
950,
524,
971,
1105,
255,
381,
388,
948,
369,
601,
44,
588,
963,
507,
524,
1509,
1208,
374,
466,
608,
1018,
587,
39,
1310,
1205,
600,
3882,
387,
611,
4294,
171,
523,
3903,
511,
485,
49,
1420,
527,
173,
767,
1350,
146,
56,
450,
394,
140,
41,
363,
139,
443,
462,
466,
540,
330,
43,
186,
428,
287,
458,
56,
304,
423,
253,
172,
153,
773,
765,
586,
296,
1327,
154,
775,
602,
136,
1333,
4322,
114,
119,
694,
4359,
287,
302,
2559,
256,
2427,
272,
106,
80,
1901,
79,
115,
1800,
3361,
518,
80,
78,
37,
56,
524,
3545,
