32,
30,
38,
40,
42,
36,
43,
38,
34,
81,
37,
33,
34,
44,
45,
81,
46,
104,
42,
41,
34,
111,
46,
84,
104,
90,
127,
124,
100,
122,
118,
111,
122,
133,
132,
81,
83,
38,
105,
57,
39,
155,
46,
44,
130,
154,
146,
131,
116,
116,
147,
157,
146,
109,
111,
135,
114,
43,
130,
150,
161,
126,
167,
158,
156,
162,
148,
153,
130,
159,
169,
172,
173,
112,
125,
165,
131,
160,
130,
36,
168,
153,
156,
152,
127,
35,
58,
125,
144,
96,
147,
187,
87,
116,
138,
105,
163,
191,
160,
134,
119,
130,
171,
178,
190,
175,
194,
121,
124,
95,
172,
118,
173,
170,
181,
116,
190,
134,
195,
152,
75,
145,
179,
117,
173,
167,
115,
77,
44,
148,
110,
125,
89,
167,
111,
190,
149,
142,
207,
202,
212,
190,
129,
168,
111,
155,
155,
176,
160,
204,
138,
145,
72,
143,
167,
158,
96,
172,
150,
158,
144,
46,
159,
156,
48,
34,
46,
133,
207,
187,
172,
158,
156,
44,
165,
195,
164,
196,
124,
43,
147,
150,
150,
136,
215,
170,
217,
129,
93,
185,
208,
82,
161,
146,
199,
120,
153,
37,
165,
185,
160,
243,
149,
72,
215,
220,
74,
51,
208,
223,
40,
210,
255,
168,
169,
40,
143,
221,
228,
238,
29,
227,
165,
170,
173,
243,
57,
209,
166,
250,
125,
203,
148,
245,
139,
32,
167,
135,
173,
31,
170,
161,
90,
143,
132,
49,
159,
116,
144,
184,
218,
234,
131,
200,
243,
156,
240,
179,
204,
44,
163,
208,
41,
154,
197,
174,
132,
164,
142,
130,
200,
170,
189,
159,
193,
252,
169,
199,
144,
44,
225,
209,
132,
121,
238,
194,
169,
182,
62,
45,
149,
44,
153,
163,
147,
174,
62,
157,
190,
130,
174,
203,
171,
245,
44,
194,
227,
185,
176,
190,
177,
180,
233,
211,
141,
298,
53,
224,
150,
142,
229,
95,
135,
172,
225,
227,
156,
178,
229,
235,
217,
178,
185,
279,
185,
320,
182,
308,
169,
132,
140,
107,
139,
148,
123,
165,
127,
207,
153,
282,
256,
125,
287,
255,
159,
49,
193,
213,
162,
153,
299,
245,
154,
147,
275,
212,
248,
199,
122,
203,
195,
157,
229,
296,
37,
211,
139,
223,
346,
136,
318,
316,
305,
132,
207,
306,
313,
228,
203,
327,
138,
55,
98,
166,
227,
125,
42,
80,
316,
223,
37,
319,
192,
279,
226,
301,
278,
232,
144,
300,
212,
202,
264,
312,
116,
139,
156,
41,
278,
124,
218,
286,
230,
307,
204,
36,
195,
321,
158,
181,
192,
191,
119,
114,
138,
135,
147,
341,
260,
172,
225,
252,
41,
133,
320,
40,
101,
130,
95,
286,
187,
285,
277,
105,
235,
285,
139,
257,
233,
115,
138,
192,
232,
245,
159,
340,
255,
43,
272,
235,
356,
179,
257,
269,
146,
207,
178,
395,
200,
380,
153,
319,
267,
39,
40,
152,
165,
345,
286,
135,
162,
99,
277,
179,
224,
344,
168,
131,
195,
186,
373,
167,
247,
382,
139,
185,
42,
153,
150,
381,
184,
299,
336,
303,
34,
107,
274,
33,
366,
394,
403,
95,
208,
354,
341,
171,
214,
43,
228,
32,
178,
135,
206,
226,
191,
127,
391,
328,
164,
137,
250,
242,
405,
357,
267,
209,
318,
169,
135,
71,
236,
246,
367,
311,
307,
260,
37,
287,
182,
265,
316,
262,
186,
262,
201,
377,
233,
183,
314,
127,
146,
151,
161,
274,
144,
34,
220,
295,
149,
101,
172,
340,
243,
303,
263,
387,
122,
273,
140,
238,
283,
162,
388,
96,
258,
39,
94,
112,
318,
305,
45,
190,
311,
389,
315,
115,
40,
43,
274,
273,
90,
270,
435,
285,
274,
408,
350,
410,
114,
177,
189,
382,
321,
193,
396,
212,
333,
243,
181,
200,
88,
190,
228,
389,
270,
195,
125,
263,
357,
142,
363,
182,
211,
279,
101,
170,
291,
279,
196,
319,
195,
357,
138,
386,
91,
266,
264,
135,
233,
283,
164,
342,
380,
166,
297,
41,
233,
233,
352,
187,
399,
353,
283,
100,
241,
168,
116,
110,
299,
162,
217,
338,
254,
123,
267,
132,
228,
178,
270,
133,
118,
204,
271,
147,
219,
133,
389,
206,
179,
294,
189,
296,
211,
227,
198,
31,
406,
119,
424,
334,
236,
78,
292,
174,
459,
323,
343,
74,
117,
314,
183,
93,
97,
47,
364,
118,
262,
303,
152,
418,
352,
229,
279,
56,
70,
283,
66,
143,
203,
168,
142,
75,
133,
54,
155,
179,
418,
466,
169,
73,
380,
215,
456,
203,
415,
202,
244,
242,
410,
422,
395,
192,
41,
222,
267,
190,
298,
437,
253,
392,
97,
157,
258,
245,
205,
219,
144,
433,
236,
375,
270,
237,
407,
230,
207,
210,
336,
471,
163,
219,
390,
44,
92,
214,
242,
186,
300,
195,
165,
122,
220,
460,
180,
335,
118,
209,
220,
244,
193,
256,
137,
196,
85,
128,
193,
360,
321,
204,
107,
83,
310,
180,
224,
340,
351,
302,
355,
477,
349,
150,
241,
497,
356,
224,
151,
246,
95,
377,
376,
424,
499,
409,
88,
385,
315,
43,
299,
424,
88,
477,
218,
50,
354,
330,
314,
49,
94,
312,
308,
47,
303,
425,
157,
143,
36,
337,
114,
104,
32,
525,
44,
147,
45,
220,
404,
260,
43,
367,
300,
419,
293,
398,
123,
386,
116,
193,
123,
530,
203,
364,
355,
342,
239,
122,
255,
363,
507,
174,
105,
373,
242,
406,
363,
118,
186,
189,
342,
478,
465,
317,
329,
124,
273,
381,
43,
218,
264,
424,
98,
338,
180,
212,
101,
44,
304,
36,
419,
426,
433,
43,
278,
405,
197,
243,
113,
442,
399,
310,
398,
168,
337,
103,
270,
453,
119,
219,
216,
61,
119,
80,
134,
105,
419,
308,
46,
201,
125,
264,
128,
401,
214,
272,
191,
33,
421,
170,
160,
156,
139,
359,
465,
176,
210,
333,
145,
42,
205,
426,
448,
350,
165,
40,
227,
203,
103,
354,
161,
466,
95,
74,
456,
548,
529,
510,
562,
394,
330,
493,
540,
476,
367,
76,
342,
43,
312,
511,
297,
39,
158,
171,
244,
286,
145,
295,
161,
158,
272,
531,
528,
151,
106,
102,
361,
93,
603,
353,
547,
100,
149,
126,
126,
391,
124,
473,
551,
342,
145,
162,
167,
507,
272,
135,
88,
502,
303,
106,
109,
420,
152,
124,
105,
239,
503,
373,
103,
213,
473,
292,
496,
360,
353,
415,
465,
306,
36,
370,
231,
450,
310,
483,
230,
455,
131,
471,
392,
324,
230,
80,
398,
423,
70,
438,
338,
342,
328,
406,
279,
335,
272,
297,
66,
172,
421,
376,
338,
396,
290,
460,
591,
476,
466,
52,
335,
252,
333,
359,
124,
289,
320,
282,
291,
257,
442,
367,
498,
215,
455,
468,
467,
436,
453,
361,
325,
318,
467,
99,
378,
458,
43,
424,
340,
396,
310,
180,
124,
377,
256,
328,
442,
363,
351,
41,
47,
392,
308,
385,
35,
378,
350,
437,
33,
282,
382,
322,
468,
454,
368,
635,
182,
498,
437,
460,
361,
450,
110,
39,
203,
257,
108,
412,
577,
392,
292,
312,
451,
264,
320,
287,
449,
278,
241,
293,
444,
276,
135,
285,
42,
444,
469,
43,
345,
303,
289,
452,
244,
324,
103,
432,
573,
106,
180,
397,
240,
298,
45,
329,
424,
319,
45,
315,
172,
435,
127,
457,
162,
191,
299,
169,
449,
324,
212,
219,
387,
457,
105,
87,
456,
382,
82,
251,
227,
425,
113,
162,
75,
111,
94,
92,
191,
184,
64,
315,
56,
419,
265,
509,
291,
192,
76,
241,
178,
44,
388,
364,
82,
425,
40,
175,
483,
76,
215,
680,
188,
258,
240,
312,
79,
292,
214,
270,
392,
302,
539,
207,
77,
391,
416,
327,
82,
325,
365,
225,
363,
244,
305,
255,
211,
319,
476,
35,
411,
276,
287,
351,
495,
123,
384,
293,
522,
323,
266,
410,
422,
60,
609,
455,
367,
373,
321,
51,
371,
89,
316,
410,
367,
371,
320,
339,
511,
554,
467,
70,
356,
79,
354,
361,
388,
267,
450,
89,
50,
34,
120,
423,
49,
157,
43,
166,
345,
360,
360,
417,
757,
275,
37,
200,
36,
65,
291,
370,
361,
618,
523,
265,
520,
322,
255,
131,
175,
251,
167,
266,
530,
441,
96,
42,
531,
488,
195,
286,
480,
209,
118,
116,
421,
228,
822,
46,
125,
114,
187,
214,
91,
635,
85,
378,
351,
123,
331,
96,
296,
318,
262,
324,
50,
245,
310,
46,
531,
213,
102,
748,
39,
518,
400,
224,
197,
453,
355,
271,
212,
262,
305,
546,
225,
292,
282,
232,
264,
271,
43,
253,
251,
465,
406,
463,
213,
245,
508,
165,
227,
159,
337,
368,
381,
178,
92,
368,
660,
663,
616,
496,
277,
298,
631,
307,
306,
519,
220,
380,
306,
142,
187,
481,
425,
219,
184,
136,
89,
133,
137,
228,
466,
344,
124,
686,
814,
82,
42,
692,
82,
522,
121,
392,
68,
357,
33,
440,
50,
882,
405,
411,
373,
41,
513,
273,
763,
616,
355,
276,
129,
409,
502,
107,
490,
440,
33,
359,
403,
509,
123,
345,
328,
883,
263,
89,
508,
133,
39,
314,
327,
838,
173,
353,
616,
316,
360,
477,
301,
544,
33,
44,
447,
394,
360,
217,
470,
473,
280,
498,
426,
651,
125,
497,
38,
305,
464,
459,
504,
485,
398,
515,
251,
674,
373,
335,
361,
453,
41,
432,
424,
268,
389,
697,
194,
447,
539,
189,
355,
615,
326,
398,
447,
344,
506,
594,
135,
471,
542,
477,
375,
617,
484,
333,
838,
138,
289,
308,
492,
609,
403,
367,
250,
129,
388,
296,
631,
296,
456,
313,
259,
38,
283,
275,
108,
448,
363,
38,
188,
601,
489,
45,
306,
250,
232,
362,
99,
259,
292,
342,
366,
44,
486,
447,
43,
602,
215,
374,
680,
549,
611,
341,
699,
237,
483,
252,
230,
281,
498,
318,
332,
425,
512,
87,
73,
490,
250,
197,
401,
274,
559,
163,
233,
388,
271,
511,
471,
252,
335,
555,
648,
844,
615,
414,
190,
294,
944,
610,
340,
321,
317,
241,
317,
102,
253,
205,
701,
475,
320,
325,
49,
608,
405,
306,
646,
429,
205,
504,
178,
350,
467,
306,
532,
574,
167,
272,
198,
172,
306,
216,
484,
680,
165,
357,
227,
349,
199,
332,
263,
604,
518,
411,
152,
415,
83,
458,
631,
208,
63,
129,
641,
641,
166,
367,
488,
408,
190,
684,
678,
861,
447,
301,
201,
617,
105,
126,
299,
279,
174,
540,
296,
163,
498,
169,
409,
467,
685,
164,
140,
320,
669,
400,
695,
524,
76,
641,
274,
76,
192,
155,
149,
88,
232,
133,
244,
439,
65,
489,
44,
434,
562,
676,
625,
44,
550,
567,
72,
138,
379,
451,
221,
754,
117,
626,
354,
406,
136,
480,
88,
477,
106,
46,
520,
420,
350,
439,
659,
333,
616,
141,
119,
729,
133,
81,
326,
834,
58,
166,
40,
525,
956,
864,
140,
81,
77,
521,
135,
494,
134,
618,
408,
380,
448,
708,
403,
83,
547,
100,
371,
162,
134,
610,
376,
344,
310,
228,
87,
64,
367,
66,
696,
135,
66,
759,
623,
689,
550,
680,
363,
566,
85,
387,
895,
620,
934,
377,
493,
791,
828,
820,
893,
91,
743,
476,
143,
255,
208,
140,
852,
90,
213,
262,
825,
345,
82,
472,
128,
715,
576,
843,
195,
187,
576,
45,
743,
678,
387,
888,
243,
505,
184,
329,
185,
679,
670,
522,
504,
502,
594,
297,
849,
528,
476,
443,
62,
494,
297,
516,
372,
366,
174,
639,
1017,
701,
1016,
139,
417,
389,
480,
781,
662,
715,
498,
418,
131,
833,
845,
386,
306,
104,
227,
841,
231,
809,
373,
197,
752,
442,
419,
375,
805,
475,
342,
535,
249,
303,
110,
303,
878,
326,
384,
708,
311,
437,
298,
85,
294,
837,
646,
580,
414,
487,
721,
885,
261,
293,
747,
809,
75,
534,
457,
79,
90,
843,
557,
769,
531,
540,
343,
639,
534,
543,
735,
470,
536,
1025,
428,
822,
359,
516,
494,
412,
337,
514,
781,
445,
638,
494,
439,
554,
447,
362,
846,
570,
351,
747,
556,
432,
552,
444,
246,
707,
1009,
495,
444,
519,
798,
356,
370,
441,
336,
361,
705,
708,
402,
715,
266,
446,
681,
513,
723,
355,
700,
775,
496,
113,
357,
424,
495,
435,
764,
164,
680,
400,
350,
514,
350,
131,
859,
291,
130,
323,
102,
355,
529,
694,
239,
261,
88,
515,
472,
256,
349,
482,
712,
457,
546,
688,
478,
384,
424,
427,
306,
359,
808,
85,
369,
454,
457,
192,
576,
341,
522,
909,
740,
126,
862,
125,
687,
185,
77,
658,
315,
545,
573,
315,
539,
119,
114,
522,
525,
551,
117,
146,
496,
398,
613,
419,
828,
453,
714,
122,
147,
851,
512,
750,
872,
357,
347,
572,
509,
565,
218,
566,
820,
516,
87,
325,
112,
736,
273,
791,
312,
358,
87,
729,
267,
537,
411,
273,
168,
177,
74,
702,
64,
72,
148,
565,
485,
264,
148,
331,
315,
147,
304,
481,
157,
220,
283,
82,
1057,
137,
698,
97,
481,
879,
443,
130,
274,
92,
651,
123,
108,
536,
345,
663,
95,
98,
472,
173,
207,
500,
189,
63,
240,
1016,
68,
122,
140,
700,
701,
208,
604,
719,
296,
164,
656,
405,
115,
59,
654,
660,
256,
583,
361,
106,
57,
105,
275,
651,
617,
575,
113,
235,
280,
547,
246,
553,
367,
92,
366,
507,
56,
129,
321,
464,
315,
574,
503,
507,
119,
916,
579,
395,
650,
596,
498,
519,
553,
771,
452,
139,
491,
586,
575,
513,
757,
878,
483,
705,
527,
566,
536,
524,
589,
530,
590,
541,
645,
570,
502,
454,
260,
552,
611,
110,
57,
128,
189,
114,
133,
291,
414,
65,
108,
262,
104,
101,
141,
543,
570,
90,
783,
550,
139,
414,
120,
101,
91,
351,
893,
905,
570,
251,
227,
247,
894,
304,
305,
292,
296,
274,
314,
246,
113,
258,
111,
280,
448,
453,
107,
478,
111,
133,
310,
129,
325,
970,
86,
524,
38,
874,
310,
402,
102,
576,
859,
956,
471,
673,
371,
370,
102,
78,
310,
283,
79,
621,
406,
459,
41,
824,
899,
40,
773,
900,
297,
510,
438,
240,
302,
873,
218,
429,
659,
834,
527,
857,
410,
497,
841,
804,
301,
828,
43,
957,
708,
175,
67,
792,
90,
337,
627,
416,
999,
883,
553,
36,
217,
1172,
80,
642,
574,
1152,
1013,
325,
1071,
82,
284,
771,
621,
68,
478,
730,
719,
595,
801,
519,
1069,
627,
116,
646,
718,
186,
461,
125,
864,
604,
578,
213,
1000,
40,
179,
601,
127,
588,
559,
575,
566,
147,
502,
828,
804,
566,
138,
859,
491,
495,
637,
517,
903,
599,
57,
83,
487,
443,
585,
1056,
471,
891,
520,
41,
905,
460,
216,
880,
461,
962,
739,
68,
743,
206,
453,
663,
736,
386,
424,
77,
394,
471,
705,
742,
40,
615,
632,
632,
63,
463,
761,
1011,
62,
402,
582,
523,
373,
740,
46,
738,
520,
524,
184,
740,
624,
449,
446,
781,
168,
346,
120,
551,
1021,
132,
489,
672,
368,
137,
75,
289,
570,
817,
186,
166,
698,
453,
626,
161,
487,
763,
451,
441,
722,
568,
801,
511,
454,
543,
170,
602,
457,
328,
228,
732,
624,
410,
593,
453,
237,
224,
573,
602,
406,
466,
486,
236,
393,
435,
562,
446,
1060,
566,
784,
581,
452,
581,
613,
931,
758,
434,
750,
557,
658,
569,
521,
485,
766,
62,
470,
419,
549,
557,
706,
574,
731,
572,
612,
95,
443,
442,
452,
567,
525,
484,
511,
439,
599,
675,
389,
167,
363,
920,
667,
347,
136,
557,
719,
486,
494,
754,
459,
409,
431,
567,
442,
764,
645,
686,
136,
339,
448,
219,
454,
426,
694,
528,
693,
179,
797,
193,
659,
632,
153,
677,
579,
592,
412,
142,
365,
648,
130,
436,
86,
913,
544,
648,
585,
43,
642,
431,
355,
377,
648,
438,
964,
943,
583,
781,
709,
632,
756,
642,
156,
650,
633,
625,
119,
961,
113,
608,
600,
570,
931,
929,
109,
526,
608,
115,
603,
550,
121,
799,
140,
81,
373,
559,
45,
1147,
564,
152,
721,
1055,
582,
265,
578,
1263,
110,
629,
266,
249,
228,
633,
194,
273,
646,
155,
600,
1220,
558,
912,
650,
138,
70,
127,
486,
212,
845,
561,
163,
830,
91,
515,
226,
129,
706,
147,
659,
575,
384,
39,
481,
396,
61,
471,
558,
500,
371,
52,
991,
553,
656,
696,
978,
143,
263,
77,
864,
116,
382,
111,
46,
101,
584,
367,
580,
79,
299,
333,
552,
629,
632,
175,
220,
565,
248,
318,
381,
36,
112,
779,
273,
877,
426,
608,
636,
510,
415,
99,
409,
286,
645,
161,
202,
577,
384,
612,
201,
362,
609,
549,
642,
636,
315,
282,
156,
129,
130,
283,
419,
675,
119,
129,
395,
963,
1285,
482,
501,
73,
596,
236,
776,
462,
1053,
108,
881,
377,
795,
626,
1088,
174,
351,
1133,
1030,
1254,
698,
568,
597,
115,
980,
110,
545,
772,
706,
328,
792,
1094,
123,
530,
800,
594,
480,
512,
985,
1047,
794,
1291,
481,
558,
458,
461,
1039,
845,
902,
410,
995,
783,
452,
400,
707,
991,
696,
367,
571,
388,
60,
830,
401,
564,
609,
680,
406,
1059,
536,
581,
170,
574,
988,
357,
630,
820,
196,
606,
428,
568,
538,
166,
127,
938,
147,
483,
530,
38,
561,
44,
495,
473,
471,
201,
159,
614,
690,
559,
99,
98,
39,
595,
571,
512,
540,
543,
413,
262,
1083,
412,
90,
555,
919,
174,
789,
166,
903,
773,
452,
336,
147,
781,
857,
427,
166,
723,
571,
751,
1324,
565,
842,
937,
123,
798,
213,
494,
722,
611,
172,
601,
666,
501,
484,
156,
1017,
139,
542,
436,
273,
585,
609,
423,
532,
791,
502,
380,
964,
1031,
783,
908,
774,
755,
389,
636,
1086,
670,
577,
504,
766,
510,
336,
125,
576,
477,
577,
579,
650,
868,
460,
590,
428,
930,
822,
575,
235,
616,
572,
443,
667,
525,
509,
196,
434,
355,
1142,
163,
685,
990,
415,
449,
691,
867,
400,
56,
1265,
385,
143,
156,
37,
509,
833,
776,
363,
674,
504,
558,
1087,
365,
706,
441,
982,
404,
751,
554,
738,
710,
856,
535,
337,
1081,
328,
856,
721,
669,
640,
703,
1326,
251,
543,
581,
264,
254,
1091,
735,
325,
933,
563,
502,
218,
326,
794,
583,
211,
80,
245,
437,
484,
492,
236,
317,
774,
396,
480,
247,
198,
445,
474,
536,
551,
857,
38,
1238,
511,
210,
193,
1194,
566,
110,
233,
725,
183,
157,
122,
657,
642,
894,
1322,
600,
554,
321,
330,
822,
112,
712,
667,
97,
695,
488,
651,
720,
432,
91,
474,
39,
571,
1110,
85,
914,
688,
612,
1186,
480,
1191,
101,
203,
544,
770,
600,
687,
547,
481,
1273,
147,
102,
821,
512,
217,
105,
417,
131,
114,
327,
387,
762,
84,
723,
716,
86,
803,
600,
86,
669,
517,
667,
463,
556,
546,
633,
409,
602,
575,
475,
451,
569,
1232,
97,
272,
460,
586,
160,
499,
578,
103,
592,
1075,
655,
931,
570,
176,
1233,
559,
735,
664,
544,
87,
149,
550,
1223,
1064,
649,
845,
565,
1224,
83,
663,
490,
587,
743,
373,
956,
696,
778,
483,
755,
141,
1053,
936,
460,
712,
599,
907,
386,
410,
881,
613,
393,
235,
559,
915,
794,
692,
37,
625,
574,
391,
372,
150,
1066,
298,
523,
609,
344,
527,
354,
512,
276,
461,
878,
858,
371,
212,
545,
274,
601,
605,
580,
288,
653,
432,
40,
401,
801,
215,
546,
344,
139,
82,
684,
961,
289,
416,
408,
216,
410,
453,
126,
710,
237,
709,
743,
461,
700,
830,
711,
104,
828,
225,
235,
588,
291,
698,
290,
684,
847,
120,
549,
78,
265,
224,
688,
149,
138,
226,
627,
741,
490,
979,
655,
271,
634,
577,
785,
1113,
160,
404,
525,
571,
330,
539,
1264,
307,
123,
615,
558,
359,
466,
599,
663,
207,
608,
680,
600,
123,
471,
865,
231,
610,
703,
983,
146,
508,
565,
503,
1263,
607,
1117,
502,
1039,
560,
196,
144,
924,
475,
129,
312,
525,
1476,
91,
579,
78,
1482,
563,
154,
88,
561,
467,
1141,
135,
742,
861,
471,
461,
721,
682,
1480,
88,
84,
1294,
1050,
1140,
477,
1292,
169,
734,
999,
723,
681,
241,
88,
434,
1252,
996,
445,
517,
137,
580,
384,
85,
716,
448,
199,
405,
549,
1265,
857,
495,
244,
1267,
458,
185,
699,
987,
205,
399,
726,
707,
326,
464,
779,
300,
699,
757,
1438,
244,
356,
568,
507,
429,
235,
312,
316,
232,
230,
484,
1305,
552,
260,
205,
160,
264,
391,
1306,
200,
357,
164,
369,
255,
810,
493,
1276,
185,
200,
279,
962,
870,
545,
577,
275,
154,
248,
662,
149,
119,
532,
1272,
663,
260,
1379,
200,
796,
228,
255,
600,
160,
566,
538,
304,
400,
94,
880,
454,
552,
366,
63,
217,
508,
218,
947,
551,
134,
62,
570,
466,
1185,
868,
890,
1191,
227,
1037,
537,
47,
565,
320,
689,
923,
512,
45,
1073,
546,
468,
491,
43,
99,
571,
555,
835,
512,
520,
473,
1247,
83,
490,
651,
1312,
661,
445,
373,
776,
46,
214,
563,
472,
677,
657,
1010,
318,
41,
1040,
257,
621,
987,
226,
605,
341,
828,
292,
547,
272,
776,
786,
553,
394,
579,
918,
147,
622,
776,
1201,
264,
594,
533,
950,
597,
556,
140,
1057,
267,
43,
757,
256,
653,
805,
120,
977,
138,
561,
848,
775,
546,
1296,
893,
1286,
170,
790,
290,
545,
282,
92,
46,
892,
1261,
381,
540,
95,
683,
979,
161,
834,
331,
229,
88,
519,
1526,
1191,
742,
732,
471,
465,
222,
1469,
249,
1084,
162,
676,
246,
651,
203,
993,
750,
1489,
172,
768,
641,
658,
302,
46,
630,
166,
188,
488,
796,
629,
206,
479,
413,
628,
773,
178,
232,
201,
903,
604,
209,
439,
772,
443,
464,
183,
982,
442,
685,
1251,
49,
504,
862,
736,
256,
176,
247,
442,
1510,
202,
436,
161,
230,
316,
199,
171,
416,
357,
159,
582,
632,
1187,
417,
315,
240,
316,
166,
726,
644,
552,
974,
1006,
990,
979,
415,
976,
984,
94,
1074,
1065,
110,
265,
152,
970,
410,
445,
908,
1107,
1188,
148,
862,
1011,
143,
986,
378,
1091,
42,
1043,
343,
142,
186,
1026,
327,
710,
1004,
931,
133,
924,
228,
731,
302,
139,
147,
243,
262,
584,
626,
233,
1298,
47,
859,
377,
609,
214,
881,
46,
140,
214,
589,
191,
233,
196,
1174,
229,
705,
906,
127,
138,
912,
915,
42,
572,
390,
910,
110,
521,
1103,
563,
114,
1050,
216,
1000,
1282,
164,
961,
523,
617,
80,
351,
1010,
107,
85,
381,
575,
373,
1076,
675,
1316,
82,
207,
83,
1285,
315,
1045,
1136,
562,
91,
1017,
271,
81,
80,
1129,
879,
312,
1047,
46,
820,
359,
753,
670,
39,
1109,
571,
1161,
906,
952,
356,
891,
241,
561,
62,
1171,
1260,
554,
183,
549,
50,
710,
1016,
1006,
450,
354,
807,
1036,
249,
256,
45,
538,
253,
1165,
802,
204,
1030,
1182,
279,
600,
204,
1333,
326,
184,
200,
362,
1059,
434,
201,
1168,
611,
618,
666,
689,
631,
791,
733,
1175,
854,
1171,
779,
824,
975,
436,
806,
929,
1028,
947,
1168,
1188,
282,
945,
436,
86,
195,
764,
1177,
247,
858,
1091,
556,
542,
248,
174,
893,
183,
793,
961,
571,
516,
784,
604,
566,
741,
1040,
1029,
77,
1076,
990,
310,
633,
300,
76,
405,
614,
555,
71,
95,
956,
310,
967,
594,
291,
44,
819,
596,
564,
61,
99,
540,
299,
537,
848,
220,
95,
625,
113,
736,
223,
209,
121,
1145,
228,
252,
374,
865,
85,
579,
636,
117,
104,
574,
561,
232,
432,
1144,
551,
857,
1023,
1190,
707,
570,
345,
487,
44,
899,
638,
1133,
545,
416,
467,
177,
712,
94,
440,
602,
523,
84,
97,
539,
436,
83,
747,
413,
828,
73,
535,
48,
184,
1624,
75,
404,
391,
315,
227,
51,
403,
246,
207,
850,
760,
869,
327,
79,
311,
250,
1250,
236,
200,
809,
182,
838,
756,
874,
178,
1316,
307,
79,
37,
290,
37,
252,
302,
552,
129,
557,
978,
346,
249,
1348,
211,
707,
466,
249,
250,
544,
1102,
223,
525,
906,
1253,
45,
1036,
473,
1341,
446,
96,
136,
716,
266,
699,
98,
1075,
1292,
1034,
1026,
1432,
180,
202,
1590,
374,
200,
522,
399,
257,
1411,
760,
1004,
1418,
252,
227,
790,
498,
230,
144,
213,
1121,
610,
548,
1088,
78,
928,
472,
241,
1264,
357,
402,
42,
449,
299,
285,
196,
510,
799,
720,
975,
723,
437,
941,
850,
1013,
459,
1152,
1588,
838,
950,
641,
477,
1303,
1028,
585,
173,
629,
531,
836,
1387,
1228,
501,
409,
330,
253,
582,
829,
248,
948,
568,
185,
496,
1276,
211,
1197,
1176,
175,
512,
773,
328,
240,
747,
1256,
93,
1175,
1155,
237,
950,
1146,
201,
1069,
1436,
556,
81,
1533,
951,
1340,
55,
383,
1661,
174,
1544,
196,
174,
635,
531,
523,
175,
697,
414,
1106,
359,
412,
402,
429,
400,
451,
397,
585,
273,
198,
662,
426,
40,
74,
840,
1115,
1183,
433,
172,
199,
80,
679,
260,
1192,
167,
80,
414,
469,
522,
868,
554,
598,
149,
145,
835,
760,
621,
1297,
947,
1235,
314,
522,
1126,
298,
697,
109,
693,
674,
1227,
298,
191,
414,
459,
214,
447,
297,
367,
238,
412,
527,
43,
292,
473,
319,
479,
53,
290,
375,
562,
51,
468,
1144,
247,
654,
186,
628,
580,
583,
45,
666,
407,
553,
516,
588,
241,
586,
596,
440,
1096,
433,
131,
450,
276,
597,
484,
414,
506,
590,
39,
711,
690,
778,
304,
1269,
379,
1232,
1333,
623,
273,
736,
364,
1359,
602,
1287,
1159,
272,
176,
659,
260,
251,
453,
172,
143,
596,
1023,
548,
662,
169,
669,
616,
446,
413,
385,
380,
219,
377,
320,
190,
363,
143,
392,
256,
129,
552,
681,
147,
1130,
56,
313,
552,
363,
418,
1007,
311,
1118,
279,
254,
297,
238,
206,
607,
1853,
1605,
456,
1544,
1698,
256,
635,
583,
647,
640,
643,
76,
391,
424,
633,
332,
239,
838,
621,
235,
639,
494,
232,
440,
1146,
126,
791,
254,
40,
941,
339,
133,
122,
1073,
39,
1304,
1249,
1016,
972,
539,
626,
1016,
722,
943,
1086,
432,
229,
776,
323,
1141,
661,
496,
1018,
1359,
841,
985,
592,
447,
514,
488,
753,
737,
1310,
1382,
736,
775,
530,
647,
560,
601,
546,
267,
256,
1141,
558,
619,
359,
347,
1506,
639,
758,
390,
583,
415,
504,
703,
396,
744,
128,
437,
627,
251,
512,
266,
340,
482,
383,
246,
259,
241,
573,
481,
503,
882,
1280,
951,
413,
593,
587,
695,
1259,
38,
541,
543,
680,
391,
414,
465,
749,
1265,
1234,
360,
1150,
466,
696,
326,
1322,
355,
415,
114,
511,
713,
1205,
639,
509,
116,
707,
1304,
113,
487,
340,
95,
350,
1311,
330,
789,
406,
1299,
98,
649,
564,
79,
574,
536,
730,
547,
76,
521,
449,
817,
129,
758,
574,
110,
662,
711,
640,
369,
317,
576,
757,
116,
99,
344,
602,
193,
555,
715,
562,
74,
656,
1301,
1464,
1536,
1577,
717,
223,
623,
461,
735,
367,
1320,
467,
773,
782,
744,
167,
446,
548,
343,
381,
967,
802,
373,
1263,
316,
68,
431,
95,
169,
1239,
818,
125,
736,
93,
651,
190,
506,
782,
633,
518,
958,
95,
651,
59,
552,
563,
563,
486,
743,
550,
102,
682,
180,
321,
811,
454,
313,
233,
101,
632,
210,
179,
646,
599,
209,
119,
712,
67,
641,
64,
356,
586,
374,
305,
95,
149,
284,
81,
206,
676,
319,
42,
316,
675,
484,
378,
219,
673,
245,
121,
45,
146,
137,
489,
1621,
345,
380,
1446,
1656,
1367,
762,
266,
241,
1460,
203,
254,
1471,
223,
1605,
201,
1379,
1314,
658,
590,
1314,
268,
43,
217,
227,
631,
592,
395,
763,
433,
593,
129,
608,
883,
530,
218,
592,
429,
598,
364,
643,
421,
322,
540,
457,
796,
693,
1622,
616,
1509,
386,
1462,
718,
761,
114,
1135,
476,
1664,
432,
681,
507,
391,
71,
568,
437,
401,
702,
180,
222,
858,
1324,
235,
54,
810,
639,
1505,
606,
1311,
385,
79,
218,
224,
245,
882,
289,
1916,
84,
1207,
895,
230,
696,
364,
412,
1907,
179,
595,
411,
405,
507,
832,
501,
1466,
155,
109,
1706,
1638,
41,
550,
1322,
397,
393,
1378,
361,
489,
455,
610,
415,
385,
467,
518,
709,
93,
460,
896,
1106,
728,
46,
493,
422,
1347,
156,
592,
551,
617,
40,
430,
723,
539,
479,
394,
1342,
628,
88,
1348,
375,
276,
271,
155,
1704,
799,
778,
234,
191,
1540,
263,
813,
107,
795,
792,
328,
83,
876,
413,
847,
97,
314,
105,
411,
40,
38,
756,
862,
90,
822,
84,
719,
1861,
169,
42,
396,
643,
117,
206,
729,
174,
507,
43,
1687,
244,
112,
1559,
622,
697,
411,
487,
444,
1540,
42,
41,
773,
152,
496,
99,
38,
235,
336,
187,
71,
303,
624,
41,
40,
469,
1478,
232,
258,
760,
1494,
253,
312,
1435,
84,
218,
476,
546,
603,
818,
705,
132,
277,
697,
480,
122,
483,
800,
241,
78,
42,
819,
1016,
810,
1042,
77,
76,
117,
396,
1049,
786,
459,
147,
849,
779,
1036,
377,
750,
78,
849,
986,
256,
402,
810,
38,
250,
208,
59,
1960,
424,
80,
1385,
1535,
386,
432,
563,
1490,
350,
87,
346,
448,
84,
850,
1268,
296,
419,
533,
405,
890,
312,
236,
418,
582,
432,
578,
1345,
386,
140,
137,
287,
347,
424,
403,
411,
340,
147,
1377,
436,
454,
665,
101,
354,
315,
86,
304,
302,
188,
387,
274,
263,
385,
89,
85,
403,
286,
862,
275,
84,
859,
257,
270,
776,
1114,
305,
585,
793,
753,
282,
1362,
90,
873,
1569,
83,
1447,
1370,
747,
808,
105,
545,
1362,
639,
295,
287,
788,
96,
186,
83,
1378,
258,
82,
88,
885,
465,
682,
1533,
741,
476,
491,
766,
79,
600,
552,
843,
728,
197,
704,
44,
63,
1561,
738,
798,
349,
733,
376,
603,
158,
602,
952,
631,
676,
616,
44,
722,
689,
854,
907,
883,
903,
608,
928,
774,
607,
1320,
926,
415,
166,
760,
628,
353,
234,
1589,
228,
1329,
374,
554,
696,
928,
100,
1581,
246,
428,
196,
520,
195,
566,
568,
37,
631,
298,
660,
275,
904,
932,
651,
74,
640,
638,
1034,
783,
1316,
132,
540,
453,
1277,
669,
350,
1409,
609,
464,
109,
99,
178,
157,
112,
1199,
858,
1532,
408,
729,
508,
390,
98,
196,
385,
235,
854,
340,
377,
665,
865,
386,
122,
1473,
882,
273,
946,
453,
873,
1566,
51,
726,
360,
466,
356,
511,
838,
756,
866,
385,
389,
725,
877,
607,
1101,
835,
574,
239,
154,
831,
674,
1728,
439,
429,
388,
237,
86,
310,
77,
1641,
863,
756,
77,
1319,
788,
830,
904,
399,
383,
662,
75,
802,
820,
153,
411,
772,
995,
355,
981,
852,
69,
732,
534,
65,
541,
686,
498,
1155,
524,
812,
895,
431,
160,
221,
459,
225,
565,
192,
568,
564,
628,
271,
537,
781,
887,
766,
283,
100,
452,
52,
546,
80,
857,
575,
514,
795,
47,
533,
699,
525,
273,
45,
335,
318,
439,
1003,
469,
478,
434,
421,
752,
354,
336,
748,
257,
713,
513,
336,
250,
271,
367,
819,
423,
1534,
536,
735,
458,
571,
680,
482,
523,
749,
538,
713,
156,
1971,
601,
842,
1501,
681,
459,
237,
734,
475,
594,
1499,
733,
467,
373,
1168,
281,
661,
710,
586,
704,
1664,
252,
364,
693,
445,
1879,
937,
70,
115,
234,
905,
619,
493,
490,
929,
360,
374,
557,
428,
474,
424,
536,
454,
562,
665,
466,
540,
514,
242,
159,
465,
151,
306,
453,
496,
330,
501,
349,
467,
774,
593,
495,
609,
328,
449,
533,
427,
449,
1818,
997,
134,
858,
943,
1014,
106,
952,
97,
474,
1008,
92,
984,
910,
931,
914,
601,
909,
883,
470,
946,
871,
880,
397,
653,
1568,
826,
908,
781,
396,
596,
820,
737,
968,
1561,
1068,
421,
341,
92,
632,
104,
1409,
365,
476,
140,
638,
641,
966,
674,
1868,
81,
86,
1104,
833,
741,
368,
871,
340,
684,
83,
712,
1083,
687,
768,
592,
439,
84,
627,
801,
677,
671,
1083,
932,
399,
351,
499,
500,
782,
33,
76,
357,
994,
574,
268,
355,
326,
1045,
305,
397,
279,
162,
337,
1330,
76,
1892,
528,
249,
331,
2280,
388,
149,
410,
503,
1821,
576,
101,
969,
1673,
385,
494,
556,
1170,
318,
107,
467,
616,
90,
432,
782,
229,
291,
337,
501,
73,
1169,
417,
640,
416,
430,
371,
518,
826,
124,
62,
570,
382,
307,
405,
2066,
548,
563,
96,
617,
66,
288,
292,
1575,
61,
86,
1619,
98,
616,
709,
81,
1871,
1400,
489,
80,
403,
63,
682,
72,
621,
729,
639,
846,
818,
337,
449,
1140,
834,
655,
79,
662,
587,
546,
73,
860,
577,
589,
1003,
389,
857,
498,
596,
855,
1014,
738,
47,
704,
1013,
1789,
289,
282,
1100,
565,
815,
460,
259,
463,
428,
471,
445,
873,
724,
1833,
846,
481,
292,
481,
471,
701,
742,
432,
392,
866,
702,
651,
1143,
1123,
752,
907,
992,
296,
822,
92,
1133,
421,
87,
335,
997,
137,
86,
566,
868,
564,
333,
1376,
925,
91,
1954,
83,
88,
123,
909,
204,
560,
511,
585,
539,
909,
1169,
108,
914,
1359,
1035,
504,
1133,
1180,
266,
79,
349,
576,
117,
563,
304,
78,
72,
179,
574,
1629,
598,
1914,
77,
1726,
73,
448,
454,
888,
547,
1923,
1999,
1961,
417,
404,
1492,
1238,
792,
1420,
56,
934,
489,
48,
585,
658,
725,
1002,
319,
85,
637,
820,
585,
752,
348,
987,
1663,
636,
614,
616,
448,
899,
406,
941,
989,
639,
349,
624,
1849,
59,
721,
540,
680,
260,
939,
292,
408,
459,
361,
934,
298,
932,
420,
805,
1420,
44,
46,
536,
505,
451,
1034,
831,
772,
295,
1027,
434,
44,
773,
499,
1184,
27,
699,
507,
774,
788,
811,
659,
1003,
568,
563,
1083,
252,
268,
628,
614,
1595,
1196,
464,
312,
117,
2368,
579,
435,
291,
990,
1065,
316,
103,
361,
367,
558,
2017,
1564,
381,
1212,
936,
129,
1584,
564,
365,
1098,
1995,
617,
484,
685,
1066,
946,
740,
1845,
1557,
544,
453,
536,
803,
512,
1208,
812,
503,
81,
1055,
93,
732,
242,
1210,
1228,
462,
395,
91,
443,
88,
639,
83,
269,
581,
423,
420,
606,
933,
571,
357,
286,
552,
1435,
90,
970,
1546,
600,
79,
766,
978,
89,
283,
952,
601,
642,
785,
747,
1167,
719,
341,
900,
574,
566,
1189,
840,
587,
1074,
1065,
590,
658,
1216,
865,
739,
954,
948,
540,
249,
243,
988,
1174,
778,
1173,
305,
941,
520,
584,
1026,
368,
1114,
430,
613,
260,
2271,
335,
822,
1024,
1131,
567,
106,
519,
78,
1221,
283,
490,
733,
1034,
1612,
544,
1397,
1609,
1012,
77,
950,
569,
352,
324,
1070,
229,
336,
584,
1089,
1050,
1010,
951,
580,
991,
569,
83,
568,
77,
349,
754,
554,
40,
531,
329,
607,
538,
399,
500,
43,
369,
1140,
579,
348,
57,
1997,
405,
593,
722,
244,
2164,
82,
580,
1092,
588,
1733,
96,
1950,
463,
234,
756,
95,
906,
577,
149,
916,
587,
1968,
1090,
584,
1118,
1168,
738,
144,
896,
888,
1187,
564,
425,
968,
585,
492,
1224,
848,
1558,
908,
578,
1505,
38,
105,
69,
115,
219,
56,
615,
38,
111,
39,
723,
674,
269,
625,
615,
915,
107,
105,
646,
366,
80,
577,
86,
1283,
81,
434,
84,
258,
76,
43,
52,
300,
263,
869,
838,
401,
44,
845,
454,
566,
802,
621,
678,
614,
594,
77,
231,
57,
53,
479,
534,
190,
50,
394,
501,
48,
643,
394,
823,
389,
552,
331,
798,
697,
1432,
543,
507,
511,
642,
599,
849,
47,
1285,
1249,
1198,
802,
689,
85,
810,
1136,
1444,
2541,
2212,
699,
643,
50,
1062,
981,
539,
361,
183,
300,
691,
1222,
356,
1249,
405,
87,
355,
433,
92,
74,
675,
503,
410,
42,
53,
489,
420,
179,
44,
1356,
530,
645,
612,
322,
914,
42,
911,
42,
911,
1952,
1963,
607,
302,
864,
387,
533,
393,
50,
106,
45,
1298,
44,
662,
434,
384,
521,
336,
1114,
554,
192,
519,
514,
1155,
336,
1151,
513,
76,
43,
200,
76,
1383,
410,
1102,
432,
30,
85,
531,
1405,
42,
1408,
531,
1298,
452,
257,
538,
1438,
399,
1329,
506,
1302,
553,
1369,
1268,
1394,
582,
720,
568,
384,
81,
552,
503,
571,
393,
348,
751,
387,
599,
406,
1316,
514,
562,
1019,
380,
1134,
570,
39,
1188,
1663,
1164,
1179,
2094,
552,
541,
512,
1114,
1768,
454,
518,
461,
355,
581,
734,
79,
518,
354,
90,
62,
450,
1230,
710,
379,
1918,
685,
302,
1229,
767,
42,
552,
565,
547,
572,
53,
1525,
541,
1372,
66,
492,
663,
87,
1180,
1154,
91,
1831,
390,
710,
539,
1418,
74,
490,
422,
132,
540,
414,
71,
436,
365,
370,
92,
399,
82,
435,
639,
75,
713,
1329,
1205,
55,
414,
651,
264,
784,
413,
547,
1169,
552,
597,
411,
1165,
377,
48,
1156,
568,
256,
585,
588,
53,
53,
70,
410,
26,
647,
604,
48,
313,
1320,
551,
347,
414,
1375,
117,
573,
252,
433,
29,
422,
58,
292,
1327,
29,
1404,
746,
414,
52,
513,
702,
319,
395,
429,
629,
474,
289,
387,
813,
621,
359,
32,
377,
377,
364,
657,
392,
222,
365,
26,
44,
421,
263,
396,
60,
576,
379,
775,
1935,
1086,
60,
39,
818,
102,
95,
790,
57,
604,
1689,
85,
439,
813,
577,
1411,
1950,
80,
67,
1292,
778,
446,
418,
79,
800,
1944,
338,
305,
517,
423,
2467,
1282,
811,
1698,
409,
657,
1696,
1928,
445,
261,
2007,
1905,
2032,
417,
426,
1992,
45,
2357,
277,
127,
43,
122,
409,
1215,
1224,
509,
134,
423,
317,
2325,
376,
1874,
120,
418,
100,
423,
1355,
1211,
453,
572,
429,
353,
360,
386,
276,
368,
73,
2396,
1317,
1196,
480,
461,
842,
1502,
467,
383,
2263,
61,
454,
1430,
58,
299,
2049,
1399,
377,
382,
1402,
390,
433,
453,
422,
402,
377,
374,
385,
41,
374,
1361,
350,
1367,
1304,
306,
411,
318,
485,
2158,
326,
829,
1489,
440,
347,
366,
673,
1764,
49,
330,
327,
627,
745,
633,
369,
42,
306,
377,
433,
436,
624,
1415,
302,
1248,
415,
1335,
304,
508,
1438,
656,
2498,
39,
1017,
827,
300,
840,
325,
430,
344,
828,
2328,
667,
346,
404,
315,
459,
352,
147,
405,
2075,
84,
287,
99,
739,
2075,
866,
361,
883,
103,
141,
361,
412,
486,
403,
449,
412,
83,
444,
856,
618,
597,
392,
477,
663,
408,
95,
387,
55,
78,
43,
497,
79,
2489,
82,
2482,
461,
338,
2475,
301,
445,
2474,
614,
30,
687,
1372,
41,
498,
894,
1562,
267,
494,
418,
99,
1575,
420,
487,
459,
377,
98,
1297,
1411,
532,
715,
668,
1543,
419,
50,
1190,
347,
752,
298,
516,
92,
491,
45,
404,
349,
722,
422,
708,
351,
1417,
90,
41,
302,
348,
1327,
415,
802,
436,
89,
481,
373,
328,
43,
1306,
447,
472,
244,
373,
428,
391,
396,
339,
38,
356,
317,
326,
44,
182,
928,
484,
2165,
363,
466,
1583,
1421,
401,
1582,
1540,
412,
52,
1437,
397,
1497,
37,
898,
403,
449,
636,
651,
1439,
429,
472,
798,
459,
1498,
433,
792,
518,
296,
342,
458,
1530,
466,
816,
407,
108,
44,
555,
809,
456,
489,
266,
647,
432,
413,
505,
549,
1488,
1540,
455,
44,
383,
457,
796,
43,
1500,
454,
449,
44,
430,
42,
268,
408,
81,
45,
231,
60,
42,
563,
40,
327,
1633,
42,
82,
124,
51,
2527,
2844,
106,
125,
40,
46,
246,
663,
546,
100,
414,
364,
105,
80,
1715,
2622,
1332,
36,
1494,
2089,
540,
1594,
347,
374,
1492,
474,
477,
666,
493,
1574,
1450,
568,
648,
559,
45,
39,
3024,
459,
592,
440,
447,
1331,
41,
617,
1285,
501,
463,
714,
899,
678,
482,
398,
647,
1605,
462,
369,
686,
516,
713,
600,
368,
722,
1551,
652,
417,
89,
519,
370,
91,
1438,
386,
732,
623,
429,
2119,
938,
490,
574,
357,
1481,
705,
445,
454,
560,
692,
400,
526,
680,
1474,
279,
447,
1799,
515,
1795,
299,
551,
629,
579,
761,
571,
517,
352,
934,
1387,
492,
1579,
217,
719,
333,
630,
307,
640,
2095,
581,
553,
499,
2034,
1557,
664,
417,
366,
895,
332,
429,
117,
1813,
107,
1798,
2009,
1788,
611,
111,
637,
413,
309,
51,
171,
1407,
51,
98,
2409,
646,
2885,
297,
280,
373,
310,
626,
618,
1757,
614,
533,
674,
440,
549,
688,
682,
478,
2048,
356,
637,
437,
577,
114,
123,
2454,
561,
613,
110,
1604,
1564,
480,
780,
107,
430,
1514,
576,
565,
451,
1509,
482,
763,
981,
443,
452,
462,
101,
561,
584,
415,
630,
565,
2587,
2408,
83,
484,
408,
533,
474,
653,
2355,
460,
524,
719,
81,
320,
299,
641,
329,
513,
1175,
355,
978,
306,
630,
310,
215,
1631,
2880,
68,
1008,
2746,
614,
1624,
230,
593,
67,
302,
471,
60,
2642,
352,
77,
1195,
677,
299,
543,
662,
669,
539,
344,
298,
413,
445,
340,
314,
514,
110,
424,
94,
330,
490,
509,
410,
88,
74,
132,
525,
263,
433,
133,
314,
64,
124,
381,
1514,
62,
102,
76,
344,
2636,
319,
2559,
43,
66,
611,
2781,
50,
1473,
872,
819,
1457,
885,
1685,
356,
1705,
664,
1450,
523,
810,
347,
1063,
42,
1686,
326,
487,
644,
1433,
1700,
1423,
246,
756,
2473,
628,
473,
42,
468,
88,
83,
68,
70,
48,
40,
38,
750,
2471,
1458,
2459,
1884,
306,
565,
419,
424,
2353,
2428,
591,
632,
77,
2275,
2590,
836,
273,
495,
1432,
710,
46,
554,
76,
1431,
72,
684,
583,
1429,
570,
453,
72,
815,
388,
335,
472,
596,
438,
956,
786,
485,
936,
877,
1723,
579,
665,
2189,
906,
54,
2371,
2380,
419,
37,
337,
652,
2028,
2409,
267,
623,
2185,
371,
2097,
2429,
436,
531,
1292,
748,
500,
148,
430,
777,
485,
191,
519,
47,
777,
118,
2176,
373,
980,
2284,
565,
131,
569,
697,
674,
631,
589,
537,
639,
45,
484,
530,
707,
570,
87,
471,
505,
664,
590,
448,
624,
353,
634,
563,
2742,
418,
818,
396,
499,
718,
421,
914,
719,
901,
579,
969,
1773,
586,
571,
390,
42,
712,
724,
487,
80,
417,
559,
2272,
733,
540,
2710,
39,
538,
482,
944,
89,
352,
569,
621,
1523,
36,
453,
498,
539,
375,
387,
94,
495,
46,
60,
136,
118,
512,
103,
82,
513,
302,
296,
89,
39,
2838,
300,
369,
631,
358,
477,
116,
2809,
97,
334,
579,
77,
396,
2350,
88,
563,
611,
1218,
446,
2627,
2945,
2616,
810,
819,
2904,
466,
2754,
2254,
465,
2456,
1248,
2298,
2391,
619,
2388,
682,
603,
1320,
192,
2534,
159,
535,
3582,
168,
3040,
461,
70,
1747,
535,
762,
1771,
531,
726,
1261,
861,
842,
326,
3006,
588,
1008,
687,
436,
737,
1672,
429,
1771,
1574,
603,
1588,
641,
89,
674,
224,
834,
1568,
1553,
585,
578,
525,
655,
135,
479,
434,
97,
451,
2791,
169,
154,
139,
118,
789,
195,
954,
96,
582,
773,
918,
567,
924,
226,
526,
147,
1676,
161,
145,
121,
470,
155,
168,
98,
82,
110,
715,
126,
133,
1416,
83,
2143,
83,
380,
129,
588,
127,
441,
75,
589,
595,
825,
597,
772,
968,
563,
572,
728,
821,
705,
543,
558,
1078,
1092,
645,
625,
604,
100,
778,
609,
464,
533,
959,
99,
1617,
585,
613,
943,
605,
143,
64,
618,
74,
471,
139,
729,
553,
606,
138,
136,
810,
547,
453,
554,
114,
1005,
614,
113,
1581,
97,
440,
594,
576,
91,
620,
1869,
92,
634,
1859,
517,
634,
90,
547,
573,
844,
87,
496,
1024,
618,
616,
994,
1000,
1201,
644,
652,
655,
983,
1798,
983,
852,
605,
140,
481,
1396,
141,
140,
548,
568,
119,
610,
110,
607,
92,
628,
1329,
525,
2769,
1047,
738,
557,
652,
1165,
743,
783,
940,
680,
541,
1530,
707,
1365,
655,
673,
1234,
552,
120,
555,
1232,
997,
1120,
594,
1008,
725,
108,
548,
1821,
574,
555,
843,
1813,
1325,
532,
454,
1805,
342,
924,
3140,
1753,
699,
728,
2796,
3595,
96,
709,
3734,
924,
847,
2081,
1243,
526,
466,
203,
1777,
1793,
167,
1203,
969,
81,
882,
84,
93,
976,
1271,
623,
753,
2341,
711,
691,
674,
647,
930,
621,
611,
2919,
920,
1039,
856,
34,
741,
149,
736,
3309,
706,
702,
672,
1015,
639,
2812,
126,
1177,
720,
2760,
130,
1052,
593,
931,
117,
698,
629,
1471,
1233,
558,
830,
2658,
692,
991,
575,
668,
599,
686,
579,
1016,
889,
702,
696,
75,
575,
642,
80,
593,
653,
1244,
676,
164,
628,
151,
1779,
1237,
622,
163,
115,
118,
98,
75,
114,
93,
729,
67,
619,
748,
600,
873,
676,
87,
776,
1040,
620,
110,
1053,
702,
725,
1037,
1542,
106,
104,
521,
659,
1543,
1266,
103,
590,
669,
598,
691,
123,
101,
193,
98,
562,
540,
3483,
78,
691,
1599,
3533,
1023,
539,
520,
52,
601,
537,
3345,
1147,
958,
83,
488,
1073,
495,
1002,
1052,
3486,
998,
606,
2923,
771,
813,
544,
588,
504,
840,
631,
75,
338,
113,
108,
809,
372,
88,
579,
36,
703,
84,
366,
539,
703,
73,
485,
480,
470,
943,
49,
532,
501,
498,
768,
511,
677,
2287,
568,
2277,
2275,
1042,
1325,
86,
83,
67,
228,
78,
45,
38,
129,
185,
116,
167,
2582,
678,
131,
130,
680,
2793,
27,
825,
76,
78,
741,
42,
36,
111,
53,
2823,
1717,
2787,
739,
148,
358,
101,
99,
78,
550,
563,
3456,
106,
2679,
100,
509,
837,
817,
2675,
2685,
756,
745,
967,
694,
94,
91,
531,
2732,
740,
530,
912,
2962,
2170,
705,
2994,
2792,
630,
3060,
548,
816,
84,
408,
733,
1040,
2033,
654,
1121,
98,
2763,
101,
718,
1109,
960,
614,
1048,
769,
77,
115,
711,
269,
881,
986,
79,
740,
667,
268,
144,
1275,
631,
114,
261,
684,
601,
690,
81,
822,
703,
838,
764,
596,
819,
726,
692,
700,
78,
1765,
666,
78,
759,
88,
620,
524,
1133,
699,
2733,
813,
1185,
1005,
3354,
2736,
964,
4070,
690,
84,
609,
909,
1300,
1236,
1033,
568,
653,
2997,
1075,
616,
616,
1187,
83,
696,
666,
474,
1038,
84,
1016,
3371,
592,
902,
1089,
950,
671,
981,
3305,
993,
869,
2026,
1320,
1800,
618,
731,
1145,
1259,
3291,
303,
3330,
301,
1150,
1235,
715,
729,
1111,
625,
1120,
806,
691,
1819,
1233,
897,
326,
902,
896,
576,
3705,
1230,
1221,
622,
623,
644,
2318,
3603,
1890,
771,
1277,
765,
1079,
3210,
1317,
923,
3459,
560,
642,
775,
1337,
634,
1315,
1279,
688,
95,
740,
1078,
997,
1011,
1188,
709,
87,
743,
600,
1922,
1257,
813,
1252,
241,
1228,
836,
592,
821,
568,
740,
893,
975,
1220,
1253,
816,
779,
2713,
3255,
833,
1646,
829,
81,
3223,
1139,
664,
744,
809,
661,
1327,
1029,
834,
1114,
790,
1170,
784,
840,
692,
639,
704,
1279,
629,
613,
932,
328,
1331,
690,
626,
638,
668,
603,
2777,
271,
1294,
612,
1291,
604,
3216,
1048,
743,
1017,
697,
649,
1207,
1126,
1034,
847,
707,
853,
821,
1192,
1294,
825,
639,
771,
739,
867,
1189,
654,
862,
1194,
2831,
1185,
783,
1209,
670,
2190,
602,
647,
534,
842,
2065,
418,
805,
87,
420,
1109,
351,
298,
601,
800,
622,
659,
619,
625,
1130,
551,
1237,
1185,
1218,
540,
883,
912,
624,
518,
888,
582,
525,
558,
648,
1727,
44,
1153,
1724,
1267,
1412,
1118,
851,
814,
621,
608,
566,
824,
615,
1354,
676,
1029,
108,
645,
656,
772,
1489,
635,
1389,
1481,
83,
1087,
692,
566,
1267,
3202,
724,
139,
689,
921,
916,
914,
1174,
904,
1035,
569,
1178,
666,
577,
601,
1103,
557,
667,
590,
824,
78,
678,
727,
821,
559,
1472,
481,
1352,
710,
586,
1374,
887,
862,
482,
561,
477,
476,
607,
600,
469,
1611,
871,
462,
1139,
500,
587,
761,
992,
798,
1313,
664,
493,
670,
73,
496,
700,
674,
414,
412,
393,
735,
370,
604,
750,
603,
1224,
1150,
872,
367,
42,
392,
1681,
388,
771,
877,
369,
671,
79,
818,
986,
871,
359,
970,
1696,
3248,
883,
3182,
809,
1833,
878,
999,
3182,
1267,
1208,
1093,
1349,
1338,
999,
1829,
2784,
758,
635,
683,
1243,
2612,
942,
143,
2623,
3207,
813,
827,
777,
145,
926,
749,
100,
1022,
793,
4387,
98,
748,
397,
4137,
3207,
888,
55,
847,
1736,
1839,
108,
1502,
655,
112,
1709,
2102,
2086,
917,
1391,
1144,
111,
4116,
643,
101,
1360,
111,
2407,
93,
1851,
1306,
369,
737,
77,
646,
664,
781,
552,
4100,
548,
800,
3585,
579,
2617,
3990,
542,
2421,
2609,
3363,
1201,
74,
769,
2254,
93,
532,
532,
442,
666,
396,
438,
539,
46,
780,
418,
2427,
704,
539,
732,
104,
713,
296,
250,
905,
805,
88,
540,
537,
261,
1466,
237,
1166,
133,
418,
1442,
2915,
836,
540,
2403,
312,
790,
430,
1431,
1264,
878,
608,
310,
236,
3424,
957,
425,
215,
1538,
1194,
1516,
131,
425,
972,
228,
97,
119,
785,
2351,
2189,
561,
1617,
942,
958,
88,
791,
128,
114,
3566,
3412,
81,
784,
3820,
100,
769,
365,
78,
2875,
1005,
1066,
850,
904,
732,
138,
985,
151,
1473,
148,
70,
236,
888,
85,
2229,
1757,
1483,
1546,
733,
2009,
1543,
767,
697,
948,
106,
759,
1596,
46,
3059,
771,
1236,
1234,
991,
49,
81,
323,
881,
113,
3642,
1051,
60,
1007,
102,
3611,
94,
3656,
83,
172,
3859,
90,
2951,
84,
757,
355,
75,
76,
811,
865,
804,
1043,
836,
782,
787,
825,
690,
636,
1561,
807,
708,
647,
1062,
1665,
1026,
1334,
328,
699,
937,
1698,
902,
899,
2103,
743,
921,
714,
768,
888,
331,
726,
90,
742,
867,
827,
641,
799,
2640,
609,
685,
3932,
177,
788,
890,
1059,
888,
909,
183,
178,
656,
177,
763,
166,
899,
93,
157,
85,
93,
951,
857,
92,
154,
910,
186,
3783,
739,
185,
667,
887,
825,
686,
885,
1086,
3408,
943,
675,
876,
814,
2622,
865,
332,
837,
691,
880,
968,
1253,
943,
966,
87,
126,
152,
101,
36,
2646,
79,
4646,
3272,
79,
4192,
4032,
872,
78,
128,
1382,
2920,
3609,
2726,
859,
79,
2723,
4179,
680,
3130,
115,
1495,
2086,
2708,
4702,
1819,
3101,
2703,
2413,
234,
2707,
1159,
1131,
904,
227,
223,
1001,
98,
1008,
1108,
89,
895,
970,
833,
1211,
812,
4260,
886,
3930,
719,
1143,
1118,
2664,
82,
981,
2569,
994,
98,
96,
94,
810,
707,
193,
788,
101,
95,
1111,
759,
1038,
79,
735,
1685,
240,
797,
1620,
2079,
982,
2642,
2624,
2670,
2572,
34,
3023,
1090,
772,
1129,
2612,
1638,
2664,
2538,
856,
998,
835,
632,
195,
1205,
106,
1380,
713,
186,
2005,
857,
914,
106,
1115,
1217,
1189,
628,
634,
1533,
817,
1097,
979,
796,
750,
791,
1184,
973,
667,
600,
3960,
1100,
1202,
657,
1047,
577,
757,
575,
1428,
1683,
1135,
1874,
1677,
89,
947,
942,
1864,
1555,
1196,
1267,
1819,
855,
844,
1090,
1207,
208,
684,
833,
491,
630,
651,
102,
819,
1027,
1235,
435,
809,
387,
782,
1160,
1222,
604,
81,
1247,
105,
4151,
590,
688,
28,
206,
80,
2464,
1900,
584,
850,
631,
76,
24,
1034,
282,
1237,
78,
281,
970,
995,
922,
1137,
271,
560,
535,
1918,
1909,
86,
410,
1243,
2195,
686,
963,
1014,
1164,
1016,
2714,
3338,
1118,
1082,
4019,
988,
827,
1593,
706,
1213,
742,
815,
619,
583,
1246,
132,
1574,
3376,
58,
76,
651,
28,
234,
229,
27,
227,
201,
1849,
27,
1100,
685,
746,
735,
756,
2018,
559,
204,
196,
887,
629,
1051,
555,
1221,
1026,
546,
708,
829,
751,
551,
1282,
940,
654,
229,
1080,
732,
1270,
663,
1627,
1884,
1767,
1075,
708,
1240,
277,
2556,
735,
714,
3154,
959,
1141,
533,
1974,
1278,
2583,
3768,
559,
4126,
544,
86,
97,
205,
1009,
1048,
658,
984,
1065,
954,
1027,
841,
1073,
781,
95,
2610,
1295,
1091,
789,
78,
1300,
683,
1262,
435,
712,
1243,
1159,
1076,
732,
83,
1191,
712,
458,
1230,
1060,
457,
148,
957,
465,
456,
1070,
448,
886,
445,
1159,
1337,
341,
167,
1065,
880,
440,
103,
438,
3489,
1101,
431,
503,
427,
4647,
254,
252,
1051,
263,
1253,
1147,
433,
229,
425,
729,
165,
1014,
1139,
403,
823,
690,
99,
797,
1037,
1180,
612,
714,
609,
928,
766,
1041,
1894,
834,
945,
385,
593,
616,
136,
4820,
4151,
198,
734,
364,
3858,
636,
359,
356,
754,
914,
1090,
1107,
743,
1154,
710,
1895,
1157,
1287,
1922,
1155,
354,
793,
336,
1558,
1087,
586,
331,
1019,
1556,
1042,
547,
329,
760,
954,
297,
670,
613,
86,
101,
669,
226,
586,
622,
81,
768,
772,
75,
1376,
747,
155,
1080,
4291,
261,
1383,
767,
136,
1092,
1394,
610,
1093,
244,
531,
558,
80,
575,
2886,
894,
507,
789,
1213,
542,
558,
1008,
172,
1119,
613,
773,
1294,
771,
19,
1083,
492,
557,
301,
769,
498,
75,
208,
614,
2899,
204,
787,
1066,
457,
825,
486,
195,
1094,
640,
787,
580,
458,
557,
605,
675,
1151,
528,
820,
577,
4272,
164,
979,
3750,
83,
1979,
4532,
153,
172,
4503,
759,
1017,
483,
146,
177,
603,
1333,
87,
903,
145,
1361,
3206,
463,
630,
2736,
3010,
612,
4391,
998,
124,
1267,
1380,
277,
465,
2168,
506,
200,
1393,
2160,
146,
607,
764,
253,
849,
2950,
75,
216,
1973,
593,
904,
604,
2709,
3588,
986,
257,
81,
189,
170,
579,
77,
169,
466,
473,
1439,
145,
143,
543,
1139,
1438,
816,
431,
1394,
692,
676,
1388,
1446,
1035,
783,
1187,
2254,
1371,
125,
1387,
1331,
98,
579,
137,
1325,
818,
154,
160,
136,
512,
86,
681,
125,
1144,
773,
729,
110,
107,
209,
1260,
1230,
443,
116,
825,
642,
2292,
1360,
1050,
1284,
1215,
2288,
543,
1337,
583,
880,
646,
841,
631,
1287,
1401,
1319,
656,
1364,
1021,
853,
745,
1067,
1189,
1064,
778,
766,
4246,
789,
2358,
125,
517,
1226,
188,
758,
1058,
2284,
1091,
1296,
699,
112,
572,
1374,
567,
587,
1105,
424,
422,
420,
93,
612,
521,
82,
1483,
92,
710,
507,
366,
1019,
173,
4275,
1068,
1093,
1170,
1019,
1011,
135,
133,
3666,
151,
3517,
3113,
111,
2696,
126,
601,
143,
109,
577,
100,
360,
106,
134,
378,
377,
4070,
729,
3448,
3587,
839,
810,
2279,
2277,
5006,
3635,
616,
1445,
888,
597,
89,
1126,
1521,
930,
411,
4986,
1525,
836,
890,
2299,
412,
1116,
651,
2298,
2173,
886,
690,
675,
631,
412,
3816,
82,
490,
588,
411,
2280,
452,
1146,
297,
4011,
844,
644,
309,
350,
4451,
362,
238,
3823,
555,
481,
554,
3131,
522,
173,
3863,
335,
76,
723,
1178,
139,
4244,
666,
635,
82,
795,
639,
810,
760,
833,
804,
79,
4059,
595,
5042,
296,
585,
4408,
3528,
3078,
300,
3475,
3540,
3412,
73,
3412,
694,
4221,
249,
4204,
2254,
383,
393,
450,
619,
1556,
757,
4385,
603,
394,
1517,
749,
4211,
809,
452,
895,
386,
879,
819,
670,
3494,
2328,
3439,
708,
3044,
777,
628,
2254,
3405,
949,
1410,
786,
5329,
632,
83,
330,
89,
1376,
82,
3474,
4008,
447,
1566,
1638,
847,
560,
809,
1370,
384,
1156,
1565,
1592,
330,
825,
870,
397,
4402,
123,
708,
759,
769,
818,
97,
572,
4868,
1043,
609,
755,
813,
70,
507,
540,
668,
819,
641,
276,
472,
549,
981,
3337,
52,
48,
527,
992,
1059,
1630,
440,
93,
382,
1589,
389,
383,
1456,
25,
1622,
511,
3007,
28,
384,
676,
948,
759,
495,
1558,
1180,
1163,
34,
372,
760,
270,
1103,
729,
518,
1589,
4863,
4413,
4683,
2006,
79,
3507,
644,
376,
3270,
728,
110,
47,
1507,
933,
3292,
4809,
4549,
356,
887,
370,
1517,
776,
372,
1108,
1030,
82,
334,
733,
322,
655,
693,
3247,
454,
322,
307,
636,
285,
268,
278,
169,
1136,
125,
148,
273,
1087,
1126,
3750,
596,
3830,
1066,
275,
80,
981,
95,
266,
88,
82,
408,
1002,
90,
285,
498,
595,
417,
707,
1110,
425,
867,
525,
409,
749,
438,
3064,
1685,
1347,
289,
3807,
125,
302,
284,
1656,
817,
125,
115,
2079,
3831,
975,
1521,
395,
3803,
2419,
211,
438,
3894,
988,
204,
4288,
177,
3998,
165,
141,
4058,
896,
1048,
916,
135,
2536,
116,
1089,
93,
743,
1043,
3087,
2426,
744,
88,
827,
4969,
2506,
82,
648,
1113,
79,
481,
463,
409,
66,
1186,
901,
782,
756,
392,
450,
4664,
86,
4253,
530,
440,
4130,
4835,
3840,
441,
597,
163,
155,
89,
1329,
932,
232,
4348,
1020,
465,
831,
668,
327,
897,
643,
845,
173,
1059,
1012,
429,
82,
4371,
81,
105,
569,
563,
5199,
1062,
876,
833,
954,
1139,
1167,
51,
594,
719,
684,
2559,
531,
1224,
108,
583,
159,
1139,
1759,
951,
538,
301,
138,
637,
645,
1069,
915,
3325,
1016,
739,
1735,
538,
620,
3914,
3117,
3182,
1042,
537,
3124,
469,
801,
447,
83,
433,
503,
445,
834,
441,
3962,
181,
88,
452,
521,
1471,
738,
3847,
430,
901,
116,
526,
1067,
1017,
653,
861,
585,
914,
76,
602,
4770,
157,
142,
4074,
141,
1781,
936,
30,
49,
4098,
104,
795,
833,
4269,
115,
470,
102,
94,
594,
78,
81,
89,
4808,
629,
555,
3791,
5243,
87,
787,
363,
463,
78,
377,
4972,
148,
137,
1498,
124,
5280,
5284,
362,
111,
343,
4557,
1231,
48,
294,
92,
534,
308,
158,
518,
74,
1780,
1057,
614,
77,
1240,
713,
101,
631,
593,
1207,
4747,
1236,
78,
5317,
1243,
1247,
1784,
587,
75,
1141,
1238,
543,
4322,
285,
85,
72,
563,
68,
4743,
1627,
1263,
4028,
3392,
4274,
60,
22,
87,
463,
852,
4470,
1854,
419,
1113,
471,
1290,
1067,
698,
684,
1045,
544,
642,
126,
520,
640,
698,
519,
77,
587,
38,
5228,
80,
601,
552,
147,
98,
644,
454,
37,
904,
1223,
442,
440,
81,
860,
92,
1256,
1127,
1246,
1252,
98,
906,
85,
88,
1064,
713,
890,
1443,
3543,
3534,
74,
1319,
1000,
2781,
1032,
1367,
1428,
3479,
1930,
390,
1051,
933,
1863,
1891,
1232,
93,
1228,
1423,
1380,
3451,
1207,
1358,
614,
3334,
82,
3533,
3419,
614,
1950,
167,
96,
797,
83,
789,
947,
83,
4544,
629,
619,
703,
723,
429,
405,
1146,
132,
537,
1951,
652,
4737,
970,
580,
373,
2834,
1131,
763,
1694,
1055,
1031,
5264,
2741,
933,
890,
612,
1022,
1328,
1697,
1313,
975,
1057,
111,
397,
991,
860,
815,
1053,
1322,
1226,
1217,
802,
529,
596,
669,
4153,
91,
78,
4640,
82,
4650,
82,
413,
76,
2795,
2777,
1440,
3432,
1096,
3576,
2770,
3530,
3645,
1697,
5518,
848,
5475,
681,
1175,
430,
104,
3854,
2210,
106,
1619,
3302,
126,
1101,
1363,
1383,
1492,
1298,
966,
865,
1145,
410,
1171,
757,
986,
1363,
3491,
3607,
3470,
4448,
3454,
3444,
937,
3562,
2230,
1202,
1055,
887,
872,
904,
959,
984,
2122,
3653,
4645,
110,
935,
848,
868,
1279,
976,
4567,
968,
1148,
778,
870,
943,
1161,
953,
744,
808,
460,
1247,
1285,
888,
1077,
777,
82,
891,
960,
619,
650,
859,
620,
871,
794,
880,
2134,
461,
1491,
813,
860,
694,
5292,
633,
3668,
947,
680,
3057,
2934,
1306,
1054,
961,
1705,
3892,
807,
567,
748,
117,
926,
578,
848,
117,
468,
523,
1307,
954,
93,
451,
441,
966,
87,
5296,
2520,
951,
863,
972,
1336,
2313,
1045,
839,
1282,
940,
1035,
896,
1094,
853,
951,
1541,
911,
1329,
907,
2568,
807,
910,
1347,
3807,
917,
2301,
1339,
64,
1381,
1227,
782,
940,
2324,
4768,
1452,
1863,
402,
938,
500,
882,
813,
606,
1120,
848,
398,
920,
393,
1383,
791,
662,
368,
1065,
846,
1127,
1059,
1310,
385,
918,
301,
945,
863,
365,
938,
794,
904,
92,
790,
788,
929,
937,
438,
380,
329,
51,
82,
79,
3591,
1070,
423,
3589,
3579,
415,
5908,
1823,
507,
476,
25,
4108,
5345,
1184,
851,
83,
405,
1488,
953,
3897,
396,
2659,
5333,
379,
819,
919,
1209,
806,
913,
3716,
1499,
1365,
509,
744,
921,
799,
654,
4332,
487,
1011,
746,
1420,
4338,
85,
1021,
917,
1026,
989,
1012,
146,
1426,
1145,
420,
432,
930,
1108,
950,
3737,
1067,
941,
1136,
1158,
416,
919,
928,
396,
1082,
1206,
1053,
992,
147,
494,
1018,
388,
1152,
833,
920,
586,
1100,
394,
923,
924,
715,
602,
512,
1337,
3799,
1433,
75,
3840,
567,
866,
2708,
909,
554,
362,
5647,
359,
957,
1015,
545,
86,
601,
721,
760,
659,
686,
810,
404,
641,
636,
784,
686,
399,
532,
75,
633,
2686,
378,
715,
362,
403,
1869,
1239,
1660,
368,
151,
1118,
549,
149,
530,
1382,
544,
96,
677,
956,
80,
822,
684,
4311,
716,
97,
487,
889,
525,
384,
521,
704,
829,
979,
554,
485,
85,
499,
511,
996,
1037,
1500,
1141,
1495,
1491,
1218,
76,
346,
1500,
1483,
563,
345,
969,
1502,
465,
589,
355,
5149,
5330,
833,
520,
4325,
67,
5541,
5133,
592,
87,
1441,
107,
529,
2761,
90,
5078,
508,
59,
275,
615,
599,
920,
1169,
638,
4084,
2759,
4794,
1023,
800,
878,
1130,
1518,
582,
699,
1088,
1059,
1085,
1120,
1078,
1247,
809,
1506,
5111,
4600,
220,
2226,
924,
794,
1448,
674,
1256,
980,
553,
561,
587,
1264,
86,
602,
578,
734,
799,
1011,
501,
1472,
986,
100,
433,
1010,
241,
518,
1323,
720,
897,
111,
464,
561,
4110,
420,
1818,
449,
105,
1032,
1026,
865,
1514,
1008,
1038,
727,
1018,
1036,
1010,
4748,
844,
724,
491,
144,
555,
4614,
4664,
713,
116,
96,
629,
591,
800,
1824,
736,
84,
126,
1240,
1524,
1237,
1391,
105,
1056,
831,
5414,
598,
1602,
73,
1078,
1731,
485,
963,
1218,
1710,
1078,
450,
483,
93,
59,
1908,
520,
606,
925,
5334,
533,
86,
87,
1046,
1030,
588,
4603,
816,
1300,
81,
754,
1533,
90,
4998,
743,
5841,
916,
125,
943,
68,
1041,
638,
1285,
851,
122,
730,
709,
1003,
4880,
112,
4627,
789,
46,
705,
4166,
986,
1314,
785,
274,
1071,
1253,
2546,
4716,
681,
47,
703,
544,
45,
85,
1692,
3340,
1689,
5683,
632,
83,
1345,
682,
1009,
1299,
1549,
613,
1580,
1101,
121,
1054,
1022,
78,
844,
672,
839,
570,
1298,
1070,
844,
79,
84,
1001,
998,
676,
657,
983,
1068,
671,
4193,
742,
1093,
969,
150,
1056,
1277,
647,
4194,
1083,
1288,
728,
571,
2455,
58,
1148,
2411,
738,
1180,
4331,
1115,
1172,
989,
1608,
1312,
1313,
1295,
1602,
942,
1599,
1052,
1594,
1028,
560,
886,
1123,
818,
558,
1068,
48,
628,
1901,
5273,
1347,
1605,
1650,
1633,
740,
1105,
922,
679,
2429,
593,
1276,
1135,
1656,
1250,
1209,
1606,
1219,
1616,
674,
1104,
1042,
679,
607,
679,
1331,
1124,
636,
685,
58,
863,
595,
804,
5071,
1118,
1620,
1328,
1110,
659,
1233,
3919,
1037,
628,
599,
4700,
612,
951,
673,
1054,
629,
220,
209,
3899,
1124,
619,
674,
136,
369,
809,
1127,
1208,
1053,
1121,
523,
3924,
122,
1123,
697,
1392,
1042,
630,
666,
574,
1301,
611,
358,
1051,
1122,
1173,
549,
736,
476,
620,
400,
4990,
598,
43,
630,
373,
616,
750,
1205,
1136,
326,
482,
1201,
585,
5832,
322,
368,
258,
320,
644,
5155,
1088,
121,
665,
662,
1178,
86,
128,
328,
71,
344,
621,
934,
1134,
3935,
3897,
5635,
387,
3969,
474,
312,
1123,
686,
564,
3902,
304,
390,
1128,
582,
148,
1123,
535,
550,
4017,
297,
3607,
1068,
1050,
5497,
934,
3850,
691,
1160,
1170,
1045,
1102,
1212,
340,
909,
1291,
1064,
1396,
1059,
1043,
5391,
1089,
1069,
2069,
26,
1054,
4601,
687,
699,
1144,
4589,
5534,
77,
725,
230,
1023,
346,
596,
698,
226,
746,
335,
78,
447,
464,
875,
373,
200,
78,
1189,
76,
1148,
88,
302,
758,
334,
294,
1000,
633,
4757,
79,
733,
740,
1236,
227,
737,
2982,
296,
797,
574,
216,
1059,
1353,
810,
753,
1547,
1557,
1064,
1215,
814,
340,
2056,
1249,
338,
1437,
348,
230,
346,
5787,
659,
766,
1147,
968,
5829,
1219,
5820,
872,
1226,
5729,
1780,
1196,
154,
1239,
182,
711,
201,
1199,
819,
88,
157,
71,
651,
88,
801,
66,
61,
885,
6056,
353,
6053,
686,
83,
353,
61,
752,
364,
727,
1104,
1114,
434,
134,
1060,
361,
879,
4914,
390,
1411,
960,
1445,
1022,
298,
949,
708,
1510,
1178,
688,
83,
795,
258,
888,
1178,
1520,
105,
128,
5409,
874,
805,
860,
634,
1130,
829,
1116,
864,
960,
1108,
525,
1046,
1423,
154,
1313,
799,
482,
1523,
1855,
1221,
632,
5417,
1132,
1059,
1154,
89,
1122,
1044,
436,
1364,
447,
557,
1456,
1102,
371,
708,
1215,
898,
1057,
1036,
185,
816,
1040,
1096,
1133,
576,
1845,
801,
661,
799,
794,
573,
1140,
55,
473,
102,
1155,
74,
95,
1219,
98,
3601,
95,
594,
4844,
70,
346,
681,
782,
1091,
357,
77,
935,
920,
919,
747,
500,
81,
6182,
3042,
5376,
80,
37,
1004,
760,
5561,
1517,
1027,
855,
409,
1095,
565,
662,
882,
917,
1523,
5722,
371,
526,
116,
126,
843,
563,
520,
1041,
5557,
969,
95,
2081,
5392,
5998,
368,
360,
572,
5532,
3692,
342,
5346,
533,
863,
371,
738,
1194,
355,
343,
338,
303,
1130,
327,
5228,
931,
787,
993,
925,
530,
1935,
989,
533,
4982,
103,
3340,
386,
870,
514,
776,
665,
546,
569,
1413,
509,
336,
870,
517,
447,
484,
515,
470,
979,
108,
612,
4942,
444,
673,
366,
365,
854,
74,
590,
915,
988,
342,
898,
87,
414,
144,
910,
977,
80,
1059,
4986,
459,
6170,
342,
524,
535,
870,
701,
985,
617,
78,
416,
1034,
4925,
523,
217,
633,
244,
