32,
35,
35,
33,
43,
39,
69,
69,
97,
74,
102,
107,
96,
106,
66,
96,
110,
88,
65,
112,
56,
123,
41,
109,
40,
78,
42,
38,
118,
137,
35,
120,
119,
138,
129,
138,
133,
142,
38,
33,
114,
33,
126,
44,
128,
32,
104,
34,
127,
120,
124,
168,
89,
93,
79,
107,
52,
83,
187,
106,
87,
159,
166,
93,
87,
66,
157,
75,
69,
140,
161,
171,
180,
157,
66,
146,
176,
167,
142,
154,
168,
137,
61,
190,
163,
134,
184,
135,
161,
130,
60,
156,
43,
127,
196,
150,
98,
114,
136,
60,
114,
175,
59,
206,
57,
137,
149,
192,
54,
129,
136,
47,
152,
148,
31,
165,
126,
159,
204,
43,
183,
114,
136,
191,
163,
43,
118,
91,
223,
199,
180,
138,
141,
170,
211,
224,
150,
138,
109,
152,
41,
128,
210,
200,
149,
144,
187,
139,
202,
174,
172,
188,
158,
36,
42,
170,
164,
146,
80,
170,
179,
208,
176,
198,
193,
179,
120,
214,
147,
221,
178,
142,
192,
129,
162,
140,
175,
220,
40,
33,
220,
146,
33,
142,
36,
35,
245,
115,
32,
125,
81,
67,
133,
188,
93,
215,
92,
77,
250,
230,
191,
75,
139,
258,
83,
134,
167,
161,
115,
151,
104,
76,
159,
204,
132,
148,
152,
266,
102,
190,
148,
196,
226,
165,
236,
235,
219,
242,
115,
246,
203,
178,
184,
60,
175,
193,
235,
194,
59,
290,
228,
189,
174,
182,
201,
178,
265,
172,
274,
179,
251,
205,
160,
137,
130,
164,
41,
238,
180,
47,
177,
115,
142,
46,
39,
232,
148,
46,
178,
130,
131,
265,
250,
211,
163,
45,
282,
181,
131,
44,
199,
121,
212,
194,
178,
184,
310,
218,
180,
299,
35,
271,
130,
222,
124,
289,
177,
276,
169,
232,
232,
161,
129,
158,
160,
184,
126,
177,
38,
281,
95,
138,
149,
300,
160,
167,
181,
143,
281,
293,
198,
39,
259,
234,
252,
258,
303,
278,
209,
187,
137,
179,
295,
259,
37,
283,
143,
250,
181,
246,
132,
277,
328,
177,
246,
212,
196,
322,
261,
43,
157,
144,
256,
309,
33,
250,
243,
229,
169,
297,
320,
124,
287,
138,
100,
113,
36,
129,
112,
124,
87,
213,
135,
216,
252,
118,
102,
91,
86,
207,
84,
71,
66,
190,
134,
203,
189,
106,
167,
99,
215,
148,
72,
167,
207,
71,
130,
165,
180,
206,
37,
192,
141,
205,
130,
64,
194,
136,
214,
127,
61,
219,
171,
203,
267,
227,
155,
147,
177,
198,
193,
58,
245,
294,
188,
182,
142,
199,
160,
142,
191,
333,
135,
164,
161,
54,
160,
147,
53,
339,
346,
159,
119,
151,
235,
193,
144,
169,
47,
155,
342,
144,
221,
138,
221,
337,
42,
149,
303,
173,
324,
221,
211,
304,
175,
161,
151,
159,
173,
268,
133,
167,
122,
174,
254,
297,
124,
136,
93,
218,
102,
268,
128,
216,
245,
153,
37,
101,
238,
206,
152,
330,
213,
240,
258,
164,
258,
272,
237,
169,
224,
177,
221,
265,
368,
209,
134,
211,
239,
332,
336,
295,
37,
396,
276,
204,
194,
205,
171,
258,
187,
296,
239,
109,
323,
257,
136,
271,
173,
184,
305,
212,
367,
42,
40,
282,
249,
241,
206,
39,
225,
159,
229,
119,
314,
36,
227,
370,
230,
112,
112,
41,
112,
72,
268,
358,
111,
341,
291,
76,
67,
44,
281,
221,
89,
72,
263,
181,
176,
142,
103,
166,
95,
340,
111,
173,
192,
143,
339,
160,
105,
218,
244,
332,
171,
204,
190,
176,
129,
174,
186,
202,
217,
181,
193,
57,
163,
174,
248,
174,
184,
123,
53,
170,
199,
73,
158,
156,
182,
153,
189,
166,
53,
168,
252,
162,
39,
103,
150,
183,
52,
190,
145,
163,
186,
251,
170,
230,
230,
76,
41,
152,
185,
169,
157,
141,
116,
201,
141,
186,
326,
142,
170,
115,
141,
182,
136,
33,
141,
345,
236,
169,
164,
338,
100,
52,
299,
238,
155,
41,
212,
144,
212,
277,
206,
301,
236,
99,
204,
351,
139,
137,
408,
270,
246,
319,
254,
200,
131,
160,
327,
170,
211,
426,
299,
265,
277,
150,
272,
273,
246,
199,
328,
328,
43,
184,
254,
365,
148,
334,
202,
291,
318,
41,
410,
176,
197,
436,
256,
265,
298,
41,
37,
256,
431,
183,
128,
397,
364,
34,
257,
172,
407,
219,
307,
137,
31,
114,
410,
425,
335,
252,
297,
138,
125,
92,
153,
239,
297,
429,
312,
234,
59,
359,
81,
45,
290,
198,
242,
71,
253,
270,
50,
148,
157,
132,
130,
181,
269,
141,
119,
392,
36,
120,
213,
211,
197,
120,
101,
219,
38,
197,
177,
209,
288,
361,
202,
211,
194,
60,
170,
194,
281,
273,
225,
199,
128,
188,
126,
190,
263,
167,
230,
160,
257,
155,
201,
382,
155,
56,
109,
215,
238,
150,
124,
213,
56,
160,
167,
138,
141,
55,
465,
219,
110,
380,
166,
201,
172,
363,
122,
243,
168,
128,
341,
91,
45,
116,
200,
177,
181,
342,
44,
126,
179,
159,
197,
151,
43,
123,
177,
264,
298,
35,
321,
217,
195,
198,
110,
267,
134,
147,
232,
152,
239,
136,
264,
284,
121,
346,
267,
231,
143,
266,
363,
47,
232,
182,
145,
204,
158,
264,
156,
132,
216,
155,
178,
39,
306,
219,
220,
280,
261,
148,
226,
229,
329,
339,
347,
288,
42,
283,
159,
371,
369,
327,
166,
281,
215,
331,
157,
292,
18,
265,
37,
233,
97,
257,
367,
242,
264,
219,
303,
187,
335,
331,
43,
271,
236,
150,
115,
349,
234,
284,
300,
113,
172,
81,
353,
347,
279,
232,
378,
326,
368,
257,
42,
61,
240,
168,
494,
414,
263,
150,
139,
476,
181,
53,
109,
68,
180,
448,
45,
411,
190,
136,
161,
210,
425,
123,
195,
198,
153,
175,
383,
123,
138,
240,
236,
276,
231,
68,
185,
235,
206,
132,
275,
485,
202,
198,
115,
327,
109,
194,
61,
198,
317,
158,
186,
186,
197,
437,
136,
166,
417,
60,
216,
312,
225,
212,
236,
264,
194,
172,
106,
59,
180,
521,
213,
175,
125,
58,
165,
221,
153,
118,
245,
255,
116,
57,
456,
166,
267,
139,
144,
155,
406,
186,
57,
205,
212,
154,
454,
50,
122,
132,
163,
152,
152,
235,
392,
207,
40,
104,
426,
291,
282,
206,
243,
155,
115,
310,
250,
250,
413,
144,
422,
39,
149,
37,
183,
174,
316,
187,
172,
245,
437,
243,
142,
155,
276,
401,
58,
223,
340,
209,
196,
404,
401,
129,
39,
337,
222,
236,
333,
300,
165,
246,
223,
363,
221,
277,
213,
395,
212,
187,
39,
378,
155,
389,
218,
147,
236,
227,
282,
37,
406,
225,
39,
163,
371,
220,
45,
188,
157,
270,
323,
165,
35,
212,
324,
233,
204,
190,
285,
393,
164,
378,
31,
216,
227,
217,
210,
32,
362,
43,
197,
41,
109,
156,
88,
133,
384,
214,
349,
116,
352,
105,
195,
43,
376,
101,
183,
369,
289,
177,
365,
101,
384,
149,
101,
140,
138,
406,
399,
99,
103,
157,
38,
400,
356,
134,
99,
139,
208,
318,
367,
219,
201,
135,
209,
218,
219,
222,
213,
297,
217,
179,
364,
230,
133,
195,
188,
47,
240,
172,
224,
400,
251,
167,
204,
154,
224,
199,
95,
81,
187,
141,
189,
186,
175,
225,
127,
248,
170,
198,
92,
162,
198,
380,
187,
38,
221,
163,
137,
176,
199,
33,
156,
394,
153,
185,
133,
126,
385,
171,
122,
32,
153,
143,
154,
179,
90,
409,
133,
127,
373,
227,
129,
250,
405,
243,
130,
122,
187,
235,
191,
148,
187,
213,
260,
270,
150,
442,
241,
112,
267,
240,
219,
412,
100,
110,
196,
46,
199,
203,
173,
243,
158,
237,
127,
211,
377,
191,
88,
396,
224,
280,
223,
201,
210,
266,
38,
289,
119,
377,
230,
378,
179,
216,
186,
193,
39,
256,
229,
192,
192,
229,
240,
266,
154,
176,
38,
197,
166,
180,
150,
204,
201,
161,
240,
233,
41,
189,
180,
195,
165,
141,
178,
267,
250,
229,
153,
139,
396,
434,
220,
203,
257,
84,
398,
39,
115,
390,
291,
131,
134,
186,
116,
39,
356,
101,
87,
334,
74,
300,
440,
386,
398,
162,
144,
154,
142,
398,
133,
141,
139,
405,
210,
346,
190,
82,
205,
59,
200,
133,
71,
129,
400,
118,
128,
423,
70,
255,
167,
232,
114,
227,
208,
380,
380,
215,
68,
182,
143,
63,
200,
183,
174,
129,
240,
138,
148,
401,
363,
176,
194,
217,
188,
168,
165,
158,
122,
398,
229,
146,
166,
59,
250,
156,
120,
119,
130,
177,
73,
184,
56,
400,
442,
210,
142,
46,
157,
179,
166,
53,
128,
360,
44,
151,
52,
258,
221,
160,
179,
39,
120,
230,
43,
392,
380,
186,
110,
207,
188,
132,
238,
166,
151,
527,
197,
353,
218,
42,
216,
182,
445,
174,
202,
391,
113,
366,
171,
186,
134,
174,
37,
142,
137,
252,
144,
144,
454,
159,
231,
352,
177,
149,
173,
176,
220,
367,
92,
176,
386,
405,
152,
41,
279,
355,
143,
136,
347,
456,
447,
235,
39,
343,
190,
231,
279,
193,
466,
198,
101,
246,
180,
204,
360,
192,
149,
176,
363,
36,
301,
304,
354,
271,
340,
132,
367,
341,
239,
373,
112,
275,
41,
288,
89,
39,
340,
96,
50,
340,
274,
147,
106,
93,
350,
355,
80,
51,
339,
45,
278,
349,
278,
50,
151,
184,
312,
158,
139,
389,
146,
400,
144,
223,
105,
146,
313,
211,
186,
423,
60,
216,
138,
229,
173,
221,
215,
107,
363,
162,
141,
87,
181,
215,
170,
127,
227,
137,
93,
168,
58,
181,
165,
332,
163,
196,
176,
102,
194,
109,
95,
151,
445,
172,
123,
178,
167,
110,
289,
199,
205,
190,
169,
216,
52,
382,
216,
146,
182,
51,
137,
330,
219,
41,
376,
180,
177,
108,
227,
133,
39,
135,
153,
173,
335,
440,
34,
196,
231,
396,
376,
34,
522,
170,
163,
172,
117,
213,
157,
208,
161,
173,
160,
167,
321,
131,
181,
168,
201,
162,
132,
255,
201,
219,
140,
205,
132,
136,
193,
464,
191,
197,
181,
175,
406,
251,
255,
318,
35,
206,
234,
197,
166,
185,
186,
246,
156,
245,
172,
206,
35,
173,
152,
45,
132,
159,
441,
118,
130,
292,
179,
242,
200,
173,
254,
211,
174,
229,
161,
425,
498,
133,
341,
504,
297,
92,
204,
176,
280,
153,
478,
299,
360,
370,
283,
73,
418,
268,
543,
248,
420,
140,
332,
129,
228,
389,
105,
152,
94,
311,
347,
334,
482,
354,
40,
180,
82,
306,
219,
172,
333,
178,
154,
199,
197,
325,
134,
174,
182,
368,
221,
204,
194,
336,
210,
217,
148,
69,
145,
142,
67,
392,
240,
84,
178,
243,
210,
105,
628,
40,
206,
209,
405,
248,
132,
188,
443,
101,
164,
265,
206,
240,
183,
188,
238,
190,
424,
204,
200,
242,
459,
204,
65,
203,
142,
173,
170,
181,
408,
146,
428,
188,
61,
173,
149,
164,
55,
181,
154,
143,
363,
137,
54,
317,
244,
147,
236,
47,
38,
123,
392,
171,
119,
368,
156,
268,
198,
387,
127,
132,
216,
47,
342,
132,
336,
165,
173,
47,
312,
160,
262,
169,
233,
170,
345,
178,
47,
159,
211,
42,
324,
167,
155,
188,
185,
199,
369,
129,
150,
364,
155,
319,
169,
404,
44,
137,
202,
228,
140,
142,
153,
135,
175,
196,
173,
333,
165,
249,
317,
191,
43,
43,
205,
295,
170,
182,
168,
275,
161,
250,
150,
41,
316,
296,
397,
156,
119,
305,
123,
177,
202,
256,
291,
192,
314,
39,
119,
166,
127,
248,
288,
38,
314,
160,
37,
315,
295,
240,
90,
37,
227,
360,
36,
216,
187,
130,
35,
308,
34,
366,
345,
400,
92,
37,
265,
40,
317,
101,
179,
598,
146,
195,
117,
163,
379,
130,
313,
340,
400,
170,
409,
176,
168,
156,
685,
179,
210,
161,
370,
299,
209,
251,
72,
195,
141,
197,
136,
238,
146,
226,
49,
121,
274,
81,
157,
128,
48,
181,
176,
190,
226,
182,
118,
374,
226,
189,
122,
207,
116,
148,
169,
106,
249,
178,
161,
252,
166,
189,
241,
159,
47,
106,
163,
206,
113,
243,
615,
391,
174,
40,
151,
192,
328,
276,
146,
143,
200,
113,
39,
135,
120,
192,
109,
163,
43,
36,
329,
238,
119,
118,
221,
212,
118,
141,
191,
131,
246,
33,
44,
366,
180,
173,
235,
116,
135,
109,
218,
171,
146,
151,
127,
251,
33,
98,
135,
203,
177,
691,
227,
172,
234,
706,
218,
202,
341,
204,
144,
352,
142,
191,
162,
224,
188,
140,
180,
344,
36,
420,
321,
33,
213,
225,
618,
223,
181,
114,
572,
108,
320,
576,
616,
260,
208,
206,
224,
149,
164,
330,
161,
611,
196,
312,
205,
199,
584,
239,
174,
214,
310,
327,
213,
312,
198,
147,
34,
187,
182,
211,
198,
147,
132,
369,
140,
262,
41,
135,
36,
380,
306,
166,
110,
380,
303,
40,
216,
306,
83,
270,
304,
256,
250,
231,
164,
75,
61,
714,
96,
303,
53,
186,
399,
174,
139,
273,
376,
337,
155,
123,
363,
320,
102,
165,
50,
159,
120,
255,
335,
269,
144,
158,
225,
150,
48,
138,
292,
192,
141,
358,
127,
219,
242,
245,
125,
41,
102,
212,
58,
244,
236,
119,
98,
202,
196,
353,
232,
212,
90,
103,
306,
50,
245,
98,
189,
45,
228,
206,
228,
172,
189,
47,
360,
180,
156,
156,
171,
179,
142,
120,
189,
149,
290,
346,
198,
177,
255,
146,
133,
771,
128,
160,
139,
38,
189,
330,
154,
143,
248,
167,
37,
122,
196,
150,
37,
205,
111,
274,
106,
323,
116,
199,
179,
115,
36,
252,
265,
175,
180,
292,
229,
166,
172,
191,
108,
171,
211,
334,
272,
164,
188,
264,
217,
203,
278,
112,
210,
290,
219,
131,
170,
181,
194,
236,
219,
644,
184,
39,
150,
200,
177,
159,
158,
215,
107,
190,
38,
158,
99,
186,
37,
182,
268,
157,
236,
636,
210,
363,
156,
146,
342,
348,
274,
39,
187,
333,
154,
325,
134,
356,
36,
232,
40,
166,
303,
345,
227,
44,
275,
148,
134,
380,
34,
305,
131,
33,
370,
374,
239,
45,
138,
353,
34,
240,
31,
186,
300,
61,
39,
320,
71,
299,
180,
381,
323,
33,
53,
133,
301,
107,
332,
42,
40,
365,
364,
155,
167,
170,
267,
806,
154,
133,
170,
46,
195,
353,
225,
157,
210,
183,
359,
139,
161,
321,
129,
227,
132,
225,
279,
270,
216,
106,
88,
210,
434,
209,
212,
160,
171,
336,
207,
124,
204,
201,
132,
372,
161,
195,
170,
33,
54,
304,
154,
166,
187,
145,
147,
227,
132,
311,
162,
115,
336,
293,
137,
34,
175,
45,
332,
136,
132,
248,
154,
132,
228,
188,
31,
105,
316,
212,
181,
328,
151,
148,
255,
149,
151,
208,
323,
360,
150,
198,
148,
131,
34,
242,
302,
146,
326,
153,
246,
149,
127,
211,
305,
209,
227,
198,
118,
172,
139,
174,
210,
270,
705,
195,
148,
685,
236,
45,
167,
193,
240,
40,
250,
148,
176,
111,
122,
221,
170,
197,
298,
187,
37,
155,
260,
161,
43,
260,
200,
38,
177,
208,
147,
669,
256,
699,
371,
361,
198,
36,
259,
338,
143,
349,
202,
226,
357,
194,
45,
376,
721,
183,
36,
122,
191,
158,
36,
306,
128,
198,
281,
220,
193,
114,
35,
275,
240,
270,
142,
367,
106,
230,
141,
394,
231,
352,
337,
103,
352,
121,
93,
279,
333,
41,
95,
75,
292,
327,
668,
321,
306,
233,
300,
292,
891,
152,
174,
243,
156,
140,
230,
155,
273,
186,
214,
295,
263,
162,
250,
82,
101,
116,
121,
62,
271,
230,
191,
228,
225,
371,
169,
185,
155,
188,
236,
106,
156,
88,
294,
386,
137,
82,
46,
192,
57,
171,
288,
133,
421,
266,
111,
105,
125,
250,
57,
124,
229,
104,
85,
55,
178,
145,
295,
286,
251,
114,
132,
51,
134,
419,
138,
121,
38,
190,
47,
140,
143,
187,
142,
44,
149,
177,
251,
158,
263,
124,
198,
160,
201,
225,
362,
227,
175,
134,
357,
198,
204,
170,
36,
331,
377,
297,
136,
200,
140,
729,
221,
770,
187,
168,
263,
170,
363,
216,
166,
99,
179,
221,
220,
150,
140,
38,
124,
253,
294,
135,
175,
247,
350,
44,
188,
189,
134,
179,
115,
167,
372,
292,
274,
391,
154,
144,
300,
335,
408,
386,
109,
339,
128,
167,
135,
353,
149,
107,
338,
43,
218,
216,
104,
182,
43,
223,
120,
121,
298,
390,
75,
170,
349,
70,
104,
76,
322,
347,
296,
198,
196,
431,
387,
257,
348,
375,
255,
349,
168,
401,
253,
154,
364,
70,
42,
239,
229,
48,
976,
227,
177,
167,
198,
157,
202,
243,
158,
189,
132,
186,
153,
177,
47,
250,
152,
158,
131,
128,
315,
43,
74,
174,
400,
268,
148,
124,
144,
128,
328,
221,
328,
453,
141,
184,
73,
255,
125,
386,
363,
209,
105,
82,
101,
80,
144,
378,
111,
143,
245,
405,
393,
65,
162,
160,
119,
305,
274,
61,
210,
153,
244,
405,
268,
211,
121,
367,
288,
61,
206,
357,
216,
361,
178,
286,
136,
300,
60,
143,
360,
215,
276,
273,
386,
125,
291,
39,
200,
185,
275,
146,
224,
218,
228,
376,
154,
196,
54,
161,
200,
114,
282,
137,
126,
812,
132,
376,
51,
336,
40,
341,
236,
326,
143,
114,
332,
818,
298,
43,
302,
304,
388,
250,
272,
146,
405,
452,
361,
348,
195,
365,
341,
119,
275,
41,
348,
366,
85,
137,
344,
127,
82,
281,
122,
118,
91,
77,
367,
346,
372,
275,
188,
84,
443,
193,
336,
377,
421,
74,
151,
50,
80,
393,
365,
278,
280,
40,
366,
270,
388,
1059,
166,
250,
137,
179,
55,
133,
259,
136,
222,
214,
164,
252,
132,
216,
389,
211,
188,
184,
219,
176,
446,
194,
328,
253,
159,
200,
298,
294,
185,
240,
89,
183,
298,
211,
85,
229,
232,
188,
432,
223,
198,
169,
205,
178,
842,
305,
203,
225,
198,
176,
186,
41,
86,
234,
340,
184,
184,
175,
167,
120,
283,
126,
151,
105,
151,
162,
40,
257,
166,
203,
265,
187,
243,
160,
116,
80,
219,
135,
195,
473,
265,
250,
79,
122,
78,
166,
278,
184,
128,
201,
211,
145,
173,
176,
78,
132,
392,
136,
71,
190,
143,
131,
184,
276,
321,
315,
70,
123,
152,
125,
214,
119,
149,
869,
354,
142,
176,
328,
289,
65,
189,
121,
84,
227,
301,
431,
273,
299,
202,
60,
158,
289,
288,
171,
131,
213,
375,
305,
181,
340,
301,
219,
408,
281,
284,
346,
150,
149,
233,
192,
414,
266,
358,
63,
180,
328,
361,
142,
449,
286,
874,
298,
354,
228,
313,
447,
43,
386,
44,
326,
399,
432,
48,
162,
357,
467,
40,
396,
308,
393,
148,
282,
188,
176,
151,
118,
107,
134,
288,
204,
123,
358,
242,
225,
36,
60,
446,
115,
881,
367,
187,
142,
464,
57,
284,
44,
340,
72,
114,
95,
187,
282,
278,
484,
230,
179,
173,
163,
431,
179,
168,
229,
223,
207,
220,
161,
144,
183,
176,
41,
198,
474,
161,
215,
174,
102,
174,
159,
231,
422,
206,
101,
199,
220,
201,
225,
140,
215,
364,
204,
144,
95,
198,
379,
210,
99,
165,
138,
196,
214,
218,
317,
188,
194,
250,
243,
150,
182,
413,
161,
93,
158,
280,
85,
108,
141,
431,
139,
239,
388,
464,
260,
127,
97,
317,
114,
44,
46,
91,
152,
266,
217,
177,
1133,
202,
198,
207,
158,
176,
189,
228,
278,
178,
161,
131,
71,
210,
113,
152,
416,
154,
149,
150,
422,
175,
41,
70,
370,
113,
219,
459,
122,
202,
506,
67,
167,
183,
143,
49,
66,
42,
183,
327,
130,
426,
155,
63,
58,
385,
175,
383,
188,
129,
193,
482,
385,
356,
161,
324,
121,
211,
141,
116,
178,
200,
944,
174,
361,
449,
161,
336,
167,
55,
104,
151,
154,
250,
357,
273,
936,
458,
212,
286,
272,
294,
418,
291,
53,
338,
136,
337,
162,
439,
209,
50,
133,
421,
184,
391,
147,
268,
471,
200,
318,
282,
123,
338,
520,
125,
268,
425,
306,
69,
202,
289,
126,
60,
56,
312,
287,
418,
344,
270,
348,
420,
123,
354,
252,
57,
130,
415,
180,
384,
426,
387,
265,
329,
415,
285,
104,
340,
111,
405,
213,
127,
73,
112,
111,
402,
41,
150,
396,
365,
195,
172,
90,
340,
46,
388,
407,
37,
271,
103,
41,
370,
234,
261,
189,
244,
343,
244,
230,
160,
222,
377,
440,
213,
190,
228,
228,
200,
156,
201,
167,
168,
124,
122,
145,
132,
78,
220,
226,
184,
222,
242,
258,
210,
77,
163,
177,
67,
168,
214,
236,
221,
372,
172,
201,
192,
157,
64,
218,
254,
179,
177,
138,
155,
174,
140,
62,
421,
170,
217,
243,
175,
41,
164,
131,
105,
371,
168,
128,
112,
178,
137,
40,
148,
166,
55,
366,
161,
202,
144,
148,
219,
437,
161,
369,
124,
135,
105,
133,
201,
143,
449,
49,
103,
413,
79,
317,
124,
107,
189,
479,
123,
423,
36,
130,
218,
144,
388,
407,
289,
181,
189,
318,
232,
38,
189,
164,
329,
316,
408,
394,
46,
171,
330,
38,
332,
231,
149,
378,
345,
318,
406,
302,
47,
485,
387,
144,
102,
315,
39,
156,
227,
382,
380,
284,
343,
41,
408,
433,
41,
343,
200,
344,
272,
127,
334,
45,
419,
283,
384,
187,
251,
430,
273,
260,
329,
316,
104,
40,
292,
296,
257,
39,
130,
435,
465,
391,
248,
186,
108,
172,
486,
223,
392,
254,
402,
42,
105,
278,
164,
361,
394,
371,
44,
437,
1258,
1037,
186,
329,
176,
43,
426,
400,
202,
42,
179,
182,
266,
429,
165,
47,
43,
173,
127,
155,
260,
128,
160,
413,
119,
233,
141,
126,
222,
200,
168,
46,
125,
230,
118,
175,
405,
247,
221,
211,
118,
46,
275,
199,
208,
246,
45,
175,
217,
199,
45,
188,
179,
193,
279,
177,
180,
126,
222,
162,
265,
42,
263,
210,
174,
211,
209,
258,
365,
174,
149,
225,
39,
302,
172,
216,
43,
142,
203,
209,
182,
160,
42,
263,
146,
150,
184,
245,
123,
142,
166,
154,
171,
130,
226,
162,
46,
115,
85,
141,
416,
43,
33,
251,
235,
312,
142,
200,
364,
169,
119,
210,
140,
112,
291,
140,
447,
235,
1086,
167,
144,
332,
430,
287,
173,
179,
174,
168,
1285,
240,
236,
156,
202,
286,
37,
1049,
320,
412,
117,
196,
176,
180,
111,
419,
223,
354,
231,
141,
170,
255,
345,
130,
227,
40,
420,
38,
384,
450,
382,
100,
204,
139,
248,
305,
200,
225,
342,
415,
351,
157,
42,
215,
178,
1048,
40,
223,
146,
415,
152,
429,
248,
414,
219,
464,
120,
206,
209,
392,
178,
39,
133,
213,
121,
302,
38,
130,
204,
37,
339,
184,
231,
109,
159,
428,
166,
192,
486,
180,
39,
191,
352,
107,
179,
103,
302,
1090,
308,
86,
177,
339,
40,
206,
303,
39,
309,
214,
310,
186,
440,
37,
225,
232,
185,
319,
395,
272,
181,
225,
40,
465,
178,
1321,
437,
138,
157,
46,
264,
36,
148,
259,
144,
37,
224,
177,
183,
150,
215,
118,
39,
203,
230,
163,
161,
99,
210,
156,
217,
127,
221,
244,
175,
53,
242,
132,
136,
203,
52,
238,
445,
257,
51,
168,
196,
146,
51,
299,
174,
445,
376,
229,
159,
49,
203,
486,
176,
138,
219,
159,
363,
40,
50,
128,
154,
421,
46,
108,
415,
119,
45,
295,
89,
237,
205,
190,
935,
44,
966,
419,
442,
204,
113,
214,
119,
202,
46,
100,
374,
139,
210,
382,
117,
144,
164,
181,
99,
234,
1062,
125,
139,
278,
158,
204,
136,
367,
224,
47,
167,
199,
199,
196,
463,
171,
425,
161,
446,
45,
159,
159,
158,
246,
177,
424,
169,
130,
152,
266,
134,
466,
131,
179,
128,
175,
200,
187,
423,
174,
162,
127,
220,
168,
387,
463,
298,
147,
159,
100,
396,
366,
409,
139,
424,
394,
348,
148,
371,
399,
359,
151,
391,
139,
181,
287,
275,
215,
222,
133,
369,
145,
231,
484,
412,
39,
409,
142,
186,
430,
146,
436,
415,
92,
285,
360,
100,
457,
353,
282,
451,
168,
165,
254,
164,
448,
441,
151,
45,
150,
277,
448,
162,
225,
151,
405,
269,
108,
175,
235,
185,
160,
108,
206,
190,
173,
106,
412,
140,
342,
78,
305,
141,
86,
138,
197,
188,
124,
305,
160,
184,
131,
417,
219,
156,
129,
150,
133,
162,
404,
120,
41,
319,
230,
75,
109,
151,
182,
214,
73,
1103,
171,
114,
220,
233,
204,
158,
161,
153,
71,
1018,
184,
164,
193,
122,
159,
311,
46,
73,
1058,
134,
185,
184,
140,
247,
140,
165,
111,
109,
311,
417,
69,
179,
118,
117,
178,
264,
466,
40,
45,
132,
243,
162,
135,
159,
411,
214,
149,
120,
95,
436,
204,
187,
1455,
131,
271,
145,
104,
194,
124,
433,
170,
167,
386,
143,
140,
137,
426,
247,
453,
134,
418,
154,
413,
169,
268,
379,
288,
231,
203,
116,
433,
463,
41,
152,
322,
241,
123,
321,
147,
394,
417,
100,
1040,
103,
369,
423,
1003,
97,
229,
113,
391,
121,
136,
116,
479,
430,
226,
135,
168,
421,
139,
36,
298,
183,
69,
421,
107,
484,
421,
103,
310,
505,
408,
180,
473,
258,
427,
186,
176,
485,
106,
136,
166,
184,
238,
103,
483,
342,
311,
178,
317,
173,
232,
465,
213,
190,
448,
101,
137,
96,
43,
115,
199,
205,
379,
185,
468,
176,
230,
409,
229,
191,
101,
114,
145,
190,
175,
1494,
113,
321,
93,
71,
1513,
113,
170,
165,
391,
352,
340,
1484,
79,
163,
104,
414,
1097,
103,
263,
307,
182,
416,
189,
121,
37,
99,
145,
232,
1016,
155,
154,
174,
122,
457,
133,
54,
171,
162,
379,
226,
178,
135,
102,
144,
127,
436,
242,
165,
94,
184,
140,
485,
101,
126,
202,
45,
287,
207,
437,
109,
161,
468,
202,
176,
39,
156,
165,
103,
158,
147,
440,
468,
195,
222,
335,
245,
132,
209,
159,
430,
150,
202,
195,
436,
104,
180,
1115,
1128,
173,
48,
104,
403,
352,
172,
42,
234,
330,
383,
101,
41,
341,
430,
167,
466,
346,
96,
470,
374,
222,
474,
170,
231,
370,
192,
40,
351,
137,
466,
121,
128,
373,
142,
464,
41,
39,
220,
333,
87,
431,
268,
138,
178,
422,
443,
106,
391,
59,
108,
432,
382,
301,
132,
56,
417,
153,
137,
382,
113,
149,
239,
1540,
205,
404,
228,
223,
120,
137,
196,
371,
225,
138,
43,
218,
102,
225,
78,
75,
265,
216,
337,
200,
319,
307,
294,
131,
312,
210,
403,
1506,
241,
198,
233,
271,
121,
190,
317,
243,
231,
188,
278,
217,
226,
86,
212,
187,
166,
121,
283,
331,
152,
432,
41,
197,
185,
116,
265,
141,
147,
114,
121,
111,
167,
302,
111,
220,
202,
148,
381,
337,
232,
409,
201,
250,
134,
111,
332,
39,
145,
365,
164,
169,
383,
176,
154,
165,
208,
145,
100,
213,
361,
130,
181,
166,
111,
225,
247,
88,
347,
190,
253,
87,
108,
173,
172,
312,
160,
131,
240,
1196,
140,
184,
379,
377,
171,
189,
85,
147,
136,
314,
359,
411,
216,
310,
249,
208,
162,
442,
406,
121,
183,
181,
1073,
279,
141,
126,
183,
185,
434,
347,
88,
91,
208,
175,
148,
430,
182,
140,
343,
172,
412,
84,
407,
540,
414,
168,
391,
48,
407,
171,
449,
39,
177,
1125,
293,
123,
161,
109,
266,
428,
119,
297,
359,
356,
48,
356,
371,
110,
514,
73,
375,
421,
542,
103,
530,
97,
374,
449,
190,
259,
526,
543,
223,
503,
267,
430,
502,
402,
252,
485,
246,
442,
234,
40,
257,
226,
1631,
194,
423,
303,
223,
340,
391,
237,
296,
329,
257,
415,
270,
202,
220,
218,
410,
152,
232,
224,
301,
280,
312,
415,
519,
327,
391,
322,
238,
205,
125,
198,
392,
286,
221,
83,
478,
142,
142,
230,
438,
228,
125,
261,
241,
428,
124,
233,
153,
272,
225,
290,
170,
124,
137,
164,
121,
397,
149,
102,
120,
89,
200,
254,
122,
173,
226,
212,
110,
409,
243,
141,
148,
196,
99,
49,
200,
124,
189,
136,
145,
400,
96,
143,
388,
123,
164,
38,
116,
119,
182,
355,
292,
100,
135,
343,
124,
129,
326,
266,
119,
250,
179,
172,
186,
391,
140,
218,
151,
287,
256,
218,
385,
202,
271,
152,
272,
259,
210,
1210,
379,
211,
188,
97,
178,
169,
160,
1125,
301,
180,
165,
136,
234,
239,
218,
106,
277,
166,
396,
433,
217,
93,
396,
424,
592,
402,
46,
527,
125,
575,
142,
374,
42,
560,
361,
107,
546,
188,
76,
355,
235,
111,
402,
42,
261,
106,
258,
385,
324,
317,
297,
42,
263,
431,
409,
76,
39,
399,
99,
38,
289,
365,
119,
95,
71,
165,
495,
245,
157,
269,
191,
239,
429,
551,
374,
227,
241,
271,
264,
191,
199,
509,
255,
244,
163,
261,
197,
231,
201,
327,
260,
196,
211,
217,
517,
207,
195,
237,
319,
232,
46,
189,
483,
133,
203,
237,
230,
285,
204,
147,
216,
226,
223,
212,
469,
132,
229,
341,
77,
290,
240,
209,
228,
364,
199,
221,
128,
129,
493,
239,
229,
248,
133,
224,
345,
271,
307,
208,
483,
129,
239,
189,
268,
1694,
116,
288,
477,
107,
315,
191,
164,
582,
86,
421,
125,
251,
576,
114,
287,
273,
194,
172,
208,
167,
424,
247,
120,
99,
206,
499,
157,
157,
186,
294,
184,
180,
139,
119,
120,
291,
136,
141,
147,
144,
496,
95,
188,
412,
169,
155,
181,
292,
154,
158,
122,
301,
343,
220,
275,
531,
297,
410,
168,
209,
174,
210,
97,
151,
448,
213,
570,
344,
182,
150,
373,
192,
309,
163,
120,
144,
97,
213,
150,
221,
215,
379,
525,
281,
47,
293,
131,
272,
399,
187,
179,
96,
570,
407,
428,
317,
149,
457,
364,
90,
455,
363,
201,
178,
331,
89,
421,
421,
356,
373,
468,
230,
139,
45,
102,
90,
51,
43,
46,
116,
130,
451,
40,
214,
367,
89,
349,
437,
277,
275,
185,
157,
448,
447,
525,
462,
424,
144,
72,
457,
426,
268,
35,
355,
275,
203,
1759,
191,
453,
143,
241,
140,
215,
236,
248,
271,
258,
539,
511,
229,
122,
240,
219,
232,
272,
227,
133,
236,
241,
123,
79,
64,
207,
112,
499,
269,
128,
233,
119,
513,
231,
216,
228,
174,
200,
118,
123,
124,
228,
328,
106,
476,
486,
125,
110,
40,
103,
312,
469,
113,
1272,
231,
244,
120,
224,
85,
286,
116,
173,
141,
254,
113,
441,
138,
206,
122,
447,
80,
105,
455,
183,
224,
224,
86,
40,
438,
138,
186,
85,
220,
99,
165,
242,
261,
242,
201,
85,
118,
192,
246,
228,
75,
220,
193,
216,
437,
209,
158,
155,
228,
445,
428,
163,
142,
156,
133,
72,
191,
129,
354,
225,
43,
374,
342,
147,
122,
191,
171,
212,
291,
395,
177,
550,
377,
212,
152,
202,
188,
240,
376,
590,
139,
195,
1205,
359,
151,
136,
72,
331,
156,
166,
227,
114,
138,
106,
1217,
125,
447,
72,
305,
237,
165,
1131,
383,
1053,
304,
182,
418,
1269,
292,
365,
565,
41,
392,
375,
344,
1094,
285,
397,
495,
303,
968,
485,
467,
348,
369,
142,
335,
322,
323,
41,
468,
307,
121,
453,
135,
259,
116,
295,
434,
180,
195,
42,
122,
179,
104,
127,
472,
108,
48,
101,
482,
38,
449,
89,
433,
184,
224,
257,
132,
95,
341,
1826,
363,
240,
234,
191,
252,
221,
214,
205,
240,
153,
206,
41,
162,
197,
242,
195,
230,
236,
253,
197,
206,
189,
280,
222,
253,
234,
102,
225,
488,
222,
271,
237,
233,
354,
296,
189,
43,
196,
131,
228,
191,
162,
204,
206,
244,
160,
243,
94,
286,
362,
484,
1280,
189,
93,
184,
196,
224,
147,
273,
268,
448,
160,
136,
420,
121,
262,
111,
182,
332,
177,
202,
96,
56,
195,
207,
153,
90,
214,
148,
145,
142,
399,
267,
249,
80,
40,
124,
137,
133,
159,
143,
131,
395,
172,
237,
74,
134,
103,
466,
120,
216,
74,
178,
162,
164,
70,
44,
123,
462,
145,
481,
179,
145,
174,
127,
170,
181,
1252,
190,
176,
262,
214,
63,
474,
143,
411,
172,
118,
62,
239,
240,
408,
179,
112,
480,
411,
430,
1397,
278,
487,
62,
373,
409,
162,
429,
188,
383,
208,
62,
154,
460,
250,
43,
486,
450,
277,
109,
281,
249,
42,
380,
417,
356,
171,
355,
1004,
351,
286,
63,
385,
1402,
326,
346,
155,
251,
41,
226,
431,
499,
376,
159,
38,
335,
351,
189,
99,
492,
298,
51,
356,
264,
116,
59,
215,
343,
411,
234,
79,
87,
456,
486,
488,
163,
176,
124,
104,
59,
48,
142,
516,
74,
171,
384,
89,
508,
126,
229,
363,
104,
500,
192,
197,
212,
312,
208,
306,
207,
488,
207,
198,
75,
182,
375,
96,
479,
173,
137,
231,
44,
175,
473,
222,
181,
198,
347,
180,
205,
163,
74,
235,
232,
148,
174,
199,
456,
173,
215,
216,
144,
256,
65,
228,
135,
155,
285,
197,
209,
149,
199,
204,
127,
201,
47,
442,
142,
63,
77,
230,
1911,
182,
383,
127,
287,
481,
183,
186,
178,
192,
141,
123,
138,
413,
58,
179,
51,
182,
291,
211,
173,
44,
179,
200,
239,
147,
205,
133,
124,
186,
220,
204,
211,
209,
135,
276,
181,
1898,
198,
85,
510,
199,
32,
204,
202,
167,
1921,
396,
154,
294,
181,
165,
156,
362,
223,
143,
40,
48,
428,
461,
147,
250,
211,
429,
491,
435,
380,
954,
390,
962,
503,
515,
124,
402,
37,
186,
946,
344,
998,
154,
36,
453,
204,
42,
320,
866,
289,
361,
117,
479,
142,
491,
89,
409,
343,
38,
367,
497,
396,
104,
352,
494,
341,
39,
127,
118,
151,
467,
396,
38,
136,
462,
229,
389,
466,
266,
414,
178,
339,
351,
344,
39,
371,
367,
305,
497,
330,
266,
463,
132,
326,
141,
206,
334,
329,
422,
67,
36,
39,
404,
434,
393,
230,
126,
37,
434,
40,
463,
103,
1976,
129,
388,
497,
192,
233,
181,
40,
151,
130,
186,
104,
208,
215,
163,
243,
132,
237,
215,
187,
224,
236,
45,
225,
235,
505,
251,
243,
230,
398,
211,
181,
43,
37,
235,
194,
223,
201,
193,
252,
437,
234,
180,
447,
147,
246,
220,
168,
430,
40,
193,
173,
132,
368,
192,
142,
267,
551,
128,
163,
352,
155,
197,
319,
191,
134,
38,
238,
395,
192,
529,
203,
166,
205,
84,
224,
193,
148,
199,
126,
97,
165,
1963,
187,
185,
183,
178,
103,
161,
119,
138,
121,
430,
337,
175,
170,
133,
184,
105,
243,
327,
473,
417,
144,
436,
135,
215,
365,
129,
100,
163,
163,
473,
182,
304,
416,
481,
145,
303,
409,
45,
45,
369,
175,
35,
463,
140,
185,
432,
412,
326,
275,
418,
299,
517,
419,
44,
385,
136,
192,
331,
1225,
304,
342,
322,
330,
122,
298,
37,
130,
266,
1000,
147,
371,
293,
226,
357,
378,
368,
360,
39,
307,
346,
85,
120,
37,
258,
386,
259,
436,
115,
42,
471,
486,
161,
41,
358,
197,
421,
536,
42,
449,
38,
418,
37,
557,
37,
212,
173,
83,
402,
204,
554,
79,
196,
388,
498,
133,
41,
221,
1976,
202,
433,
565,
266,
39,
202,
434,
211,
252,
156,
173,
113,
213,
150,
168,
149,
163,
213,
173,
162,
144,
199,
49,
549,
254,
209,
133,
233,
451,
162,
138,
229,
208,
258,
351,
118,
224,
178,
200,
194,
254,
107,
219,
40,
181,
321,
296,
38,
367,
519,
268,
195,
160,
166,
292,
310,
140,
280,
525,
151,
205,
154,
47,
104,
172,
461,
159,
272,
520,
151,
124,
136,
141,
249,
354,
175,
135,
44,
206,
382,
179,
189,
368,
147,
134,
369,
448,
176,
159,
206,
304,
432,
309,
115,
471,
148,
172,
342,
128,
170,
328,
452,
322,
208,
194,
436,
307,
135,
155,
237,
157,
216,
318,
444,
323,
453,
162,
269,
943,
147,
45,
247,
170,
237,
435,
139,
44,
197,
175,
262,
134,
273,
456,
206,
459,
122,
327,
258,
262,
173,
47,
392,
228,
109,
238,
437,
231,
146,
390,
136,
348,
215,
252,
444,
276,
42,
312,
225,
304,
424,
377,
456,
274,
385,
39,
225,
411,
955,
38,
243,
247,
253,
456,
112,
212,
167,
347,
139,
444,
449,
424,
185,
334,
40,
446,
251,
148,
399,
219,
235,
472,
1879,
290,
437,
212,
144,
468,
107,
438,
193,
257,
463,
414,
147,
459,
412,
433,
421,
391,
36,
179,
155,
393,
262,
148,
2108,
242,
319,
164,
212,
191,
199,
187,
211,
211,
196,
156,
344,
406,
187,
139,
105,
333,
318,
91,
347,
154,
338,
257,
38,
310,
140,
191,
325,
146,
90,
425,
138,
105,
191,
185,
132,
125,
319,
326,
465,
181,
175,
164,
446,
200,
85,
419,
192,
174,
149,
180,
123,
141,
141,
77,
48,
145,
382,
149,
73,
191,
163,
251,
414,
212,
120,
180,
108,
187,
236,
43,
251,
196,
183,
435,
39,
349,
366,
167,
212,
252,
331,
132,
72,
130,
264,
287,
410,
150,
241,
432,
41,
292,
125,
440,
74,
207,
131,
69,
425,
475,
290,
360,
237,
1929,
264,
149,
136,
282,
223,
148,
227,
432,
175,
422,
254,
234,
46,
152,
217,
176,
72,
142,
436,
205,
420,
958,
199,
167,
207,
68,
44,
157,
184,
223,
133,
138,
286,
415,
41,
219,
165,
352,
330,
420,
55,
198,
147,
195,
192,
225,
411,
400,
243,
204,
135,
223,
168,
164,
427,
372,
205,
167,
352,
39,
243,
47,
420,
160,
220,
350,
399,
160,
417,
359,
123,
271,
197,
420,
234,
1011,
356,
229,
41,
167,
373,
292,
205,
360,
260,
103,
356,
89,
40,
260,
1954,
120,
198,
259,
395,
256,
365,
168,
438,
410,
162,
454,
384,
194,
460,
185,
277,
173,
207,
238,
353,
139,
425,
238,
250,
42,
401,
182,
165,
227,
268,
431,
156,
439,
363,
205,
164,
208,
202,
177,
1719,
253,
179,
300,
99,
197,
195,
192,
111,
225,
325,
426,
457,
230,
188,
118,
141,
153,
43,
112,
108,
203,
384,
195,
171,
384,
245,
378,
185,
93,
177,
391,
185,
298,
182,
92,
169,
379,
355,
41,
140,
167,
263,
200,
231,
465,
158,
41,
87,
367,
393,
158,
85,
153,
188,
265,
40,
335,
275,
159,
140,
372,
220,
195,
233,
269,
488,
200,
206,
40,
163,
144,
219,
140,
174,
85,
156,
156,
129,
266,
156,
211,
348,
151,
200,
391,
249,
86,
194,
2201,
332,
470,
173,
355,
190,
237,
198,
205,
500,
217,
336,
198,
200,
88,
126,
216,
193,
177,
390,
87,
194,
136,
133,
347,
197,
324,
42,
163,
306,
116,
228,
196,
147,
196,
1045,
194,
173,
85,
361,
198,
1050,
138,
331,
157,
174,
278,
199,
44,
1042,
42,
1039,
180,
349,
469,
203,
356,
431,
87,
113,
187,
1051,
117,
337,
211,
46,
84,
344,
262,
256,
412,
230,
46,
444,
251,
180,
153,
44,
229,
413,
390,
231,
174,
136,
166,
340,
453,
60,
40,
125,
53,
39,
333,
1778,
37,
197,
400,
426,
167,
418,
349,
212,
396,
218,
38,
263,
209,
521,
2067,
239,
214,
203,
148,
226,
250,
363,
166,
395,
393,
205,
203,
400,
387,
156,
369,
337,
192,
334,
176,
535,
184,
120,
305,
117,
357,
40,
235,
99,
102,
488,
355,
211,
253,
227,
121,
173,
182,
455,
420,
115,
124,
126,
120,
364,
351,
348,
116,
405,
215,
115,
271,
345,
311,
381,
189,
53,
37,
293,
130,
168,
141,
152,
36,
433,
209,
108,
185,
169,
106,
339,
315,
110,
156,
373,
159,
206,
214,
248,
157,
349,
83,
106,
183,
37,
262,
250,
336,
508,
277,
182,
186,
229,
172,
105,
175,
242,
228,
156,
475,
128,
337,
167,
465,
121,
230,
434,
44,
218,
173,
146,
120,
355,
100,
174,
156,
387,
248,
293,
231,
462,
164,
141,
204,
94,
234,
46,
93,
301,
180,
230,
400,
159,
180,
232,
355,
306,
479,
389,
472,
260,
334,
95,
50,
231,
240,
283,
185,
1052,
343,
469,
491,
93,
201,
251,
457,
339,
129,
262,
415,
392,
258,
340,
550,
132,
404,
338,
250,
220,
333,
339,
130,
509,
315,
68,
122,
410,
353,
100,
385,
496,
42,
45,
125,
121,
1658,
67,
386,
165,
2017,
511,
544,
36,
155,
252,
242,
75,
305,
358,
246,
216,
407,
313,
224,
262,
246,
507,
155,
229,
137,
269,
272,
128,
139,
289,
384,
157,
216,
214,
241,
350,
238,
127,
354,
346,
182,
251,
245,
237,
362,
76,
175,
377,
214,
255,
229,
222,
217,
209,
350,
260,
183,
50,
208,
214,
225,
333,
227,
235,
231,
143,
214,
149,
336,
350,
162,
326,
126,
208,
119,
345,
150,
246,
318,
403,
118,
156,
288,
259,
109,
209,
83,
129,
104,
368,
84,
183,
130,
251,
119,
185,
156,
126,
149,
384,
386,
140,
175,
544,
174,
322,
358,
258,
164,
171,
102,
237,
397,
348,
123,
254,
486,
120,
312,
431,
129,
291,
151,
331,
210,
88,
191,
337,
282,
517,
247,
235,
312,
187,
216,
200,
166,
319,
446,
286,
89,
241,
162,
296,
244,
328,
236,
295,
174,
165,
304,
206,
237,
89,
313,
124,
189,
151,
546,
44,
218,
226,
359,
122,
1133,
289,
242,
88,
45,
293,
321,
429,
38,
282,
354,
229,
278,
385,
206,
363,
152,
252,
39,
196,
271,
39,
380,
381,
237,
358,
40,
389,
300,
131,
37,
83,
354,
492,
76,
172,
76,
57,
254,
151,
237,
134,
196,
365,
186,
564,
195,
105,
261,
310,
209,
265,
556,
281,
41,
260,
547,
196,
255,
338,
39,
120,
74,
266,
82,
254,
248,
282,
260,
242,
257,
381,
352,
414,
362,
260,
228,
220,
307,
289,
128,
268,
216,
236,
232,
121,
230,
213,
248,
1677,
421,
231,
205,
208,
99,
240,
219,
216,
116,
72,
149,
248,
354,
181,
253,
179,
407,
272,
365,
484,
273,
333,
384,
215,
325,
117,
266,
458,
114,
371,
223,
160,
46,
131,
82,
154,
383,
36,
389,
171,
381,
213,
117,
394,
443,
132,
181,
137,
113,
177,
245,
150,
117,
169,
167,
376,
244,
133,
176,
429,
215,
112,
177,
250,
136,
135,
529,
227,
132,
316,
44,
394,
193,
448,
113,
1885,
1253,
233,
122,
343,
219,
204,
1203,
246,
201,
155,
207,
191,
41,
98,
77,
374,
216,
152,
175,
131,
483,
328,
99,
237,
134,
139,
203,
137,
279,
283,
416,
148,
227,
205,
162,
223,
123,
98,
302,
180,
210,
1131,
424,
191,
310,
439,
341,
99,
251,
106,
174,
348,
366,
227,
360,
312,
529,
283,
108,
424,
330,
241,
519,
432,
404,
116,
116,
44,
384,
42,
235,
123,
488,
148,
208,
42,
162,
399,
145,
373,
43,
109,
270,
307,
390,
263,
476,
447,
288,
398,
258,
262,
256,
42,
268,
52,
237,
232,
476,
43,
224,
228,
229,
348,
261,
204,
360,
309,
208,
370,
301,
181,
394,
219,
140,
207,
277,
271,
237,
136,
218,
296,
215,
192,
284,
293,
279,
217,
143,
249,
136,
137,
343,
279,
266,
199,
130,
250,
226,
291,
168,
389,
274,
367,
137,
380,
222,
250,
224,
215,
352,
366,
186,
134,
220,
1686,
278,
39,
471,
252,
339,
124,
125,
113,
188,
183,
344,
316,
160,
141,
122,
270,
340,
235,
179,
134,
174,
114,
147,
124,
215,
43,
222,
91,
311,
146,
257,
292,
40,
195,
360,
36,
313,
249,
218,
140,
411,
257,
260,
184,
91,
1251,
497,
180,
163,
1755,
110,
288,
398,
127,
314,
263,
153,
141,
235,
176,
92,
246,
195,
220,
156,
124,
410,
43,
385,
219,
175,
150,
193,
148,
94,
282,
425,
1085,
355,
150,
177,
177,
93,
145,
266,
189,
135,
370,
356,
1055,
342,
433,
953,
89,
387,
201,
306,
516,
320,
362,
437,
341,
291,
379,
444,
369,
271,
121,
406,
277,
421,
90,
121,
51,
120,
460,
498,
368,
134,
249,
374,
162,
131,
305,
42,
439,
255,
399,
195,
274,
135,
113,
92,
397,
167,
243,
63,
1079,
95,
58,
418,
479,
103,
269,
40,
270,
395,
243,
200,
164,
170,
433,
422,
481,
284,
225,
231,
267,
386,
251,
162,
244,
304,
273,
310,
242,
317,
174,
152,
239,
255,
282,
353,
223,
135,
259,
125,
41,
230,
316,
241,
229,
277,
148,
259,
206,
273,
280,
193,
167,
219,
277,
133,
314,
188,
265,
232,
41,
192,
375,
141,
172,
175,
144,
105,
143,
140,
390,
1588,
309,
132,
171,
367,
210,
202,
176,
117,
43,
240,
393,
309,
1727,
219,
155,
114,
192,
377,
165,
114,
234,
315,
323,
168,
120,
149,
242,
142,
38,
42,
183,
204,
132,
88,
128,
171,
204,
109,
86,
415,
140,
182,
113,
309,
232,
169,
134,
85,
137,
272,
142,
213,
355,
225,
190,
42,
421,
416,
232,
222,
1165,
383,
326,
325,
220,
157,
212,
83,
337,
159,
193,
413,
454,
165,
387,
185,
291,
131,
1131,
245,
139,
131,
119,
397,
85,
177,
46,
311,
83,
135,
956,
303,
330,
83,
1080,
419,
167,
364,
408,
273,
288,
407,
84,
391,
418,
310,
320,
266,
412,
153,
350,
1142,
262,
453,
277,
84,
403,
109,
489,
122,
322,
117,
502,
380,
137,
539,
280,
129,
148,
141,
457,
386,
290,
203,
139,
980,
78,
400,
380,
184,
241,
424,
81,
1020,
297,
60,
254,
59,
182,
304,
233,
239,
300,
221,
384,
158,
210,
213,
162,
1614,
199,
145,
157,
387,
211,
194,
249,
332,
362,
339,
183,
129,
286,
290,
112,
203,
328,
325,
372,
196,
266,
229,
215,
254,
195,
44,
247,
440,
166,
300,
107,
248,
272,
1544,
247,
309,
232,
196,
226,
107,
127,
284,
254,
215,
368,
206,
103,
80,
182,
219,
146,
1453,
127,
376,
93,
393,
154,
216,
149,
332,
90,
358,
132,
160,
261,
101,
332,
185,
145,
134,
101,
165,
146,
45,
468,
168,
98,
175,
133,
41,
88,
182,
405,
203,
202,
423,
40,
192,
85,
388,
433,
378,
203,
368,
231,
396,
222,
98,
144,
303,
1032,
244,
357,
327,
300,
172,
238,
174,
1666,
112,
137,
305,
316,
221,
81,
214,
159,
163,
304,
154,
150,
448,
444,
314,
246,
186,
79,
1038,
1311,
364,
390,
271,
490,
420,
418,
125,
40,
347,
165,
75,
521,
394,
164,
39,
339,
304,
363,
425,
293,
297,
379,
408,
40,
341,
320,
335,
388,
297,
367,
356,
144,
146,
349,
223,
195,
502,
299,
155,
383,
502,
438,
159,
176,
349,
391,
87,
109,
397,
493,
72,
391,
41,
380,
126,
371,
1570,
43,
107,
251,
250,
1273,
199,
201,
50,
204,
77,
135,
198,
471,
230,
189,
211,
268,
143,
272,
298,
224,
244,
195,
219,
298,
237,
164,
267,
231,
334,
169,
267,
278,
198,
276,
226,
249,
237,
1405,
113,
118,
165,
215,
274,
336,
149,
213,
111,
140,
313,
245,
110,
134,
137,
220,
174,
246,
110,
245,
206,
117,
292,
160,
38,
239,
106,
185,
100,
170,
150,
405,
332,
137,
355,
212,
215,
291,
151,
103,
176,
88,
352,
361,
125,
331,
160,
472,
315,
114,
104,
241,
325,
183,
45,
241,
245,
371,
501,
127,
886,
252,
448,
413,
1210,
103,
349,
184,
1398,
187,
343,
41,
273,
212,
251,
302,
219,
343,
79,
388,
400,
348,
125,
1253,
189,
233,
383,
187,
407,
170,
200,
203,
45,
214,
147,
185,
346,
173,
150,
431,
81,
380,
143,
299,
393,
162,
148,
1036,
214,
282,
267,
420,
140,
1318,
79,
144,
353,
1128,
249,
232,
157,
380,
313,
118,
379,
389,
157,
338,
39,
435,
125,
382,
310,
111,
173,
369,
330,
284,
423,
322,
120,
160,
398,
144,
373,
132,
874,
41,
390,
203,
372,
467,
103,
50,
367,
129,
147,
143,
279,
152,
217,
1061,
224,
417,
127,
145,
382,
99,
890,
226,
365,
227,
100,
174,
157,
1029,
256,
253,
197,
332,
43,
236,
176,
144,
148,
170,
276,
237,
271,
244,
346,
149,
120,
258,
269,
233,
405,
316,
278,
406,
220,
354,
307,
114,
300,
297,
210,
246,
49,
167,
116,
199,
279,
308,
70,
233,
220,
394,
247,
262,
167,
115,
298,
222,
198,
279,
244,
104,
319,
266,
196,
1137,
305,
365,
275,
243,
219,
240,
1097,
250,
213,
217,
260,
270,
114,
174,
248,
236,
253,
195,
1013,
209,
113,
231,
275,
105,
109,
158,
277,
180,
188,
325,
347,
301,
155,
184,
102,
168,
188,
131,
173,
100,
176,
147,
155,
90,
86,
399,
140,
178,
374,
378,
104,
133,
113,
82,
315,
436,
41,
137,
431,
285,
401,
141,
123,
354,
185,
443,
109,
212,
447,
555,
229,
276,
296,
1250,
366,
1298,
172,
218,
398,
259,
1214,
143,
159,
172,
195,
235,
84,
155,
140,
279,
169,
363,
160,
260,
458,
319,
325,
375,
85,
899,
331,
332,
270,
44,
83,
330,
457,
221,
177,
328,
148,
375,
398,
425,
351,
116,
352,
263,
452,
868,
86,
205,
174,
469,
321,
339,
384,
39,
40,
336,
352,
354,
166,
412,
334,
283,
292,
417,
153,
109,
147,
265,
434,
136,
324,
428,
401,
42,
117,
110,
47,
105,
40,
259,
375,
369,
128,
74,
880,
102,
169,
150,
981,
427,
36,
508,
795,
224,
900,
80,
137,
282,
392,
44,
230,
374,
224,
39,
39,
311,
287,
240,
316,
271,
292,
260,
49,
240,
46,
265,
238,
141,
124,
180,
230,
236,
39,
228,
207,
220,
279,
235,
188,
223,
257,
200,
227,
246,
211,
131,
180,
95,
180,
203,
176,
184,
230,
127,
130,
222,
287,
97,
222,
256,
483,
826,
248,
121,
229,
141,
91,
322,
259,
689,
134,
121,
105,
110,
235,
501,
118,
39,
132,
109,
149,
118,
302,
430,
172,
411,
1239,
206,
179,
456,
168,
399,
293,
148,
178,
107,
104,
124,
183,
272,
46,
388,
269,
277,
273,
232,
235,
189,
346,
230,
454,
156,
377,
348,
247,
1017,
287,
243,
96,
765,
185,
214,
229,
191,
209,
156,
159,
92,
325,
175,
213,
268,
282,
338,
505,
145,
125,
406,
120,
345,
272,
293,
378,
127,
41,
356,
945,
547,
339,
376,
404,
353,
160,
385,
437,
427,
313,
128,
233,
460,
106,
41,
122,
359,
164,
909,
340,
344,
360,
541,
46,
189,
366,
270,
212,
211,
500,
697,
408,
305,
459,
705,
124,
485,
399,
83,
171,
120,
66,
433,
480,
178,
41,
427,
408,
295,
452,
437,
40,
232,
448,
248,
130,
183,
446,
223,
288,
150,
233,
76,
231,
256,
214,
257,
220,
238,
44,
128,
145,
682,
264,
246,
228,
203,
43,
53,
200,
486,
274,
234,
212,
187,
221,
250,
205,
258,
239,
239,
272,
187,
460,
160,
441,
162,
214,
247,
47,
240,
1013,
212,
44,
240,
154,
181,
39,
174,
247,
179,
306,
170,
511,
158,
222,
431,
139,
254,
136,
292,
179,
132,
280,
136,
76,
445,
412,
199,
116,
235,
567,
164,
408,
300,
242,
183,
190,
383,
38,
139,
169,
178,
264,
498,
165,
137,
537,
450,
298,
263,
178,
396,
137,
158,
263,
140,
439,
1034,
442,
147,
120,
140,
425,
146,
396,
215,
98,
276,
440,
216,
310,
41,
339,
236,
230,
513,
460,
106,
761,
310,
474,
342,
162,
282,
177,
438,
166,
203,
314,
139,
148,
137,
300,
438,
330,
129,
452,
159,
125,
379,
305,
140,
337,
457,
40,
407,
237,
402,
199,
408,
417,
361,
257,
423,
357,
463,
358,
397,
442,
364,
130,
199,
459,
435,
112,
197,
435,
172,
288,
142,
321,
247,
303,
38,
227,
126,
69,
121,
294,
40,
286,
329,
666,
237,
306,
383,
308,
192,
246,
471,
462,
133,
182,
372,
403,
104,
370,
77,
272,
113,
388,
184,
281,
516,
263,
286,
437,
144,
248,
274,
477,
247,
191,
189,
282,
271,
157,
152,
254,
289,
295,
267,
272,
477,
124,
236,
299,
186,
297,
247,
286,
285,
201,
236,
282,
239,
255,
37,
283,
234,
232,
101,
467,
135,
150,
155,
85,
433,
231,
273,
548,
43,
271,
531,
165,
174,
254,
202,
285,
279,
38,
172,
301,
362,
170,
146,
497,
162,
43,
517,
254,
260,
112,
296,
151,
144,
496,
244,
118,
160,
141,
455,
164,
514,
283,
246,
458,
181,
175,
239,
459,
328,
42,
446,
153,
174,
222,
434,
265,
116,
213,
185,
41,
403,
255,
193,
200,
504,
174,
132,
153,
161,
140,
152,
259,
385,
474,
182,
416,
263,
195,
44,
844,
137,
151,
126,
168,
367,
172,
242,
464,
195,
229,
350,
138,
192,
419,
162,
181,
382,
152,
347,
137,
444,
463,
153,
163,
180,
154,
152,
453,
444,
129,
453,
134,
1205,
314,
144,
196,
97,
474,
203,
304,
182,
417,
110,
336,
222,
125,
245,
452,
236,
332,
448,
361,
429,
133,
194,
443,
399,
256,
176,
305,
154,
332,
356,
418,
259,
167,
356,
44,
417,
44,
107,
164,
103,
445,
386,
288,
109,
417,
117,
83,
93,
383,
124,
41,
339,
171,
213,
149,
339,
43,
432,
71,
363,
40,
45,
412,
446,
285,
276,
260,
301,
290,
331,
245,
252,
457,
188,
171,
220,
439,
403,
241,
293,
262,
225,
153,
149,
175,
329,
248,
177,
148,
161,
239,
304,
271,
1187,
138,
315,
334,
254,
377,
243,
220,
285,
263,
1090,
242,
325,
331,
297,
404,
323,
402,
231,
478,
46,
311,
158,
246,
149,
318,
302,
456,
169,
322,
125,
208,
274,
149,
203,
220,
246,
174,
150,
447,
161,
151,
453,
412,
112,
38,
543,
437,
304,
484,
249,
406,
137,
450,
166,
137,
449,
214,
261,
141,
1065,
422,
214,
434,
152,
109,
425,
380,
348,
160,
420,
853,
306,
767,
388,
190,
239,
419,
420,
414,
342,
497,
408,
420,
171,
198,
420,
278,
170,
42,
186,
138,
48,
450,
145,
361,
295,
315,
176,
132,
334,
143,
127,
183,
232,
161,
48,
378,
418,
104,
152,
414,
294,
156,
398,
219,
479,
180,
235,
116,
305,
397,
145,
41,
310,
205,
150,
360,
201,
407,
371,
204,
145,
193,
133,
128,
389,
326,
215,
392,
206,
257,
415,
45,
91,
376,
45,
111,
450,
374,
245,
66,
371,
67,
450,
310,
203,
435,
400,
45,
80,
239,
409,
391,
43,
808,
407,
128,
413,
409,
131,
185,
37,
262,
234,
251,
270,
214,
269,
140,
262,
182,
222,
219,
219,
146,
226,
207,
204,
173,
248,
40,
215,
275,
251,
263,
198,
185,
190,
426,
230,
240,
208,
343,
324,
220,
413,
192,
316,
147,
331,
480,
211,
400,
312,
929,
175,
137,
297,
389,
441,
161,
398,
246,
585,
112,
387,
214,
117,
384,
352,
116,
240,
109,
349,
130,
39,
212,
461,
559,
271,
172,
413,
288,
176,
305,
277,
44,
551,
177,
183,
137,
220,
327,
470,
393,
273,
292,
387,
43,
195,
38,
433,
179,
269,
116,
428,
173,
278,
102,
979,
179,
401,
283,
101,
148,
178,
197,
384,
393,
164,
127,
173,
518,
294,
162,
171,
324,
512,
165,
112,
192,
137,
123,
462,
139,
285,
200,
367,
159,
484,
439,
394,
242,
485,
461,
357,
274,
186,
195,
227,
232,
374,
193,
196,
434,
361,
284,
292,
198,
329,
159,
206,
416,
316,
336,
288,
309,
197,
413,
442,
541,
380,
219,
225,
189,
439,
413,
134,
267,
416,
129,
126,
548,
256,
431,
275,
123,
386,
42,
394,
285,
40,
924,
224,
429,
443,
38,
244,
44,
98,
89,
40,
802,
67,
274,
36,
54,
272,
149,
239,
735,
45,
236,
285,
269,
185,
175,
229,
248,
735,
37,
214,
235,
318,
444,
240,
221,
215,
201,
178,
176,
257,
44,
175,
393,
205,
144,
182,
266,
180,
472,
923,
216,
463,
224,
325,
334,
265,
258,
198,
436,
348,
310,
425,
487,
196,
422,
306,
429,
240,
192,
439,
286,
179,
179,
354,
314,
183,
261,
220,
319,
392,
113,
220,
500,
315,
235,
351,
124,
411,
380,
229,
427,
314,
150,
115,
134,
410,
405,
500,
150,
428,
342,
118,
434,
1026,
166,
343,
166,
327,
143,
178,
170,
385,
217,
160,
119,
128,
175,
405,
508,
431,
309,
392,
252,
108,
88,
337,
412,
167,
139,
181,
288,
390,
334,
190,
389,
43,
190,
367,
446,
177,
860,
848,
411,
258,
442,
148,
454,
177,
385,
142,
516,
867,
170,
386,
270,
180,
528,
243,
203,
422,
410,
399,
45,
360,
235,
166,
909,
394,
286,
447,
38,
220,
420,
290,
457,
409,
440,
192,
284,
145,
350,
306,
952,
39,
878,
295,
147,
449,
461,
131,
239,
52,
149,
193,
973,
444,
230,
273,
255,
392,
114,
384,
400,
430,
141,
444,
322,
374,
214,
346,
442,
318,
197,
246,
418,
795,
105,
793,
350,
49,
230,
209,
229,
68,
67,
277,
416,
292,
40,
38,
153,
225,
726,
89,
40,
266,
719,
88,
147,
729,
113,
39,
193,
114,
319,
207,
198,
202,
113,
180,
40,
218,
175,
246,
173,
187,
38,
244,
151,
328,
257,
187,
223,
38,
172,
216,
183,
336,
326,
477,
243,
473,
361,
334,
291,
197,
206,
217,
421,
311,
393,
320,
833,
297,
229,
432,
747,
213,
389,
387,
424,
330,
38,
416,
342,
250,
269,
1011,
432,
375,
341,
279,
276,
381,
207,
143,
431,
794,
350,
242,
360,
266,
152,
224,
117,
212,
182,
744,
324,
129,
151,
237,
346,
149,
181,
175,
73,
135,
354,
202,
107,
167,
428,
165,
237,
336,
353,
367,
208,
133,
134,
408,
324,
154,
114,
153,
324,
45,
349,
220,
416,
188,
49,
93,
204,
320,
156,
311,
190,
336,
112,
413,
369,
520,
225,
40,
245,
147,
1039,
166,
179,
337,
297,
304,
174,
139,
455,
779,
345,
251,
126,
126,
449,
1123,
316,
124,
348,
277,
318,
308,
344,
148,
351,
370,
261,
139,
174,
310,
502,
258,
44,
1044,
320,
130,
294,
263,
500,
171,
212,
288,
44,
293,
271,
950,
284,
114,
873,
39,
867,
451,
155,
383,
308,
112,
231,
963,
283,
353,
875,
41,
259,
694,
276,
313,
201,
161,
236,
237,
339,
703,
699,
232,
169,
290,
891,
367,
282,
235,
285,
797,
240,
190,
327,
267,
278,
44,
171,
261,
799,
796,
386,
188,
808,
299,
43,
763,
115,
184,
148,
168,
175,
43,
39,
305,
109,
137,
637,
39,
254,
301,
316,
118,
242,
230,
306,
390,
235,
247,
266,
177,
396,
246,
231,
40,
876,
318,
400,
158,
134,
251,
242,
110,
276,
259,
161,
299,
250,
289,
428,
391,
307,
366,
504,
96,
120,
423,
177,
694,
261,
339,
257,
286,
111,
252,
755,
398,
499,
505,
262,
309,
108,
239,
210,
105,
44,
101,
225,
498,
129,
129,
505,
250,
154,
165,
273,
424,
746,
249,
309,
150,
352,
303,
154,
204,
107,
161,
235,
307,
182,
351,
511,
225,
115,
179,
192,
112,
43,
252,
493,
219,
195,
335,
491,
206,
205,
144,
838,
253,
36,
307,
349,
117,
264,
762,
164,
261,
115,
771,
317,
191,
312,
175,
257,
253,
210,
256,
328,
179,
242,
234,
171,
158,
507,
254,
178,
151,
185,
160,
173,
763,
272,
240,
339,
155,
263,
239,
180,
170,
348,
142,
184,
773,
41,
190,
159,
182,
180,
270,
152,
772,
330,
782,
245,
242,
171,
240,
168,
288,
258,
42,
149,
123,
247,
208,
869,
257,
114,
214,
532,
277,
299,
142,
284,
189,
131,
353,
216,
799,
188,
46,
129,
874,
532,
133,
332,
159,
649,
442,
161,
187,
540,
36,
103,
385,
497,
704,
47,
476,
61,
148,
172,
272,
151,
404,
120,
279,
153,
81,
108,
59,
360,
220,
481,
94,
231,
44,
160,
137,
263,
281,
39,
160,
261,
151,
239,
423,
306,
269,
161,
213,
415,
161,
42,
419,
201,
409,
191,
92,
142,
154,
88,
414,
227,
206,
572,
41,
220,
271,
163,
814,
562,
180,
386,
687,
521,
242,
138,
111,
825,
282,
364,
119,
250,
96,
505,
126,
528,
149,
111,
391,
216,
244,
141,
514,
101,
739,
211,
110,
425,
522,
287,
152,
346,
46,
482,
185,
247,
177,
133,
129,
131,
171,
476,
173,
166,
152,
217,
214,
190,
116,
136,
203,
241,
208,
437,
149,
343,
150,
245,
397,
211,
342,
279,
171,
194,
179,
402,
122,
112,
216,
394,
174,
85,
620,
175,
253,
520,
408,
199,
166,
152,
493,
517,
169,
213,
361,
254,
583,
161,
131,
143,
396,
203,
230,
373,
145,
193,
139,
600,
42,
136,
228,
163,
815,
175,
370,
156,
238,
277,
162,
417,
522,
41,
163,
522,
357,
156,
324,
117,
509,
209,
324,
201,
421,
240,
229,
377,
175,
254,
105,
193,
139,
261,
379,
547,
359,
186,
101,
363,
142,
425,
326,
428,
138,
218,
344,
358,
42,
289,
95,
40,
339,
360,
193,
187,
243,
246,
151,
137,
45,
332,
41,
198,
316,
348,
77,
225,
302,
144,
298,
343,
331,
289,
314,
372,
327,
425,
39,
480,
417,
192,
326,
159,
37,
178,
130,
584,
380,
582,
326,
116,
90,
298,
86,
123,
205,
381,
96,
36,
385,
308,
576,
368,
580,
249,
381,
362,
195,
180,
431,
425,
317,
185,
376,
261,
528,
208,
589,
181,
400,
218,
364,
157,
146,
187,
263,
114,
168,
161,
154,
218,
125,
111,
179,
184,
173,
152,
246,
261,
142,
211,
189,
163,
195,
165,
177,
146,
291,
140,
390,
238,
138,
169,
308,
170,
207,
398,
396,
132,
119,
460,
156,
112,
433,
183,
45,
330,
387,
214,
143,
117,
367,
442,
181,
194,
193,
473,
425,
139,
171,
378,
145,
190,
179,
165,
213,
430,
182,
276,
137,
145,
166,
162,
196,
400,
224,
133,
122,
143,
246,
137,
179,
159,
166,
168,
284,
178,
390,
151,
302,
257,
336,
128,
160,
416,
154,
345,
304,
508,
610,
136,
229,
191,
165,
569,
265,
142,
43,
305,
134,
385,
273,
295,
241,
39,
459,
340,
305,
330,
43,
195,
382,
336,
85,
40,
116,
323,
59,
261,
358,
277,
41,
447,
132,
85,
109,
273,
44,
92,
585,
43,
584,
144,
42,
38,
86,
160,
98,
80,
111,
335,
371,
370,
104,
328,
334,
321,
40,
481,
141,
372,
430,
423,
364,
307,
605,
504,
225,
292,
300,
430,
134,
217,
171,
490,
243,
183,
182,
299,
222,
168,
365,
95,
352,
610,
376,
481,
149,
162,
605,
207,
506,
608,
616,
598,
209,
595,
221,
207,
532,
529,
350,
167,
340,
38,
191,
175,
172,
154,
321,
239,
317,
171,
38,
153,
158,
196,
280,
279,
383,
212,
189,
234,
132,
352,
239,
155,
432,
261,
296,
148,
110,
122,
380,
138,
101,
227,
239,
188,
171,
327,
132,
117,
116,
195,
214,
183,
319,
265,
148,
370,
128,
221,
406,
423,
432,
227,
246,
163,
163,
396,
173,
159,
312,
177,
246,
235,
416,
334,
231,
184,
302,
189,
123,
169,
615,
346,
175,
402,
262,
162,
352,
272,
405,
331,
140,
211,
114,
237,
118,
147,
148,
150,
134,
296,
159,
358,
240,
42,
215,
461,
47,
154,
427,
422,
618,
278,
308,
145,
498,
253,
424,
179,
646,
371,
244,
423,
288,
180,
116,
257,
41,
132,
446,
281,
137,
360,
336,
136,
270,
61,
47,
332,
266,
50,
452,
265,
141,
44,
115,
42,
160,
307,
354,
369,
105,
355,
319,
323,
274,
219,
301,
214,
247,
498,
387,
202,
417,
134,
495,
430,
321,
409,
214,
142,
246,
178,
159,
426,
485,
272,
307,
119,
117,
103,
340,
101,
391,
158,
296,
594,
584,
152,
606,
197,
243,
609,
145,
239,
180,
589,
526,
583,
518,
413,
247,
333,
236,
233,
523,
195,
681,
183,
100,
528,
267,
50,
230,
154,
236,
188,
133,
174,
129,
316,
180,
395,
165,
40,
142,
176,
245,
152,
132,
226,
453,
127,
94,
440,
382,
177,
253,
418,
180,
629,
176,
387,
113,
190,
176,
400,
192,
289,
189,
326,
168,
194,
175,
44,
316,
396,
203,
297,
174,
400,
312,
410,
399,
319,
478,
199,
137,
129,
202,
205,
186,
123,
149,
198,
261,
297,
152,
302,
189,
138,
345,
102,
124,
479,
215,
326,
125,
259,
247,
315,
339,
45,
229,
238,
161,
147,
168,
250,
407,
154,
116,
331,
414,
262,
229,
178,
105,
275,
94,
277,
264,
176,
554,
89,
285,
395,
339,
85,
91,
382,
47,
324,
45,
391,
201,
82,
274,
193,
269,
248,
47,
37,
154,
112,
261,
210,
343,
243,
261,
203,
403,
226,
182,
358,
166,
438,
241,
318,
257,
208,
225,
331,
255,
411,
422,
217,
363,
38,
411,
174,
219,
134,
598,
417,
291,
216,
289,
666,
387,
656,
363,
161,
598,
168,
588,
220,
279,
521,
275,
165,
370,
526,
471,
278,
232,
346,
514,
155,
42,
174,
160,
204,
379,
169,
522,
229,
221,
222,
107,
38,
291,
409,
143,
164,
279,
440,
127,
170,
271,
521,
431,
255,
175,
269,
623,
223,
170,
245,
303,
161,
156,
203,
205,
155,
178,
369,
294,
340,
39,
300,
148,
134,
143,
328,
185,
167,
146,
36,
264,
170,
273,
138,
160,
233,
483,
628,
120,
290,
166,
96,
103,
509,
260,
187,
116,
691,
100,
171,
136,
304,
322,
328,
165,
221,
508,
333,
298,
312,
297,
166,
273,
179,
261,
228,
168,
344,
172,
227,
136,
180,
421,
334,
132,
146,
52,
339,
323,
112,
359,
486,
473,
188,
255,
425,
208,
84,
218,
141,
408,
439,
109,
347,
48,
78,
237,
437,
387,
42,
233,
357,
112,
41,
89,
43,
241,
432,
656,
251,
80,
168,
258,
156,
312,
257,
253,
231,
455,
80,
40,
202,
45,
88,
75,
38,
190,
199,
200,
192,
175,
71,
367,
72,
253,
38,
270,
45,
253,
37,
250,
411,
137,
250,
477,
215,
496,
160,
207,
38,
207,
501,
225,
190,
335,
265,
323,
256,
551,
421,
142,
224,
438,
690,
316,
107,
202,
223,
516,
335,
335,
233,
230,
520,
193,
367,
126,
166,
307,
129,
120,
332,
253,
434,
281,
502,
230,
106,
253,
430,
235,
428,
195,
300,
302,
435,
136,
398,
48,
219,
320,
40,
242,
204,
93,
176,
419,
165,
412,
321,
132,
343,
165,
43,
279,
169,
326,
194,
365,
157,
700,
193,
187,
422,
367,
134,
379,
43,
262,
150,
190,
251,
165,
98,
559,
178,
618,
40,
302,
121,
396,
302,
42,
293,
313,
324,
691,
167,
231,
122,
312,
239,
239,
300,
415,
346,
166,
190,
514,
277,
148,
381,
373,
189,
221,
200,
200,
155,
223,
269,
149,
239,
521,
251,
157,
192,
156,
336,
128,
416,
423,
215,
151,
160,
119,
384,
642,
196,
428,
147,
418,
434,
194,
632,
721,
411,
426,
406,
164,
354,
419,
230,
237,
385,
743,
118,
354,
354,
217,
280,
224,
42,
422,
350,
70,
435,
194,
245,
254,
261,
287,
231,
358,
230,
279,
38,
188,
274,
201,
43,
196,
38,
196,
43,
156,
164,
180,
161,
277,
165,
240,
193,
233,
202,
212,
174,
326,
226,
247,
215,
188,
189,
318,
333,
190,
211,
153,
287,
486,
428,
403,
324,
185,
241,
266,
482,
216,
425,
227,
420,
211,
411,
430,
207,
167,
425,
186,
437,
281,
410,
166,
272,
343,
349,
276,
421,
176,
357,
384,
179,
133,
248,
163,
342,
280,
172,
165,
388,
325,
217,
330,
297,
340,
163,
284,
161,
126,
46,
712,
294,
44,
340,
145,
163,
185,
164,
154,
289,
187,
399,
181,
131,
251,
378,
116,
250,
302,
103,
256,
399,
165,
306,
289,
246,
219,
166,
183,
129,
152,
279,
117,
340,
288,
377,
180,
287,
134,
266,
159,
399,
45,
106,
211,
803,
119,
264,
168,
301,
150,
185,
290,
318,
134,
317,
416,
730,
168,
324,
249,
137,
147,
160,
379,
240,
312,
244,
152,
364,
248,
361,
40,
394,
446,
156,
236,
198,
205,
140,
241,
128,
340,
49,
153,
139,
324,
589,
410,
183,
404,
246,
341,
323,
266,
348,
589,
352,
392,
188,
198,
146,
575,
243,
258,
399,
407,
219,
355,
147,
250,
608,
245,
382,
425,
235,
588,
344,
356,
348,
207,
235,
341,
567,
286,
355,
347,
136,
305,
252,
298,
135,
130,
102,
40,
221,
267,
96,
145,
251,
111,
274,
237,
390,
192,
371,
238,
201,
322,
188,
246,
177,
172,
207,
78,
75,
186,
38,
321,
384,
334,
302,
228,
312,
199,
112,
309,
426,
219,
170,
396,
296,
424,
260,
105,
156,
419,
362,
209,
423,
279,
393,
404,
240,
208,
191,
336,
41,
156,
420,
294,
285,
621,
415,
153,
197,
199,
259,
86,
350,
109,
237,
423,
154,
413,
144,
428,
416,
617,
397,
179,
162,
463,
192,
155,
795,
367,
183,
794,
350,
195,
344,
335,
354,
201,
164,
222,
157,
171,
137,
609,
214,
178,
221,
362,
181,
404,
282,
269,
169,
371,
169,
234,
109,
295,
356,
401,
302,
426,
142,
171,
202,
252,
292,
171,
41,
195,
393,
156,
165,
802,
205,
163,
342,
327,
194,
298,
162,
724,
158,
343,
311,
155,
630,
228,
156,
196,
160,
144,
319,
215,
158,
317,
295,
732,
212,
147,
149,
146,
203,
404,
257,
135,
322,
572,
340,
162,
176,
576,
378,
293,
554,
248,
46,
316,
44,
193,
415,
160,
265,
393,
816,
735,
173,
270,
371,
204,
43,
255,
622,
389,
819,
37,
42,
145,
420,
239,
266,
263,
338,
403,
223,
318,
445,
175,
43,
260,
322,
254,
381,
176,
161,
604,
328,
131,
97,
72,
443,
361,
57,
102,
40,
94,
102,
48,
148,
42,
78,
251,
40,
220,
179,
318,
193,
198,
186,
170,
208,
200,
194,
206,
155,
461,
332,
235,
205,
328,
313,
425,
188,
252,
428,
167,
312,
161,
414,
304,
397,
151,
242,
421,
222,
319,
413,
212,
346,
428,
294,
143,
210,
409,
421,
133,
136,
152,
85,
413,
251,
130,
164,
151,
205,
557,
269,
220,
217,
160,
266,
232,
211,
206,
245,
264,
180,
194,
112,
194,
182,
150,
432,
377,
42,
149,
523,
186,
464,
667,
377,
149,
323,
158,
145,
637,
148,
161,
44,
617,
216,
235,
308,
337,
725,
189,
152,
340,
507,
325,
148,
339,
323,
189,
434,
315,
788,
264,
337,
194,
188,
412,
182,
442,
125,
450,
161,
145,
492,
179,
202,
199,
400,
238,
335,
195,
182,
408,
152,
172,
489,
156,
354,
149,
407,
342,
482,
726,
259,
145,
141,
410,
365,
255,
418,
177,
358,
307,
291,
478,
318,
333,
611,
352,
350,
587,
198,
326,
224,
371,
320,
752,
406,
327,
304,
345,
560,
292,
157,
174,
314,
199,
422,
464,
337,
430,
256,
320,
43,
400,
272,
361,
42,
86,
189,
278,
758,
394,
187,
427,
184,
54,
442,
659,
243,
756,
334,
304,
319,
375,
56,
175,
185,
182,
293,
563,
44,
624,
148,
140,
43,
360,
222,
225,
154,
257,
162,
43,
152,
208,
199,
212,
144,
201,
141,
188,
208,
200,
779,
197,
208,
238,
299,
323,
178,
249,
43,
413,
141,
313,
198,
453,
254,
230,
440,
520,
38,
171,
150,
399,
353,
185,
146,
494,
137,
489,
142,
367,
388,
424,
168,
438,
41,
854,
353,
161,
268,
438,
435,
195,
107,
441,
124,
524,
142,
40,
427,
339,
323,
433,
510,
219,
258,
352,
162,
782,
44,
268,
355,
156,
409,
175,
604,
710,
362,
333,
466,
143,
203,
147,
135,
145,
268,
211,
269,
228,
174,
530,
464,
335,
159,
173,
160,
146,
312,
44,
234,
172,
181,
383,
155,
329,
406,
164,
187,
328,
243,
463,
41,
147,
204,
295,
200,
340,
527,
143,
262,
130,
191,
199,
304,
137,
240,
148,
234,
286,
578,
374,
190,
282,
40,
379,
607,
144,
355,
314,
365,
298,
326,
324,
316,
288,
343,
307,
520,
310,
145,
167,
329,
40,
338,
483,
283,
303,
394,
338,
288,
307,
520,
409,
287,
331,
448,
292,
229,
551,
732,
180,
291,
648,
546,
260,
196,
368,
126,
363,
727,
369,
183,
317,
241,
664,
350,
118,
347,
57,
273,
303,
93,
150,
158,
255,
125,
246,
351,
39,
210,
38,
512,
266,
485,
200,
154,
498,
219,
552,
532,
240,
198,
252,
262,
236,
308,
496,
493,
181,
230,
227,
165,
216,
48,
310,
46,
313,
248,
258,
302,
239,
479,
240,
156,
286,
244,
389,
420,
292,
265,
413,
155,
264,
459,
349,
214,
151,
782,
321,
171,
494,
500,
250,
248,
202,
188,
39,
436,
433,
864,
322,
215,
43,
431,
174,
277,
221,
262,
156,
427,
315,
110,
372,
225,
152,
152,
424,
263,
129,
152,
422,
419,
218,
328,
204,
188,
178,
144,
251,
478,
118,
699,
418,
415,
196,
207,
474,
170,
214,
195,
782,
175,
190,
163,
485,
392,
453,
198,
472,
46,
164,
253,
168,
190,
120,
361,
146,
123,
497,
510,
142,
786,
360,
179,
187,
164,
177,
39,
185,
353,
528,
498,
182,
158,
277,
392,
402,
283,
133,
236,
411,
287,
173,
357,
186,
380,
543,
350,
348,
369,
191,
257,
143,
252,
148,
218,
45,
150,
514,
732,
182,
545,
135,
148,
337,
334,
343,
511,
132,
438,
366,
331,
361,
135,
535,
371,
323,
236,
351,
172,
130,
735,
259,
160,
262,
498,
294,
505,
215,
166,
503,
503,
190,
494,
413,
462,
320,
503,
433,
141,
355,
736,
307,
183,
508,
434,
726,
351,
737,
119,
524,
294,
225,
734,
738,
88,
660,
326,
199,
671,
190,
475,
348,
439,
438,
237,
107,
61,
55,
320,
367,
39,
654,
400,
222,
184,
418,
374,
474,
285,
197,
417,
337,
412,
158,
289,
266,
312,
45,
227,
139,
214,
279,
420,
334,
46,
325,
322,
415,
146,
317,
255,
287,
317,
150,
406,
412,
160,
255,
233,
198,
213,
239,
43,
402,
257,
399,
284,
317,
419,
413,
240,
187,
244,
158,
408,
169,
44,
82,
328,
149,
344,
215,
202,
402,
340,
313,
122,
338,
612,
346,
337,
475,
335,
262,
382,
217,
162,
327,
368,
175,
241,
229,
191,
173,
236,
363,
157,
217,
179,
477,
123,
190,
531,
126,
166,
485,
233,
41,
141,
212,
37,
175,
176,
150,
699,
479,
123,
175,
258,
365,
294,
215,
280,
269,
424,
144,
176,
490,
133,
153,
408,
483,
401,
131,
351,
322,
293,
419,
332,
247,
282,
200,
540,
146,
41,
152,
222,
416,
133,
200,
179,
198,
382,
597,
144,
104,
148,
207,
700,
107,
336,
190,
511,
630,
185,
194,
166,
140,
169,
334,
170,
193,
720,
191,
183,
328,
257,
563,
113,
224,
211,
48,
290,
196,
423,
265,
655,
168,
143,
413,
298,
634,
167,
35,
258,
180,
239,
513,
421,
425,
632,
141,
723,
41,
134,
630,
720,
178,
204,
43,
187,
579,
298,
453,
374,
669,
357,
186,
189,
654,
352,
478,
266,
200,
212,
193,
342,
652,
248,
498,
50,
585,
54,
48,
183,
398,
500,
279,
341,
167,
393,
375,
322,
40,
328,
325,
400,
317,
329,
387,
316,
267,
268,
304,
207,
328,
315,
215,
219,
172,
225,
153,
398,
223,
395,
189,
144,
221,
438,
512,
352,
166,
44,
204,
236,
393,
202,
386,
174,
320,
43,
199,
459,
118,
108,
435,
108,
83,
37,
130,
194,
172,
353,
172,
144,
147,
223,
211,
109,
179,
489,
127,
554,
223,
119,
216,
314,
108,
124,
167,
230,
325,
212,
236,
136,
317,
148,
241,
601,
346,
224,
539,
192,
241,
255,
339,
193,
213,
165,
216,
130,
205,
338,
602,
612,
201,
182,
199,
177,
210,
213,
257,
255,
393,
218,
600,
339,
160,
484,
556,
385,
168,
179,
192,
167,
213,
159,
626,
551,
42,
162,
165,
295,
177,
197,
610,
548,
166,
373,
181,
174,
160,
141,
113,
184,
145,
363,
623,
366,
236,
190,
161,
397,
143,
224,
199,
137,
252,
154,
193,
216,
415,
215,
182,
178,
213,
179,
144,
168,
611,
508,
406,
141,
263,
411,
290,
377,
562,
204,
133,
470,
46,
124,
555,
211,
133,
151,
539,
282,
201,
144,
562,
199,
484,
175,
227,
211,
180,
169,
186,
43,
366,
138,
136,
195,
71,
466,
559,
326,
314,
379,
568,
571,
44,
107,
302,
219,
489,
57,
302,
182,
214,
135,
224,
567,
271,
556,
188,
576,
193,
463,
565,
470,
264,
418,
561,
150,
334,
280,
360,
377,
367,
414,
513,
314,
506,
385,
149,
270,
235,
391,
155,
45,
422,
413,
239,
423,
481,
234,
346,
134,
322,
39,
430,
320,
474,
281,
174,
234,
194,
145,
407,
120,
242,
239,
202,
99,
231,
163,
223,
387,
145,
213,
134,
110,
486,
204,
148,
182,
162,
127,
172,
380,
364,
235,
125,
225,
408,
76,
76,
196,
163,
370,
247,
167,
185,
39,
429,
142,
113,
146,
155,
378,
191,
587,
231,
153,
424,
177,
107,
178,
140,
370,
196,
128,
171,
399,
124,
265,
507,
427,
246,
175,
150,
187,
239,
257,
233,
133,
196,
196,
139,
154,
198,
209,
161,
132,
203,
174,
44,
141,
204,
202,
194,
195,
143,
153,
191,
153,
42,
144,
138,
500,
176,
508,
371,
162,
145,
163,
208,
159,
233,
134,
143,
252,
513,
138,
140,
192,
45,
413,
232,
164,
385,
428,
260,
175,
604,
143,
336,
411,
149,
294,
43,
351,
165,
143,
181,
173,
518,
43,
180,
608,
144,
435,
182,
411,
433,
175,
456,
406,
443,
478,
184,
547,
157,
609,
479,
43,
560,
308,
482,
248,
187,
325,
321,
175,
47,
288,
183,
178,
138,
148,
43,
506,
132,
490,
219,
133,
375,
379,
386,
210,
106,
355,
288,
40,
253,
168,
394,
437,
495,
501,
386,
157,
308,
401,
122,
176,
228,
556,
491,
426,
266,
155,
486,
189,
406,
383,
266,
415,
227,
107,
207,
332,
408,
136,
343,
336,
185,
486,
420,
499,
224,
494,
169,
235,
105,
176,
219,
99,
379,
177,
212,
408,
385,
156,
141,
371,
318,
172,
171,
565,
159,
195,
488,
222,
211,
208,
139,
204,
174,
586,
114,
190,
156,
413,
37,
191,
211,
175,
174,
317,
155,
453,
139,
154,
489,
134,
181,
205,
168,
124,
587,
200,
162,
242,
205,
382,
240,
517,
225,
197,
155,
198,
183,
391,
169,
168,
202,
221,
192,
528,
586,
213,
183,
182,
361,
185,
211,
171,
157,
167,
161,
173,
172,
537,
510,
148,
139,
242,
161,
157,
381,
43,
47,
156,
240,
249,
242,
146,
241,
252,
157,
203,
229,
598,
420,
45,
172,
194,
45,
198,
529,
266,
142,
192,
544,
682,
219,
44,
680,
516,
431,
595,
42,
517,
145,
341,
424,
256,
181,
476,
250,
40,
303,
192,
603,
155,
211,
290,
182,
205,
179,
532,
198,
162,
43,
159,
541,
544,
132,
404,
134,
600,
132,
544,
463,
146,
255,
458,
260,
144,
444,
475,
255,
115,
388,
103,
256,
465,
226,
224,
95,
151,
149,
218,
464,
375,
560,
412,
513,
371,
400,
505,
41,
367,
405,
188,
512,
466,
400,
181,
416,
319,
511,
233,
202,
446,
407,
500,
312,
324,
234,
486,
337,
179,
216,
90,
723,
494,
212,
45,
160,
171,
410,
503,
230,
119,
198,
371,
137,
135,
86,
227,
514,
163,
102,
161,
152,
79,
407,
359,
133,
166,
182,
41,
288,
184,
166,
133,
441,
441,
240,
131,
178,
155,
430,
141,
288,
324,
388,
195,
198,
508,
217,
168,
120,
195,
130,
200,
251,
259,
162,
143,
169,
113,
726,
216,
189,
185,
240,
204,
194,
201,
212,
175,
199,
185,
158,
40,
218,
141,
147,
249,
191,
207,
150,
383,
168,
145,
214,
184,
514,
190,
469,
663,
189,
177,
135,
123,
121,
297,
510,
667,
201,
187,
176,
141,
198,
198,
211,
549,
145,
240,
376,
161,
538,
208,
132,
167,
395,
149,
546,
147,
192,
151,
132,
163,
159,
145,
506,
186,
283,
184,
176,
304,
179,
404,
539,
383,
243,
391,
565,
539,
230,
134,
562,
420,
609,
439,
170,
555,
346,
339,
615,
126,
289,
399,
263,
557,
163,
435,
172,
43,
480,
414,
43,
147,
140,
618,
279,
617,
92,
258,
165,
48,
42,
51,
131,
124,
202,
257,
297,
85,
507,
510,
407,
384,
298,
184,
41,
417,
96,
376,
508,
240,
416,
199,
421,
82,
374,
209,
221,
178,
176,
505,
385,
358,
425,
174,
38,
49,
193,
219,
396,
37,
410,
422,
336,
235,
199,
269,
498,
211,
211,
747,
332,
164,
507,
401,
400,
442,
176,
137,
421,
433,
144,
337,
414,
166,
235,
257,
417,
175,
326,
210,
417,
159,
501,
130,
173,
138,
331,
743,
414,
162,
400,
429,
439,
156,
110,
397,
167,
423,
121,
347,
180,
157,
564,
121,
413,
192,
153,
230,
121,
293,
411,
389,
550,
240,
201,
230,
128,
123,
120,
202,
114,
755,
223,
328,
751,
215,
123,
167,
138,
225,
112,
256,
90,
204,
185,
195,
176,
449,
173,
158,
222,
264,
175,
294,
40,
405,
298,
216,
190,
202,
210,
216,
278,
238,
666,
767,
675,
183,
237,
520,
487,
276,
665,
223,
187,
246,
255,
164,
218,
186,
296,
184,
543,
135,
177,
225,
363,
163,
148,
139,
270,
248,
133,
131,
159,
275,
509,
402,
487,
372,
359,
309,
617,
37,
623,
609,
561,
189,
125,
808,
387,
113,
272,
122,
250,
342,
310,
685,
622,
556,
610,
554,
180,
223,
553,
633,
246,
151,
196,
567,
181,
268,
152,
64,
47,
303,
253,
43,
204,
153,
288,
361,
454,
46,
73,
422,
428,
411,
42,
418,
279,
407,
359,
225,
403,
196,
243,
418,
131,
409,
319,
109,
215,
338,
279,
316,
336,
324,
415,
340,
182,
321,
309,
157,
140,
198,
367,
310,
246,
199,
329,
268,
330,
156,
533,
250,
336,
115,
186,
154,
209,
168,
738,
225,
214,
654,
429,
337,
328,
154,
162,
126,
150,
204,
208,
333,
519,
187,
337,
166,
184,
139,
85,
168,
328,
157,
411,
409,
418,
150,
388,
137,
150,
179,
143,
212,
150,
149,
178,
195,
249,
148,
273,
252,
234,
339,
400,
256,
113,
375,
181,
148,
286,
150,
203,
497,
289,
147,
208,
160,
258,
520,
677,
294,
403,
372,
170,
221,
277,
288,
198,
219,
51,
455,
124,
183,
202,
177,
676,
725,
129,
103,
175,
535,
239,
193,
255,
214,
200,
166,
177,
259,
142,
127,
192,
261,
162,
244,
507,
252,
106,
247,
595,
490,
352,
41,
103,
419,
462,
385,
569,
795,
102,
679,
349,
325,
323,
186,
248,
389,
226,
691,
177,
192,
349,
614,
805,
476,
37,
123,
348,
46,
183,
215,
201,
129,
571,
126,
124,
188,
97,
37,
221,
121,
158,
337,
107,
179,
210,
141,
261,
43,
196,
189,
362,
330,
102,
528,
136,
358,
371,
202,
214,
199,
379,
310,
313,
725,
401,
378,
42,
305,
250,
366,
309,
334,
321,
322,
332,
329,
137,
251,
723,
257,
329,
322,
298,
320,
329,
194,
300,
304,
234,
318,
169,
309,
240,
167,
240,
212,
314,
258,
135,
478,
152,
181,
252,
255,
92,
518,
471,
434,
120,
132,
313,
649,
513,
198,
170,
322,
253,
315,
179,
198,
235,
506,
170,
199,
252,
169,
263,
37,
85,
155,
176,
521,
249,
179,
105,
123,
208,
411,
160,
82,
228,
331,
133,
198,
457,
225,
81,
190,
170,
187,
311,
218,
88,
388,
329,
198,
903,
402,
191,
251,
150,
364,
529,
844,
159,
352,
339,
134,
337,
676,
392,
278,
928,
124,
353,
675,
440,
220,
308,
364,
673,
938,
198,
495,
209,
295,
721,
327,
144,
82,
153,
142,
149,
597,
192,
46,
280,
205,
81,
214,
341,
346,
145,
129,
127,
180,
201,
133,
264,
142,
618,
83,
543,
784,
317,
504,
360,
165,
559,
304,
377,
282,
545,
352,
146,
263,
393,
474,
118,
469,
134,
547,
189,
469,
545,
177,
48,
434,
405,
460,
45,
37,
479,
787,
179,
176,
493,
477,
69,
116,
93,
65,
153,
184,
411,
137,
84,
153,
127,
46,
154,
252,
39,
235,
38,
502,
161,
388,
321,
316,
393,
320,
311,
318,
377,
362,
337,
316,
190,
223,
361,
295,
312,
464,
217,
176,
215,
171,
310,
236,
307,
221,
233,
295,
217,
278,
255,
233,
208,
121,
168,
181,
229,
168,
120,
93,
206,
253,
432,
219,
146,
142,
97,
215,
221,
148,
492,
386,
118,
246,
306,
225,
41,
36,
148,
163,
208,
212,
386,
111,
153,
150,
203,
181,
116,
364,
140,
170,
371,
350,
148,
159,
140,
379,
365,
524,
211,
145,
198,
313,
128,
112,
321,
91,
126,
318,
127,
42,
382,
140,
139,
41,
380,
178,
202,
180,
375,
169,
373,
120,
213,
498,
165,
135,
461,
203,
168,
503,
178,
189,
204,
364,
207,
332,
304,
116,
414,
320,
209,
95,
146,
164,
276,
289,
352,
350,
221,
316,
144,
388,
162,
368,
179,
330,
419,
141,
243,
208,
209,
144,
232,
331,
318,
138,
185,
398,
177,
134,
153,
417,
313,
157,
200,
110,
406,
212,
294,
37,
349,
156,
131,
418,
539,
145,
564,
282,
295,
339,
574,
184,
509,
144,
270,
349,
117,
567,
181,
470,
441,
117,
181,
478,
77,
471,
301,
400,
76,
182,
578,
272,
43,
355,
307,
414,
43,
438,
606,
349,
160,
84,
128,
438,
71,
252,
180,
43,
86,
43,
64,
225,
85,
162,
42,
272,
281,
220,
593,
323,
345,
339,
489,
216,
182,
316,
136,
270,
461,
299,
288,
233,
46,
196,
252,
233,
231,
335,
476,
199,
238,
203,
250,
402,
472,
221,
485,
216,
249,
397,
385,
219,
150,
361,
199,
235,
206,
335,
134,
216,
313,
248,
599,
199,
131,
253,
221,
248,
240,
166,
130,
118,
247,
125,
129,
171,
89,
522,
45,
147,
137,
235,
154,
43,
239,
243,
225,
179,
461,
154,
544,
151,
171,
146,
453,
334,
1011,
198,
236,
417,
131,
1016,
174,
451,
39,
110,
104,
513,
441,
466,
134,
155,
195,
429,
191,
135,
422,
989,
413,
500,
166,
839,
248,
130,
375,
311,
497,
463,
140,
381,
431,
412,
805,
131,
150,
143,
191,
514,
438,
124,
392,
233,
46,
497,
172,
137,
466,
862,
136,
167,
153,
106,
193,
363,
215,
235,
467,
306,
684,
582,
527,
514,
169,
599,
45,
165,
374,
466,
329,
139,
371,
249,
522,
411,
473,
362,
241,
396,
47,
358,
310,
169,
174,
328,
298,
531,
110,
445,
399,
471,
474,
192,
105,
431,
378,
110,
108,
276,
132,
87,
532,
199,
103,
476,
356,
44,
489,
603,
359,
284,
195,
136,
46,
43,
563,
76,
208,
238,
551,
45,
225,
347,
331,
222,
529,
302,
319,
168,
269,
188,
149,
147,
298,
245,
263,
274,
286,
250,
316,
293,
466,
416,
422,
187,
194,
286,
263,
187,
206,
234,
546,
467,
305,
273,
226,
284,
174,
222,
315,
397,
241,
208,
180,
248,
140,
305,
314,
254,
220,
396,
297,
257,
301,
45,
151,
311,
140,
457,
217,
295,
510,
139,
307,
199,
133,
160,
138,
105,
498,
180,
146,
395,
152,
142,
154,
422,
153,
450,
472,
146,
143,
130,
292,
448,
163,
133,
183,
485,
122,
132,
212,
466,
369,
464,
356,
506,
165,
160,
471,
497,
406,
116,
192,
118,
444,
142,
393,
498,
178,
203,
204,
320,
196,
140,
201,
943,
137,
180,
250,
176,
522,
510,
466,
435,
426,
207,
176,
511,
184,
434,
314,
522,
460,
356,
46,
275,
266,
249,
290,
297,
273,
194,
216,
216,
414,
448,
333,
468,
384,
225,
630,
153,
419,
472,
41,
438,
395,
161,
568,
152,
472,
181,
374,
295,
359,
475,
352,
130,
126,
163,
472,
80,
548,
40,
95,
363,
439,
93,
479,
76,
45,
244,
119,
564,
343,
555,
356,
398,
245,
364,
377,
44,
169,
42,
298,
304,
246,
38,
311,
227,
208,
246,
230,
296,
196,
339,
223,
197,
222,
213,
352,
430,
288,
295,
248,
149,
541,
548,
477,
520,
248,
242,
231,
342,
419,
258,
289,
369,
146,
325,
247,
236,
426,
330,
555,
321,
231,
473,
341,
338,
221,
345,
521,
173,
150,
44,
218,
513,
247,
329,
39,
491,
204,
503,
510,
151,
296,
519,
340,
283,
173,
488,
226,
512,
167,
880,
182,
511,
160,
137,
151,
257,
158,
850,
402,
711,
132,
481,
500,
311,
167,
521,
113,
128,
243,
94,
146,
620,
42,
198,
225,
311,
156,
147,
479,
179,
175,
257,
489,
523,
472,
114,
144,
113,
320,
575,
119,
259,
191,
193,
398,
43,
486,
211,
559,
205,
273,
346,
544,
943,
237,
220,
668,
205,
558,
142,
186,
400,
202,
297,
455,
132,
475,
128,
415,
188,
407,
226,
317,
301,
510,
298,
549,
283,
441,
251,
346,
315,
454,
346,
134,
497,
260,
50,
47,
179,
413,
538,
32,
228,
424,
384,
186,
277,
332,
344,
41,
250,
143,
36,
453,
122,
204,
493,
129,
154,
146,
143,
110,
273,
550,
551,
236,
113,
87,
40,
40,
104,
351,
576,
189,
87,
340,
102,
571,
609,
42,
554,
440,
297,
568,
134,
340,
581,
287,
303,
566,
233,
276,
292,
226,
408,
209,
222,
295,
575,
259,
225,
184,
399,
197,
212,
209,
281,
497,
397,
224,
233,
122,
251,
291,
199,
296,
167,
345,
303,
214,
315,
408,
221,
221,
576,
388,
397,
160,
325,
200,
249,
176,
205,
392,
147,
544,
396,
489,
494,
245,
303,
184,
1013,
253,
388,
548,
223,
135,
158,
268,
276,
436,
387,
825,
386,
381,
141,
40,
206,
256,
443,
162,
300,
150,
170,
845,
458,
490,
343,
160,
425,
88,
155,
347,
218,
174,
150,
128,
172,
119,
210,
484,
494,
308,
179,
354,
41,
329,
179,
266,
262,
176,
498,
216,
464,
139,
531,
130,
193,
456,
107,
272,
145,
466,
479,
37,
371,
45,
348,
456,
437,
158,
635,
1039,
178,
154,
151,
444,
334,
196,
178,
195,
454,
600,
234,
363,
443,
209,
180,
120,
279,
132,
412,
521,
193,
227,
544,
295,
407,
528,
364,
112,
201,
287,
214,
246,
237,
242,
181,
454,
752,
455,
173,
454,
686,
340,
234,
508,
286,
195,
479,
353,
379,
423,
238,
588,
198,
404,
510,
129,
685,
308,
246,
614,
45,
445,
438,
265,
403,
39,
231,
135,
469,
38,
187,
189,
510,
246,
624,
545,
133,
300,
542,
107,
249,
538,
74,
44,
721,
39,
515,
672,
179,
494,
128,
288,
279,
223,
155,
439,
79,
274,
647,
468,
313,
215,
259,
41,
234,
328,
648,
129,
267,
647,
317,
268,
263,
204,
201,
653,
186,
142,
259,
231,
256,
209,
263,
251,
412,
323,
415,
409,
303,
315,
334,
408,
405,
231,
254,
177,
403,
253,
610,
284,
466,
230,
313,
402,
196,
523,
205,
149,
389,
401,
373,
209,
398,
238,
508,
257,
124,
396,
164,
460,
278,
391,
239,
224,
129,
245,
345,
43,
228,
538,
50,
342,
391,
207,
618,
219,
342,
235,
836,
126,
38,
229,
119,
639,
185,
181,
636,
452,
116,
198,
552,
38,
232,
128,
47,
186,
527,
112,
636,
331,
567,
170,
450,
128,
167,
662,
112,
201,
943,
437,
217,
604,
227,
193,
580,
181,
394,
136,
222,
418,
679,
132,
121,
538,
267,
171,
168,
181,
188,
286,
603,
171,
438,
125,
200,
187,
200,
209,
394,
168,
699,
340,
638,
429,
331,
647,
155,
382,
318,
140,
458,
149,
417,
594,
366,
127,
162,
461,
124,
134,
325,
632,
687,
157,
210,
649,
556,
103,
700,
506,
492,
606,
287,
41,
378,
765,
38,
695,
303,
557,
528,
390,
519,
166,
317,
281,
482,
388,
562,
444,
416,
180,
428,
365,
452,
432,
466,
214,
702,
708,
539,
195,
683,
258,
641,
290,
475,
412,
444,
174,
667,
191,
145,
557,
222,
645,
551,
373,
567,
539,
505,
422,
100,
142,
45,
95,
313,
537,
102,
262,
176,
231,
273,
267,
263,
187,
229,
306,
169,
248,
126,
82,
201,
224,
185,
385,
77,
289,
212,
296,
384,
390,
382,
498,
161,
251,
38,
742,
220,
299,
179,
422,
454,
494,
420,
279,
608,
417,
204,
590,
412,
392,
418,
160,
155,
274,
259,
571,
473,
224,
413,
528,
600,
196,
187,
421,
332,
250,
188,
559,
176,
414,
143,
397,
446,
412,
184,
213,
523,
130,
41,
477,
252,
452,
126,
503,
191,
584,
199,
561,
133,
461,
252,
146,
191,
385,
617,
538,
131,
210,
125,
460,
502,
41,
125,
208,
349,
141,
356,
258,
206,
167,
116,
141,
428,
268,
225,
104,
292,
231,
196,
194,
277,
766,
385,
455,
127,
124,
220,
207,
308,
156,
146,
581,
182,
191,
364,
44,
581,
142,
404,
866,
417,
606,
139,
516,
177,
129,
297,
764,
169,
269,
600,
771,
300,
46,
412,
227,
585,
174,
216,
506,
211,
142,
42,
778,
440,
559,
145,
299,
551,
201,
151,
330,
768,
399,
399,
168,
207,
366,
916,
220,
484,
445,
468,
418,
779,
441,
781,
357,
435,
165,
482,
395,
481,
485,
403,
164,
524,
472,
39,
371,
39,
560,
549,
211,
198,
146,
567,
567,
486,
108,
383,
622,
109,
116,
360,
292,
443,
121,
205,
109,
584,
298,
584,
237,
381,
247,
59,
548,
395,
433,
36,
239,
59,
43,
396,
216,
199,
271,
231,
578,
476,
442,
245,
253,
206,
38,
159,
219,
258,
190,
151,
438,
479,
194,
218,
485,
40,
203,
423,
165,
406,
253,
341,
372,
158,
298,
219,
397,
406,
270,
827,
487,
178,
484,
186,
264,
268,
321,
160,
395,
275,
247,
426,
378,
152,
429,
485,
424,
343,
398,
148,
192,
429,
438,
538,
436,
138,
383,
246,
165,
152,
150,
138,
293,
175,
101,
141,
309,
413,
925,
259,
127,
401,
500,
219,
484,
128,
271,
208,
127,
506,
288,
142,
168,
269,
346,
126,
546,
606,
227,
211,
87,
254,
169,
258,
252,
313,
134,
183,
525,
260,
251,
181,
488,
119,
414,
170,
325,
227,
132,
526,
124,
213,
252,
151,
432,
264,
43,
540,
204,
406,
336,
298,
348,
166,
182,
133,
378,
382,
204,
379,
222,
163,
167,
390,
168,
161,
158,
288,
43,
218,
159,
390,
217,
500,
375,
269,
406,
213,
413,
503,
449,
376,
39,
304,
264,
316,
502,
390,
291,
351,
536,
167,
171,
369,
964,
134,
312,
229,
339,
314,
376,
628,
340,
474,
355,
198,
228,
193,
42,
510,
409,
40,
289,
258,
642,
493,
632,
333,
221,
482,
168,
645,
475,
153,
444,
664,
148,
455,
130,
461,
122,
126,
478,
407,
115,
119,
45,
449,
527,
114,
126,
506,
44,
143,
44,
98,
229,
267,
486,
249,
235,
47,
246,
284,
548,
119,
242,
381,
276,
257,
41,
423,
233,
409,
374,
237,
248,
221,
206,
423,
409,
42,
247,
409,
406,
500,
459,
256,
270,
349,
171,
163,
284,
418,
330,
385,
186,
249,
253,
660,
183,
172,
267,
182,
252,
315,
165,
512,
162,
503,
122,
465,
221,
303,
147,
172,
158,
42,
494,
153,
136,
157,
40,
268,
245,
390,
125,
275,
169,
42,
112,
121,
130,
185,
502,
500,
465,
274,
117,
198,
112,
152,
508,
116,
242,
319,
119,
139,
248,
168,
181,
167,
160,
149,
123,
234,
219,
364,
521,
121,
466,
141,
313,
112,
510,
306,
280,
200,
164,
415,
368,
145,
109,
440,
197,
217,
154,
480,
275,
130,
924,
200,
930,
116,
358,
179,
937,
210,
165,
243,
258,
251,
256,
631,
178,
413,
141,
266,
182,
274,
234,
206,
227,
229,
176,
231,
288,
371,
213,
370,
323,
151,
229,
912,
297,
870,
321,
505,
165,
208,
384,
288,
371,
37,
224,
109,
206,
184,
379,
373,
145,
419,
249,
129,
496,
514,
953,
374,
154,
39,
274,
502,
714,
145,
188,
186,
98,
461,
467,
133,
74,
136,
638,
142,
113,
367,
420,
495,
142,
89,
648,
337,
639,
133,
675,
306,
110,
529,
291,
668,
279,
492,
105,
127,
44,
279,
45,
483,
300,
657,
77,
279,
484,
183,
246,
275,
218,
353,
301,
420,
188,
466,
42,
199,
169,
253,
224,
248,
427,
426,
301,
43,
174,
179,
406,
390,
148,
467,
175,
349,
677,
321,
525,
167,
177,
251,
297,
404,
136,
156,
105,
239,
576,
520,
163,
1000,
147,
684,
136,
133,
42,
251,
520,
290,
447,
265,
114,
255,
140,
249,
307,
537,
120,
301,
142,
47,
285,
530,
211,
271,
538,
133,
43,
131,
205,
397,
298,
286,
90,
300,
217,
436,
111,
224,
222,
167,
350,
556,
139,
251,
176,
208,
210,
325,
374,
161,
253,
229,
537,
174,
292,
216,
137,
200,
230,
251,
536,
100,
164,
131,
255,
421,
187,
445,
169,
210,
219,
446,
187,
200,
443,
209,
146,
306,
187,
173,
272,
373,
145,
316,
138,
260,
260,
194,
190,
155,
869,
494,
133,
166,
163,
233,
426,
321,
297,
247,
47,
186,
162,
140,
150,
222,
134,
957,
265,
472,
356,
254,
41,
439,
156,
177,
395,
299,
696,
151,
865,
496,
203,
153,
410,
439,
640,
479,
457,
315,
445,
881,
110,
450,
890,
432,
429,
173,
658,
411,
716,
138,
375,
211,
361,
74,
339,
266,
317,
351,
436,
80,
273,
160,
421,
300,
361,
96,
51,
95,
329,
443,
50,
85,
431,
126,
40,
991,
434,
663,
252,
64,
237,
290,
347,
285,
162,
535,
277,
280,
297,
235,
585,
482,
265,
406,
173,
278,
422,
188,
249,
320,
416,
595,
530,
159,
421,
283,
199,
191,
194,
329,
173,
600,
531,
328,
517,
179,
182,
453,
355,
174,
345,
528,
45,
595,
208,
253,
223,
528,
94,
41,
159,
295,
141,
156,
227,
204,
290,
150,
139,
666,
552,
517,
208,
89,
601,
197,
160,
196,
126,
143,
545,
591,
665,
244,
256,
174,
308,
252,
153,
116,
147,
676,
215,
228,
203,
194,
980,
623,
170,
253,
195,
183,
264,
163,
298,
131,
194,
143,
160,
255,
181,
132,
176,
539,
43,
254,
692,
185,
188,
1034,
269,
180,
102,
265,
1103,
148,
235,
192,
638,
322,
146,
497,
184,
190,
300,
297,
189,
198,
550,
168,
160,
148,
180,
158,
175,
285,
241,
298,
144,
183,
213,
291,
142,
132,
366,
43,
954,
224,
158,
262,
449,
453,
210,
185,
341,
39,
948,
207,
108,
945,
291,
419,
415,
414,
357,
240,
186,
423,
565,
240,
364,
414,
1049,
713,
423,
273,
163,
431,
194,
361,
397,
290,
375,
193,
401,
404,
176,
301,
396,
657,
213,
454,
651,
198,
149,
130,
325,
