41,
37,
44,
30,
42,
46,
45,
72,
70,
80,
69,
44,
77,
92,
43,
92,
98,
110,
105,
102,
91,
106,
112,
111,
79,
34,
109,
100,
129,
106,
131,
116,
116,
37,
115,
107,
136,
112,
119,
107,
134,
132,
129,
41,
38,
156,
135,
99,
45,
92,
96,
154,
119,
125,
157,
30,
90,
54,
100,
120,
153,
61,
153,
122,
155,
133,
106,
111,
153,
61,
174,
183,
152,
104,
92,
147,
68,
151,
163,
187,
138,
168,
113,
172,
147,
39,
163,
96,
129,
150,
96,
168,
148,
195,
37,
186,
211,
165,
189,
179,
179,
182,
151,
164,
204,
222,
157,
192,
127,
173,
145,
161,
172,
182,
153,
220,
195,
205,
212,
205,
183,
216,
198,
187,
41,
223,
170,
176,
205,
166,
193,
158,
181,
176,
139,
218,
139,
183,
145,
197,
111,
195,
167,
211,
156,
140,
191,
234,
137,
151,
212,
185,
165,
170,
205,
175,
175,
124,
168,
71,
191,
32,
115,
166,
188,
148,
172,
226,
45,
219,
183,
119,
41,
261,
224,
101,
93,
218,
94,
68,
141,
103,
122,
210,
181,
66,
206,
47,
270,
154,
84,
108,
48,
141,
160,
82,
276,
152,
74,
259,
117,
135,
153,
215,
133,
177,
154,
229,
174,
165,
228,
178,
164,
209,
222,
130,
218,
170,
174,
132,
181,
163,
32,
220,
183,
157,
136,
140,
138,
157,
40,
119,
189,
134,
259,
228,
128,
177,
251,
227,
119,
286,
123,
176,
105,
109,
230,
114,
180,
136,
120,
205,
200,
205,
290,
65,
194,
239,
273,
265,
194,
237,
246,
115,
141,
107,
264,
66,
236,
218,
186,
212,
247,
254,
163,
232,
318,
193,
39,
184,
181,
188,
237,
201,
213,
150,
174,
282,
265,
221,
165,
181,
163,
179,
190,
148,
181,
175,
224,
218,
189,
160,
159,
170,
31,
267,
211,
208,
252,
194,
202,
123,
217,
125,
201,
151,
151,
173,
211,
283,
205,
42,
196,
139,
164,
120,
177,
303,
302,
108,
32,
254,
308,
340,
290,
312,
257,
292,
229,
93,
111,
201,
93,
149,
183,
121,
292,
98,
260,
116,
186,
34,
59,
273,
234,
197,
139,
55,
73,
201,
197,
38,
113,
97,
44,
178,
32,
121,
91,
103,
75,
189,
130,
154,
180,
42,
229,
214,
222,
33,
173,
230,
172,
180,
240,
186,
156,
175,
218,
47,
142,
194,
170,
195,
70,
210,
153,
245,
228,
202,
173,
43,
161,
201,
173,
131,
332,
284,
42,
168,
126,
193,
330,
303,
115,
325,
136,
105,
284,
192,
268,
218,
45,
338,
196,
253,
236,
192,
171,
293,
218,
191,
178,
294,
314,
172,
208,
228,
241,
57,
109,
359,
201,
177,
308,
199,
190,
313,
43,
285,
224,
302,
339,
154,
139,
365,
178,
170,
168,
177,
179,
193,
316,
178,
287,
311,
122,
294,
224,
197,
300,
44,
155,
177,
182,
305,
149,
297,
188,
141,
334,
126,
335,
219,
191,
344,
210,
184,
154,
33,
188,
277,
357,
316,
286,
33,
307,
75,
214,
250,
111,
41,
207,
101,
110,
93,
163,
257,
181,
91,
99,
291,
87,
291,
395,
161,
168,
132,
181,
400,
71,
227,
136,
366,
95,
166,
31,
141,
41,
231,
230,
301,
32,
225,
171,
218,
171,
87,
191,
167,
204,
33,
40,
97,
166,
123,
182,
78,
183,
168,
237,
247,
225,
146,
114,
40,
166,
205,
161,
240,
34,
390,
171,
202,
251,
87,
126,
187,
161,
130,
185,
125,
182,
120,
137,
203,
219,
34,
208,
90,
283,
343,
225,
224,
343,
196,
314,
241,
210,
247,
222,
240,
138,
230,
215,
214,
416,
45,
174,
430,
39,
364,
366,
261,
218,
429,
201,
170,
273,
280,
189,
195,
169,
203,
37,
414,
217,
426,
183,
365,
150,
302,
215,
173,
152,
370,
316,
196,
228,
269,
116,
184,
321,
197,
308,
36,
39,
143,
240,
173,
334,
216,
316,
172,
307,
324,
300,
195,
199,
369,
416,
292,
353,
229,
179,
370,
230,
295,
230,
310,
37,
160,
317,
156,
147,
137,
293,
298,
444,
245,
278,
210,
83,
421,
196,
309,
186,
191,
399,
118,
321,
287,
231,
84,
135,
441,
258,
489,
268,
45,
86,
179,
72,
132,
99,
60,
101,
79,
339,
345,
270,
240,
235,
315,
221,
181,
244,
80,
280,
383,
251,
273,
289,
222,
221,
299,
135,
42,
225,
195,
215,
174,
283,
87,
232,
111,
233,
214,
228,
184,
226,
239,
161,
170,
193,
170,
184,
197,
109,
256,
188,
184,
299,
159,
163,
295,
160,
101,
120,
340,
192,
35,
275,
310,
345,
195,
270,
119,
143,
130,
147,
181,
179,
238,
32,
273,
269,
102,
368,
302,
304,
478,
217,
261,
241,
277,
212,
204,
308,
166,
36,
301,
414,
173,
165,
267,
262,
291,
230,
266,
194,
209,
189,
419,
217,
389,
328,
199,
143,
411,
195,
303,
491,
177,
167,
323,
424,
320,
267,
301,
176,
300,
142,
231,
306,
151,
449,
184,
159,
161,
282,
348,
201,
265,
169,
178,
124,
208,
160,
214,
235,
487,
114,
357,
384,
207,
133,
120,
329,
135,
212,
125,
367,
343,
187,
151,
211,
157,
338,
388,
321,
425,
208,
173,
125,
242,
241,
120,
494,
357,
37,
483,
351,
572,
350,
36,
265,
128,
119,
310,
340,
312,
178,
515,
299,
86,
267,
306,
213,
107,
431,
379,
262,
83,
368,
370,
481,
38,
130,
165,
328,
507,
94,
91,
62,
520,
42,
466,
97,
343,
293,
104,
448,
211,
43,
168,
212,
175,
228,
32,
168,
69,
241,
207,
39,
178,
166,
194,
145,
499,
153,
250,
202,
201,
219,
246,
204,
214,
225,
227,
152,
225,
198,
195,
171,
210,
358,
193,
84,
193,
216,
278,
190,
285,
172,
146,
45,
169,
257,
137,
141,
321,
252,
238,
182,
158,
105,
386,
201,
183,
157,
141,
219,
203,
123,
146,
209,
168,
35,
394,
216,
299,
185,
209,
177,
189,
416,
298,
199,
346,
299,
517,
283,
288,
38,
252,
337,
166,
40,
155,
442,
282,
202,
460,
356,
204,
219,
237,
453,
218,
188,
183,
329,
245,
204,
398,
189,
323,
63,
144,
470,
169,
194,
194,
120,
166,
321,
288,
290,
164,
230,
187,
152,
296,
346,
238,
201,
203,
175,
315,
171,
322,
200,
197,
404,
112,
189,
328,
160,
197,
200,
336,
122,
151,
327,
188,
142,
189,
150,
193,
131,
333,
160,
179,
388,
41,
296,
387,
197,
243,
159,
354,
119,
294,
185,
520,
227,
198,
228,
541,
106,
391,
225,
127,
523,
410,
83,
123,
104,
344,
95,
98,
502,
42,
245,
493,
90,
72,
477,
89,
43,
485,
117,
349,
227,
355,
296,
67,
320,
308,
71,
364,
140,
43,
46,
158,
304,
106,
355,
108,
304,
313,
77,
578,
39,
261,
311,
126,
269,
162,
268,
197,
222,
202,
202,
224,
180,
114,
208,
105,
201,
238,
237,
311,
264,
283,
346,
263,
270,
44,
144,
43,
152,
241,
155,
210,
127,
127,
310,
270,
243,
31,
238,
267,
122,
240,
139,
133,
80,
355,
199,
314,
166,
191,
305,
195,
122,
228,
50,
41,
254,
175,
129,
180,
131,
207,
205,
247,
187,
165,
354,
228,
158,
285,
163,
290,
200,
177,
488,
93,
379,
331,
284,
211,
137,
467,
461,
342,
210,
253,
188,
433,
310,
267,
206,
131,
190,
180,
45,
303,
212,
137,
111,
159,
462,
494,
253,
284,
479,
148,
191,
189,
446,
39,
206,
342,
334,
260,
406,
386,
173,
305,
204,
171,
144,
149,
197,
207,
199,
572,
33,
217,
239,
161,
386,
196,
175,
437,
230,
167,
94,
298,
197,
602,
194,
114,
261,
115,
563,
189,
195,
119,
32,
469,
81,
44,
37,
435,
50,
602,
351,
410,
562,
393,
315,
220,
372,
484,
116,
377,
219,
109,
66,
338,
43,
81,
513,
230,
147,
109,
318,
585,
35,
147,
570,
305,
548,
404,
366,
182,
497,
161,
258,
151,
236,
245,
285,
234,
183,
44,
194,
200,
236,
170,
189,
40,
115,
181,
261,
235,
147,
198,
300,
212,
148,
174,
228,
228,
253,
168,
205,
307,
164,
147,
250,
138,
198,
400,
176,
152,
217,
202,
248,
203,
138,
138,
201,
171,
148,
185,
146,
144,
290,
174,
44,
42,
161,
196,
173,
145,
176,
293,
115,
162,
191,
309,
168,
172,
316,
147,
508,
196,
194,
236,
343,
209,
287,
180,
217,
193,
176,
304,
147,
457,
311,
226,
183,
195,
175,
503,
259,
267,
460,
180,
360,
183,
373,
193,
41,
145,
214,
156,
341,
111,
163,
285,
351,
140,
193,
155,
173,
147,
236,
429,
160,
165,
307,
323,
194,
152,
182,
322,
137,
44,
128,
112,
265,
322,
112,
344,
164,
318,
444,
306,
521,
320,
304,
106,
578,
109,
561,
143,
139,
139,
529,
99,
484,
45,
470,
279,
89,
441,
240,
376,
83,
319,
76,
273,
399,
204,
615,
349,
85,
182,
305,
341,
36,
256,
157,
35,
180,
101,
46,
48,
422,
225,
548,
117,
358,
442,
32,
193,
432,
227,
147,
229,
195,
312,
216,
173,
228,
221,
214,
257,
288,
264,
215,
103,
259,
218,
162,
325,
170,
207,
237,
199,
179,
190,
205,
199,
167,
164,
172,
214,
172,
142,
552,
39,
236,
188,
214,
135,
537,
96,
198,
200,
205,
535,
72,
145,
189,
145,
331,
142,
181,
174,
140,
124,
238,
132,
236,
41,
222,
365,
550,
530,
104,
226,
171,
318,
264,
160,
346,
221,
211,
225,
571,
321,
286,
405,
187,
251,
210,
357,
342,
537,
140,
212,
147,
196,
330,
223,
262,
258,
206,
176,
367,
217,
143,
213,
183,
41,
187,
163,
225,
205,
150,
332,
373,
122,
189,
216,
189,
183,
144,
167,
197,
366,
158,
188,
210,
114,
396,
316,
158,
132,
168,
159,
189,
306,
340,
332,
49,
32,
207,
223,
243,
334,
207,
402,
142,
168,
206,
299,
206,
48,
320,
290,
399,
301,
141,
398,
174,
42,
313,
387,
312,
197,
146,
111,
192,
137,
37,
396,
424,
197,
569,
209,
196,
98,
650,
417,
102,
106,
95,
100,
388,
666,
106,
605,
321,
131,
139,
466,
665,
43,
319,
218,
41,
316,
87,
208,
216,
512,
522,
277,
182,
236,
664,
79,
257,
178,
145,
279,
375,
234,
188,
102,
197,
110,
175,
217,
95,
33,
35,
163,
124,
260,
331,
145,
294,
149,
221,
118,
322,
377,
160,
173,
33,
160,
155,
142,
126,
322,
181,
33,
198,
193,
264,
244,
228,
175,
197,
45,
207,
118,
291,
196,
45,
234,
252,
189,
169,
146,
287,
35,
570,
40,
217,
277,
213,
416,
208,
167,
370,
202,
292,
422,
163,
412,
178,
155,
193,
569,
234,
204,
158,
292,
260,
397,
143,
45,
177,
235,
233,
597,
147,
399,
201,
243,
160,
561,
173,
149,
410,
400,
145,
214,
166,
594,
391,
152,
236,
232,
385,
186,
381,
254,
374,
167,
245,
368,
236,
428,
339,
195,
44,
341,
349,
37,
625,
257,
40,
660,
139,
512,
528,
128,
104,
403,
569,
565,
474,
148,
114,
100,
128,
576,
127,
582,
81,
546,
243,
572,
508,
672,
47,
33,
489,
60,
70,
665,
369,
56,
431,
73,
77,
318,
48,
186,
359,
524,
70,
444,
63,
216,
524,
31,
270,
250,
243,
196,
201,
224,
100,
167,
198,
176,
142,
190,
222,
212,
275,
203,
216,
200,
201,
229,
126,
291,
261,
156,
163,
306,
183,
242,
371,
310,
266,
247,
133,
256,
183,
167,
187,
554,
420,
178,
236,
255,
238,
337,
148,
207,
250,
170,
393,
39,
181,
217,
162,
138,
370,
235,
157,
179,
252,
567,
267,
265,
240,
251,
186,
365,
205,
554,
330,
210,
156,
206,
266,
36,
171,
43,
266,
374,
641,
170,
261,
139,
383,
618,
367,
177,
37,
251,
160,
421,
168,
366,
417,
148,
180,
226,
260,
224,
384,
212,
201,
190,
223,
253,
198,
184,
575,
334,
187,
162,
212,
151,
172,
229,
333,
184,
260,
147,
112,
347,
206,
34,
221,
352,
192,
219,
227,
409,
153,
264,
396,
127,
209,
716,
187,
171,
184,
564,
147,
636,
255,
282,
115,
606,
524,
99,
538,
150,
146,
271,
219,
308,
563,
33,
519,
122,
415,
76,
500,
526,
126,
547,
262,
118,
511,
216,
333,
489,
252,
154,
172,
239,
438,
227,
307,
296,
267,
48,
237,
46,
251,
110,
39,
201,
226,
198,
165,
244,
317,
258,
219,
149,
197,
235,
177,
165,
195,
181,
229,
167,
214,
185,
176,
139,
159,
223,
255,
97,
483,
249,
117,
191,
182,
317,
172,
167,
168,
179,
141,
202,
168,
178,
340,
127,
127,
55,
252,
152,
296,
214,
182,
333,
195,
227,
388,
199,
306,
289,
136,
370,
326,
112,
160,
301,
247,
270,
213,
256,
184,
375,
240,
231,
212,
204,
294,
384,
293,
525,
215,
212,
221,
482,
199,
213,
367,
190,
348,
273,
174,
259,
149,
239,
182,
164,
399,
322,
333,
350,
47,
163,
393,
649,
285,
152,
161,
339,
192,
653,
366,
663,
186,
249,
33,
504,
236,
305,
366,
301,
127,
280,
197,
397,
205,
190,
204,
339,
209,
371,
281,
217,
218,
245,
176,
563,
254,
340,
116,
218,
209,
155,
105,
176,
334,
34,
188,
208,
595,
179,
672,
313,
594,
41,
168,
744,
520,
177,
743,
494,
104,
670,
623,
443,
561,
163,
596,
498,
77,
533,
183,
170,
186,
568,
105,
606,
273,
132,
139,
60,
203,
212,
532,
120,
610,
221,
244,
543,
162,
212,
249,
155,
356,
258,
82,
77,
204,
141,
267,
173,
164,
131,
171,
193,
165,
208,
242,
179,
117,
329,
245,
167,
213,
153,
287,
238,
315,
169,
178,
222,
251,
169,
183,
169,
51,
631,
254,
299,
175,
162,
181,
127,
47,
441,
295,
354,
337,
43,
118,
116,
128,
161,
158,
126,
433,
134,
98,
378,
196,
226,
212,
302,
383,
164,
208,
215,
138,
376,
295,
232,
381,
46,
235,
275,
200,
52,
227,
132,
345,
36,
283,
351,
269,
307,
265,
271,
219,
203,
259,
162,
274,
579,
218,
488,
197,
474,
287,
225,
573,
262,
525,
305,
246,
660,
230,
208,
422,
298,
161,
33,
386,
214,
356,
214,
352,
193,
317,
191,
197,
135,
187,
293,
46,
345,
202,
41,
213,
339,
241,
206,
46,
364,
254,
305,
572,
267,
215,
675,
272,
512,
187,
212,
228,
555,
213,
165,
273,
258,
243,
277,
594,
231,
331,
41,
145,
32,
449,
484,
347,
99,
145,
95,
527,
353,
144,
85,
461,
571,
97,
112,
208,
605,
304,
683,
61,
88,
460,
157,
57,
64,
56,
229,
707,
39,
188,
231,
268,
239,
229,
249,
198,
223,
72,
31,
238,
220,
195,
181,
284,
206,
265,
77,
178,
161,
245,
539,
179,
227,
184,
204,
226,
168,
237,
35,
33,
178,
204,
199,
134,
198,
188,
132,
164,
325,
178,
120,
143,
46,
193,
164,
338,
126,
230,
416,
149,
363,
248,
205,
405,
421,
300,
234,
136,
224,
263,
127,
283,
267,
307,
141,
237,
226,
413,
110,
210,
225,
191,
248,
283,
388,
230,
134,
179,
240,
222,
226,
279,
425,
229,
786,
459,
218,
382,
246,
379,
283,
582,
350,
228,
341,
238,
245,
305,
378,
259,
228,
244,
244,
561,
258,
652,
568,
216,
263,
390,
556,
120,
162,
265,
222,
142,
276,
432,
163,
174,
237,
209,
154,
342,
379,
259,
585,
283,
266,
352,
170,
370,
213,
228,
398,
246,
46,
219,
245,
385,
231,
248,
207,
590,
129,
587,
567,
574,
164,
580,
759,
141,
642,
91,
252,
612,
228,
653,
586,
207,
33,
610,
193,
303,
602,
833,
450,
515,
188,
326,
441,
47,
561,
202,
178,
46,
248,
161,
526,
99,
31,
43,
62,
117,
134,
122,
150,
159,
32,
163,
45,
218,
279,
232,
204,
39,
248,
200,
162,
233,
82,
283,
205,
265,
194,
226,
179,
196,
170,
168,
39,
181,
182,
137,
185,
122,
205,
218,
112,
449,
242,
271,
255,
247,
294,
317,
623,
236,
418,
325,
104,
286,
252,
319,
223,
273,
396,
293,
305,
199,
46,
165,
330,
303,
185,
292,
251,
327,
241,
560,
45,
274,
43,
109,
312,
165,
255,
202,
161,
267,
808,
310,
311,
332,
422,
165,
309,
175,
409,
252,
225,
575,
181,
309,
271,
291,
260,
266,
246,
418,
242,
227,
551,
45,
258,
397,
558,
272,
263,
44,
237,
174,
285,
161,
137,
242,
223,
209,
160,
284,
232,
568,
154,
366,
162,
138,
408,
554,
266,
163,
220,
133,
321,
567,
188,
294,
500,
291,
163,
192,
290,
490,
53,
278,
622,
277,
43,
301,
184,
629,
107,
268,
596,
468,
222,
96,
584,
203,
567,
517,
170,
95,
83,
231,
83,
62,
659,
622,
229,
201,
144,
164,
183,
143,
231,
111,
263,
208,
313,
44,
335,
145,
334,
177,
208,
50,
219,
170,
244,
282,
327,
261,
265,
171,
325,
277,
293,
176,
229,
318,
141,
201,
187,
171,
290,
242,
228,
144,
96,
184,
118,
112,
177,
228,
254,
227,
43,
233,
307,
107,
329,
34,
181,
175,
468,
171,
196,
282,
195,
33,
274,
172,
297,
312,
161,
248,
93,
195,
306,
494,
309,
162,
184,
358,
38,
92,
281,
191,
337,
270,
308,
225,
460,
220,
496,
212,
255,
290,
401,
296,
296,
253,
240,
271,
262,
252,
246,
291,
276,
473,
576,
221,
278,
276,
273,
297,
446,
354,
565,
91,
254,
497,
293,
290,
168,
192,
249,
42,
286,
211,
217,
468,
123,
275,
236,
472,
188,
148,
214,
310,
260,
207,
215,
195,
496,
293,
155,
322,
241,
195,
255,
228,
245,
365,
249,
237,
224,
269,
685,
30,
158,
217,
99,
546,
929,
385,
215,
666,
109,
706,
87,
676,
112,
196,
649,
100,
228,
95,
64,
230,
235,
714,
84,
706,
260,
693,
177,
259,
74,
400,
136,
238,
43,
193,
41,
43,
311,
231,
246,
177,
40,
334,
175,
224,
208,
56,
207,
161,
273,
211,
52,
104,
315,
185,
339,
195,
257,
221,
239,
186,
267,
190,
214,
225,
190,
239,
202,
261,
208,
160,
202,
190,
523,
318,
192,
154,
611,
189,
266,
284,
268,
157,
180,
216,
156,
363,
254,
642,
271,
271,
141,
567,
360,
257,
623,
245,
512,
104,
747,
294,
228,
318,
246,
230,
291,
263,
238,
226,
700,
240,
478,
318,
261,
366,
227,
549,
301,
441,
249,
215,
543,
299,
222,
728,
538,
152,
231,
156,
387,
262,
579,
576,
543,
311,
333,
293,
154,
328,
539,
40,
310,
296,
31,
383,
579,
290,
754,
266,
246,
280,
283,
218,
222,
212,
523,
118,
668,
258,
584,
247,
489,
234,
385,
334,
571,
291,
235,
393,
414,
379,
278,
231,
286,
219,
571,
415,
379,
701,
184,
248,
386,
684,
123,
377,
202,
227,
384,
723,
87,
176,
897,
514,
199,
420,
378,
438,
77,
52,
317,
234,
84,
312,
154,
1064,
325,
40,
246,
192,
229,
783,
711,
154,
53,
311,
347,
195,
120,
39,
44,
167,
198,
230,
248,
43,
225,
197,
113,
207,
171,
197,
247,
317,
186,
182,
317,
41,
232,
165,
171,
313,
179,
252,
189,
192,
358,
35,
138,
307,
589,
155,
305,
327,
189,
276,
156,
330,
299,
561,
312,
184,
198,
266,
129,
202,
356,
290,
276,
296,
308,
279,
364,
275,
620,
230,
199,
284,
293,
255,
180,
257,
405,
323,
284,
38,
752,
146,
295,
310,
216,
343,
718,
634,
276,
133,
554,
220,
277,
401,
372,
225,
266,
549,
360,
652,
307,
545,
294,
151,
645,
385,
731,
306,
267,
401,
452,
246,
148,
331,
650,
156,
302,
236,
271,
160,
284,
260,
300,
357,
691,
380,
232,
236,
306,
221,
205,
282,
300,
676,
199,
165,
316,
1077,
653,
134,
30,
573,
230,
210,
670,
100,
578,
209,
208,
356,
83,
560,
617,
146,
102,
1099,
151,
30,
45,
154,
730,
355,
44,
346,
134,
1119,
325,
817,
322,
247,
285,
246,
849,
750,
463,
990,
148,
921,
133,
112,
78,
143,
92,
598,
308,
866,
556,
55,
43,
794,
42,
41,
300,
222,
175,
210,
170,
268,
176,
286,
202,
203,
165,
178,
265,
313,
581,
263,
240,
38,
36,
265,
254,
205,
316,
209,
322,
200,
208,
206,
222,
243,
239,
233,
231,
372,
235,
605,
254,
346,
200,
339,
395,
39,
182,
155,
148,
236,
305,
345,
161,
179,
412,
194,
207,
317,
357,
319,
656,
284,
398,
694,
270,
352,
551,
43,
236,
837,
440,
263,
549,
232,
366,
289,
325,
36,
446,
154,
259,
378,
285,
692,
846,
264,
243,
166,
298,
828,
341,
338,
220,
668,
174,
215,
401,
145,
446,
214,
131,
625,
271,
216,
301,
612,
331,
295,
274,
196,
51,
228,
260,
168,
272,
374,
636,
578,
129,
191,
571,
286,
341,
418,
470,
286,
402,
571,
46,
263,
436,
955,
292,
926,
157,
1002,
203,
792,
276,
223,
342,
194,
379,
369,
366,
232,
92,
857,
875,
835,
104,
151,
112,
861,
822,
102,
82,
482,
755,
785,
468,
115,
42,
321,
330,
96,
364,
251,
356,
184,
978,
476,
457,
77,
359,
243,
349,
338,
254,
256,
319,
459,
200,
207,
233,
139,
211,
174,
63,
151,
336,
255,
372,
42,
241,
428,
705,
236,
163,
424,
317,
221,
197,
236,
292,
321,
215,
196,
291,
44,
200,
185,
173,
322,
84,
45,
317,
207,
280,
154,
257,
699,
313,
199,
353,
214,
319,
153,
351,
664,
267,
42,
333,
207,
323,
283,
239,
689,
112,
215,
352,
197,
383,
289,
200,
416,
173,
633,
356,
349,
423,
429,
44,
624,
242,
277,
259,
198,
199,
148,
213,
174,
151,
303,
257,
147,
143,
737,
220,
723,
651,
297,
225,
686,
264,
315,
110,
618,
628,
42,
399,
854,
191,
220,
281,
459,
763,
374,
383,
369,
440,
322,
524,
351,
205,
778,
826,
87,
309,
865,
445,
88,
866,
73,
298,
975,
861,
1007,
637,
83,
106,
703,
238,
207,
583,
48,
373,
1264,
77,
557,
363,
71,
218,
333,
168,
487,
865,
125,
167,
393,
432,
175,
191,
285,
159,
241,
284,
631,
340,
80,
277,
39,
40,
224,
39,
69,
191,
173,
110,
196,
314,
140,
462,
384,
332,
162,
702,
260,
346,
152,
231,
142,
244,
291,
141,
249,
173,
424,
730,
318,
783,
245,
257,
343,
726,
223,
229,
812,
347,
386,
311,
1285,
320,
336,
748,
216,
210,
228,
652,
682,
187,
724,
333,
216,
209,
361,
329,
823,
566,
493,
905,
285,
298,
297,
192,
418,
692,
145,
784,
358,
387,
193,
276,
686,
324,
137,
1298,
373,
379,
215,
1002,
657,
729,
570,
533,
465,
704,
370,
111,
134,
295,
432,
125,
407,
588,
235,
292,
168,
281,
279,
592,
115,
109,
657,
273,
259,
408,
460,
42,
545,
485,
1136,
43,
386,
338,
269,
289,
661,
97,
411,
495,
925,
338,
1140,
292,
439,
428,
746,
571,
855,
292,
1337,
100,
204,
195,
837,
140,
490,
117,
699,
926,
105,
149,
902,
81,
611,
343,
1383,
893,
691,
332,
94,
74,
331,
928,
51,
48,
268,
920,
369,
169,
601,
330,
152,
482,
167,
120,
699,
311,
391,
251,
501,
304,
118,
290,
256,
216,
416,
264,
358,
291,
357,
43,
280,
42,
277,
197,
219,
215,
254,
410,
118,
573,
245,
233,
287,
108,
657,
175,
206,
819,
246,
150,
47,
107,
200,
321,
192,
45,
45,
305,
78,
201,
559,
412,
344,
126,
178,
175,
368,
318,
333,
171,
300,
262,
314,
412,
739,
277,
219,
530,
829,
332,
604,
344,
290,
296,
198,
462,
436,
786,
106,
349,
387,
296,
604,
370,
359,
426,
388,
43,
561,
614,
235,
624,
284,
401,
261,
156,
385,
366,
397,
911,
147,
569,
134,
422,
229,
162,
764,
362,
243,
802,
984,
606,
649,
787,
245,
628,
155,
1381,
574,
223,
44,
169,
335,
211,
746,
735,
719,
292,
213,
614,
193,
243,
390,
297,
559,
830,
569,
391,
255,
559,
462,
235,
179,
504,
216,
299,
318,
159,
431,
315,
389,
145,
445,
631,
251,
422,
390,
983,
260,
480,
973,
742,
100,
506,
83,
190,
1046,
413,
514,
459,
1107,
1011,
1455,
445,
497,
1044,
494,
104,
130,
114,
480,
519,
77,
974,
446,
203,
447,
630,
636,
354,
325,
979,
341,
161,
74,
331,
488,
125,
58,
150,
329,
788,
300,
280,
381,
268,
72,
262,
231,
232,
420,
311,
128,
168,
275,
249,
303,
348,
366,
243,
345,
188,
203,
237,
432,
223,
805,
365,
198,
382,
408,
238,
554,
189,
179,
304,
700,
340,
483,
166,
505,
253,
170,
593,
215,
165,
263,
382,
347,
156,
240,
479,
113,
278,
187,
340,
630,
108,
791,
283,
597,
683,
763,
340,
502,
323,
1433,
231,
270,
372,
299,
735,
283,
216,
442,
261,
398,
1408,
462,
559,
447,
179,
267,
382,
356,
242,
455,
426,
280,
158,
386,
1408,
241,
264,
422,
485,
457,
308,
456,
176,
579,
560,
43,
1089,
435,
266,
422,
315,
218,
373,
583,
432,
178,
314,
383,
370,
401,
227,
667,
487,
361,
392,
199,
366,
360,
564,
190,
377,
1106,
162,
337,
736,
136,
1084,
237,
111,
186,
295,
347,
1282,
157,
206,
205,
388,
679,
322,
205,
192,
956,
186,
227,
92,
363,
273,
169,
544,
352,
90,
89,
241,
89,
699,
46,
335,
81,
45,
643,
622,
314,
48,
1278,
40,
596,
133,
1130,
583,
1121,
167,
886,
217,
41,
519,
280,
42,
227,
308,
408,
219,
435,
369,
464,
413,
378,
161,
489,
238,
42,
1160,
229,
211,
145,
200,
1149,
291,
433,
388,
995,
371,
381,
228,
718,
221,
193,
333,
45,
356,
204,
285,
300,
413,
315,
364,
297,
603,
450,
42,
40,
363,
450,
452,
316,
432,
94,
620,
233,
285,
94,
208,
520,
377,
237,
520,
479,
171,
473,
43,
416,
219,
468,
296,
364,
630,
625,
486,
272,
291,
593,
225,
264,
812,
761,
298,
247,
228,
721,
332,
285,
749,
441,
575,
352,
641,
100,
533,
389,
237,
476,
40,
480,
413,
538,
188,
206,
598,
219,
557,
326,
37,
619,
390,
254,
765,
293,
389,
285,
298,
308,
255,
46,
255,
252,
210,
184,
599,
40,
347,
167,
444,
96,
645,
1309,
194,
469,
332,
218,
630,
206,
332,
172,
1301,
300,
354,
267,
1121,
476,
1138,
1134,
1117,
222,
158,
938,
220,
245,
69,
263,
150,
1055,
100,
872,
483,
185,
289,
499,
161,
816,
133,
499,
113,
527,
143,
1142,
1261,
310,
1146,
63,
288,
523,
796,
1137,
78,
497,
488,
42,
1114,
179,
294,
1265,
58,
1213,
1141,
73,
167,
1199,
283,
282,
281,
272,
293,
303,
381,
387,
91,
297,
246,
75,
211,
194,
282,
242,
231,
158,
815,
372,
371,
506,
293,
256,
262,
231,
545,
1166,
310,
421,
186,
186,
1149,
456,
451,
346,
795,
394,
229,
490,
194,
272,
526,
508,
1088,
209,
525,
207,
378,
284,
259,
802,
262,
160,
238,
607,
272,
281,
184,
272,
271,
142,
200,
454,
146,
222,
288,
826,
296,
263,
154,
493,
264,
375,
281,
734,
228,
291,
695,
599,
353,
380,
402,
216,
278,
564,
226,
271,
691,
592,
404,
303,
246,
600,
157,
542,
679,
159,
393,
486,
177,
674,
471,
256,
254,
155,
310,
410,
124,
305,
306,
316,
366,
661,
211,
335,
514,
628,
299,
333,
232,
322,
119,
515,
652,
323,
320,
399,
575,
516,
385,
480,
470,
278,
458,
38,
372,
495,
607,
302,
457,
1062,
367,
283,
542,
464,
298,
86,
242,
525,
659,
454,
285,
260,
616,
957,
221,
484,
730,
1185,
538,
198,
277,
110,
406,
105,
953,
356,
41,
521,
642,
403,
622,
190,
81,
318,
86,
618,
923,
614,
852,
610,
840,
330,
929,
220,
182,
318,
44,
252,
174,
147,
43,
317,
190,
254,
208,
188,
583,
183,
401,
350,
250,
435,
326,
336,
184,
336,
435,
107,
287,
100,
98,
513,
74,
152,
492,
211,
196,
179,
898,
411,
355,
402,
144,
187,
194,
367,
323,
823,
326,
357,
1045,
343,
200,
243,
734,
535,
605,
309,
446,
254,
443,
447,
362,
729,
114,
483,
497,
189,
313,
110,
1597,
436,
296,
325,
272,
213,
349,
921,
775,
232,
528,
539,
191,
560,
356,
368,
283,
227,
159,
277,
306,
726,
353,
256,
190,
560,
490,
279,
329,
116,
491,
117,
638,
432,
247,
428,
569,
527,
209,
297,
595,
323,
356,
284,
250,
270,
545,
389,
254,
565,
304,
572,
473,
516,
371,
156,
635,
160,
173,
1224,
200,
1659,
468,
264,
216,
43,
289,
173,
1178,
328,
546,
739,
220,
139,
470,
1234,
356,
174,
599,
474,
678,
1253,
525,
136,
317,
117,
372,
88,
1296,
598,
1277,
582,
380,
538,
104,
501,
1300,
774,
432,
170,
75,
101,
833,
74,
1229,
73,
70,
767,
328,
1222,
166,
589,
823,
586,
1181,
520,
821,
72,
1238,
540,
322,
320,
438,
328,
312,
160,
311,
127,
273,
232,
259,
236,
455,
281,
503,
235,
213,
116,
40,
168,
183,
514,
303,
43,
40,
477,
455,
235,
616,
506,
282,
607,
462,
341,
371,
335,
327,
470,
365,
417,
493,
355,
46,
583,
391,
167,
321,
443,
363,
640,
166,
637,
381,
440,
47,
786,
750,
320,
185,
422,
647,
484,
614,
626,
311,
1669,
336,
606,
38,
357,
287,
347,
356,
41,
281,
1698,
577,
519,
759,
370,
459,
504,
266,
206,
709,
488,
259,
697,
626,
577,
504,
566,
733,
431,
505,
167,
344,
501,
382,
163,
302,
416,
449,
616,
551,
162,
225,
268,
1722,
674,
581,
241,
351,
670,
454,
376,
315,
309,
458,
583,
327,
660,
388,
629,
606,
492,
656,
224,
349,
157,
428,
198,
650,
541,
307,
482,
806,
94,
316,
567,
670,
134,
628,
103,
82,
1150,
1229,
43,
1313,
431,
213,
283,
300,
80,
65,
1217,
203,
1215,
197,
662,
321,
573,
68,
183,
302,
340,
1735,
490,
339,
75,
252,
247,
471,
265,
177,
227,
320,
264,
307,
253,
116,
205,
235,
115,
245,
386,
313,
117,
272,
728,
365,
191,
117,
217,
374,
496,
261,
331,
189,
37,
544,
339,
290,
181,
884,
329,
160,
150,
346,
647,
145,
396,
218,
572,
324,
134,
365,
365,
306,
383,
460,
248,
364,
343,
713,
179,
360,
333,
390,
43,
448,
245,
388,
174,
566,
276,
572,
354,
357,
339,
322,
119,
270,
623,
648,
243,
572,
312,
368,
171,
292,
834,
396,
1749,
442,
338,
244,
311,
350,
274,
503,
322,
1743,
352,
1748,
238,
815,
346,
424,
544,
244,
535,
216,
410,
40,
282,
566,
999,
168,
539,
136,
755,
464,
535,
730,
253,
147,
194,
210,
1351,
166,
1328,
320,
1343,
454,
372,
1349,
451,
75,
95,
108,
319,
578,
408,
680,
164,
689,
1199,
345,
735,
794,
432,
73,
353,
395,
455,
374,
351,
372,
409,
422,
297,
309,
308,
370,
321,
545,
326,
159,
272,
578,
295,
457,
246,
170,
287,
587,
350,
185,
337,
891,
231,
142,
311,
902,
891,
314,
353,
592,
209,
337,
328,
179,
822,
208,
274,
169,
523,
364,
321,
609,
352,
446,
165,
330,
223,
346,
344,
605,
314,
496,
418,
367,
176,
199,
306,
45,
360,
913,
353,
343,
170,
395,
403,
327,
486,
589,
341,
172,
168,
44,
378,
520,
39,
712,
387,
468,
249,
568,
135,
370,
242,
183,
334,
522,
586,
338,
413,
396,
464,
156,
177,
146,
370,
301,
402,
399,
141,
173,
576,
286,
269,
368,
549,
357,
361,
356,
344,
386,
298,
452,
328,
151,
411,
496,
431,
744,
434,
312,
44,
463,
460,
372,
562,
733,
43,
166,
488,
685,
455,
124,
1188,
539,
381,
1402,
114,
309,
178,
323,
489,
155,
431,
606,
101,
452,
219,
90,
398,
328,
689,
77,
320,
685,
109,
39,
511,
89,
498,
391,
96,
72,
342,
492,
310,
279,
695,
677,
425,
319,
674,
465,
348,
367,
260,
501,
312,
95,
220,
197,
105,
89,
418,
268,
177,
172,
816,
76,
48,
310,
625,
329,
462,
898,
38,
195,
196,
552,
359,
477,
417,
418,
342,
738,
362,
171,
180,
434,
522,
193,
415,
304,
380,
355,
294,
316,
350,
310,
324,
423,
592,
628,
324,
949,
364,
504,
222,
333,
799,
384,
186,
468,
214,
303,
298,
217,
178,
787,
460,
436,
555,
441,
196,
401,
500,
1875,
491,
172,
433,
440,
146,
156,
45,
417,
340,
472,
313,
314,
411,
664,
473,
219,
322,
420,
487,
442,
763,
315,
390,
998,
831,
948,
161,
550,
45,
82,
518,
312,
1243,
395,
505,
1266,
1194,
290,
82,
512,
107,
404,
503,
50,
373,
1523,
255,
48,
355,
241,
47,
771,
611,
45,
562,
433,
572,
709,
448,
429,
560,
444,
272,
151,
535,
125,
235,
157,
897,
727,
222,
744,
801,
817,
204,
690,
893,
648,
176,
184,
802,
44,
483,
597,
377,
193,
449,
37,
689,
371,
205,
315,
444,
366,
164,
358,
207,
398,
387,
665,
492,
333,
298,
595,
473,
209,
377,
357,
213,
541,
177,
465,
669,
482,
232,
523,
868,
1257,
834,
378,
841,
366,
711,
471,
868,
429,
311,
233,
942,
718,
198,
311,
611,
1571,
915,
761,
1034,
301,
663,
41,
1555,
915,
109,
956,
1266,
466,
77,
440,
43,
495,
60,
547,
1205,
337,
309,
319,
234,
302,
426,
426,
46,
220,
274,
50,
178,
213,
596,
799,
76,
626,
291,
78,
184,
112,
124,
1090,
180,
160,
619,
479,
48,
179,
787,
300,
313,
323,
317,
290,
243,
207,
308,
198,
243,
154,
387,
298,
1950,
249,
361,
312,
301,
196,
43,
160,
134,
193,
86,
113,
90,
506,
39,
129,
119,
382,
498,
2047,
1312,
498,
250,
1371,
1681,
470,
2044,
206,
48,
40,
1369,
193,
655,
51,
242,
1465,
648,
1677,
1354,
41,
191,
1285,
428,
82,
1628,
39,
1506,
160,
50,
324,
150,
79,
644,
1484,
149,
45,
79,
43,
178,
207,
175,
75,
330,
299,
269,
109,
175,
828,
609,
866,
836,
217,
141,
386,
375,
698,
317,
809,
1459,
529,
1149,
1588,
42,
1530,
2137,
154,
118,
510,
88,
1238,
41,
461,
1718,
1220,
412,
331,
706,
87,
158,
44,
43,
122,
155,
115,
41,
77,
100,
41,
1101,
742,
178,
1163,
632,
194,
452,
446,
806,
493,
212,
740,
1487,
719,
698,
498,
325,
1006,
646,
602,
836,
1823,
325,
328,
357,
727,
304,
133,
142,
1845,
314,
129,
1240,
395,
304,
1777,
245,
955,
188,
149,
1312,
937,
723,
754,
875,
783,
949,
543,
106,
791,
636,
776,
733,
1162,
832,
756,
706,
769,
766,
1014,
718,
581,
1183,
702,
761,
955,
720,
355,
925,
1339,
349,
98,
534,
1418,
306,
1460,
531,
576,
525,
143,
809,
1312,
953,
136,
1825,
1380,
112,
1250,
1187,
145,
144,
1347,
142,
375,
425,
84,
595,
802,
796,
753,
707,
829,
783,
66,
761,
277,
590,
618,
793,
818,
313,
334,
407,
356,
85,
533,
502,
412,
1896,
497,
1233,
138,
142,
1869,
435,
966,
137,
1326,
372,
1311,
139,
1725,
127,
138,
384,
145,
71,
127,
353,
337,
360,
1718,
116,
1460,
80,
92,
521,
1522,
86,
1501,
359,
357,
397,
424,
334,
433,
368,
558,
557,
544,
405,
490,
91,
457,
133,
1964,
448,
768,
452,
440,
411,
130,
412,
111,
124,
88,
86,
1278,
1031,
1050,
94,
919,
995,
518,
990,
1129,
1545,
1772,
400,
305,
1202,
86,
461,
2093,
308,
266,
391,
503,
477,
1797,
277,
344,
1473,
128,
1237,
1289,
694,
518,
647,
1126,
1579,
650,
87,
508,
83,
650,
1577,
876,
1156,
1148,
1177,
1671,
1390,
1666,
873,
1373,
914,
736,
391,
757,
776,
326,
739,
323,
230,
2177,
198,
697,
672,
332,
603,
184,
169,
585,
86,
91,
378,
1797,
938,
397,
115,
1181,
75,
74,
1447,
547,
90,
80,
78,
800,
1125,
73,
114,
1276,
1467,
122,
1300,
1847,
647,
139,
454,
396,
101,
379,
196,
361,
110,
360,
29,
204,
348,
635,
107,
170,
621,
358,
29,
132,
638,
117,
99,
84,
673,
94,
674,
647,
465,
109,
91,
1095,
618,
83,
75,
613,
77,
328,
79,
892,
1332,
1077,
1201,
1373,
1003,
988,
973,
16,
1206,
1235,
1265,
657,
1294,
784,
1163,
95,
1076,
109,
1427,
1215,
114,
1656,
1592,
77,
127,
118,
115,
109,
1370,
1340,
1403,
1534,
1377,
1398,
1764,
1334,
1734,
1312,
111,
1289,
1713,
1425,
101,
1442,
1219,
1394,
1424,
1273,
1646,
28,
1322,
1353,
1382,
35,
1271,
1286,
1127,
1328,
1380,
1828,
71,
1638,
68,
1321,
1049,
1355,
1332,
1780,
1056,
1340,
1265,
1064,
1038,
1283,
1098,
1086,
1029,
1896,
1281,
1063,
1020,
1179,
1660,
1085,
997,
1360,
808,
983,
948,
987,
113,
1458,
94,
799,
117,
773,
790,
788,
773,
761,
765,
1386,
1389,
1531,
1478,
54,
1078,
112,
731,
726,
1417,
1077,
1394,
1717,
704,
1565,
1506,
1531,
107,
1416,
1440,
704,
1352,
1557,
1333,
1047,
1491,
1330,
1440,
1370,
107,
1704,
1221,
1479,
1359,
1721,
1419,
1404,
1401,
1301,
2893,
1558,
64,
1689,
1436,
1286,
1903,
1622,
1103,
1413,
1454,
1219,
1737,
1414,
1099,
1440,
100,
1375,
1130,
1131,
95,
1028,
2253,
2136,
1633,
2144,
756,
1541,
1093,
141,
116,
136,
84,
92,
2055,
82,
1649,
86,
2599,
2985,
1497,
1776,
931,
92,
923,
1449,
1145,
1513,
1544,
1145,
1532,
1430,
78,
84,
301,
86,
141,
1354,
615,
901,
927,
1176,
763,
1396,
116,
1286,
104,
139,
1123,
1512,
86,
85,
88,
84,
81,
79,
86,
54,
80,
1528,
56,
79,
74,
2413,
1809,
1578,
98,
100,
101,
84,
1680,
75,
110,
78,
739,
1705,
785,
74,
54,
134,
1621,
1204,
1701,
152,
1680,
99,
1074,
1329,
65,
1607,
94,
88,
2070,
1010,
1354,
1617,
2081,
1985,
188,
89,
1287,
1586,
1367,
756,
95,
547,
837,
1093,
1332,
1452,
1328,
91,
1058,
1302,
1080,
1283,
1050,
1017,
1398,
991,
2512,
1416,
1734,
992,
977,
971,
971,
1663,
2438,
1761,
1931,
169,
85,
1057,
89,
1751,
1404,
2243,
2242,
70,
1769,
371,
1340,
581,
1358,
1712,
348,
1393,
2276,
2274,
1190,
2106,
1734,
1746,
72,
815,
1380,
301,
24,
579,
1338,
1386,
816,
846,
34,
84,
1627,
1446,
1195,
1284,
1759,
1729,
1434,
73,
84,
905,
86,
112,
1068,
1993,
868,
1647,
1773,
1809,
1611,
1610,
1109,
85,
1345,
104,
103,
104,
1049,
94,
80,
58,
81,
78,
2722,
50,
42,
1507,
81,
144,
66,
1869,
1691,
1863,
2449,
2015,
96,
1417,
2419,
2283,
1403,
1936,
1501,
806,
92,
1422,
1589,
105,
1557,
1642,
1288,
1992,
1940,
1545,
2068,
1992,
2025,
1952,
1901,
1925,
2037,
1597,
1930,
1999,
94,
1665,
1914,
2415,
2325,
1593,
2433,
1676,
1908,
1584,
1862,
1881,
1685,
1971,
2521,
2002,
1924,
2011,
1868,
1719,
894,
2447,
3545,
2257,
1333,
78,
2023,
2168,
1963,
735,
1939,
2422,
1540,
1537,
2071,
1535,
1533,
2092,
1897,
1531,
1891,
1529,
76,
1385,
1359,
1434,
1623,
2687,
1354,
1521,
38,
73,
337,
1463,
37,
109,
113,
1543,
3179,
1606,
3177,
2365,
1351,
1484,
1030,
1502,
1030,
35,
109,
2384,
147,
707,
2010,
2107,
307,
556,
556,
1927,
548,
32,
103,
1429,
107,
37,
1689,
1691,
1389,
1493,
1512,
2171,
1989,
1929,
1530,
1580,
1452,
1711,
1776,
2089,
1894,
1536,
2008,
60,
573,
1958,
1733,
1765,
1761,
1903,
1583,
1286,
1759,
1803,
2203,
1135,
96,
2232,
2746,
26,
1633,
1662,
689,
1976,
1582,
1509,
1671,
1952,
1581,
129,
99,
2424,
584,
753,
577,
2222,
2103,
539,
2238,
2918,
2313,
1978,
2048,
82,
2617,
97,
2505,
2357,
105,
870,
344,
96,
2139,
861,
2057,
209,
1629,
102,
55,
1629,
96,
2189,
2067,
2550,
2603,
2172,
1621,
1612,
1611,
795,
98,
1796,
1865,
1793,
75,
1606,
76,
2129,
2399,
75,
2503,
2121,
2342,
46,
1767,
40,
2239,
2686,
3197,
112,
519,
2367,
1673,
117,
226,
2766,
219,
2360,
1725,
1153,
1295,
72,
247,
2271,
931,
110,
99,
2930,
89,
97,
49,
2119,
1550,
1587,
2118,
2830,
1963,
2210,
1215,
947,
2302,
2350,
3462,
2222,
1064,
1171,
1064,
1506,
2318,
2229,
1753,
1764,
1244,
1966,
2323,
2266,
2286,
2190,
1476,
640,
1056,
2286,
1137,
1352,
79,
2292,
96,
1890,
3046,
3033,
1812,
1327,
2258,
1113,
2169,
1006,
1634,
126,
28,
30,
30,
1719,
93,
1974,
2410,
1125,
78,
2247,
111,
1828,
1132,
450,
2106,
2129,
1289,
2023,
81,
1542,
1239,
2053,
444,
30,
3328,
2619,
2367,
33,
84,
1859,
77,
85,
38,
89,
82,
74,
2091,
56,
2526,
2080,
3380,
2746,
3411,
1902,
747,
2296,
676,
2057,
2761,
2196,
2205,
73,
108,
126,
81,
88,
2619,
2642,
2546,
2572,
294,
2374,
2584,
340,
1969,
2497,
2537,
108,
2518,
99,
2428,
92,
1796,
2577,
1890,
2596,
116,
2254,
2243,
114,
2196,
1288,
2181,
1448,
1408,
1385,
1510,
2599,
1275,
1803,
1440,
1426,
1462,
2038,
2052,
1412,
1401,
80,
299,
1541,
1203,
2309,
3253,
3163,
106,
129,
1194,
119,
1237,
2929,
2437,
100,
36,
1058,
31,
2712,
1026,
2182,
1022,
1289,
2165,
1020,
1738,
2951,
1297,
61,
2539,
1025,
1018,
1005,
2586,
97,
3101,
2515,
2502,
2591,
2553,
2630,
2595,
1494,
1473,
31,
28,
2525,
96,
101,
125,
1924,
1873,
3029,
1060,
2503,
49,
2760,
1017,
1055,
2679,
2375,
2380,
978,
2613,
1010,
968,
3038,
2617,
2783,
105,
2625,
82,
116,
80,
70,
53,
3866,
69,
47,
98,
1579,
2923,
2774,
1038,
2770,
2774,
3083,
2207,
120,
126,
119,
52,
119,
1028,
163,
2496,
994,
59,
931,
2502,
926,
2887,
918,
2844,
905,
70,
94,
96,
68,
409,
2918,
653,
90,
95,
2787,
475,
52,
822,
2834,
104,
2212,
2373,
2311,
2774,
87,
105,
2507,
3054,
2799,
87,
131,
2516,
2972,
2329,
2900,
813,
2770,
926,
922,
2087,
907,
2776,
2319,
2271,
2802,
992,
82,
2928,
301,
1078,
3656,
167,
2630,
2856,
2605,
2931,
3628,
1893,
3005,
46,
301,
56,
2793,
54,
2522,
93,
1388,
1386,
2663,
1361,
68,
1265,
1812,
2582,
115,
123,
101,
3132,
1794,
970,
2737,
101,
2774,
855,
75,
1691,
56,
2329,
88,
3386,
301,
3056,
3417,
2033,
68,
2566,
2664,
2652,
1709,
2814,
1709,
1900,
230,
449,
3421,
2880,
2481,
2943,
3118,
3423,
2829,
2809,
105,
3539,
1407,
86,
110,
1408,
99,
92,
1388,
130,
1342,
120,
1300,
98,
96,
60,
1283,
88,
2038,
2486,
3294,
4163,
3230,
3178,
35,
97,
2907,
2970,
35,
2867,
2855,
2849,
57,
3087,
3434,
40,
118,
2799,
2818,
67,
2353,
2789,
90,
1252,
80,
85,
1228,
1218,
3200,
1215,
1179,
2291,
78,
110,
3166,
1159,
127,
118,
1155,
104,
92,
3128,
3152,
2581,
2096,
2660,
79,
87,
3089,
2809,
1750,
1832,
1843,
1976,
3657,
3148,
2798,
58,
94,
2901,
3200,
2356,
2019,
1180,
2792,
2929,
3132,
3071,
2336,
1894,
1979,
301,
1953,
1985,
4341,
1811,
2046,
2660,
2555,
851,
859,
2035,
92,
3959,
107,
1981,
1907,
1907,
2903,
301,
3491,
127,
116,
125,
48,
2385,
131,
2417,
91,
3248,
154,
48,
32,
3169,
112,
54,
2096,
93,
2278,
90,
41,
1288,
2618,
2062,
2449,
1074,
2669,
76,
1368,
2809,
3130,
1997,
2735,
93,
1993,
2725,
2985,
301,
3087,
97,
83,
93,
122,
3656,
119,
110,
83,
91,
997,
3028,
1712,
3271,
3319,
3285,
3217,
3255,
161,
1725,
3216,
3278,
3354,
72,
3367,
2532,
3710,
4293,
2578,
916,
2786,
4867,
3782,
2280,
3570,
201,
3803,
3382,
3450,
3211,
3323,
3641,
3295,
3231,
3537,
3329,
80,
3240,
3297,
3338,
3085,
2842,
3230,
1350,
3249,
3209,
58,
3221,
3018,
1320,
3192,
1676,
2311,
1314,
1275,
77,
3511,
3674,
1248,
4448,
91,
3218,
3181,
2067,
3402,
3365,
3325,
270,
3370,
3323,
301,
3081,
3189,
1831,
3471,
3275,
3978,
3162,
3318,
3970,
3358,
3959,
3215,
2490,
3842,
3214,
3479,
3427,
3371,
1139,
3255,
3264,
3253,
3370,
3851,
102,
3100,
3365,
90,
3236,
99,
3724,
3101,
3706,
3122,
2930,
3215,
3093,
3114,
2774,
3278,
2885,
1118,
2840,
3208,
3250,
3096,
76,
2868,
69,
63,
122,
3231,
3213,
2431,
3210,
96,
1368,
1363,
4997,
3494,
966,
2167,
397,
1206,
1509,
124,
74,
301,
1499,
1883,
3787,
75,
1280,
1486,
1480,
1076,
939,
861,
3178,
3048,
4211,
3262,
2433,
2996,
953,
861,
3340,
3284,
2830,
2976,
3294,
183,
2915,
2929,
3368,
160,
3095,
3345,
3222,
400,
2903,
2847,
2837,
2895,
3360,
4483,
2223,
2774,
3030,
3014,
2406,
3302,
2404,
2483,
2049,
3014,
3050,
3283,
3923,
110,
2167,
100,
50,
181,
111,
111,
3331,
3469,
3313,
2434,
974,
3740,
1515,
3642,
2020,
3407,
3255,
116,
3202,
3480,
3195,
2848,
3814,
34,
3203,
3370,
2996,
2900,
1934,
2938,
3714,
2943,
2952,
3338,
2989,
2512,
2951,
3593,
3201,
4738,
2946,
3748,
2907,
3253,
2872,
1650,
3296,
2944,
75,
93,
1700,
3220,
2502,
2555,
3039,
3856,
3044,
3216,
80,
1529,
2964,
3744,
2520,
1871,
2984,
3665,
816,
3417,
2459,
1621,
114,
93,
3085,
77,
3070,
3061,
3834,
3677,
4011,
3873,
74,
84,
3013,
2975,
3927,
825,
1984,
4765,
2471,
185,
77,
2187,
179,
3267,
85,
3340,
4716,
3319,
3372,
3481,
4038,
200,
1124,
252,
3389,
3588,
3348,
3584,
185,
3660,
3748,
3787,
2402,
3496,
1131,
3501,
2399,
3692,
3603,
471,
3512,
3343,
3865,
3649,
2953,
3471,
2975,
3263,
3029,
3367,
3718,
3571,
3851,
3452,
3413,
3403,
2383,
3534,
3878,
1144,
4020,
643,
2421,
3779,
3499,
3715,
120,
1223,
3561,
3397,
3428,
82,
1386,
3113,
3833,
3556,
3692,
492,
2843,
2681,
75,
484,
111,
3088,
106,
491,
82,
331,
2193,
2414,
1707,
2819,
1095,
3120,
3380,
4802,
2265,
1135,
2363,
693,
1580,
2272,
4224,
4674,
107,
4016,
4386,
3881,
3860,
3841,
1042,
3637,
1281,
2436,
2506,
3899,
3985,
396,
105,
670,
1717,
455,
1719,
115,
1717,
1715,
1628,
92,
456,
1716,
3581,
402,
114,
112,
1640,
132,
1102,
105,
96,
1097,
1044,
1603,
576,
1289,
78,
691,
690,
2167,
76,
49,
1142,
2034,
4099,
1687,
1677,
862,
562,
523,
550,
1652,
3252,
2542,
621,
4161,
3579,
548,
768,
3990,
1661,
125,
115,
136,
695,
113,
1121,
3533,
109,
1124,
1121,
1124,
1116,
1778,
3228,
1052,
132,
1052,
36,
32,
5011,
33,
1130,
3981,
32,
324,
3714,
67,
3425,
3534,
645,
5080,
3772,
3808,
900,
5486,
3222,
1617,
95,
1746,
1303,
79,
4728,
3704,
4336,
4235,
1889,
1834,
1795,
3809,
1276,
125,
84,
414,
83,
4131,
79,
3380,
3227,
3621,
523,
3471,
711,
3116,
3654,
80,
3469,
2951,
89,
4529,
611,
366,
364,
3592,
3785,
363,
3833,
2889,
2562,
3367,
3700,
3677,
3636,
2938,
3681,
3730,
3636,
3539,
3292,
2825,
3746,
3365,
88,
461,
2763,
2754,
3373,
3650,
1401,
2717,
3360,
36,
1949,
2766,
3367,
1060,
3569,
2758,
3422,
1046,
3652,
3502,
2445,
2405,
3496,
4973,
3387,
3379,
3608,
70,
3633,
1833,
3439,
3825,
3478,
75,
3854,
492,
81,
109,
309,
2676,
110,
3823,
81,
3404,
3678,
3381,
3421,
4006,
2985,
81,
1553,
3408,
3386,
4080,
3427,
3690,
1323,
3216,
3774,
616,
126,
3548,
2694,
3621,
85,
3813,
3770,
2505,
3623,
3706,
3385,
4165,
1587,
3739,
3440,
3477,
2204,
3554,
3852,
3837,
3346,
3873,
3602,
3651,
2023,
3758,
3803,
1236,
3666,
3505,
74,
4071,
3739,
3302,
4140,
3431,
3756,
2138,
5079,
3772,
3837,
2856,
3677,
4129,
3438,
3572,
3409,
147,
3835,
3778,
111,
4236,
3982,
3891,
3924,
2129,
3761,
3438,
3418,
3744,
4191,
832,
111,
2855,
3432,
3881,
3424,
3712,
3746,
2855,
2587,
91,
4244,
2855,
3946,
5237,
3451,
2160,
2148,
4065,
4081,
4026,
3945,
99,
4056,
3423,
3939,
84,
4079,
1489,
2079,
578,
2719,
132,
525,
442,
95,
1300,
2175,
3479,
3434,
526,
469,
3440,
446,
3181,
3348,
3573,
3472,
75,
3116,
3192,
3775,
3401,
3176,
928,
1363,
3555,
3789,
3078,
3817,
3061,
3927,
3393,
3901,
4023,
3207,
3895,
3853,
1032,
2889,
2723,
81,
3613,
2846,
178,
3352,
3806,
2894,
2565,
1502,
3866,
3806,
3453,
2848,
2893,
3446,
3453,
1539,
564,
4970,
2849,
4139,
5525,
168,
3547,
3315,
4049,
3825,
4028,
174,
3576,
3851,
2645,
2178,
164,
4035,
4017,
4138,
3466,
4098,
4008,
2853,
3526,
3486,
4062,
3916,
2858,
699,
2904,
3491,
276,
4117,
177,
2236,
3908,
4103,
2949,
4116,
3485,
3476,
626,
3506,
3473,
1446,
1392,
110,
1088,
82,
5356,
3867,
3057,
637,
83,
129,
88,
1111,
27,
4978,
2872,
3736,
3191,
522,
514,
513,
3949,
525,
515,
505,
3731,
264,
3283,
3839,
2755,
3120,
3758,
3546,
519,
653,
3781,
3546,
3853,
3488,
4033,
1312,
287,
2630,
4021,
4094,
3726,
3788,
3178,
2817,
3937,
3910,
4155,
4161,
3936,
4166,
3681,
4155,
3852,
4150,
4154,
3246,
4149,
3947,
1980,
3811,
36,
3821,
4179,
2325,
2233,
4162,
4088,
3701,
4109,
4153,
2366,
3225,
1611,
1371,
1714,
2323,
3830,
4145,
4148,
3210,
4140,
4059,
3939,
1594,
3777,
618,
2237,
4098,
5725,
3208,
585,
4129,
82,
454,
84,
459,
75,
585,
5744,
97,
585,
583,
639,
463,
578,
3124,
111,
1582,
3123,
77,
1317,
102,
3601,
104,
5369,
171,
106,
4802,
1628,
169,
165,
2263,
657,
2353,
2696,
1653,
3598,
3297,
3590,
2233,
2895,
3679,
857,
855,
2617,
2928,
3614,
95,
2715,
2617,
94,
4691,
3610,
2715,
3993,
2576,
2601,
4044,
90,
3754,
2561,
378,
1662,
3983,
845,
2737,
3726,
80,
3886,
3709,
2711,
1864,
3998,
3490,
4186,
811,
3788,
3656,
3811,
3948,
3092,
3849,
3720,
2844,
4161,
2309,
3680,
4151,
1865,
2267,
1410,
3061,
112,
3025,
3734,
94,
4407,
822,
3179,
5042,
3346,
1613,
3036,
2398,
3093,
4001,
1098,
2822,
3027,
1665,
3047,
2684,
3728,
3093,
2228,
1429,
1690,
3384,
2758,
3024,
3681,
2338,
1006,
2700,
2276,
1748,
3827,
120,
1691,
2692,
3099,
2184,
1079,
3043,
117,
2254,
1747,
71,
1017,
129,
251,
1750,
120,
100,
1749,
75,
1745,
253,
251,
250,
264,
215,
4918,
3244,
876,
715,
2114,
5341,
3393,
1712,
745,
2688,
3421,
879,
3681,
861,
822,
831,
857,
754,
2952,
2751,
4410,
5418,
4866,
427,
4959,
3775,
1586,
4178,
4194,
4593,
4167,
3171,
1992,
4275,
770,
4229,
2816,
3744,
820,
3976,
3845,
4066,
4026,
4236,
943,
3988,
1962,
4418,
868,
943,
4118,
339,
4067,
3080,
3999,
3966,
4964,
2475,
325,
5052,
4428,
1534,
5561,
4312,
114,
110,
108,
4145,
53,
100,
4825,
3164,
100,
97,
