41,
38,
32,
34,
46,
40,
45,
42,
41,
74,
68,
72,
75,
34,
42,
90,
92,
98,
103,
36,
108,
43,
100,
34,
37,
119,
112,
37,
107,
126,
114,
36,
30,
136,
125,
94,
120,
91,
107,
89,
85,
114,
111,
86,
99,
38,
34,
119,
32,
136,
150,
35,
158,
145,
142,
124,
34,
120,
45,
149,
150,
115,
147,
152,
154,
115,
138,
140,
139,
153,
69,
58,
131,
173,
147,
119,
119,
117,
155,
139,
99,
105,
149,
120,
106,
43,
109,
37,
140,
150,
125,
153,
157,
172,
111,
118,
166,
170,
164,
99,
144,
172,
107,
170,
83,
144,
79,
104,
145,
168,
190,
64,
186,
129,
167,
182,
172,
202,
197,
194,
182,
102,
86,
183,
43,
142,
212,
42,
131,
141,
139,
131,
79,
129,
169,
141,
74,
43,
227,
184,
145,
81,
79,
146,
74,
125,
153,
137,
171,
46,
120,
128,
166,
134,
138,
122,
130,
184,
146,
140,
122,
179,
191,
106,
122,
120,
102,
199,
114,
136,
234,
191,
172,
119,
152,
50,
214,
166,
159,
189,
110,
61,
162,
170,
93,
67,
152,
95,
95,
249,
77,
200,
244,
242,
139,
231,
86,
40,
95,
259,
186,
261,
121,
217,
115,
166,
244,
235,
268,
50,
267,
229,
42,
173,
223,
213,
75,
203,
110,
182,
142,
169,
232,
179,
237,
123,
121,
233,
161,
200,
167,
225,
39,
199,
194,
167,
123,
40,
288,
174,
229,
128,
39,
198,
178,
111,
122,
85,
185,
199,
85,
200,
172,
212,
112,
93,
176,
193,
190,
112,
49,
208,
112,
179,
174,
183,
161,
137,
108,
193,
194,
171,
104,
150,
238,
226,
150,
39,
166,
284,
293,
209,
123,
190,
168,
270,
144,
218,
103,
118,
138,
309,
141,
88,
278,
88,
301,
108,
164,
136,
93,
179,
130,
250,
134,
194,
240,
81,
325,
185,
118,
115,
175,
172,
202,
208,
290,
147,
188,
226,
129,
241,
310,
130,
231,
38,
203,
221,
236,
265,
153,
304,
107,
313,
236,
145,
145,
196,
155,
199,
100,
150,
157,
156,
224,
99,
156,
170,
188,
132,
81,
176,
209,
209,
159,
56,
219,
135,
130,
128,
162,
243,
121,
331,
123,
44,
115,
109,
218,
222,
144,
229,
233,
163,
155,
213,
45,
191,
178,
131,
160,
157,
159,
141,
155,
124,
139,
140,
179,
262,
129,
213,
244,
161,
152,
239,
176,
183,
129,
250,
220,
185,
92,
177,
129,
362,
327,
337,
229,
119,
39,
319,
238,
309,
138,
119,
53,
206,
43,
138,
118,
162,
350,
247,
162,
112,
146,
118,
288,
87,
339,
41,
346,
101,
266,
107,
145,
239,
364,
307,
134,
137,
282,
94,
303,
88,
143,
287,
86,
88,
112,
84,
253,
287,
204,
126,
109,
172,
109,
343,
162,
77,
259,
343,
275,
76,
247,
273,
137,
126,
275,
175,
280,
272,
115,
283,
33,
267,
105,
170,
229,
341,
111,
233,
263,
344,
357,
305,
268,
331,
166,
324,
287,
206,
344,
301,
162,
257,
39,
145,
43,
38,
150,
338,
325,
305,
311,
291,
165,
152,
268,
39,
331,
163,
237,
144,
295,
196,
323,
260,
122,
136,
186,
399,
172,
413,
110,
229,
142,
273,
367,
222,
270,
301,
137,
147,
225,
176,
109,
167,
274,
293,
288,
200,
267,
100,
294,
192,
391,
278,
43,
223,
53,
236,
418,
271,
272,
288,
280,
337,
207,
330,
256,
233,
209,
263,
205,
207,
157,
285,
175,
217,
116,
47,
245,
251,
196,
52,
383,
224,
193,
158,
364,
214,
117,
157,
119,
265,
402,
173,
387,
266,
244,
266,
192,
391,
338,
98,
97,
381,
35,
53,
424,
54,
150,
250,
246,
375,
272,
169,
176,
272,
325,
277,
258,
170,
39,
177,
387,
248,
171,
336,
386,
213,
313,
200,
46,
131,
283,
421,
200,
229,
247,
100,
174,
380,
204,
169,
58,
335,
335,
332,
191,
357,
274,
224,
168,
139,
119,
192,
225,
339,
196,
112,
208,
273,
230,
157,
355,
319,
181,
169,
317,
156,
268,
55,
181,
142,
241,
314,
106,
235,
204,
304,
216,
302,
283,
229,
144,
253,
493,
253,
402,
48,
274,
222,
280,
236,
261,
263,
140,
196,
280,
291,
260,
205,
246,
264,
125,
208,
134,
231,
144,
124,
124,
192,
198,
301,
98,
256,
124,
164,
246,
221,
193,
84,
218,
198,
217,
232,
74,
143,
181,
138,
106,
130,
195,
195,
161,
243,
66,
173,
113,
66,
138,
87,
287,
40,
65,
420,
375,
102,
293,
158,
305,
78,
240,
153,
259,
276,
245,
271,
196,
154,
135,
109,
141,
388,
86,
134,
222,
151,
148,
126,
226,
84,
40,
118,
145,
257,
395,
214,
160,
317,
184,
105,
143,
142,
161,
142,
439,
324,
411,
258,
105,
362,
309,
451,
95,
286,
71,
333,
195,
176,
240,
39,
226,
133,
162,
197,
289,
172,
219,
183,
171,
288,
172,
236,
270,
128,
159,
95,
262,
359,
157,
260,
39,
88,
165,
324,
106,
155,
190,
93,
259,
164,
192,
375,
88,
120,
172,
106,
288,
219,
306,
89,
244,
229,
88,
467,
334,
292,
240,
166,
200,
235,
397,
86,
294,
246,
239,
248,
262,
315,
106,
467,
220,
268,
159,
202,
108,
193,
42,
139,
190,
81,
395,
177,
106,
131,
48,
296,
213,
474,
466,
83,
317,
366,
458,
142,
235,
240,
290,
170,
63,
350,
55,
372,
274,
284,
276,
112,
101,
266,
316,
106,
41,
104,
254,
155,
161,
310,
212,
101,
285,
108,
41,
286,
355,
434,
304,
207,
416,
196,
296,
193,
320,
87,
355,
44,
382,
386,
253,
456,
43,
306,
191,
477,
36,
79,
233,
213,
87,
452,
156,
103,
220,
266,
253,
38,
351,
203,
271,
358,
166,
270,
233,
281,
317,
234,
404,
136,
263,
234,
231,
284,
471,
266,
214,
268,
211,
281,
250,
91,
349,
272,
105,
285,
76,
329,
145,
259,
91,
297,
203,
220,
137,
89,
175,
127,
121,
118,
76,
190,
504,
193,
467,
135,
174,
159,
138,
191,
346,
211,
116,
204,
228,
203,
133,
218,
178,
227,
222,
225,
226,
229,
190,
187,
217,
225,
196,
145,
184,
206,
205,
288,
189,
180,
239,
264,
87,
219,
238,
171,
218,
245,
217,
256,
72,
311,
54,
202,
38,
109,
230,
326,
285,
139,
138,
110,
179,
490,
94,
201,
205,
168,
280,
213,
494,
203,
284,
522,
211,
464,
149,
155,
497,
127,
374,
133,
252,
329,
369,
107,
185,
137,
207,
501,
84,
230,
466,
89,
488,
334,
291,
285,
303,
102,
272,
308,
112,
263,
92,
274,
306,
234,
118,
201,
45,
362,
169,
371,
266,
131,
239,
296,
281,
96,
205,
328,
270,
214,
237,
465,
211,
170,
171,
196,
182,
96,
284,
57,
127,
269,
263,
471,
237,
39,
170,
160,
117,
169,
93,
243,
526,
166,
250,
158,
292,
494,
151,
247,
269,
236,
111,
252,
487,
496,
283,
265,
112,
223,
361,
261,
93,
160,
84,
191,
238,
481,
251,
291,
265,
319,
229,
208,
162,
91,
240,
267,
224,
88,
238,
339,
488,
157,
225,
193,
148,
272,
160,
243,
150,
238,
46,
131,
252,
208,
236,
258,
192,
355,
39,
207,
240,
206,
248,
183,
146,
185,
121,
201,
210,
222,
227,
210,
178,
347,
122,
128,
66,
140,
219,
58,
155,
306,
284,
37,
41,
345,
167,
109,
125,
77,
178,
302,
118,
375,
105,
241,
110,
41,
426,
202,
466,
169,
118,
490,
95,
195,
317,
155,
208,
84,
56,
130,
102,
123,
267,
535,
486,
227,
235,
265,
277,
78,
546,
119,
502,
172,
319,
316,
508,
256,
225,
478,
250,
150,
243,
158,
103,
165,
45,
91,
149,
281,
138,
174,
407,
127,
232,
401,
128,
277,
100,
188,
306,
192,
232,
47,
186,
437,
181,
257,
178,
90,
438,
209,
286,
426,
199,
74,
294,
262,
295,
185,
332,
441,
267,
303,
326,
203,
318,
201,
273,
207,
128,
200,
249,
191,
191,
357,
311,
387,
187,
142,
181,
197,
39,
127,
333,
118,
153,
286,
127,
82,
348,
296,
123,
109,
328,
304,
70,
180,
292,
255,
271,
306,
317,
274,
252,
265,
349,
245,
99,
284,
300,
258,
156,
269,
194,
245,
88,
295,
334,
126,
336,
283,
253,
476,
301,
185,
260,
270,
301,
176,
228,
100,
322,
246,
44,
300,
375,
244,
64,
335,
322,
253,
81,
143,
78,
266,
206,
36,
192,
178,
275,
196,
235,
358,
93,
379,
235,
200,
327,
144,
84,
312,
230,
146,
286,
310,
290,
407,
39,
182,
220,
260,
374,
365,
319,
268,
394,
266,
338,
305,
166,
392,
336,
142,
318,
141,
325,
254,
295,
70,
385,
226,
253,
115,
312,
204,
146,
554,
357,
409,
133,
370,
368,
353,
574,
309,
599,
261,
259,
239,
344,
276,
365,
251,
45,
262,
89,
254,
327,
181,
207,
353,
431,
67,
547,
430,
91,
45,
309,
257,
99,
216,
250,
169,
310,
319,
212,
192,
148,
216,
226,
281,
353,
330,
207,
363,
249,
240,
195,
276,
179,
301,
230,
155,
548,
345,
291,
224,
392,
238,
221,
195,
181,
233,
231,
109,
202,
191,
620,
106,
618,
185,
110,
43,
171,
253,
206,
262,
63,
179,
169,
196,
293,
181,
266,
205,
51,
37,
225,
137,
164,
178,
171,
247,
201,
135,
122,
200,
163,
37,
310,
122,
297,
224,
126,
361,
117,
302,
236,
214,
299,
271,
121,
233,
244,
89,
62,
263,
309,
296,
252,
260,
177,
262,
120,
270,
257,
317,
268,
132,
189,
404,
187,
144,
125,
502,
414,
198,
153,
197,
187,
182,
173,
311,
164,
212,
216,
466,
234,
163,
364,
161,
136,
376,
242,
43,
296,
260,
180,
635,
406,
207,
332,
179,
161,
242,
349,
192,
195,
347,
249,
142,
248,
324,
256,
290,
202,
210,
330,
238,
263,
232,
67,
167,
145,
305,
355,
45,
426,
210,
142,
290,
274,
416,
96,
45,
408,
279,
299,
679,
294,
287,
279,
415,
388,
332,
238,
195,
288,
305,
177,
288,
216,
149,
131,
708,
97,
712,
242,
46,
422,
383,
271,
137,
390,
43,
681,
574,
407,
238,
422,
410,
136,
371,
211,
356,
632,
418,
246,
180,
74,
124,
307,
134,
155,
152,
153,
98,
136,
150,
273,
247,
277,
151,
739,
149,
232,
138,
215,
382,
148,
369,
147,
332,
268,
705,
246,
82,
223,
253,
437,
438,
177,
369,
239,
186,
414,
129,
339,
255,
64,
280,
110,
391,
220,
180,
377,
235,
235,
114,
223,
271,
211,
70,
180,
320,
239,
214,
391,
46,
214,
351,
355,
337,
146,
444,
111,
314,
419,
146,
156,
105,
93,
352,
127,
240,
249,
202,
328,
192,
199,
239,
289,
374,
728,
336,
299,
247,
307,
109,
41,
763,
272,
429,
324,
422,
571,
229,
247,
115,
681,
45,
474,
345,
229,
107,
253,
669,
322,
77,
220,
284,
246,
157,
310,
252,
150,
337,
375,
342,
75,
298,
265,
230,
115,
189,
157,
43,
194,
161,
126,
323,
300,
257,
187,
224,
209,
240,
352,
312,
130,
236,
275,
140,
138,
320,
132,
422,
334,
288,
121,
812,
113,
296,
209,
305,
107,
203,
262,
178,
679,
352,
227,
238,
42,
675,
211,
250,
285,
39,
697,
436,
262,
256,
259,
169,
641,
280,
683,
36,
157,
519,
688,
45,
228,
788,
389,
44,
101,
91,
213,
348,
689,
189,
220,
773,
165,
689,
38,
687,
226,
164,
491,
45,
106,
267,
385,
740,
88,
216,
254,
180,
252,
69,
258,
291,
253,
216,
247,
298,
252,
296,
161,
232,
109,
288,
40,
115,
237,
255,
96,
712,
36,
172,
121,
351,
259,
287,
287,
262,
324,
109,
775,
274,
271,
348,
145,
257,
742,
285,
317,
144,
409,
251,
282,
105,
84,
366,
218,
284,
223,
308,
112,
713,
104,
83,
265,
41,
148,
264,
138,
197,
82,
268,
264,
252,
238,
81,
262,
81,
261,
292,
77,
327,
347,
54,
315,
390,
215,
288,
81,
415,
110,
338,
234,
159,
83,
103,
291,
258,
252,
386,
742,
246,
524,
219,
270,
164,
202,
191,
328,
340,
210,
86,
42,
128,
240,
537,
722,
451,
218,
41,
118,
82,
325,
718,
212,
339,
184,
374,
188,
113,
257,
420,
86,
78,
144,
213,
274,
167,
436,
72,
655,
130,
82,
251,
209,
257,
268,
180,
72,
755,
222,
190,
295,
317,
79,
212,
72,
141,
303,
228,
286,
217,
280,
43,
281,
80,
322,
246,
42,
280,
265,
39,
163,
248,
156,
322,
72,
274,
177,
318,
264,
39,
188,
173,
211,
206,
221,
325,
216,
227,
778,
256,
579,
259,
254,
731,
78,
260,
271,
262,
80,
257,
257,
351,
252,
267,
360,
70,
597,
217,
298,
256,
46,
242,
364,
76,
63,
196,
308,
196,
207,
404,
292,
163,
321,
260,
402,
43,
345,
204,
273,
358,
650,
270,
321,
98,
196,
267,
54,
225,
298,
169,
50,
203,
128,
40,
325,
212,
193,
270,
308,
381,
288,
80,
270,
267,
276,
322,
383,
120,
69,
344,
324,
45,
210,
332,
184,
311,
261,
146,
336,
162,
253,
265,
193,
147,
243,
294,
323,
156,
212,
783,
222,
141,
281,
828,
288,
275,
312,
197,
263,
304,
55,
353,
191,
47,
602,
279,
301,
215,
334,
331,
259,
148,
46,
336,
332,
341,
819,
320,
273,
219,
382,
329,
827,
372,
265,
388,
373,
296,
347,
636,
830,
506,
88,
215,
285,
215,
149,
165,
418,
163,
135,
181,
111,
133,
154,
218,
41,
177,
310,
162,
291,
823,
291,
865,
836,
151,
331,
308,
291,
165,
288,
44,
202,
245,
256,
277,
626,
210,
311,
372,
299,
272,
265,
276,
216,
216,
129,
325,
229,
145,
119,
143,
153,
512,
185,
344,
376,
384,
119,
100,
196,
40,
308,
139,
283,
760,
122,
155,
650,
152,
99,
135,
808,
158,
119,
769,
166,
206,
119,
116,
246,
162,
346,
167,
115,
812,
53,
293,
334,
278,
552,
383,
95,
295,
213,
126,
93,
222,
342,
209,
222,
283,
234,
198,
116,
227,
258,
278,
639,
113,
44,
192,
206,
288,
181,
263,
650,
213,
114,
601,
277,
112,
44,
228,
207,
188,
125,
141,
176,
170,
123,
279,
101,
289,
150,
265,
104,
129,
125,
133,
312,
249,
38,
295,
133,
135,
272,
40,
121,
291,
144,
57,
46,
379,
121,
106,
118,
102,
212,
100,
319,
341,
156,
335,
98,
226,
219,
351,
95,
187,
42,
86,
95,
443,
39,
55,
69,
381,
352,
165,
39,
106,
335,
359,
318,
353,
255,
402,
234,
277,
328,
341,
166,
354,
506,
281,
276,
74,
328,
362,
146,
500,
318,
265,
116,
331,
316,
323,
895,
225,
376,
496,
298,
330,
279,
287,
482,
271,
238,
909,
41,
205,
696,
257,
312,
180,
277,
286,
307,
276,
306,
141,
120,
193,
73,
542,
417,
47,
416,
277,
67,
787,
158,
918,
135,
76,
84,
114,
393,
159,
178,
908,
309,
233,
347,
156,
127,
305,
803,
187,
432,
138,
348,
388,
166,
800,
249,
155,
72,
141,
154,
286,
297,
142,
148,
272,
302,
92,
283,
307,
293,
783,
287,
218,
70,
99,
800,
297,
345,
283,
447,
287,
478,
282,
261,
265,
287,
262,
120,
318,
542,
81,
70,
264,
258,
165,
41,
262,
259,
70,
151,
440,
299,
69,
138,
912,
150,
258,
412,
68,
90,
179,
47,
439,
356,
62,
212,
228,
213,
83,
115,
333,
325,
448,
883,
63,
207,
410,
689,
282,
245,
224,
251,
320,
304,
223,
92,
403,
74,
51,
205,
141,
446,
152,
663,
69,
71,
69,
453,
87,
475,
357,
326,
197,
390,
283,
694,
282,
229,
259,
421,
471,
323,
428,
306,
319,
196,
359,
388,
42,
256,
359,
239,
279,
309,
246,
244,
300,
114,
359,
265,
339,
160,
110,
145,
276,
275,
114,
200,
148,
423,
139,
134,
132,
319,
294,
261,
123,
247,
344,
401,
282,
255,
332,
185,
259,
275,
277,
107,
334,
42,
161,
187,
41,
127,
116,
252,
112,
172,
80,
353,
174,
101,
195,
241,
257,
416,
401,
317,
188,
121,
101,
183,
192,
156,
79,
437,
232,
176,
138,
155,
394,
124,
304,
181,
371,
282,
354,
303,
374,
466,
298,
274,
445,
324,
238,
178,
99,
177,
48,
473,
149,
162,
325,
327,
244,
359,
91,
362,
346,
89,
632,
324,
219,
236,
255,
540,
451,
316,
380,
38,
255,
470,
346,
38,
126,
142,
323,
402,
357,
622,
124,
415,
311,
117,
423,
135,
41,
213,
354,
246,
412,
170,
1028,
94,
276,
489,
231,
393,
59,
221,
115,
820,
431,
263,
89,
114,
118,
251,
124,
798,
478,
470,
231,
583,
548,
206,
609,
405,
126,
101,
121,
353,
234,
476,
91,
140,
430,
428,
197,
326,
145,
714,
402,
159,
173,
1017,
41,
288,
171,
194,
357,
90,
39,
216,
284,
212,
152,
351,
386,
388,
234,
185,
212,
196,
216,
179,
268,
297,
137,
340,
343,
219,
153,
130,
327,
451,
877,
96,
168,
155,
573,
759,
255,
195,
394,
205,
543,
253,
317,
542,
1085,
150,
292,
802,
199,
447,
319,
353,
227,
301,
296,
443,
315,
279,
253,
241,
238,
213,
436,
147,
80,
1086,
360,
268,
1042,
254,
246,
124,
188,
273,
515,
522,
818,
150,
171,
41,
283,
376,
187,
273,
296,
332,
55,
298,
181,
1065,
247,
196,
163,
140,
54,
930,
412,
899,
42,
196,
156,
922,
156,
311,
363,
216,
70,
578,
342,
128,
39,
503,
341,
437,
512,
418,
219,
311,
622,
488,
225,
469,
283,
514,
138,
295,
48,
155,
314,
378,
192,
352,
248,
260,
140,
369,
250,
187,
469,
236,
221,
385,
351,
334,
203,
226,
137,
40,
47,
227,
150,
185,
244,
59,
857,
205,
107,
222,
244,
263,
175,
272,
908,
373,
372,
295,
1042,
45,
188,
355,
187,
277,
675,
193,
531,
188,
92,
352,
1001,
152,
308,
38,
205,
268,
231,
255,
281,
245,
233,
1096,
149,
1094,
83,
1137,
363,
359,
390,
200,
346,
275,
396,
220,
207,
339,
348,
340,
41,
42,
421,
220,
180,
417,
69,
147,
346,
38,
206,
264,
448,
1142,
1093,
195,
211,
183,
284,
1069,
199,
138,
222,
1128,
1001,
383,
453,
969,
270,
436,
206,
459,
45,
455,
149,
206,
468,
293,
1134,
205,
145,
201,
184,
396,
200,
952,
202,
712,
389,
204,
199,
330,
467,
820,
141,
203,
218,
56,
615,
969,
1080,
189,
171,
131,
234,
661,
992,
241,
238,
297,
228,
1092,
224,
309,
189,
367,
1158,
301,
266,
460,
194,
203,
325,
173,
463,
494,
172,
395,
546,
221,
236,
170,
396,
458,
223,
161,
448,
40,
69,
375,
184,
271,
320,
47,
237,
370,
189,
198,
172,
160,
163,
212,
153,
213,
97,
411,
446,
158,
172,
291,
159,
200,
916,
194,
783,
346,
257,
325,
159,
393,
979,
401,
161,
186,
104,
411,
192,
216,
42,
375,
131,
161,
178,
248,
410,
398,
259,
228,
88,
386,
591,
103,
222,
376,
395,
146,
94,
408,
398,
304,
1040,
230,
43,
313,
231,
955,
197,
645,
251,
1098,
46,
328,
55,
325,
42,
194,
42,
189,
289,
180,
167,
138,
286,
181,
425,
174,
161,
983,
406,
173,
181,
411,
126,
72,
424,
169,
117,
389,
421,
186,
408,
433,
412,
42,
172,
280,
351,
132,
141,
287,
438,
451,
44,
332,
425,
432,
325,
316,
361,
356,
303,
368,
354,
333,
332,
107,
373,
373,
352,
341,
401,
329,
237,
381,
309,
269,
184,
390,
394,
171,
259,
424,
270,
76,
269,
411,
320,
159,
282,
368,
296,
305,
266,
261,
126,
260,
272,
202,
435,
314,
74,
73,
234,
238,
286,
408,
564,
277,
673,
253,
73,
234,
245,
1215,
197,
183,
40,
767,
562,
565,
77,
73,
96,
38,
410,
406,
385,
228,
1090,
388,
425,
178,
196,
545,
302,
563,
459,
72,
174,
147,
71,
202,
1001,
43,
411,
68,
1167,
109,
364,
93,
284,
190,
377,
188,
237,
228,
582,
644,
596,
319,
384,
294,
536,
174,
215,
200,
43,
111,
1045,
171,
601,
207,
181,
42,
206,
185,
416,
172,
177,
398,
112,
383,
639,
233,
399,
138,
412,
43,
357,
203,
168,
348,
411,
400,
382,
119,
380,
368,
80,
254,
191,
122,
999,
140,
158,
346,
263,
60,
405,
91,
274,
940,
303,
135,
299,
155,
190,
762,
73,
1019,
324,
341,
133,
119,
278,
249,
273,
247,
115,
39,
234,
98,
63,
137,
343,
74,
217,
338,
394,
327,
529,
322,
260,
289,
289,
259,
175,
293,
46,
281,
287,
147,
248,
466,
116,
236,
141,
216,
341,
309,
103,
281,
268,
52,
352,
84,
347,
113,
378,
331,
161,
422,
396,
343,
137,
641,
191,
339,
96,
212,
345,
321,
128,
88,
340,
89,
41,
86,
69,
272,
455,
84,
116,
639,
389,
253,
40,
161,
1283,
129,
330,
356,
354,
312,
141,
230,
239,
140,
131,
121,
680,
78,
43,
329,
1003,
288,
126,
99,
373,
133,
775,
123,
326,
1231,
104,
216,
120,
336,
87,
111,
773,
295,
86,
767,
38,
96,
707,
36,
674,
363,
105,
386,
383,
347,
370,
315,
123,
383,
117,
382,
638,
262,
287,
131,
144,
334,
1318,
343,
340,
132,
271,
292,
798,
292,
158,
783,
224,
317,
292,
302,
1019,
320,
128,
130,
230,
138,
79,
334,
296,
1145,
1284,
297,
1309,
396,
261,
308,
285,
1177,
267,
334,
196,
234,
245,
232,
687,
220,
99,
41,
310,
36,
1173,
240,
198,
390,
151,
101,
224,
269,
248,
281,
369,
193,
398,
89,
352,
236,
266,
292,
286,
497,
359,
366,
334,
326,
346,
184,
1272,
331,
401,
384,
912,
191,
262,
335,
48,
1128,
1223,
368,
335,
330,
1209,
1223,
304,
626,
725,
396,
274,
381,
220,
292,
774,
326,
405,
373,
244,
778,
80,
767,
397,
270,
163,
193,
389,
371,
38,
733,
214,
368,
256,
437,
346,
273,
99,
260,
241,
341,
191,
288,
477,
354,
186,
332,
216,
391,
316,
447,
391,
199,
298,
1233,
347,
356,
237,
328,
235,
121,
223,
42,
351,
180,
349,
252,
302,
257,
154,
153,
332,
328,
286,
349,
301,
435,
205,
244,
166,
270,
317,
154,
334,
1130,
296,
202,
37,
1246,
191,
186,
329,
175,
130,
176,
98,
154,
307,
1009,
274,
202,
40,
257,
1104,
105,
563,
218,
130,
277,
149,
389,
480,
96,
1181,
781,
187,
123,
82,
717,
341,
1331,
372,
300,
722,
130,
46,
322,
116,
212,
360,
220,
199,
384,
80,
364,
163,
186,
406,
43,
157,
282,
205,
220,
201,
151,
219,
124,
157,
196,
185,
136,
271,
281,
222,
345,
359,
242,
309,
361,
301,
287,
828,
665,
668,
651,
234,
280,
357,
650,
175,
235,
331,
225,
235,
811,
166,
178,
650,
40,
151,
282,
804,
95,
623,
132,
48,
303,
334,
650,
347,
157,
312,
82,
136,
127,
104,
1205,
805,
150,
336,
253,
222,
241,
114,
296,
361,
177,
167,
44,
155,
128,
366,
387,
318,
121,
1191,
194,
242,
183,
137,
309,
115,
138,
81,
47,
339,
148,
353,
555,
321,
144,
43,
264,
319,
308,
40,
226,
235,
122,
1465,
298,
193,
319,
293,
296,
1245,
144,
40,
422,
1258,
214,
213,
440,
38,
767,
150,
280,
234,
825,
292,
1379,
154,
206,
325,
233,
251,
292,
581,
390,
410,
1209,
707,
234,
362,
75,
386,
400,
207,
235,
325,
37,
236,
82,
315,
410,
257,
335,
348,
471,
353,
482,
86,
370,
491,
352,
273,
220,
75,
206,
288,
306,
463,
338,
271,
582,
327,
690,
140,
288,
182,
271,
1408,
1286,
726,
451,
840,
781,
157,
43,
240,
41,
208,
830,
194,
122,
156,
198,
85,
157,
225,
423,
179,
696,
83,
280,
208,
834,
189,
488,
388,
478,
44,
436,
368,
110,
115,
416,
239,
690,
255,
262,
500,
185,
365,
86,
282,
371,
297,
269,
187,
150,
382,
432,
42,
247,
303,
417,
158,
302,
538,
896,
338,
306,
420,
364,
349,
87,
160,
326,
357,
264,
390,
156,
197,
166,
382,
313,
144,
385,
163,
390,
595,
565,
358,
1185,
87,
439,
360,
358,
308,
162,
350,
326,
303,
316,
775,
1330,
433,
340,
791,
1322,
286,
215,
344,
225,
296,
342,
454,
138,
290,
155,
121,
296,
774,
1466,
100,
134,
40,
144,
615,
132,
159,
164,
201,
346,
37,
279,
124,
365,
436,
236,
338,
243,
352,
131,
364,
210,
413,
390,
233,
330,
304,
198,
212,
304,
180,
250,
284,
44,
192,
241,
139,
320,
282,
186,
173,
170,
162,
238,
107,
911,
206,
974,
124,
172,
106,
847,
147,
302,
742,
271,
272,
250,
764,
350,
196,
39,
430,
311,
122,
92,
277,
297,
282,
458,
865,
406,
308,
309,
87,
264,
498,
349,
241,
860,
109,
334,
160,
353,
324,
273,
337,
68,
158,
245,
253,
123,
723,
851,
143,
226,
149,
228,
1259,
183,
123,
359,
678,
135,
198,
503,
914,
364,
149,
979,
1210,
403,
120,
586,
56,
119,
301,
246,
80,
123,
129,
128,
200,
188,
357,
1290,
139,
209,
1374,
316,
308,
454,
83,
352,
314,
80,
1437,
295,
248,
1396,
1274,
1227,
89,
694,
136,
220,
950,
86,
288,
1559,
817,
48,
409,
40,
309,
40,
287,
417,
212,
104,
880,
130,
857,
129,
1185,
386,
901,
388,
38,
137,
268,
870,
314,
607,
112,
827,
203,
172,
114,
304,
291,
300,
331,
213,
231,
680,
206,
275,
1380,
41,
378,
905,
875,
343,
895,
872,
1585,
40,
843,
109,
1464,
188,
101,
865,
88,
38,
1363,
117,
828,
42,
827,
274,
86,
41,
826,
80,
210,
498,
153,
186,
801,
243,
188,
342,
352,
299,
449,
1409,
387,
1469,
370,
411,
42,
48,
1358,
1524,
271,
213,
119,
223,
129,
496,
284,
393,
224,
309,
1514,
362,
408,
42,
218,
319,
211,
314,
257,
184,
280,
359,
413,
180,
279,
465,
207,
177,
347,
38,
251,
654,
659,
711,
974,
268,
1281,
150,
246,
224,
138,
154,
686,
767,
156,
613,
73,
134,
421,
439,
274,
1370,
1270,
343,
851,
461,
367,
73,
386,
176,
328,
455,
191,
1506,
364,
326,
173,
283,
41,
313,
315,
311,
1117,
100,
173,
298,
359,
1551,
319,
325,
44,
78,
1215,
1178,
1387,
1380,
44,
1353,
803,
439,
57,
46,
316,
1443,
223,
42,
232,
23,
148,
333,
312,
43,
1093,
291,
311,
391,
302,
371,
543,
207,
463,
192,
122,
135,
300,
270,
165,
246,
166,
170,
228,
160,
163,
317,
581,
241,
188,
118,
225,
271,
176,
119,
117,
227,
168,
715,
150,
109,
705,
83,
694,
203,
270,
690,
911,
535,
44,
688,
225,
411,
400,
194,
678,
184,
363,
1108,
893,
716,
655,
322,
136,
174,
914,
363,
685,
124,
404,
120,
446,
41,
76,
682,
502,
76,
558,
630,
651,
924,
494,
486,
379,
467,
509,
510,
1491,
41,
379,
350,
1461,
74,
1388,
419,
495,
342,
175,
572,
452,
134,
43,
89,
98,
365,
1486,
1363,
703,
50,
1355,
87,
789,
1007,
692,
648,
120,
1552,
658,
840,
80,
823,
78,
1457,
1084,
637,
630,
1450,
40,
586,
650,
1016,
1093,
362,
829,
524,
1076,
114,
675,
325,
336,
384,
392,
1495,
95,
184,
179,
423,
301,
184,
312,
180,
1349,
1385,
1123,
407,
113,
525,
212,
752,
705,
511,
160,
1343,
691,
1027,
126,
134,
503,
449,
107,
42,
140,
1456,
1269,
1255,
472,
74,
430,
484,
889,
114,
1449,
478,
552,
1105,
109,
210,
322,
40,
344,
109,
1453,
397,
407,
210,
287,
461,
438,
1494,
401,
163,
288,
1009,
282,
387,
226,
107,
1503,
478,
195,
513,
82,
784,
474,
120,
193,
343,
1309,
1515,
186,
1035,
329,
411,
1113,
748,
1221,
283,
144,
313,
545,
561,
693,
218,
1407,
1099,
138,
193,
877,
137,
338,
40,
177,
159,
315,
268,
513,
282,
135,
212,
215,
828,
252,
134,
542,
128,
698,
439,
898,
124,
468,
233,
873,
151,
907,
247,
410,
455,
129,
160,
217,
196,
838,
1011,
194,
995,
665,
1056,
229,
89,
219,
1056,
920,
561,
237,
83,
306,
119,
919,
806,
826,
401,
84,
788,
114,
714,
1127,
181,
242,
957,
1257,
1447,
74,
100,
40,
574,
142,
216,
41,
80,
1333,
1187,
239,
868,
836,
141,
346,
40,
431,
129,
923,
168,
79,
785,
753,
329,
915,
86,
171,
243,
383,
80,
596,
170,
43,
264,
907,
380,
592,
116,
103,
911,
129,
445,
144,
1161,
148,
771,
709,
121,
1134,
718,
130,
184,
95,
136,
223,
202,
729,
295,
1600,
68,
59,
529,
1532,
272,
1585,
175,
72,
612,
1499,
40,
49,
158,
1424,
174,
300,
1495,
1512,
309,
143,
1489,
62,
353,
127,
984,
158,
189,
161,
497,
979,
972,
378,
984,
433,
930,
976,
39,
645,
98,
434,
376,
453,
84,
444,
1571,
977,
975,
609,
496,
1619,
631,
622,
315,
607,
705,
845,
1399,
663,
679,
321,
111,
370,
341,
725,
499,
226,
1349,
261,
395,
1573,
405,
118,
724,
642,
698,
719,
97,
620,
256,
102,
340,
651,
77,
704,
659,
281,
575,
579,
1363,
427,
682,
1097,
102,
587,
1645,
374,
575,
662,
733,
1404,
1080,
100,
580,
370,
642,
744,
1459,
1018,
575,
594,
245,
1089,
110,
219,
1598,
249,
188,
1570,
628,
359,
673,
208,
104,
1311,
565,
147,
195,
610,
1647,
164,
1661,
177,
1638,
376,
559,
1038,
1003,
1014,
1655,
511,
367,
576,
1501,
617,
531,
174,
864,
1160,
535,
672,
323,
556,
318,
665,
185,
1650,
613,
156,
1264,
544,
859,
584,
43,
565,
84,
81,
1657,
129,
901,
422,
618,
569,
686,
142,
172,
325,
1529,
613,
1598,
1072,
321,
565,
1140,
724,
324,
552,
620,
538,
331,
715,
316,
590,
533,
43,
529,
193,
1156,
394,
243,
1018,
560,
584,
546,
42,
585,
603,
1302,
329,
441,
505,
165,
522,
1284,
1034,
456,
42,
481,
512,
232,
306,
397,
417,
560,
218,
360,
167,
539,
290,
636,
462,
242,
138,
254,
1569,
474,
146,
215,
268,
201,
106,
568,
309,
512,
292,
550,
116,
522,
137,
417,
540,
582,
1384,
108,
523,
37,
102,
1441,
94,
977,
1534,
518,
202,
206,
492,
274,
178,
211,
102,
502,
592,
192,
184,
429,
191,
417,
411,
417,
517,
238,
1028,
797,
178,
448,
560,
960,
402,
528,
344,
1051,
558,
1045,
435,
1228,
558,
969,
130,
348,
1018,
512,
1069,
311,
461,
240,
1010,
611,
1218,
153,
574,
174,
1061,
1051,
209,
258,
644,
100,
80,
477,
668,
127,
421,
525,
317,
125,
520,
950,
448,
562,
412,
318,
118,
466,
138,
1026,
106,
377,
38,
544,
38,
670,
488,
402,
71,
362,
1339,
432,
124,
39,
1667,
350,
421,
484,
445,
221,
383,
1465,
396,
473,
1594,
378,
494,
45,
39,
452,
491,
549,
519,
41,
324,
528,
224,
960,
571,
350,
1415,
635,
251,
588,
243,
632,
700,
163,
368,
170,
571,
699,
589,
463,
318,
234,
632,
1680,
507,
187,
542,
607,
581,
140,
327,
533,
235,
309,
559,
533,
646,
463,
621,
290,
568,
509,
279,
534,
235,
571,
384,
331,
594,
41,
670,
234,
646,
555,
235,
605,
565,
493,
541,
445,
46,
228,
365,
523,
525,
124,
45,
175,
324,
522,
39,
302,
520,
966,
256,
994,
507,
251,
1614,
170,
1143,
993,
1150,
1659,
343,
151,
362,
424,
1142,
20,
260,
1445,
473,
41,
225,
1036,
1137,
1567,
1383,
163,
995,
365,
392,
204,
1145,
1392,
1629,
958,
93,
321,
70,
1368,
493,
390,
154,
1755,
138,
60,
1692,
309,
981,
42,
36,
388,
152,
95,
1334,
255,
81,
165,
1241,
238,
1667,
747,
599,
1729,
391,
327,
167,
437,
464,
191,
1121,
1135,
415,
42,
466,
264,
320,
1105,
987,
1100,
911,
44,
1086,
1142,
1022,
1106,
86,
1587,
1100,
174,
42,
172,
147,
43,
492,
46,
1101,
124,
129,
165,
480,
504,
44,
39,
339,
384,
175,
112,
185,
417,
531,
437,
180,
503,
46,
246,
286,
130,
516,
423,
426,
251,
171,
485,
345,
165,
351,
1105,
209,
168,
42,
218,
154,
420,
109,
1110,
1075,
937,
168,
112,
44,
1063,
1051,
871,
881,
43,
76,
621,
1240,
47,
301,
114,
594,
385,
181,
591,
408,
586,
567,
311,
231,
591,
583,
495,
207,
450,
409,
162,
586,
59,
432,
382,
603,
581,
585,
104,
492,
580,
598,
560,
101,
56,
603,
403,
98,
658,
336,
625,
54,
512,
472,
185,
518,
52,
578,
43,
553,
670,
361,
45,
52,
431,
430,
37,
568,
653,
1607,
497,
1614,
817,
316,
169,
51,
514,
1830,
623,
133,
348,
239,
620,
271,
110,
330,
562,
330,
218,
296,
1257,
1139,
54,
76,
257,
250,
1539,
256,
283,
53,
44,
1457,
652,
602,
1567,
467,
41,
947,
144,
284,
1781,
1130,
1896,
356,
1674,
1056,
38,
55,
642,
497,
1628,
127,
593,
566,
95,
1620,
321,
556,
581,
244,
217,
276,
1033,
273,
282,
210,
84,
262,
167,
227,
192,
1781,
389,
647,
675,
306,
373,
134,
242,
1709,
372,
1122,
392,
195,
414,
567,
161,
138,
429,
579,
411,
507,
1144,
307,
201,
585,
201,
233,
1650,
631,
1047,
571,
338,
657,
572,
1014,
911,
1849,
528,
1105,
221,
550,
1486,
928,
1730,
499,
522,
446,
224,
703,
564,
1534,
402,
309,
196,
450,
509,
548,
778,
1239,
469,
568,
256,
47,
214,
324,
561,
199,
519,
212,
1651,
187,
502,
174,
149,
329,
158,
240,
207,
238,
194,
536,
182,
180,
1374,
193,
1790,
143,
417,
530,
449,
541,
458,
129,
323,
409,
413,
335,
171,
528,
439,
129,
119,
495,
97,
153,
456,
1322,
73,
223,
48,
391,
423,
266,
297,
1831,
505,
340,
454,
1124,
193,
124,
1662,
521,
135,
1061,
499,
1579,
43,
1479,
1208,
357,
141,
236,
215,
577,
1296,
291,
1292,
1202,
352,
230,
1255,
340,
263,
197,
483,
1190,
98,
221,
124,
181,
424,
428,
49,
1124,
211,
230,
1133,
35,
523,
208,
648,
467,
434,
118,
158,
208,
362,
239,
635,
111,
113,
628,
149,
691,
1249,
456,
48,
500,
651,
268,
99,
437,
40,
495,
1257,
409,
469,
111,
543,
498,
421,
138,
406,
822,
554,
700,
43,
829,
1163,
551,
336,
504,
224,
537,
500,
443,
433,
478,
310,
611,
955,
44,
491,
595,
385,
973,
394,
585,
348,
426,
735,
1639,
1239,
406,
135,
326,
563,
190,
589,
339,
413,
76,
501,
318,
1789,
551,
329,
1431,
1837,
582,
344,
633,
1527,
220,
493,
416,
182,
488,
484,
84,
356,
899,
364,
516,
472,
431,
174,
153,
196,
169,
167,
172,
348,
166,
554,
269,
1141,
249,
1102,
374,
329,
40,
386,
390,
43,
354,
154,
1301,
1243,
1151,
1278,
105,
158,
664,
328,
312,
170,
141,
1075,
388,
848,
304,
130,
156,
121,
149,
130,
429,
495,
155,
164,
1337,
110,
115,
493,
1046,
241,
298,
210,
1117,
1097,
115,
104,
1746,
490,
255,
252,
1866,
539,
143,
422,
44,
190,
535,
638,
386,
210,
208,
156,
251,
430,
414,
493,
141,
482,
279,
150,
175,
250,
1752,
140,
417,
110,
537,
91,
168,
359,
1609,
1688,
1278,
427,
168,
1566,
1093,
274,
291,
404,
135,
519,
283,
1063,
134,
469,
1073,
252,
425,
353,
652,
44,
220,
704,
470,
456,
400,
415,
135,
715,
47,
78,
753,
103,
523,
397,
140,
124,
46,
289,
81,
470,
372,
463,
1515,
42,
404,
1450,
230,
591,
149,
276,
463,
381,
415,
343,
439,
747,
365,
203,
192,
236,
504,
1773,
256,
293,
384,
306,
665,
457,
153,
269,
1126,
1078,
526,
274,
173,
464,
242,
1050,
114,
1044,
385,
1062,
412,
1058,
305,
342,
349,
257,
363,
414,
155,
1500,
342,
154,
283,
274,
417,
153,
347,
144,
87,
153,
150,
411,
134,
149,
353,
170,
264,
412,
101,
86,
80,
58,
1229,
130,
1149,
44,
327,
238,
36,
79,
184,
123,
105,
307,
320,
112,
443,
39,
142,
158,
167,
471,
265,
344,
191,
1079,
787,
210,
134,
263,
121,
78,
275,
255,
334,
1077,
137,
656,
274,
127,
1066,
556,
133,
420,
252,
261,
91,
681,
117,
165,
640,
177,
100,
686,
191,
134,
478,
529,
529,
275,
123,
147,
99,
565,
1937,
493,
258,
94,
121,
1746,
283,
544,
586,
119,
197,
127,
591,
190,
40,
94,
98,
159,
382,
292,
104,
1830,
157,
1169,
375,
224,
2017,
843,
2031,
443,
171,
1720,
1483,
189,
1850,
83,
128,
121,
644,
279,
117,
1440,
278,
1271,
705,
272,
147,
276,
285,
46,
187,
45,
109,
390,
269,
40,
1491,
1231,
118,
679,
349,
303,
681,
576,
353,
324,
350,
1821,
291,
242,
523,
263,
130,
242,
338,
687,
1730,
678,
268,
342,
110,
699,
532,
1455,
240,
367,
515,
327,
516,
442,
132,
251,
440,
55,
523,
390,
53,
436,
499,
133,
710,
324,
130,
1271,
46,
256,
150,
541,
103,
245,
135,
45,
202,
104,
68,
1901,
634,
128,
360,
170,
761,
238,
229,
548,
254,
641,
634,
722,
253,
371,
46,
219,
674,
41,
387,
47,
183,
1158,
201,
197,
267,
117,
2087,
358,
144,
105,
886,
1784,
131,
115,
110,
113,
114,
46,
1769,
115,
563,
673,
124,
39,
256,
215,
495,
302,
1929,
384,
226,
148,
702,
196,
88,
39,
334,
1488,
257,
162,
107,
173,
720,
567,
1774,
169,
1286,
599,
1460,
159,
90,
317,
169,
313,
2089,
1022,
522,
1625,
1861,
107,
2002,
166,
1274,
1869,
155,
151,
1876,
84,
486,
1945,
135,
149,
1070,
210,
355,
151,
215,
115,
167,
172,
97,
1628,
240,
608,
237,
259,
136,
160,
48,
43,
526,
1806,
58,
1959,
547,
43,
209,
950,
480,
235,
358,
657,
1441,
137,
144,
283,
113,
1532,
168,
619,
118,
1961,
118,
574,
1458,
141,
478,
134,
1979,
984,
350,
281,
418,
965,
395,
478,
186,
234,
729,
405,
1518,
215,
187,
43,
94,
101,
359,
484,
48,
45,
189,
183,
40,
332,
342,
79,
373,
38,
120,
852,
235,
99,
40,
50,
119,
513,
97,
207,
230,
163,
222,
137,
219,
491,
40,
140,
197,
378,
505,
468,
1870,
161,
86,
255,
85,
45,
279,
321,
396,
36,
336,
379,
339,
715,
489,
169,
629,
162,
174,
158,
1253,
211,
1238,
428,
152,
539,
414,
1221,
415,
718,
1186,
429,
119,
1853,
427,
807,
1216,
1185,
1240,
201,
398,
708,
414,
1199,
417,
508,
1162,
2010,
470,
1588,
581,
774,
760,
577,
684,
694,
602,
646,
525,
118,
583,
74,
39,
594,
664,
1441,
126,
42,
138,
136,
149,
414,
138,
128,
109,
433,
548,
1905,
245,
124,
1965,
238,
414,
45,
41,
107,
199,
629,
266,
196,
195,
2049,
192,
2065,
216,
1630,
325,
347,
127,
204,
373,
363,
53,
170,
49,
891,
201,
411,
168,
577,
42,
166,
2006,
164,
66,
434,
160,
44,
478,
463,
1255,
1928,
2059,
148,
2007,
521,
404,
39,
543,
149,
1344,
1450,
211,
45,
211,
407,
40,
588,
585,
121,
316,
94,
438,
1968,
175,
126,
39,
1528,
463,
108,
838,
144,
578,
825,
566,
210,
127,
601,
1362,
1188,
629,
776,
793,
2033,
1957,
886,
561,
607,
747,
146,
1965,
382,
1780,
582,
618,
704,
44,
181,
168,
95,
714,
1937,
189,
1016,
2000,
786,
123,
128,
738,
147,
96,
1982,
860,
444,
760,
1945,
185,
653,
603,
976,
623,
274,
395,
193,
97,
780,
566,
145,
1932,
1917,
705,
745,
47,
616,
499,
2122,
135,
821,
114,
407,
604,
130,
596,
1398,
368,
589,
617,
160,
596,
1533,
131,
658,
621,
347,
1029,
590,
390,
886,
351,
2002,
616,
629,
624,
1806,
60,
1699,
538,
550,
993,
132,
37,
1282,
661,
164,
1269,
957,
156,
471,
492,
88,
266,
2141,
224,
195,
215,
42,
254,
193,
2070,
730,
205,
63,
117,
434,
516,
741,
116,
447,
329,
1055,
96,
189,
301,
42,
827,
95,
650,
125,
624,
638,
924,
1976,
687,
677,
622,
898,
614,
689,
607,
628,
64,
153,
620,
624,
1638,
44,
51,
64,
48,
617,
178,
300,
616,
63,
211,
185,
392,
178,
168,
136,
398,
375,
253,
197,
776,
742,
136,
372,
125,
265,
46,
310,
304,
463,
139,
59,
663,
408,
454,
39,
55,
290,
581,
626,
435,
724,
166,
989,
624,
159,
208,
559,
57,
332,
176,
123,
1476,
148,
639,
825,
176,
159,
1672,
621,
221,
316,
183,
149,
133,
83,
715,
567,
129,
820,
524,
60,
760,
811,
653,
541,
669,
144,
990,
806,
703,
887,
104,
514,
117,
360,
179,
93,
608,
85,
439,
1685,
1003,
488,
967,
458,
456,
479,
364,
55,
91,
1459,
579,
1924,
49,
141,
130,
286,
491,
142,
325,
126,
119,
150,
120,
657,
92,
762,
774,
719,
767,
477,
443,
649,
657,
83,
661,
68,
646,
656,
651,
730,
38,
1907,
120,
674,
2053,
699,
578,
605,
354,
741,
2085,
613,
425,
716,
861,
285,
696,
78,
453,
43,
489,
602,
442,
370,
378,
667,
653,
659,
1838,
87,
635,
654,
453,
377,
652,
43,
539,
234,
658,
520,
1441,
2173,
762,
496,
547,
616,
511,
602,
1466,
488,
660,
597,
1933,
356,
40,
604,
1824,
1777,
784,
631,
343,
1854,
1924,
143,
499,
213,
100,
210,
96,
189,
71,
368,
170,
119,
141,
191,
372,
191,
187,
747,
776,
109,
206,
119,
746,
2001,
200,
1867,
223,
104,
1974,
490,
459,
1864,
482,
96,
1467,
1839,
42,
381,
741,
91,
1995,
1533,
502,
41,
465,
1855,
1531,
53,
199,
357,
349,
210,
159,
155,
85,
84,
137,
340,
360,
126,
367,
42,
84,
259,
115,
148,
121,
37,
56,
56,
48,
256,
45,
122,
39,
1582,
96,
390,
299,
804,
932,
326,
654,
50,
634,
265,
729,
578,
346,
93,
389,
250,
1018,
350,
319,
605,
48,
375,
86,
577,
580,
367,
116,
651,
38,
554,
112,
403,
467,
368,
38,
398,
350,
577,
581,
204,
647,
211,
540,
362,
564,
973,
578,
224,
221,
627,
603,
161,
615,
269,
2106,
695,
201,
656,
136,
1103,
573,
76,
576,
428,
685,
234,
568,
225,
552,
232,
368,
362,
110,
2096,
551,
1116,
593,
461,
183,
382,
131,
1908,
486,
735,
242,
227,
346,
1369,
166,
430,
471,
74,
189,
400,
187,
130,
405,
211,
232,
385,
253,
561,
2104,
515,
463,
187,
269,
587,
182,
398,
233,
260,
165,
164,
411,
1924,
442,
179,
421,
548,
525,
795,
800,
442,
339,
347,
480,
155,
561,
43,
584,
530,
730,
156,
742,
91,
338,
693,
89,
141,
145,
128,
61,
137,
974,
668,
65,
132,
154,
164,
136,
976,
897,
90,
714,
44,
79,
743,
395,
109,
43,
731,
607,
37,
461,
63,
420,
304,
398,
500,
137,
295,
634,
303,
76,
887,
239,
616,
303,
293,
549,
272,
638,
293,
163,
786,
823,
1415,
793,
39,
529,
997,
2121,
105,
631,
150,
362,
942,
2091,
416,
766,
792,
1470,
179,
632,
42,
487,
126,
527,
341,
689,
376,
667,
580,
1983,
40,
107,
209,
115,
49,
1675,
513,
554,
109,
364,
102,
556,
1146,
1156,
1905,
303,
1553,
302,
226,
317,
133,
298,
472,
204,
154,
97,
519,
130,
375,
193,
158,
398,
338,
259,
465,
130,
512,
41,
447,
129,
364,
449,
40,
345,
380,
742,
1515,
128,
301,
127,
498,
418,
126,
227,
165,
137,
188,
124,
1127,
299,
123,
114,
119,
37,
50,
210,
84,
92,
141,
328,
184,
239,
188,
330,
1206,
408,
381,
1181,
420,
40,
554,
453,
596,
656,
333,
399,
90,
167,
150,
351,
240,
159,
161,
643,
41,
734,
256,
537,
220,
479,
400,
892,
497,
362,
40,
597,
1561,
191,
371,
1694,
612,
389,
384,
2194,
395,
76,
659,
855,
1523,
773,
1213,
77,
159,
1818,
41,
374,
467,
316,
35,
376,
177,
46,
829,
350,
307,
211,
233,
193,
201,
238,
178,
293,
184,
225,
175,
176,
855,
167,
804,
178,
162,
823,
820,
920,
278,
191,
321,
816,
142,
165,
605,
723,
1423,
180,
142,
240,
830,
641,
294,
111,
562,
179,
623,
51,
165,
1043,
143,
1925,
958,
631,
1956,
622,
146,
722,
590,
121,
2084,
116,
477,
380,
416,
423,
245,
1549,
128,
390,
568,
397,
116,
814,
410,
578,
418,
1015,
405,
891,
365,
44,
171,
177,
336,
732,
886,
410,
550,
462,
130,
348,
482,
2203,
244,
832,
148,
818,
146,
421,
154,
835,
822,
924,
654,
178,
826,
647,
37,
846,
129,
2154,
647,
135,
812,
1805,
138,
456,
2205,
2323,
662,
776,
266,
115,
42,
120,
202,
748,
125,
1879,
266,
130,
39,
137,
159,
42,
116,
267,
144,
717,
806,
808,
341,
1037,
36,
389,
805,
772,
764,
48,
71,
211,
78,
73,
647,
644,
1003,
221,
188,
95,
94,
671,
104,
112,
106,
135,
2163,
684,
113,
135,
112,
2155,
131,
2339,
451,
618,
141,
172,
104,
433,
42,
445,
40,
2300,
226,
2335,
569,
751,
431,
454,
123,
1594,
446,
121,
43,
209,
218,
40,
38,
48,
458,
828,
568,
780,
790,
162,
787,
404,
410,
121,
367,
423,
117,
124,
427,
1344,
118,
227,
1942,
159,
87,
113,
434,
751,
78,
392,
45,
41,
77,
433,
729,
168,
1630,
704,
281,
461,
613,
46,
1602,
473,
712,
1253,
801,
649,
657,
669,
2060,
220,
699,
1651,
218,
43,
1752,
115,
85,
2335,
1427,
427,
412,
188,
2277,
41,
493,
1072,
57,
190,
130,
669,
184,
56,
620,
408,
212,
45,
829,
2209,
183,
256,
1577,
39,
262,
449,
394,
183,
366,
1273,
142,
442,
692,
356,
831,
431,
498,
89,
144,
1257,
1269,
138,
399,
42,
241,
1828,
75,
1265,
378,
1738,
340,
507,
314,
497,
111,
453,
496,
682,
321,
124,
179,
40,
486,
178,
100,
118,
1433,
496,
405,
254,
463,
73,
114,
334,
441,
509,
170,
122,
188,
41,
171,
120,
2293,
171,
87,
861,
331,
947,
1551,
43,
1078,
906,
852,
43,
883,
861,
738,
762,
2100,
2222,
44,
1641,
922,
36,
2241,
1261,
514,
1026,
1302,
805,
474,
620,
1163,
568,
463,
443,
461,
393,
180,
1434,
203,
448,
548,
1039,
440,
42,
532,
2195,
395,
518,
108,
1162,
374,
1204,
2220,
125,
743,
841,
534,
531,
544,
40,
512,
2239,
112,
847,
1468,
529,
940,
154,
1321,
305,
95,
790,
38,
1584,
308,
1486,
455,
373,
1477,
156,
573,
344,
619,
557,
156,
1996,
152,
396,
246,
283,
41,
715,
144,
199,
963,
875,
967,
879,
707,
1069,
75,
44,
218,
125,
545,
1058,
220,
716,
799,
849,
859,
1035,
47,
471,
85,
825,
285,
479,
937,
248,
723,
708,
1004,
41,
996,
719,
306,
350,
503,
278,
705,
179,
410,
840,
294,
684,
1019,
296,
714,
918,
167,
1224,
351,
39,
543,
128,
678,
569,
480,
279,
150,
74,
579,
479,
560,
545,
325,
491,
43,
150,
896,
841,
578,
159,
575,
507,
102,
512,
970,
119,
696,
108,
899,
959,
425,
731,
1012,
167,
917,
53,
296,
38,
1426,
1047,
152,
695,
540,
1457,
1386,
1213,
1004,
536,
559,
121,
1685,
504,
1938,
401,
118,
1376,
467,
708,
1380,
95,
38,
199,
279,
125,
41,
166,
137,
49,
2319,
2094,
267,
115,
42,
145,
348,
682,
690,
1392,
169,
172,
158,
374,
412,
532,
1369,
448,
171,
41,
573,
100,
456,
512,
524,
186,
499,
558,
183,
38,
240,
410,
535,
511,
2062,
61,
1270,
608,
1322,
1320,
980,
731,
818,
265,
1830,
42,
343,
994,
628,
41,
526,
2152,
151,
1001,
497,
468,
440,
1394,
279,
1382,
2326,
879,
594,
1869,
1401,
521,
227,
403,
1247,
1418,
153,
1380,
306,
1500,
595,
1408,
745,
143,
522,
2080,
491,
472,
41,
1296,
662,
1343,
1540,
225,
1156,
844,
996,
1376,
1356,
550,
863,
125,
153,
494,
1680,
1009,
368,
41,
408,
553,
129,
2312,
349,
132,
252,
1401,
857,
150,
83,
915,
39,
753,
731,
2302,
884,
620,
356,
178,
670,
883,
465,
338,
525,
133,
911,
2156,
860,
42,
324,
958,
224,
134,
691,
483,
1733,
908,
41,
637,
679,
155,
959,
343,
269,
438,
95,
285,
359,
1636,
648,
401,
157,
1751,
1636,
108,
556,
1469,
326,
428,
381,
120,
564,
852,
1253,
1000,
1036,
445,
1246,
163,
515,
513,
490,
560,
1245,
1892,
1262,
336,
1011,
922,
126,
72,
99,
708,
794,
84,
974,
49,
545,
1610,
1894,
265,
78,
853,
1574,
2308,
87,
1566,
735,
994,
1574,
1575,
746,
152,
452,
855,
347,
929,
1282,
2325,
208,
81,
502,
111,
573,
134,
827,
437,
1274,
572,
1553,
658,
764,
441,
518,
435,
444,
483,
458,
468,
284,
773,
314,
45,
177,
422,
443,
73,
217,
485,
192,
175,
464,
616,
489,
45,
481,
1479,
152,
882,
462,
145,
692,
135,
717,
362,
2212,
362,
303,
166,
47,
407,
427,
476,
320,
40,
390,
523,
532,
74,
47,
527,
958,
861,
530,
804,
2325,
74,
40,
892,
446,
729,
923,
649,
2322,
438,
238,
326,
1292,
460,
330,
1951,
522,
1687,
326,
391,
382,
877,
403,
193,
1526,
1555,
240,
1284,
348,
1291,
151,
1295,
1688,
240,
309,
346,
145,
40,
239,
1706,
960,
87,
404,
324,
476,
121,
414,
79,
560,
2239,
466,
78,
1277,
1271,
1290,
409,
384,
535,
291,
507,
1058,
1245,
157,
546,
966,
288,
571,
46,
166,
473,
838,
338,
163,
1002,
232,
419,
279,
162,
360,
116,
766,
751,
408,
1265,
184,
134,
118,
495,
520,
942,
116,
141,
1199,
124,
80,
43,
278,
934,
1018,
594,
641,
551,
692,
245,
308,
492,
115,
762,
240,
125,
196,
1774,
88,
96,
84,
966,
430,
331,
477,
418,
2235,
269,
507,
334,
2150,
67,
263,
37,
779,
282,
762,
325,
517,
220,
314,
86,
1016,
906,
209,
248,
2252,
314,
343,
403,
1321,
39,
176,
2206,
764,
437,
838,
734,
570,
1112,
725,
45,
946,
730,
269,
1370,
81,
383,
471,
695,
508,
874,
329,
61,
342,
840,
493,
401,
1369,
1319,
445,
536,
501,
483,
46,
143,
595,
221,
268,
678,
1222,
1610,
77,
1230,
46,
43,
143,
1531,
72,
41,
2268,
513,
450,
711,
348,
2263,
1336,
150,
134,
70,
1232,
2369,
444,
1205,
791,
2359,
104,
1692,
135,
233,
202,
120,
715,
1718,
46,
110,
185,
765,
181,
773,
214,
723,
1207,
946,
192,
704,
796,
1201,
161,
188,
1147,
830,
331,
188,
159,
543,
733,
1164,
1151,
745,
1785,
619,
1148,
1137,
1638,
1141,
143,
260,
744,
1873,
443,
855,
806,
1788,
194,
343,
131,
1845,
242,
536,
872,
127,
1276,
816,
376,
1233,
384,
731,
388,
746,
121,
36,
768,
345,
996,
2412,
1036,
1028,
343,
1019,
983,
1745,
1054,
792,
1016,
925,
734,
1161,
88,
668,
734,
1095,
388,
742,
1006,
660,
699,
426,
820,
673,
1178,
1673,
446,
1071,
2199,
727,
1737,
2398,
37,
925,
214,
1658,
249,
1271,
726,
1163,
89,
1485,
1162,
187,
1644,
214,
142,
720,
475,
107,
158,
898,
99,
139,
484,
515,
1387,
567,
1325,
162,
745,
791,
556,
1373,
90,
692,
79,
136,
680,
833,
733,
376,
553,
507,
897,
144,
44,
500,
109,
512,
1196,
137,
489,
620,
857,
323,
119,
544,
377,
458,
721,
423,
2427,
680,
89,
44,
211,
126,
1905,
246,
203,
1707,
1984,
132,
1552,
121,
257,
140,
1707,
1023,
257,
231,
815,
690,
687,
749,
2433,
587,
1496,
664,
635,
672,
713,
850,
1210,
82,
250,
701,
89,
571,
139,
92,
846,
218,
1713,
429,
123,
332,
136,
1526,
116,
675,
107,
1008,
830,
223,
659,
846,
1581,
1205,
1141,
1183,
390,
126,
236,
642,
654,
2305,
659,
635,
231,
628,
1227,
479,
154,
399,
280,
718,
1218,
186,
687,
686,
2336,
1194,
738,
199,
1224,
518,
480,
673,
1092,
566,
1737,
669,
1041,
702,
1496,
416,
263,
493,
1890,
198,
173,
1091,
1105,
717,
751,
626,
841,
673,
638,
185,
1274,
85,
597,
253,
583,
831,
442,
637,
691,
1238,
153,
394,
126,
132,
202,
119,
151,
482,
201,
116,
123,
208,
407,
493,
89,
405,
303,
778,
119,
71,
386,
1558,
575,
474,
737,
198,
518,
774,
124,
755,
497,
155,
1855,
764,
159,
97,
1571,
388,
474,
803,
131,
1634,
45,
757,
486,
94,
1547,
234,
744,
388,
665,
43,
372,
1459,
564,
1021,
1334,
766,
687,
548,
693,
704,
1116,
1037,
1730,
2459,
463,
455,
1561,
1627,
523,
105,
1961,
1835,
633,
1562,
458,
778,
1571,
1799,
442,
627,
613,
951,
909,
1171,
1521,
1094,
104,
167,
1091,
1123,
764,
575,
943,
591,
534,
674,
747,
438,
871,
886,
639,
769,
571,
1035,
171,
901,
1566,
92,
146,
1602,
1466,
217,
163,
184,
595,
415,
168,
569,
834,
1059,
1475,
377,
249,
457,
542,
574,
1577,
176,
192,
249,
230,
491,
1551,
463,
482,
499,
1479,
435,
779,
176,
161,
156,
220,
135,
163,
386,
147,
153,
176,
172,
384,
394,
1481,
295,
454,
1237,
569,
547,
563,
1547,
1036,
1188,
109,
283,
879,
725,
774,
415,
147,
296,
704,
410,
293,
131,
765,
522,
813,
1155,
801,
648,
729,
399,
733,
760,
807,
150,
210,
439,
75,
284,
775,
445,
922,
745,
519,
712,
644,
106,
203,
227,
197,
207,
226,
131,
233,
616,
593,
484,
140,
888,
346,
493,
621,
128,
865,
1197,
885,
1144,
716,
108,
622,
813,
1201,
433,
100,
120,
882,
87,
822,
1144,
847,
687,
411,
170,
656,
599,
1162,
519,
239,
1163,
1074,
1299,
192,
238,
156,
1957,
592,
492,
2070,
864,
1135,
897,
172,
433,
116,
146,
1216,
1165,
110,
146,
1135,
145,
144,
1198,
535,
783,
144,
750,
760,
687,
354,
85,
531,
539,
675,
102,
714,
134,
347,
82,
880,
127,
73,
233,
141,
480,
389,
236,
620,
330,
1147,
325,
571,
427,
209,
59,
191,
131,
672,
151,
235,
239,
302,
407,
450,
667,
176,
186,
1443,
594,
629,
901,
633,
114,
235,
148,
93,
135,
609,
93,
333,
394,
200,
613,
1583,
333,
261,
752,
379,
561,
112,
810,
1714,
388,
107,
1726,
66,
762,
596,
623,
659,
598,
856,
647,
80,
975,
561,
63,
1275,
790,
796,
1201,
1258,
814,
810,
545,
1240,
751,
1270,
365,
1213,
1130,
842,
1193,
62,
790,
604,
580,
269,
502,
690,
529,
844,
735,
45,
595,
43,
825,
589,
100,
1205,
755,
911,
753,
722,
587,
752,
1013,
1645,
213,
777,
305,
138,
48,
60,
42,
167,
394,
677,
735,
681,
1423,
183,
915,
525,
661,
782,
586,
645,
1118,
44,
716,
1191,
159,
133,
157,
296,
675,
938,
298,
40,
694,
818,
932,
304,
694,
187,
366,
659,
145,
165,
2007,
94,
578,
265,
191,
1114,
258,
758,
1531,
246,
1580,
84,
269,
279,
667,
761,
396,
402,
243,
122,
1396,
916,
1751,
669,
323,
509,
569,
823,
1241,
617,
1246,
257,
1217,
550,
714,
204,
1239,
557,
676,
165,
287,
124,
827,
194,
649,
670,
191,
550,
927,
1217,
624,
789,
95,
584,
588,
154,
165,
271,
230,
563,
100,
94,
484,
104,
288,
558,
502,
1172,
1211,
647,
139,
119,
1050,
855,
1270,
550,
406,
2195,
80,
240,
41,
1409,
1143,
378,
456,
1313,
232,
249,
334,
312,
117,
60,
227,
1746,
2032,
42,
45,
945,
1142,
549,
900,
114,
1122,
693,
158,
44,
426,
698,
842,
2690,
869,
284,
288,
147,
1579,
1208,
612,
139,
904,
1640,
305,
40,
69,
194,
1603,
668,
2207,
725,
1428,
680,
526,
725,
715,
716,
720,
260,
1191,
918,
43,
1363,
564,
115,
2229,
119,
883,
114,
1536,
910,
2698,
500,
288,
319,
41,
286,
1586,
302,
285,
664,
1562,
167,
82,
238,
235,
249,
166,
1019,
233,
142,
736,
677,
565,
122,
446,
286,
701,
2658,
212,
867,
737,
37,
1199,
940,
431,
857,
580,
422,
289,
619,
87,
1215,
1580,
341,
706,
146,
1091,
646,
523,
1297,
176,
1315,
212,
2701,
338,
1399,
44,
1179,
1076,
300,
49,
1358,
261,
1318,
42,
324,
1473,
381,
1127,
204,
233,
869,
1171,
379,
916,
266,
764,
713,
761,
842,
674,
342,
253,
186,
1201,
656,
660,
1385,
1700,
414,
1222,
36,
74,
757,
861,
772,
90,
294,
730,
855,
958,
326,
160,
1056,
171,
198,
640,
695,
849,
959,
874,
690,
107,
40,
96,
1345,
928,
156,
710,
257,
933,
694,
1222,
1447,
226,
701,
470,
43,
484,
1244,
876,
781,
156,
260,
748,
1733,
640,
560,
269,
698,
39,
65,
1234,
256,
157,
685,
1732,
690,
138,
254,
2207,
522,
193,
1429,
138,
159,
45,
775,
797,
177,
559,
845,
1398,
167,
756,
1129,
984,
558,
1603,
85,
402,
749,
548,
702,
596,
846,
221,
1707,
755,
964,
888,
1725,
120,
908,
684,
38,
886,
1191,
208,
897,
1059,
885,
152,
2707,
833,
956,
1148,
373,
598,
850,
316,
892,
1476,
946,
805,
43,
1078,
228,
313,
2235,
1428,
620,
226,
1473,
1593,
40,
654,
433,
208,
1253,
188,
399,
378,
297,
179,
239,
1389,
260,
315,
289,
1363,
321,
40,
1298,
284,
1016,
273,
129,
38,
1920,
914,
289,
612,
729,
127,
224,
638,
554,
767,
765,
671,
567,
123,
864,
606,
753,
653,
632,
919,
1509,
917,
929,
987,
110,
465,
628,
88,
689,
1107,
766,
290,
355,
802,
930,
79,
608,
600,
187,
799,
713,
169,
121,
485,
87,
2793,
750,
330,
650,
390,
690,
47,
1330,
707,
207,
2780,
685,
1593,
45,
188,
75,
169,
1410,
986,
548,
1138,
42,
571,
163,
2818,
69,
1419,
183,
545,
372,
248,
172,
733,
255,
701,
42,
88,
41,
715,
683,
333,
1131,
529,
667,
1049,
414,
636,
941,
854,
602,
664,
756,
171,
480,
45,
2852,
1053,
1126,
146,
557,
695,
451,
1206,
828,
309,
1388,
505,
588,
41,
577,
1256,
968,
490,
192,
231,
930,
480,
804,
729,
1431,
357,
778,
603,
307,
125,
463,
163,
175,
692,
712,
711,
1677,
551,
150,
1480,
785,
1500,
137,
149,
92,
785,
270,
43,
340,
400,
777,
551,
2220,
996,
659,
339,
773,
1135,
152,
1117,
1009,
702,
1187,
449,
1220,
157,
444,
139,
1129,
451,
124,
466,
120,
471,
930,
2822,
77,
407,
921,
554,
1581,
740,
2812,
1014,
146,
1218,
2281,
429,
941,
591,
753,
647,
82,
645,
1190,
522,
1034,
492,
964,
1026,
152,
636,
2813,
164,
124,
1015,
498,
427,
425,
161,
570,
344,
2290,
158,
1392,
1273,
634,
2295,
157,
426,
620,
988,
524,
165,
607,
1541,
540,
2345,
661,
40,
1589,
155,
423,
79,
1560,
448,
155,
107,
1108,
1346,
725,
433,
90,
1016,
518,
63,
164,
45,
562,
140,
324,
1226,
85,
448,
522,
315,
103,
1502,
133,
133,
109,
102,
445,
99,
695,
714,
563,
98,
1082,
40,
682,
98,
1060,
154,
97,
1055,
385,
152,
1963,
93,
733,
1459,
2491,
38,
1205,
568,
201,
807,
75,
2290,
473,
920,
575,
819,
2351,
911,
305,
1187,
134,
1179,
714,
1534,
301,
118,
296,
131,
1587,
1050,
195,
303,
287,
359,
1528,
297,
129,
176,
965,
1249,
654,
756,
550,
976,
391,
181,
749,
721,
176,
480,
1044,
199,
137,
806,
1204,
43,
858,
390,
549,
156,
303,
180,
532,
1202,
1071,
1069,
1067,
121,
1290,
170,
96,
525,
83,
578,
1222,
40,
83,
93,
99,
481,
497,
521,
763,
798,
39,
96,
702,
73,
752,
757,
307,
562,
1592,
579,
694,
198,
78,
307,
75,
197,
895,
631,
491,
830,
859,
2368,
198,
1644,
780,
281,
632,
1529,
189,
79,
668,
867,
774,
2687,
106,
1695,
916,
41,
90,
292,
540,
1310,
513,
543,
817,
1089,
1031,
718,
38,
86,
336,
1313,
1541,
1247,
317,
643,
86,
1061,
383,
1115,
1073,
782,
781,
1087,
420,
696,
2173,
1062,
494,
1080,
85,
81,
1072,
1135,
1077,
1062,
721,
1284,
81,
1137,
815,
745,
667,
152,
463,
166,
922,
120,
98,
417,
1515,
781,
248,
785,
1000,
131,
707,
624,
2571,
832,
705,
390,
1048,
891,
1794,
190,
294,
839,
396,
426,
630,
699,
162,
2420,
199,
49,
338,
1047,
610,
686,
1278,
103,
728,
291,
690,
726,
277,
733,
310,
625,
190,
164,
369,
168,
127,
44,
156,
1093,
41,
205,
140,
100,
328,
183,
130,
449,
196,
827,
249,
136,
144,
130,
177,
115,
43,
551,
442,
2622,
914,
376,
77,
105,
128,
386,
185,
1059,
696,
371,
684,
333,
915,
743,
830,
562,
672,
921,
292,
673,
95,
743,
209,
70,
764,
412,
788,
96,
854,
645,
266,
46,
875,
826,
62,
43,
74,
658,
685,
1201,
808,
764,
576,
877,
1190,
1766,
1045,
77,
1197,
865,
583,
237,
292,
412,
169,
920,
969,
409,
426,
813,
690,
475,
961,
819,
491,
668,
499,
142,
1087,
690,
555,
1249,
692,
646,
580,
138,
880,
873,
1033,
1147,
711,
410,
1472,
1099,
404,
720,
40,
913,
1584,
392,
339,
417,
427,
363,
416,
797,
953,
348,
1310,
604,
236,
272,
360,
415,
671,
262,
636,
196,
280,
299,
216,
248,
242,
396,
1017,
128,
1700,
160,
299,
290,
970,
412,
628,
258,
613,
281,
445,
829,
139,
342,
519,
374,
122,
553,
356,
365,
582,
646,
544,
149,
121,
222,
1018,
148,
1522,
355,
300,
573,
209,
542,
133,
339,
949,
252,
379,
1019,
251,
156,
659,
1147,
78,
1180,
932,
126,
91,
577,
751,
438,
1228,
100,
543,
923,
682,
377,
443,
82,
761,
2515,
564,
778,
2681,
1007,
908,
1011,
2438,
367,
259,
256,
562,
2662,
1738,
249,
1016,
241,
235,
2025,
1272,
2038,
1718,
608,
265,
1704,
863,
1685,
1214,
847,
797,
1840,
306,
47,
537,
2452,
79,
1664,
1308,
86,
505,
1657,
715,
676,
234,
1042,
1857,
1387,
88,
527,
269,
658,
707,
1631,
1419,
918,
801,
976,
835,
361,
78,
186,
963,
826,
453,
710,
812,
345,
628,
53,
430,
118,
753,
659,
825,
643,
435,
161,
965,
346,
1081,
154,
715,
688,
691,
738,
179,
485,
2095,
709,
125,
2490,
40,
665,
385,
1111,
714,
584,
655,
965,
156,
160,
564,
86,
155,
2351,
44,
140,
295,
660,
170,
44,
319,
560,
44,
640,
504,
140,
225,
211,
93,
281,
1069,
250,
154,
763,
150,
1089,
160,
1095,
75,
691,
462,
898,
203,
631,
1393,
1034,
131,
142,
141,
44,
279,
107,
669,
802,
211,
1263,
295,
837,
146,
972,
808,
733,
148,
86,
747,
1435,
136,
706,
122,
37,
609,
390,
653,
312,
214,
117,
567,
978,
318,
406,
39,
236,
160,
673,
236,
206,
168,
153,
42,
130,
68,
86,
658,
96,
94,
390,
607,
490,
86,
1440,
1055,
2089,
182,
290,
155,
436,
223,
85,
1047,
635,
313,
161,
305,
542,
45,
135,
143,
370,
704,
1512,
1438,
802,
714,
476,
801,
488,
764,
1455,
2297,
669,
154,
661,
526,
1244,
165,
1708,
544,
161,
160,
324,
2056,
605,
178,
331,
108,
67,
119,
78,
60,
395,
154,
42,
330,
99,
89,
616,
369,
607,
1812,
465,
37,
2766,
2996,
89,
593,
2694,
1706,
852,
39,
97,
1803,
1426,
784,
552,
728,
1906,
128,
1145,
80,
192,
1453,
202,
1767,
785,
464,
830,
552,
572,
1313,
177,
878,
637,
838,
1310,
1435,
1832,
89,
1396,
253,
42,
1393,
363,
274,
1709,
1926,
555,
306,
701,
845,
1185,
195,
314,
355,
1245,
823,
546,
1391,
1912,
829,
473,
89,
831,
569,
818,
620,
475,
41,
167,
99,
187,
183,
1467,
43,
182,
314,
1200,
292,
84,
1206,
432,
253,
867,
998,
211,
448,
542,
42,
462,
311,
246,
1836,
85,
986,
306,
1848,
972,
229,
2898,
306,
2264,
621,
1205,
1006,
657,
1844,
984,
1626,
854,
700,
96,
326,
344,
1889,
1109,
179,
99,
1630,
313,
83,
735,
83,
90,
311,
301,
42,
1844,
300,
299,
43,
315,
1877,
588,
597,
1019,
300,
580,
300,
44,
498,
484,
149,
1721,
176,
298,
822,
158,
297,
79,
1803,
1010,
809,
1211,
48,
1984,
39,
146,
2034,
2887,
299,
820,
76,
194,
1623,
677,
733,
301,
1176,
1916,
185,
43,
177,
1074,
2053,
2867,
1449,
139,
87,
38,
1779,
1365,
192,
50,
1083,
1757,
36,
207,
314,
907,
180,
702,
254,
152,
201,
194,
493,
2932,
80,
136,
43,
1507,
1413,
492,
231,
509,
754,
494,
707,
146,
842,
871,
180,
1923,
191,
1031,
800,
797,
765,
722,
262,
542,
252,
261,
248,
1781,
256,
562,
1701,
550,
199,
208,
198,
407,
1764,
171,
1176,
160,
813,
368,
424,
2323,
736,
1242,
1123,
757,
3007,
1246,
1781,
2088,
508,
1780,
478,
789,
156,
1308,
707,
43,
674,
163,
161,
134,
865,
177,
128,
670,
136,
368,
126,
147,
145,
43,
2792,
131,
132,
125,
640,
631,
313,
323,
175,
104,
349,
246,
1462,
1042,
618,
187,
735,
174,
800,
104,
132,
603,
110,
107,
309,
1777,
1241,
108,
1691,
289,
39,
2137,
240,
1751,
585,
266,
637,
2379,
233,
567,
246,
1704,
567,
1046,
254,
107,
833,
142,
113,
1828,
105,
129,
103,
115,
501,
1259,
1569,
940,
124,
600,
811,
638,
896,
1554,
338,
570,
111,
999,
116,
106,
676,
2952,
87,
1267,
41,
1372,
1086,
110,
743,
269,
346,
1147,
108,
104,
134,
389,
1057,
362,
1053,
2839,
679,
163,
139,
277,
111,
250,
137,
171,
895,
2715,
160,
124,
1229,
1391,
845,
108,
41,
84,
2709,
634,
102,
1166,
1863,
108,
1231,
102,
515,
129,
95,
103,
502,
390,
419,
74,
144,
281,
73,
145,
86,
1233,
590,
72,
177,
158,
85,
134,
70,
1198,
164,
1243,
46,
121,
255,
279,
158,
216,
164,
538,
1288,
186,
1316,
146,
41,
1309,
79,
675,
266,
885,
1404,
1456,
1151,
438,
2009,
977,
860,
681,
935,
1977,
819,
459,
954,
2729,
2713,
287,
562,
427,
1315,
1295,
675,
1679,
769,
891,
631,
1311,
2464,
89,
658,
1635,
1082,
548,
274,
1296,
190,
1857,
1324,
560,
1504,
1630,
1689,
1296,
1325,
420,
1988,
1026,
369,
794,
1656,
142,
167,
566,
155,
925,
357,
154,
281,
178,
75,
367,
122,
165,
280,
501,
417,
601,
646,
99,
567,
578,
86,
580,
573,
271,
86,
1664,
891,
85,
165,
683,
104,
1509,
573,
837,
230,
125,
148,
1128,
1379,
86,
329,
172,
85,
76,
111,
384,
88,
93,
104,
76,
85,
647,
71,
105,
91,
70,
1342,
403,
86,
2087,
87,
2112,
1306,
98,
1131,
58,
1335,
1359,
1098,
84,
2573,
88,
48,
91,
311,
1024,
1594,
84,
677,
1080,
1277,
1349,
1666,
447,
669,
818,
83,
1439,
549,
773,
439,
1098,
1339,
191,
637,
1156,
766,
1548,
1400,
934,
1744,
43,
530,
1245,
430,
40,
2982,
2348,
941,
970,
1009,
1051,
1350,
894,
757,
328,
104,
1717,
778,
2143,
723,
636,
1378,
933,
773,
1353,
349,
3044,
42,
184,
1309,
756,
769,
1375,
780,
1597,
590,
124,
39,
3055,
757,
114,
508,
964,
348,
647,
630,
3015,
650,
645,
95,
99,
709,
405,
349,
1534,
1700,
199,
1710,
460,
233,
546,
337,
195,
332,
2659,
967,
239,
1029,
201,
249,
2012,
318,
967,
232,
898,
2635,
2626,
214,
179,
777,
1988,
844,
1061,
188,
3111,
185,
866,
2707,
163,
914,
2023,
139,
354,
1156,
822,
1795,
553,
1094,
3003,
2879,
758,
239,
143,
177,
610,
566,
143,
78,
411,
1393,
1589,
1391,
2074,
651,
219,
142,
449,
682,
103,
1029,
264,
663,
295,
2544,
141,
1074,
448,
443,
408,
1914,
796,
296,
100,
141,
980,
1883,
174,
140,
109,
39,
887,
1430,
615,
2206,
1350,
2888,
1486,
142,
1012,
817,
2881,
1057,
877,
923,
2080,
869,
1161,
741,
871,
214,
2850,
112,
55,
661,
544,
885,
140,
3082,
325,
763,
216,
1365,
225,
1355,
536,
184,
194,
179,
1984,
178,
1116,
140,
138,
2847,
1053,
558,
1946,
1240,
1630,
429,
716,
1419,
150,
919,
210,
691,
1357,
1037,
44,
577,
747,
724,
1215,
589,
131,
693,
781,
772,
110,
229,
800,
1623,
219,
442,
275,
142,
196,
1239,
152,
1294,
1294,
441,
1327,
1187,
1365,
320,
142,
2773,
82,
724,
232,
163,
867,
926,
452,
810,
896,
855,
238,
117,
1253,
1295,
693,
932,
1290,
1234,
527,
1371,
1011,
95,
623,
165,
2716,
1952,
642,
1358,
577,
668,
1132,
1291,
835,
1289,
1278,
433,
1580,
165,
237,
232,
870,
882,
1061,
815,
39,
797,
810,
150,
307,
2551,
854,
248,
92,
812,
319,
837,
1044,
447,
1288,
217,
1453,
244,
2028,
187,
2879,
1239,
1450,
2728,
3148,
39,
2766,
1862,
2285,
673,
152,
892,
2759,
42,
974,
1985,
2256,
43,
150,
690,
984,
2961,
1978,
1349,
185,
1055,
104,
311,
173,
734,
198,
977,
297,
2121,
1040,
826,
183,
156,
43,
392,
231,
800,
928,
104,
305,
393,
469,
1512,
101,
162,
98,
309,
1338,
153,
955,
1037,
1431,
314,
1601,
1017,
1806,
738,
1006,
921,
1170,
1088,
2172,
251,
151,
2004,
228,
1079,
1096,
983,
1376,
109,
205,
1228,
412,
2051,
447,
222,
864,
37,
445,
278,
442,
107,
1083,
1080,
572,
697,
811,
1900,
1074,
343,
189,
711,
76,
97,
1051,
1283,
1074,
770,
1670,
40,
94,
775,
469,
88,
898,
504,
170,
165,
1764,
942,
118,
117,
1889,
1237,
194,
1153,
876,
1516,
1513,
117,
591,
452,
429,
1444,
800,
116,
1528,
1444,
140,
115,
342,
364,
423,
1768,
389,
456,
1018,
1026,
197,
325,
160,
337,
935,
1555,
704,
413,
263,
2790,
1701,
947,
770,
1521,
471,
124,
39,
1094,
312,
3008,
431,
1671,
42,
1026,
322,
1285,
76,
1442,
461,
1090,
926,
1545,
2876,
76,
414,
681,
609,
1087,
1476,
847,
1521,
1028,
119,
646,
1389,
711,
1977,
257,
1936,
111,
1254,
145,
101,
362,
336,
814,
790,
929,
990,
74,
762,
639,
70,
901,
779,
1283,
1489,
1655,
1086,
1077,
435,
216,
73,
1045,
1255,
1191,
557,
940,
672,
724,
74,
482,
819,
1104,
628,
384,
74,
939,
395,
1147,
1208,
44,
66,
653,
1629,
65,
362,
63,
230,
1901,
1268,
1119,
957,
547,
228,
235,
245,
263,
1567,
202,
326,
918,
1046,
1050,
900,
1935,
1629,
256,
1200,
1882,
1085,
45,
836,
183,
965,
951,
59,
969,
960,
222,
70,
441,
297,
849,
38,
183,
1698,
62,
550,
61,
477,
2809,
1050,
59,
1575,
205,
196,
1693,
194,
144,
468,
359,
551,
443,
56,
983,
837,
976,
45,
1142,
639,
692,
1048,
2023,
1402,
1187,
295,
1579,
125,
134,
53,
1751,
3073,
443,
53,
1154,
1713,
42,
913,
112,
1863,
292,
53,
191,
287,
288,
89,
153,
145,
2185,
125,
565,
260,
117,
2974,
1454,
991,
2185,
920,
980,
845,
1152,
44,
979,
977,
972,
222,
324,
285,
1492,
115,
977,
1400,
237,
412,
409,
231,
242,
915,
95,
1286,
1320,
38,
940,
927,
1007,
1080,
89,
259,
1425,
1095,
752,
978,
293,
38,
77,
301,
869,
891,
1990,
923,
350,
373,
1425,
281,
326,
209,
265,
1967,
268,
1623,
262,
1762,
278,
273,
292,
737,
285,
921,
94,
198,
628,
1854,
39,
458,
1453,
1090,
1205,
1926,
1874,
1647,
1411,
626,
92,
1399,
196,
176,
643,
152,
77,
94,
323,
648,
2015,
93,
47,
879,
40,
442,
38,
1073,
878,
1033,
1356,
758,
1337,
1813,
311,
2874,
264,
271,
631,
860,
571,
505,
86,
1894,
1461,
1557,
614,
1827,
268,
685,
978,
1340,
853,
1590,
88,
702,
235,
568,
339,
102,
358,
340,
2622,
743,
917,
267,
107,
212,
253,
245,
551,
578,
217,
793,
2005,
428,
609,
959,
2317,
90,
759,
1056,
234,
266,
874,
40,
941,
1930,
364,
818,
693,
1827,
135,
2123,
876,
128,
1645,
1174,
697,
122,
104,
96,
410,
2123,
2116,
82,
823,
694,
1941,
44,
1765,
2483,
262,
266,
94,
2030,
315,
355,
286,
405,
138,
270,
496,
398,
154,
1615,
843,
1058,
1706,
834,
397,
1721,
543,
133,
2527,
1918,
1635,
397,
473,
511,
1784,
2139,
2276,
394,
246,
454,
709,
1945,
779,
1019,
744,
1068,
509,
166,
1053,
413,
999,
201,
1961,
133,
366,
1064,
314,
45,
315,
699,
288,
1000,
437,
761,
203,
1784,
244,
2228,
1162,
314,
742,
161,
1649,
106,
163,
308,
731,
1084,
865,
1791,
162,
113,
241,
824,
844,
475,
2232,
88,
1631,
790,
1504,
1357,
236,
1001,
1826,
231,
2148,
125,
88,
1326,
1305,
257,
2058,
176,
228,
2449,
1716,
369,
226,
1781,
2446,
1572,
1316,
368,
1308,
379,
2115,
297,
87,
256,
263,
254,
1775,
39,
225,
90,
250,
38,
496,
700,
1560,
1095,
218,
1669,
1006,
472,
1360,
516,
1103,
240,
247,
583,
534,
472,
833,
499,
143,
421,
1489,
185,
339,
1183,
243,
879,
37,
259,
561,
521,
166,
1009,
388,
241,
1390,
332,
1972,
616,
56,
603,
1301,
41,
591,
832,
852,
195,
39,
1115,
1835,
227,
254,
233,
831,
207,
209,
481,
197,
841,
139,
321,
175,
1797,
307,
169,
482,
1599,
190,
175,
291,
1559,
1272,
222,
152,
269,
172,
318,
45,
1430,
288,
868,
172,
1834,
512,
1821,
41,
646,
296,
92,
1501,
631,
1672,
318,
1717,
170,
1647,
174,
285,
1637,
170,
161,
679,
169,
39,
169,
2214,
745,
1246,
671,
241,
645,
169,
252,
697,
1834,
2388,
1821,
1940,
280,
40,
758,
1364,
257,
260,
749,
194,
545,
134,
2127,
853,
214,
339,
1166,
1299,
623,
135,
1829,
480,
87,
432,
1969,
2075,
489,
1746,
110,
690,
1741,
1825,
504,
422,
181,
43,
544,
498,
462,
494,
436,
85,
326,
283,
1816,
1701,
128,
398,
447,
84,
1742,
490,
153,
247,
38,
1759,
179,
252,
155,
325,
175,
153,
199,
150,
1344,
430,
334,
150,
258,
147,
51,
143,
219,
135,
474,
501,
46,
296,
1466,
666,
42,
512,
561,
845,
466,
150,
1414,
141,
99,
1398,
1681,
1690,
142,
1143,
1049,
226,
271,
406,
249,
38,
413,
322,
1133,
426,
290,
226,
1471,
1209,
404,
1516,
230,
238,
237,
1186,
77,
295,
1458,
216,
566,
1134,
349,
309,
450,
1149,
852,
433,
1030,
348,
79,
1139,
78,
408,
43,
197,
571,
339,
371,
1336,
999,
722,
1008,
153,
634,
655,
1456,
630,
623,
361,
336,
593,
655,
580,
360,
52,
1467,
354,
1489,
303,
350,
1451,
1993,
573,
366,
504,
336,
1049,
1795,
1392,
347,
86,
364,
651,
358,
1009,
650,
1037,
285,
474,
618,
1031,
46,
1364,
419,
1313,
2164,
89,
341,
304,
553,
1026,
335,
245,
209,
1744,
495,
431,
255,
88,
2442,
254,
1982,
770,
929,
1828,
85,
39,
1824,
1913,
1111,
737,
752,
992,
1632,
1458,
1444,
1489,
538,
1455,
739,
818,
1615,
417,
1411,
1914,
2122,
1422,
1747,
83,
1913,
1003,
313,
1418,
652,
747,
2471,
80,
1468,
39,
1507,
2044,
622,
363,
1527,
370,
361,
1391,
1818,
637,
1658,
570,
435,
125,
621,
612,
2118,
632,
221,
187,
678,
803,
273,
620,
362,
253,
121,
263,
360,
367,
1624,
352,
359,
246,
243,
122,
87,
351,
225,
232,
86,
360,
352,
279,
48,
215,
1236,
98,
922,
200,
355,
97,
81,
359,
1288,
354,
1100,
431,
1428,
125,
39,
1311,
110,
1648,
38,
1550,
99,
1616,
359,
1293,
1412,
543,
1357,
95,
787,
1409,
95,
614,
1844,
1504,
1129,
67,
563,
79,
103,
1283,
702,
1397,
499,
128,
659,
1236,
1360,
292,
249,
1702,
1320,
1354,
273,
190,
1152,
351,
378,
1375,
84,
119,
565,
295,
884,
308,
321,
379,
85,
1363,
592,
318,
560,
744,
217,
682,
1856,
1884,
746,
1617,
132,
502,
732,
347,
1054,
302,
1086,
2517,
1276,
616,
2418,
2165,
736,
1874,
1360,
704,
708,
1160,
42,
1566,
1189,
532,
354,
1267,
1272,
191,
634,
234,
254,
327,
266,
204,
541,
215,
247,
501,
534,
199,
38,
161,
655,
133,
2151,
1585,
255,
1525,
130,
2260,
2020,
255,
578,
140,
1750,
1717,
1781,
268,
223,
200,
1916,
1583,
1379,
2419,
212,
135,
1605,
469,
220,
273,
1086,
175,
1368,
2104,
426,
520,
2389,
204,
2221,
373,
614,
129,
1886,
1410,
1740,
1411,
2274,
55,
2059,
2273,
477,
231,
1074,
1544,
445,
1474,
216,
1950,
115,
1627,
216,
676,
122,
105,
278,
99,
42,
94,
379,
1411,
307,
2592,
1575,
83,
1408,
2173,
347,
1178,
82,
273,
1270,
591,
75,
43,
417,
257,
746,
653,
40,
1505,
262,
1582,
737,
747,
680,
78,
215,
924,
404,
43,
307,
402,
1266,
254,
206,
1320,
737,
1241,
535,
660,
232,
346,
305,
331,
305,
43,
248,
537,
977,
42,
207,
78,
276,
351,
2042,
344,
1116,
188,
132,
195,
1832,
1582,
1477,
698,
191,
302,
280,
486,
187,
1303,
1429,
856,
287,
1375,
625,
300,
184,
861,
311,
782,
1928,
204,
517,
739,
212,
2063,
731,
181,
88,
596,
543,
1098,
552,
445,
569,
1574,
272,
581,
843,
507,
1310,
253,
1417,
652,
512,
386,
360,
1595,
137,
455,
483,
613,
463,
473,
319,
405,
1299,
532,
867,
437,
446,
413,
185,
236,
2175,
38,
444,
540,
901,
363,
547,
948,
1253,
726,
515,
868,
540,
796,
1993,
556,
86,
545,
586,
1097,
1055,
579,
539,
558,
1627,
552,
288,
568,
871,
2122,
1047,
43,
46,
416,
196,
1070,
365,
182,
1331,
1196,
618,
37,
1445,
174,
141,
685,
2528,
156,
191,
678,
2294,
1378,
569,
570,
89,
1494,
519,
2527,
1160,
1006,
349,
1158,
412,
174,
614,
1718,
1150,
610,
2361,
2375,
1075,
1504,
372,
1494,
1258,
2073,
1001,
1335,
49,
1456,
332,
711,
2315,
963,
1484,
1014,
204,
1089,
532,
283,
193,
207,
340,
286,
279,
327,
1066,
1320,
1887,
185,
231,
1628,
2167,
2161,
274,
737,
1503,
1177,
461,
244,
1497,
1491,
40,
896,
271,
158,
248,
715,
275,
1438,
410,
1326,
1326,
1663,
293,
611,
917,
1133,
2229,
1360,
1137,
1634,
2329,
2153,
2083,
268,
1324,
1985,
1307,
2445,
964,
1506,
42,
1688,
1561,
327,
129,
1301,
925,
1494,
305,
1421,
647,
1016,
528,
467,
338,
497,
2290,
588,
541,
75,
493,
589,
504,
446,
497,
489,
2001,
1460,
1449,
459,
1329,
485,
549,
1676,
1180,
580,
982,
669,
1719,
1024,
885,
1462,
730,
1062,
1635,
1357,
1520,
556,
1170,
560,
1161,
2051,
225,
66,
915,
1715,
556,
683,
605,
65,
423,
546,
1785,
44,
474,
422,
41,
399,
846,
328,
88,
1771,
421,
986,
1725,
787,
1941,
410,
496,
1193,
715,
129,
228,
629,
455,
1450,
1104,
552,
1323,
1430,
239,
102,
237,
1705,
191,
1340,
612,
2134,
737,
311,
272,
1496,
2228,
1462,
97,
1966,
45,
246,
1305,
96,
181,
257,
1298,
406,
1373,
1715,
305,
346,
468,
658,
553,
270,
1521,
1157,
472,
404,
575,
431,
1800,
461,
801,
1628,
403,
636,
1287,
370,
783,
496,
1544,
350,
417,
256,
184,
917,
1932,
530,
67,
215,
154,
1948,
464,
307,
586,
376,
584,
200,
1125,
445,
1061,
207,
1645,
1449,
584,
462,
1438,
253,
452,
1998,
587,
1159,
106,
2477,
1720,
1624,
756,
416,
1100,
1369,
44,
1402,
699,
413,
1457,
359,
1519,
232,
1338,
227,
260,
45,
1450,
409,
462,
576,
613,
451,
526,
250,
1111,
198,
1426,
244,
430,
1338,
249,
439,
931,
1503,
2502,
542,
147,
1549,
268,
40,
687,
1528,
146,
443,
1470,
162,
50,
1545,
670,
479,
1396,
871,
1040,
149,
440,
148,
311,
482,
1498,
615,
45,
489,
214,
1494,
948,
145,
248,
192,
231,
480,
144,
2345,
154,
403,
424,
140,
239,
480,
419,
578,
483,
247,
466,
597,
146,
223,
1559,
266,
583,
577,
134,
1454,
602,
241,
655,
248,
400,
178,
223,
1297,
229,
445,
471,
1507,
201,
835,
481,
1039,
1490,
2187,
1022,
106,
644,
1474,
656,
168,
1176,
1566,
1182,
212,
165,
185,
1650,
2367,
121,
161,
1578,
442,
1493,
386,
435,
158,
540,
610,
417,
513,
458,
440,
236,
549,
491,
1813,
659,
108,
167,
1414,
477,
929,
1489,
1482,
593,
272,
1832,
672,
2208,
1538,
54,
1414,
696,
1305,
688,
416,
721,
1512,
622,
697,
451,
378,
391,
513,
687,
179,
747,
327,
664,
250,
2473,
568,
556,
1402,
159,
460,
656,
1604,
415,
42,
156,
1013,
648,
1729,
138,
1137,
408,
405,
365,
158,
476,
413,
43,
398,
132,
158,
729,
1522,
939,
482,
632,
1568,
946,
674,
120,
754,
1318,
1547,
552,
754,
120,
1012,
108,
85,
1577,
267,
45,
777,
419,
427,
1475,
1722,
1294,
409,
390,
1736,
377,
534,
1427,
547,
91,
429,
240,
337,
449,
1434,
388,
1390,
1481,
235,
1426,
1472,
499,
1846,
479,
470,
454,
530,
1160,
26,
529,
1032,
504,
525,
229,
41,
1459,
1167,
330,
512,
461,
498,
561,
578,
1193,
232,
539,
322,
408,
367,
571,
300,
213,
530,
521,
535,
373,
201,
75,
383,
195,
539,
508,
469,
424,
517,
42,
483,
533,
304,
1293,
1182,
40,
1279,
400,
203,
988,
434,
199,
80,
1012,
616,
1545,
552,
177,
479,
392,
473,
456,
664,
1285,
671,
1743,
368,
341,
385,
151,
441,
391,
432,
177,
148,
382,
502,
1570,
455,
454,
485,
473,
1565,
1587,
132,
48,
1387,
351,
1058,
43,
1299,
1350,
1361,
570,
151,
1531,
610,
1554,
936,
1563,
367,
1765,
1709,
41,
134,
1562,
1549,
45,
1619,
1882,
2135,
872,
1753,
39,
755,
1661,
786,
1919,
44,
996,
227,
1269,
362,
1338,
329,
174,
128,
1831,
1292,
217,
142,
230,
140,
148,
1233,
348,
1399,
336,
774,
283,
308,
2134,
760,
1377,
319,
385,
207,
286,
1078,
1281,
1066,
1506,
1398,
314,
230,
1083,
250,
1066,
1593,
2147,
1287,
1556,
770,
361,
319,
533,
145,
1404,
233,
249,
1352,
964,
1268,
226,
698,
389,
1236,
1531,
146,
961,
957,
1132,
1700,
353,
45,
145,
942,
1008,
952,
373,
1385,
2572,
2289,
38,
1188,
326,
952,
568,
1392,
2342,
396,
2562,
2519,
104,
923,
355,
1422,
1414,
37,
94,
1890,
1334,
1095,
915,
1572,
177,
105,
36,
390,
485,
1778,
519,
177,
2521,
1090,
1425,
52,
96,
2399,
1398,
82,
2128,
914,
2121,
1163,
771,
799,
575,
563,
39,
560,
1697,
2559,
1401,
1177,
1296,
1012,
1610,
1287,
654,
872,
921,
46,
38,
1696,
250,
716,
1917,
776,
548,
2540,
436,
785,
1114,
1292,
1232,
2377,
242,
718,
39,
1193,
2567,
261,
2541,
37,
1131,
302,
1576,
1421,
1393,
252,
1209,
1209,
1691,
2558,
183,
1195,
1076,
527,
632,
2534,
38,
1337,
1748,
478,
1302,
1253,
55,
159,
616,
2284,
1119,
1737,
1069,
319,
456,
1740,
389,
143,
819,
2104,
324,
147,
1305,
1149,
421,
1482,
472,
484,
1610,
343,
144,
1614,
1516,
143,
1158,
439,
662,
1509,
1587,
88,
50,
1488,
1252,
342,
1610,
283,
491,
1606,
328,
409,
965,
266,
36,
446,
225,
1667,
454,
143,
577,
1179,
333,
1533,
388,
491,
526,
405,
115,
339,
491,
1255,
264,
108,
573,
435,
952,
244,
1438,
92,
441,
169,
232,
428,
58,
408,
267,
368,
757,
510,
261,
40,
277,
269,
416,
414,
77,
409,
2481,
319,
42,
476,
970,
425,
221,
447,
1515,
978,
377,
282,
366,
1632,
1494,
1243,
353,
1468,
2576,
358,
191,
1563,
1196,
1525,
555,
241,
1623,
1603,
1501,
388,
832,
496,
672,
1670,
351,
1476,
1689,
1187,
554,
202,
619,
44,
1834,
1493,
772,
2415,
397,
372,
199,
309,
39,
248,
246,
1641,
572,
1189,
959,
199,
1274,
39,
235,
2018,
370,
2236,
357,
424,
394,
1205,
208,
423,
995,
1709,
183,
1301,
190,
994,
248,
414,
2364,
263,
1194,
276,
511,
316,
248,
1494,
906,
1290,
1316,
332,
960,
598,
358,
926,
1851,
1720,
1227,
1136,
319,
481,
2345,
623,
1505,
211,
322,
75,
317,
592,
346,
46,
449,
639,
646,
319,
276,
590,
833,
372,
317,
1429,
586,
75,
304,
589,
196,
292,
880,
570,
178,
174,
371,
1106,
184,
313,
238,
688,
510,
358,
260,
276,
48,
202,
653,
301,
249,
501,
235,
1312,
320,
206,
247,
1689,
767,
2104,
1406,
2567,
2451,
94,
389,
509,
649,
133,
2024,
2484,
596,
630,
122,
1387,
1242,
871,
436,
1228,
606,
490,
1374,
