33,
34,
55,
38,
39,
57,
43,
41,
41,
73,
75,
40,
32,
39,
67,
86,
90,
86,
38,
90,
86,
66,
47,
92,
68,
103,
91,
34,
55,
49,
84,
92,
65,
122,
116,
123,
117,
119,
121,
116,
34,
76,
101,
114,
92,
54,
41,
85,
40,
53,
127,
33,
82,
137,
121,
125,
135,
116,
106,
122,
104,
45,
122,
75,
124,
137,
117,
141,
142,
130,
129,
77,
130,
134,
98,
75,
145,
128,
138,
123,
140,
108,
143,
119,
141,
103,
141,
43,
122,
108,
123,
151,
121,
82,
96,
158,
79,
150,
135,
153,
71,
137,
43,
139,
101,
113,
140,
38,
90,
176,
151,
160,
149,
100,
87,
148,
157,
127,
150,
111,
78,
127,
146,
34,
121,
159,
90,
148,
112,
132,
128,
137,
136,
146,
157,
125,
133,
73,
190,
134,
71,
159,
45,
121,
43,
131,
42,
158,
147,
115,
121,
131,
136,
133,
176,
164,
173,
133,
98,
98,
124,
94,
123,
156,
87,
144,
113,
154,
50,
86,
119,
45,
123,
40,
168,
112,
143,
45,
42,
174,
159,
63,
87,
140,
181,
94,
187,
213,
142,
167,
49,
155,
41,
42,
147,
143,
83,
198,
94,
205,
87,
72,
211,
116,
224,
213,
31,
81,
117,
118,
229,
156,
160,
225,
145,
82,
123,
164,
224,
235,
129,
110,
125,
138,
124,
91,
206,
179,
166,
114,
147,
195,
233,
222,
124,
39,
93,
222,
77,
138,
193,
199,
225,
174,
249,
227,
212,
223,
162,
131,
45,
151,
240,
188,
48,
97,
184,
169,
180,
42,
212,
191,
178,
178,
171,
234,
207,
179,
192,
206,
41,
158,
172,
146,
210,
217,
252,
186,
232,
163,
226,
205,
142,
237,
177,
149,
182,
148,
222,
103,
170,
228,
181,
219,
39,
225,
191,
208,
182,
228,
184,
207,
185,
231,
234,
151,
173,
180,
270,
189,
218,
281,
165,
161,
161,
174,
36,
161,
175,
171,
211,
171,
169,
204,
167,
184,
248,
169,
137,
44,
150,
166,
177,
258,
201,
151,
248,
286,
68,
109,
248,
214,
123,
199,
129,
166,
240,
197,
213,
138,
220,
195,
192,
187,
95,
188,
163,
213,
174,
160,
135,
138,
202,
110,
187,
157,
135,
203,
198,
43,
45,
224,
52,
167,
204,
147,
56,
217,
177,
176,
180,
182,
213,
154,
193,
163,
118,
182,
220,
215,
189,
212,
207,
167,
208,
179,
220,
35,
166,
183,
219,
118,
165,
214,
138,
168,
157,
235,
150,
199,
155,
208,
173,
158,
192,
181,
146,
179,
143,
194,
284,
221,
151,
163,
123,
223,
303,
315,
112,
187,
44,
86,
173,
96,
164,
172,
167,
136,
116,
89,
42,
111,
100,
303,
38,
108,
98,
308,
193,
276,
94,
179,
89,
166,
127,
239,
175,
145,
128,
331,
167,
102,
167,
68,
264,
282,
318,
103,
267,
207,
171,
260,
300,
220,
298,
34,
209,
132,
183,
264,
110,
294,
225,
209,
234,
308,
161,
41,
240,
312,
181,
137,
296,
297,
213,
233,
40,
156,
144,
200,
264,
222,
272,
188,
240,
207,
265,
334,
245,
249,
198,
264,
232,
167,
210,
285,
175,
214,
202,
183,
133,
190,
169,
258,
150,
212,
160,
201,
264,
126,
282,
372,
173,
197,
263,
118,
361,
175,
185,
38,
179,
31,
171,
200,
190,
285,
202,
124,
242,
180,
180,
145,
190,
384,
306,
173,
148,
376,
402,
47,
337,
157,
145,
255,
43,
165,
143,
263,
143,
77,
183,
130,
181,
47,
308,
127,
145,
118,
43,
298,
326,
276,
35,
296,
303,
196,
175,
264,
407,
318,
270,
75,
241,
151,
127,
322,
416,
61,
276,
97,
261,
124,
279,
172,
45,
237,
219,
238,
100,
45,
180,
40,
240,
281,
316,
46,
309,
218,
221,
273,
238,
195,
133,
211,
139,
215,
92,
243,
201,
131,
164,
159,
260,
257,
72,
259,
188,
83,
201,
147,
187,
255,
206,
134,
82,
321,
68,
118,
127,
242,
74,
136,
183,
134,
139,
156,
229,
39,
218,
82,
281,
421,
87,
135,
171,
276,
277,
180,
191,
77,
154,
43,
162,
186,
176,
276,
177,
149,
157,
307,
306,
189,
281,
174,
160,
294,
208,
142,
270,
257,
300,
264,
48,
286,
304,
181,
293,
156,
191,
277,
205,
50,
242,
45,
163,
296,
72,
292,
181,
49,
288,
296,
260,
230,
182,
70,
287,
269,
138,
216,
220,
279,
265,
183,
234,
269,
185,
48,
232,
189,
48,
271,
154,
257,
183,
285,
201,
267,
206,
274,
210,
151,
132,
371,
232,
155,
253,
265,
186,
319,
310,
258,
202,
126,
290,
174,
263,
251,
265,
317,
193,
166,
49,
238,
309,
155,
282,
225,
307,
143,
172,
178,
163,
157,
305,
239,
258,
184,
154,
316,
189,
141,
51,
246,
251,
258,
245,
170,
257,
309,
274,
223,
261,
281,
33,
290,
218,
278,
214,
235,
257,
281,
216,
211,
171,
198,
175,
170,
230,
191,
383,
314,
241,
330,
206,
151,
227,
287,
189,
170,
275,
144,
272,
268,
461,
146,
209,
267,
235,
201,
149,
193,
177,
210,
311,
150,
166,
193,
189,
139,
386,
318,
53,
313,
161,
204,
171,
182,
84,
424,
46,
188,
199,
159,
181,
232,
364,
160,
308,
178,
105,
148,
194,
120,
176,
156,
390,
278,
169,
215,
335,
154,
234,
121,
129,
148,
310,
144,
49,
186,
121,
46,
134,
302,
187,
88,
438,
292,
163,
138,
282,
218,
88,
116,
228,
178,
188,
301,
89,
134,
193,
274,
81,
42,
169,
308,
298,
155,
192,
144,
292,
55,
277,
184,
227,
182,
36,
291,
91,
315,
111,
248,
233,
204,
485,
436,
201,
323,
184,
186,
450,
150,
383,
471,
194,
228,
308,
500,
183,
372,
30,
305,
165,
195,
346,
230,
220,
457,
307,
404,
329,
430,
151,
425,
117,
198,
229,
205,
182,
225,
36,
162,
161,
169,
357,
132,
377,
125,
216,
207,
167,
176,
299,
403,
221,
239,
396,
373,
216,
438,
162,
202,
331,
196,
328,
150,
326,
168,
359,
376,
387,
37,
48,
372,
188,
358,
234,
44,
366,
335,
376,
200,
382,
169,
235,
202,
362,
310,
155,
357,
239,
102,
361,
44,
171,
193,
196,
341,
198,
89,
363,
407,
134,
210,
234,
387,
137,
258,
339,
335,
210,
332,
129,
328,
154,
119,
189,
154,
324,
298,
356,
193,
266,
142,
198,
336,
347,
236,
176,
144,
276,
230,
339,
333,
44,
229,
165,
41,
258,
286,
156,
446,
142,
216,
357,
476,
149,
128,
344,
434,
344,
120,
45,
266,
197,
400,
351,
137,
102,
320,
350,
277,
131,
179,
345,
86,
31,
153,
164,
142,
125,
101,
345,
99,
341,
260,
433,
345,
101,
39,
326,
138,
379,
200,
91,
354,
39,
158,
112,
43,
362,
343,
443,
168,
192,
307,
250,
274,
174,
138,
136,
394,
278,
366,
133,
522,
272,
77,
286,
309,
130,
122,
271,
558,
174,
454,
114,
152,
517,
169,
161,
118,
145,
174,
134,
237,
90,
220,
168,
72,
181,
108,
204,
306,
183,
159,
119,
46,
104,
221,
255,
75,
34,
118,
253,
62,
166,
146,
168,
159,
89,
63,
370,
83,
271,
82,
30,
63,
186,
229,
47,
46,
145,
76,
19,
103,
190,
94,
271,
186,
122,
76,
181,
269,
300,
559,
275,
374,
330,
73,
258,
314,
346,
294,
481,
379,
229,
341,
243,
42,
88,
349,
397,
248,
247,
320,
219,
368,
296,
305,
183,
92,
263,
192,
258,
206,
227,
483,
185,
135,
262,
207,
306,
399,
266,
94,
319,
336,
295,
232,
417,
392,
159,
300,
151,
240,
186,
178,
211,
247,
209,
264,
325,
289,
147,
216,
283,
280,
360,
330,
188,
281,
276,
181,
166,
272,
508,
384,
515,
448,
261,
415,
35,
358,
167,
195,
387,
272,
209,
260,
213,
279,
485,
217,
156,
253,
191,
263,
399,
204,
426,
204,
284,
198,
330,
313,
519,
205,
156,
405,
195,
290,
181,
290,
240,
213,
221,
188,
247,
328,
179,
183,
278,
69,
244,
110,
174,
336,
656,
141,
168,
286,
156,
115,
176,
153,
204,
290,
249,
284,
181,
286,
261,
164,
297,
255,
174,
155,
214,
41,
221,
393,
268,
267,
171,
332,
304,
207,
219,
199,
313,
136,
262,
289,
445,
188,
382,
223,
192,
219,
417,
249,
168,
135,
279,
454,
170,
153,
222,
380,
444,
241,
609,
130,
273,
274,
272,
196,
162,
137,
192,
422,
40,
218,
142,
136,
565,
444,
434,
188,
682,
154,
352,
344,
456,
242,
444,
239,
444,
317,
647,
134,
421,
218,
645,
88,
40,
403,
493,
33,
435,
177,
483,
422,
232,
82,
413,
142,
194,
463,
365,
144,
184,
441,
273,
631,
334,
387,
304,
503,
205,
125,
92,
340,
383,
100,
369,
298,
320,
207,
206,
235,
324,
378,
401,
138,
458,
139,
40,
261,
180,
92,
178,
347,
250,
427,
153,
45,
148,
316,
85,
37,
186,
432,
401,
332,
486,
250,
283,
114,
47,
175,
351,
388,
431,
440,
160,
164,
410,
387,
92,
271,
376,
223,
481,
218,
264,
386,
202,
87,
86,
384,
653,
39,
457,
47,
473,
191,
151,
79,
602,
226,
193,
182,
264,
487,
269,
165,
464,
261,
311,
421,
309,
47,
203,
152,
435,
235,
147,
409,
364,
40,
269,
229,
468,
164,
464,
114,
380,
126,
88,
267,
99,
303,
461,
78,
472,
269,
99,
453,
433,
71,
124,
34,
117,
74,
48,
46,
210,
153,
409,
482,
41,
113,
432,
231,
99,
108,
242,
235,
428,
99,
256,
354,
77,
264,
296,
163,
435,
247,
346,
219,
32,
48,
217,
358,
268,
356,
268,
243,
60,
350,
69,
261,
189,
257,
277,
43,
41,
247,
164,
229,
157,
240,
252,
243,
172,
207,
70,
271,
255,
233,
163,
159,
222,
313,
233,
239,
425,
188,
229,
293,
336,
40,
181,
150,
202,
224,
256,
259,
244,
188,
259,
316,
292,
176,
300,
250,
298,
46,
234,
238,
42,
173,
159,
246,
283,
165,
260,
272,
276,
141,
220,
148,
172,
151,
298,
158,
198,
232,
276,
302,
222,
207,
170,
256,
244,
134,
167,
253,
217,
233,
271,
260,
390,
235,
275,
181,
367,
261,
332,
232,
238,
203,
46,
157,
145,
220,
569,
319,
159,
181,
309,
45,
158,
129,
43,
230,
219,
153,
485,
392,
156,
167,
143,
483,
175,
234,
573,
139,
473,
221,
138,
214,
451,
263,
181,
103,
207,
266,
252,
152,
439,
589,
379,
241,
214,
543,
598,
342,
144,
282,
206,
342,
167,
196,
150,
269,
223,
290,
207,
549,
246,
235,
166,
204,
259,
245,
205,
192,
266,
195,
540,
393,
545,
252,
537,
191,
194,
470,
174,
168,
264,
496,
228,
39,
252,
204,
226,
167,
208,
410,
250,
188,
154,
151,
132,
160,
219,
217,
223,
139,
254,
446,
194,
160,
110,
297,
296,
161,
116,
158,
119,
193,
167,
143,
267,
401,
128,
187,
119,
110,
190,
117,
128,
440,
85,
116,
43,
258,
86,
412,
85,
82,
106,
103,
168,
232,
70,
136,
105,
391,
131,
358,
96,
159,
501,
204,
293,
58,
309,
55,
406,
283,
401,
310,
226,
236,
293,
354,
202,
290,
574,
233,
521,
190,
168,
494,
196,
494,
171,
149,
42,
164,
491,
70,
171,
326,
504,
197,
159,
162,
183,
295,
172,
258,
520,
531,
147,
278,
153,
356,
461,
464,
135,
154,
433,
615,
114,
152,
296,
85,
426,
314,
436,
363,
144,
301,
189,
425,
248,
142,
568,
397,
544,
500,
549,
259,
556,
210,
525,
467,
536,
559,
547,
68,
531,
241,
514,
67,
190,
46,
171,
152,
176,
47,
496,
319,
577,
42,
204,
46,
425,
663,
208,
280,
179,
174,
495,
215,
316,
214,
538,
227,
166,
249,
632,
513,
177,
222,
497,
256,
510,
326,
196,
532,
214,
340,
427,
186,
216,
203,
454,
522,
206,
243,
633,
313,
512,
202,
165,
508,
184,
241,
532,
337,
506,
531,
492,
404,
39,
574,
47,
159,
175,
379,
328,
590,
38,
551,
604,
629,
303,
654,
203,
170,
493,
250,
45,
142,
197,
638,
579,
154,
433,
207,
205,
665,
173,
151,
138,
347,
176,
591,
324,
148,
224,
356,
495,
68,
654,
351,
211,
123,
170,
33,
127,
171,
444,
58,
285,
430,
45,
153,
490,
115,
219,
196,
598,
116,
73,
138,
444,
141,
416,
408,
126,
140,
396,
140,
175,
140,
127,
91,
330,
454,
431,
392,
121,
467,
274,
360,
331,
321,
104,
410,
44,
392,
114,
395,
217,
113,
384,
188,
88,
374,
339,
380,
95,
456,
47,
110,
46,
316,
362,
182,
372,
348,
176,
238,
83,
362,
283,
358,
346,
353,
280,
262,
266,
378,
224,
342,
222,
112,
247,
217,
196,
277,
239,
385,
201,
255,
329,
192,
216,
377,
77,
235,
355,
302,
357,
337,
58,
298,
102,
210,
308,
290,
333,
268,
313,
252,
98,
196,
311,
267,
280,
56,
293,
254,
91,
257,
399,
331,
374,
250,
184,
232,
90,
196,
331,
362,
366,
247,
468,
370,
173,
338,
397,
352,
365,
336,
285,
207,
229,
360,
206,
324,
326,
227,
292,
377,
230,
232,
52,
196,
229,
39,
361,
248,
244,
306,
338,
50,
264,
243,
166,
539,
257,
203,
294,
265,
305,
415,
227,
263,
557,
264,
242,
250,
281,
281,
247,
337,
522,
231,
239,
228,
300,
246,
337,
178,
46,
252,
391,
327,
180,
377,
241,
397,
44,
371,
190,
241,
273,
227,
187,
217,
259,
185,
193,
526,
328,
298,
309,
162,
242,
225,
262,
556,
127,
140,
285,
273,
465,
337,
92,
318,
257,
471,
331,
303,
274,
557,
301,
292,
421,
290,
445,
284,
379,
355,
431,
355,
265,
289,
109,
350,
328,
257,
459,
269,
634,
248,
505,
227,
353,
271,
405,
234,
600,
598,
567,
242,
220,
628,
164,
596,
86,
588,
382,
576,
576,
587,
242,
518,
715,
301,
207,
401,
355,
543,
200,
534,
391,
704,
593,
532,
411,
37,
620,
509,
89,
60,
376,
37,
573,
526,
510,
281,
603,
256,
50,
469,
95,
690,
73,
603,
49,
444,
505,
402,
599,
168,
467,
467,
48,
235,
369,
220,
224,
37,
483,
206,
126,
469,
557,
39,
370,
600,
356,
538,
465,
334,
435,
43,
675,
667,
34,
440,
599,
317,
280,
716,
489,
42,
535,
315,
319,
534,
518,
641,
51,
95,
102,
46,
682,
68,
45,
664,
510,
519,
119,
295,
100,
756,
653,
35,
743,
601,
166,
705,
345,
312,
725,
735,
78,
687,
693,
696,
157,
682,
130,
368,
140,
416,
370,
219,
43,
332,
89,
175,
372,
427,
185,
250,
91,
252,
407,
37,
442,
64,
184,
42,
318,
406,
175,
350,
520,
385,
40,
400,
38,
427,
526,
336,
32,
46,
293,
205,
166,
154,
172,
68,
404,
78,
33,
259,
406,
184,
421,
36,
393,
167,
400,
405,
266,
45,
351,
320,
432,
39,
342,
459,
346,
371,
191,
610,
184,
498,
333,
364,
522,
538,
317,
317,
153,
446,
332,
452,
363,
327,
153,
272,
377,
314,
340,
187,
356,
239,
181,
231,
150,
309,
523,
376,
241,
325,
548,
390,
371,
454,
301,
208,
378,
212,
369,
361,
385,
266,
277,
427,
295,
357,
35,
584,
336,
384,
272,
273,
526,
312,
251,
341,
352,
239,
316,
346,
36,
320,
238,
484,
314,
179,
242,
289,
262,
326,
290,
282,
466,
371,
191,
362,
249,
626,
589,
265,
231,
282,
304,
413,
254,
637,
348,
219,
584,
338,
218,
347,
781,
358,
425,
548,
838,
317,
299,
363,
226,
496,
323,
296,
54,
34,
311,
753,
295,
228,
487,
252,
325,
404,
249,
703,
254,
413,
321,
573,
53,
286,
948,
260,
279,
307,
405,
304,
407,
414,
290,
236,
335,
375,
412,
716,
401,
35,
297,
445,
305,
265,
301,
274,
669,
271,
372,
270,
392,
259,
441,
254,
296,
340,
249,
257,
247,
291,
696,
387,
244,
247,
379,
329,
353,
335,
367,
583,
348,
417,
242,
363,
398,
324,
408,
366,
349,
267,
242,
417,
252,
363,
335,
266,
353,
309,
367,
240,
557,
304,
362,
296,
494,
488,
237,
334,
347,
404,
685,
302,
359,
349,
249,
295,
393,
378,
460,
698,
295,
330,
394,
328,
436,
630,
709,
459,
284,
346,
322,
458,
415,
227,
644,
201,
342,
316,
656,
234,
325,
293,
176,
632,
396,
400,
120,
628,
228,
251,
628,
384,
409,
478,
371,
144,
439,
273,
618,
605,
399,
489,
172,
226,
645,
284,
681,
380,
610,
679,
142,
475,
136,
683,
129,
534,
729,
150,
135,
139,
723,
574,
893,
612,
889,
737,
471,
118,
198,
565,
165,
605,
104,
782,
486,
163,
163,
197,
847,
114,
681,
146,
562,
845,
438,
159,
148,
146,
539,
143,
155,
68,
165,
293,
679,
123,
386,
286,
79,
579,
277,
124,
589,
488,
488,
622,
125,
447,
151,
300,
329,
774,
255,
127,
723,
534,
111,
97,
221,
475,
517,
93,
500,
432,
452,
89,
87,
554,
146,
512,
476,
79,
74,
62,
369,
58,
472,
389,
437,
399,
46,
131,
579,
520,
115,
392,
383,
369,
456,
40,
285,
367,
366,
833,
278,
479,
377,
327,
71,
67,
404,
269,
318,
42,
353,
405,
275,
158,
373,
774,
74,
165,
530,
352,
357,
303,
368,
247,
518,
464,
154,
337,
138,
600,
278,
195,
387,
356,
446,
400,
298,
400,
258,
382,
130,
464,
135,
378,
344,
347,
929,
236,
330,
407,
199,
218,
388,
122,
463,
301,
481,
346,
349,
462,
262,
118,
359,
160,
168,
118,
392,
42,
344,
461,
231,
445,
377,
119,
185,
562,
227,
556,
532,
211,
402,
352,
375,
345,
411,
409,
438,
164,
317,
224,
464,
195,
460,
353,
407,
930,
398,
170,
38,
562,
385,
453,
343,
321,
320,
374,
569,
314,
995,
290,
561,
446,
984,
979,
445,
534,
275,
458,
265,
995,
133,
314,
441,
457,
129,
366,
373,
455,
516,
263,
257,
452,
773,
523,
334,
439,
440,
520,
200,
354,
408,
350,
1027,
453,
263,
484,
1002,
421,
397,
369,
384,
468,
427,
338,
521,
429,
626,
355,
472,
500,
439,
353,
332,
425,
626,
386,
386,
460,
331,
638,
522,
449,
402,
428,
351,
365,
404,
375,
394,
408,
736,
798,
269,
249,
290,
463,
300,
489,
413,
478,
610,
349,
313,
404,
367,
583,
557,
449,
531,
233,
657,
382,
268,
328,
519,
752,
426,
396,
680,
422,
296,
796,
261,
305,
455,
455,
495,
321,
427,
688,
286,
365,
646,
343,
344,
248,
333,
489,
333,
339,
242,
421,
457,
485,
529,
327,
279,
443,
493,
316,
691,
508,
241,
477,
313,
726,
417,
795,
240,
301,
588,
712,
436,
271,
378,
490,
237,
686,
520,
248,
247,
231,
663,
686,
268,
322,
234,
288,
170,
168,
392,
243,
326,
697,
143,
217,
165,
185,
404,
579,
150,
147,
451,
118,
690,
443,
310,
444,
447,
545,
113,
495,
107,
587,
90,
581,
249,
495,
543,
580,
110,
81,
240,
690,
105,
249,
476,
996,
104,
683,
236,
468,
1004,
235,
691,
386,
462,
446,
227,
561,
231,
418,
355,
203,
363,
501,
231,
687,
403,
508,
240,
396,
481,
676,
1014,
367,
320,
402,
581,
696,
289,
392,
443,
360,
553,
693,
403,
615,
183,
388,
347,
739,
601,
458,
498,
648,
457,
181,
157,
185,
252,
473,
121,
501,
400,
307,
178,
111,
179,
470,
284,
147,
462,
90,
504,
138,
88,
214,
448,
147,
415,
123,
214,
315,
487,
471,
169,
409,
184,
246,
774,
120,
89,
714,
412,
265,
293,
104,
145,
136,
283,
219,
720,
144,
162,
115,
723,
399,
143,
155,
115,
130,
744,
101,
84,
105,
150,
731,
536,
46,
489,
379,
39,
355,
323,
815,
49,
495,
583,
375,
437,
306,
228,
153,
481,
200,
131,
485,
235,
733,
462,
73,
903,
81,
535,
228,
452,
1135,
367,
427,
462,
1085,
437,
481,
351,
413,
406,
642,
372,
430,
616,
462,
682,
677,
434,
448,
356,
389,
701,
375,
331,
379,
499,
344,
376,
1092,
383,
449,
668,
70,
417,
396,
547,
1109,
155,
676,
319,
416,
381,
421,
383,
475,
764,
172,
1129,
460,
388,
490,
498,
336,
170,
327,
461,
152,
385,
410,
341,
485,
689,
375,
58,
323,
451,
398,
1183,
241,
487,
331,
205,
410,
1118,
186,
430,
499,
946,
157,
616,
365,
421,
182,
334,
297,
676,
690,
847,
337,
965,
357,
569,
597,
1183,
568,
364,
421,
291,
474,
498,
346,
351,
303,
666,
428,
232,
353,
411,
43,
478,
359,
454,
285,
43,
750,
307,
495,
381,
475,
514,
436,
237,
567,
569,
480,
334,
470,
305,
278,
827,
809,
289,
797,
194,
201,
976,
276,
831,
263,
350,
171,
218,
179,
164,
356,
170,
374,
1143,
278,
300,
531,
772,
670,
181,
710,
285,
269,
792,
184,
365,
579,
297,
167,
469,
205,
310,
77,
347,
749,
279,
250,
266,
858,
204,
506,
270,
765,
84,
265,
833,
268,
76,
453,
471,
829,
132,
802,
485,
713,
268,
233,
469,
724,
244,
449,
386,
83,
712,
83,
233,
732,
424,
82,
217,
293,
799,
722,
228,
345,
703,
194,
444,
539,
119,
144,
566,
569,
683,
387,
569,
60,
214,
675,
402,
565,
532,
561,
120,
253,
570,
443,
134,
378,
706,
338,
93,
538,
497,
774,
334,
517,
328,
285,
727,
254,
535,
1254,
304,
127,
287,
178,
724,
449,
547,
714,
288,
518,
141,
256,
1296,
133,
255,
517,
769,
738,
514,
354,
434,
503,
749,
728,
576,
722,
520,
717,
156,
716,
714,
384,
217,
706,
358,
758,
658,
334,
321,
984,
280,
618,
267,
232,
572,
293,
451,
571,
383,
413,
431,
417,
292,
218,
396,
379,
1035,
499,
565,
432,
476,
585,
560,
552,
273,
557,
286,
225,
255,
198,
194,
117,
197,
278,
303,
272,
200,
319,
1187,
845,
321,
90,
324,
617,
842,
766,
389,
406,
360,
392,
307,
458,
854,
165,
415,
349,
825,
247,
382,
350,
392,
321,
105,
296,
683,
158,
759,
285,
439,
219,
223,
155,
791,
244,
400,
781,
241,
567,
401,
338,
323,
563,
526,
557,
260,
514,
650,
599,
638,
601,
384,
531,
540,
492,
551,
437,
468,
492,
335,
369,
238,
532,
962,
223,
255,
755,
213,
230,
324,
635,
925,
774,
937,
424,
782,
345,
229,
371,
389,
302,
789,
774,
820,
444,
451,
199,
671,
714,
456,
200,
206,
113,
173,
137,
788,
478,
341,
94,
261,
766,
391,
212,
419,
205,
392,
791,
748,
180,
751,
681,
432,
643,
284,
471,
283,
570,
356,
566,
375,
517,
374,
385,
240,
238,
655,
538,
740,
907,
317,
657,
301,
316,
921,
656,
1462,
655,
471,
651,
419,
118,
317,
650,
642,
1344,
373,
387,
642,
1334,
326,
899,
1300,
371,
307,
586,
568,
340,
293,
292,
295,
1125,
1239,
329,
924,
335,
765,
292,
1293,
451,
1230,
316,
799,
305,
772,
1367,
837,
294,
727,
1477,
309,
281,
749,
814,
818,
288,
1107,
414,
908,
1407,
278,
88,
774,
907,
1214,
293,
747,
1382,
307,
738,
266,
288,
265,
498,
1107,
260,
298,
529,
238,
1483,
825,
1294,
240,
235,
825,
833,
236,
640,
227,
160,
226,
159,
80,
822,
862,
157,
77,
836,
536,
520,
565,
39,
823,
1298,
482,
483,
1325,
131,
530,
94,
326,
432,
476,
685,
364,
466,
430,
467,
445,
767,
42,
576,
332,
822,
714,
372,
535,
662,
578,
738,
670,
559,
608,
531,
632,
754,
449,
552,
543,
498,
676,
980,
1013,
426,
783,
917,
632,
407,
615,
900,
738,
490,
824,
828,
893,
809,
705,
891,
760,
648,
759,
665,
646,
819,
585,
862,
783,
622,
619,
662,
633,
633,
819,
629,
694,
1023,
625,
1092,
1010,
1099,
628,
195,
662,
411,
1094,
177,
569,
589,
1057,
160,
1093,
158,
391,
508,
371,
465,
138,
396,
370,
983,
299,
357,
113,
474,
395,
227,
557,
135,
1022,
142,
82,
302,
801,
402,
90,
1065,
399,
79,
719,
1399,
1004,
390,
866,
381,
351,
873,
893,
929,
1098,
589,
412,
632,
373,
1044,
333,
853,
1131,
440,
326,
1140,
890,
1404,
874,
303,
213,
434,
1171,
277,
439,
1169,
851,
292,
1130,
875,
1029,
1530,
1290,
1377,
552,
428,
1173,
422,
715,
779,
1342,
822,
217,
421,
289,
736,
1317,
830,
630,
1097,
436,
958,
378,
80,
432,
403,
412,
849,
77,
534,
831,
547,
398,
986,
1182,
962,
529,
1087,
394,
484,
1436,
1187,
662,
836,
426,
422,
962,
978,
743,
412,
121,
769,
863,
754,
1000,
1327,
843,
749,
745,
648,
1175,
273,
1129,
994,
737,
7,
344,
700,
800,
1193,
729,
720,
755,
641,
704,
750,
224,
957,
743,
317,
980,
737,
471,
213,
712,
637,
1060,
694,
872,
1135,
617,
369,
308,
1501,
1135,
1214,
1685,
923,
827,
1538,
861,
1471,
307,
1089,
938,
842,
1111,
371,
311,
1458,
1329,
1011,
952,
979,
210,
154,
1471,
170,
935,
977,
55,
126,
973,
142,
336,
934,
892,
1498,
981,
1392,
170,
220,
1444,
1228,
892,
147,
1449,
112,
1238,
477,
1202,
996,
978,
524,
1473,
905,
1235,
981,
924,
475,
963,
982,
1017,
940,
1416,
981,
969,
526,
891,
559,
425,
1053,
989,
348,
490,
1374,
1006,
300,
901,
995,
557,
1402,
1481,
1262,
1046,
904,
517,
507,
408,
91,
470,
828,
411,
1003,
803,
585,
1164,
160,
917,
1043,
898,
1003,
963,
794,
1026,
1073,
1036,
1259,
352,
952,
983,
347,
1161,
802,
1156,
1279,
968,
833,
746,
1113,
1049,
824,
1040,
1482,
1144,
710,
855,
1157,
1425,
976,
1121,
1021,
609,
768,
453,
708,
733,
1056,
788,
1242,
906,
918,
903,
823,
1021,
292,
872,
666,
405,
1278,
940,
112,
808,
1203,
875,
732,
855,
652,
1075,
615,
1085,
372,
818,
719,
1202,
652,
1017,
781,
960,
392,
971,
990,
884,
938,
1053,
1248,
642,
969,
1253,
1128,
868,
228,
1091,
879,
93,
1009,
984,
948,
426,
937,
753,
1046,
92,
855,
1054,
875,
1037,
1019,
932,
226,
925,
834,
900,
1222,
980,
838,
992,
1022,
937,
998,
460,
847,
731,
812,
223,
782,
820,
966,
641,
1174,
1119,
1293,
615,
1102,
697,
862,
1109,
823,
856,
68,
1190,
673,
736,
1175,
990,
817,
463,
1228,
1302,
958,
1052,
219,
915,
649,
1166,
539,
729,
917,
1156,
939,
628,
795,
323,
1187,
453,
1027,
431,
438,
542,
862,
1231,
1193,
740,
1111,
1089,
377,
1065,
937,
430,
381,
993,
942,
396,
364,
375,
791,
799,
1144,
783,
723,
977,
224,
760,
608,
462,
459,
568,
664,
935,
458,
986,
527,
217,
664,
211,
150,
753,
459,
578,
643,
456,
451,
927,
450,
124,
500,
111,
746,
315,
705,
832,
137,
824,
116,
762,
672,
589,
112,
452,
694,
802,
83,
581,
1179,
653,
421,
629,
1179,
948,
670,
494,
208,
1343,
1096,
422,
723,
899,
1121,
1349,
977,
995,
437,
1174,
798,
1123,
775,
434,
1062,
1341,
615,
1442,
1266,
1742,
1026,
1322,
860,
855,
85,
956,
674,
551,
744,
1098,
1657,
914,
811,
1076,
797,
1617,
1372,
1054,
753,
1692,
1487,
1455,
1070,
1594,
1400,
942,
1129,
1106,
1763,
1097,
648,
1075,
784,
1000,
1058,
979,
517,
488,
629,
943,
770,
451,
919,
465,
506,
915,
196,
1409,
1079,
479,
753,
1057,
904,
967,
327,
925,
304,
891,
393,
872,
1387,
300,
873,
772,
392,
1074,
802,
672,
296,
1197,
1028,
878,
768,
385,
778,
580,
118,
1273,
200,
855,
149,
1073,
631,
783,
871,
800,
778,
701,
152,
106,
1062,
821,
77,
78,
590,
349,
1885,
361,
1385,
715,
1211,
349,
563,
1240,
1401,
347,
1532,
719,
1095,
338,
79,
1118,
169,
331,
1204,
78,
1383,
358,
681,
1414,
1135,
681,
1109,
570,
316,
920,
539,
831,
663,
579,
497,
794,
464,
1286,
314,
463,
694,
313,
459,
99,
1020,
1001,
910,
938,
1017,
820,
1317,
1220,
907,
1313,
754,
973,
875,
1438,
670,
849,
886,
868,
1260,
1363,
824,
854,
1238,
1167,
865,
931,
897,
1083,
283,
1022,
830,
930,
974,
1328,
922,
1118,
649,
906,
1011,
995,
647,
896,
1004,
935,
406,
565,
808,
858,
931,
1078,
354,
1180,
915,
1031,
777,
922,
1266,
355,
848,
1157,
980,
1213,
1341,
484,
481,
478,
917,
355,
1148,
1378,
1159,
1161,
1382,
689,
1347,
1393,
837,
1107,
1074,
353,
884,
740,
1303,
1003,
1256,
725,
1238,
993,
584,
438,
932,
467,
1051,
700,
1074,
582,
590,
1155,
1287,
1021,
1325,
1331,
427,
1151,
702,
1089,
1116,
1094,
818,
1376,
1064,
416,
484,
497,
848,
970,
840,
851,
923,
606,
1735,
955,
928,
1127,
1343,
601,
874,
1728,
778,
486,
1307,
847,
821,
795,
661,
1302,
870,
823,
947,
334,
1272,
194,
1148,
688,
632,
823,
970,
1737,
1397,
1465,
288,
1291,
1083,
1716,
961,
1055,
212,
877,
484,
1066,
1449,
202,
806,
877,
776,
1015,
985,
1001,
632,
840,
615,
864,
783,
411,
1160,
778,
1105,
772,
1325,
1400,
1162,
767,
522,
901,
823,
918,
1235,
1464,
957,
796,
468,
949,
1120,
491,
876,
1217,
1171,
675,
795,
1299,
915,
416,
403,
897,
1037,
956,
1087,
1004,
800,
203,
902,
1316,
199,
467,
382,
943,
1139,
715,
634,
380,
1483,
420,
808,
786,
696,
759,
831,
828,
618,
683,
526,
1846,
823,
1122,
1822,
675,
479,
941,
1286,
1147,
489,
844,
1811,
744,
842,
685,
1636,
815,
684,
222,
1149,
219,
1223,
927,
211,
1665,
683,
219,
1097,
927,
194,
867,
903,
1651,
1186,
1005,
787,
1628,
1212,
782,
116,
126,
1591,
466,
883,
1640,
1244,
825,
1058,
691,
689,
696,
1603,
480,
346,
83,
678,
873,
1552,
1175,
1211,
671,
704,
489,
565,
659,
899,
1061,
975,
922,
755,
576,
619,
1552,
652,
1487,
1544,
1787,
494,
895,
1009,
87,
1537,
438,
1731,
437,
713,
743,
286,
1717,
762,
1706,
1547,
270,
1387,
1149,
704,
1329,
416,
676,
931,
840,
481,
863,
183,
84,
845,
871,
319,
170,
1157,
338,
177,
1173,
1512,
167,
1400,
161,
999,
1090,
789,
1463,
326,
167,
390,
1388,
862,
148,
855,
1151,
846,
301,
888,
1136,
172,
840,
1053,
209,
885,
816,
190,
145,
866,
375,
210,
144,
962,
143,
1048,
862,
1592,
142,
747,
1364,
850,
1584,
250,
933,
376,
465,
1039,
920,
830,
1389,
906,
1249,
788,
75,
749,
774,
1593,
832,
1839,
806,
1581,
1178,
1801,
767,
1056,
1719,
1476,
942,
639,
758,
1306,
701,
765,
724,
1613,
764,
1127,
1175,
913,
922,
863,
1415,
1557,
619,
1304,
573,
913,
1156,
887,
1571,
852,
990,
897,
1194,
1721,
851,
310,
669,
347,
956,
181,
310,
1136,
668,
874,
1188,
824,
1103,
894,
667,
77,
1133,
1034,
1096,
843,
77,
1282,
882,
660,
825,
1045,
885,
898,
1052,
660,
1044,
1875,
1003,
659,
604,
1068,
783,
645,
814,
549,
1179,
1006,
1825,
528,
548,
975,
945,
1002,
547,
410,
1251,
1165,
1222,
1028,
976,
541,
318,
1256,
1836,
1285,
981,
1468,
789,
991,
1556,
1163,
589,
1777,
1024,
1403,
1332,
973,
813,
836,
964,
1639,
1029,
655,
1173,
1722,
689,
355,
1074,
1705,
921,
1453,
696,
691,
789,
805,
685,
836,
1383,
606,
352,
1306,
148,
677,
1635,
684,
385,
588,
987,
698,
1137,
356,
654,
992,
407,
467,
709,
779,
1159,
1595,
871,
344,
703,
805,
765,
986,
803,
683,
1578,
208,
679,
392,
403,
1017,
1322,
1181,
700,
663,
1395,
996,
669,
359,
1005,
1478,
109,
692,
1844,
938,
126,
1447,
1028,
187,
206,
1036,
838,
447,
524,
1429,
956,
975,
1129,
1543,
923,
696,
889,
861,
641,
1680,
1000,
450,
1061,
1267,
890,
544,
1215,
611,
985,
1021,
696,
615,
1681,
699,
538,
123,
536,
582,
1262,
402,
330,
1065,
481,
1285,
448,
1475,
1299,
394,
825,
589,
255,
543,
375,
1307,
797,
1072,
368,
1507,
633,
869,
282,
314,
1299,
123,
907,
1297,
339,
232,
980,
210,
1284,
630,
350,
1289,
1150,
1171,
1256,
721,
193,
215,
1165,
813,
191,
559,
1313,
515,
170,
695,
921,
991,
886,
1116,
1211,
1344,
167,
115,
120,
1312,
904,
923,
638,
748,
1067,
1313,
710,
1494,
635,
789,
646,
759,
827,
638,
618,
1306,
388,
1067,
165,
78,
392,
683,
797,
426,
788,
1222,
739,
638,
1320,
795,
1256,
431,
626,
15,
1180,
226,
805,
1496,
387,
1020,
379,
906,
76,
736,
1144,
750,
879,
428,
229,
840,
899,
1206,
815,
718,
1429,
865,
137,
1613,
1150,
806,
861,
799,
883,
74,
88,
1046,
881,
1576,
649,
1144,
1554,
1907,
1090,
928,
350,
374,
1532,
908,
1110,
911,
934,
1393,
341,
357,
928,
1272,
352,
358,
966,
1394,
320,
650,
1596,
910,
1570,
930,
333,
915,
330,
357,
1060,
1734,
779,
1202,
326,
326,
1586,
702,
899,
918,
1523,
860,
273,
318,
1520,
411,
297,
1082,
1727,
233,
921,
1725,
171,
607,
314,
1571,
864,
223,
213,
483,
537,
730,
794,
1722,
219,
1794,
408,
92,
350,
715,
370,
963,
289,
86,
346,
1076,
1756,
288,
781,
1785,
228,
346,
1830,
631,
345,
406,
203,
1156,
946,
208,
1715,
222,
1680,
911,
1594,
836,
206,
770,
773,
215,
915,
856,
672,
671,
549,
130,
693,
130,
1045,
516,
1624,
977,
953,
537,
213,
78,
927,
219,
932,
518,
983,
976,
612,
975,
82,
1604,
331,
1730,
932,
613,
662,
48,
369,
622,
425,
409,
1702,
372,
326,
322,
90,
1074,
1649,
45,
651,
1007,
1328,
982,
548,
909,
299,
415,
979,
275,
1058,
283,
555,
576,
955,
1448,
526,
835,
679,
289,
903,
1225,
645,
1677,
818,
246,
677,
1629,
819,
971,
408,
1445,
182,
134,
1459,
921,
786,
395,
541,
738,
1739,
948,
859,
955,
955,
500,
398,
531,
873,
514,
999,
1223,
763,
480,
847,
476,
1166,
1479,
818,
766,
968,
496,
1216,
529,
847,
1327,
753,
739,
768,
1853,
706,
859,
938,
1370,
1679,
736,
545,
1323,
743,
1679,
536,
1486,
1686,
754,
1681,
847,
1224,
872,
1691,
1452,
733,
706,
1616,
629,
702,
838,
1681,
828,
949,
652,
473,
944,
740,
803,
689,
807,
1577,
1731,
599,
1733,
738,
1609,
500,
734,
646,
739,
475,
516,
673,
1699,
791,
723,
931,
951,
915,
296,
1831,
1491,
350,
908,
1258,
536,
1385,
1323,
1113,
817,
1233,
906,
757,
905,
1715,
874,
866,
192,
722,
873,
1004,
865,
860,
834,
756,
1740,
856,
845,
1494,
879,
638,
826,
990,
852,
822,
147,
183,
549,
995,
162,
984,
511,
828,
717,
830,
521,
626,
712,
884,
1336,
149,
935,
337,
883,
632,
1792,
129,
553,
970,
845,
834,
552,
1545,
501,
964,
815,
979,
1481,
828,
549,
966,
540,
1000,
1033,
845,
962,
879,
960,
1338,
635,
935,
1453,
900,
851,
362,
947,
461,
729,
537,
907,
1071,
1914,
361,
976,
95,
840,
365,
855,
2111,
1413,
937,
867,
347,
834,
363,
1279,
935,
507,
1702,
493,
839,
942,
851,
362,
353,
643,
938,
522,
802,
498,
955,
373,
2106,
529,
337,
1388,
1272,
900,
2061,
890,
336,
332,
659,
481,
885,
1647,
818,
1602,
810,
899,
412,
523,
981,
543,
1294,
892,
566,
1515,
1349,
559,
76,
588,
906,
980,
1537,
1394,
1415,
983,
649,
979,
2110,
767,
815,
641,
828,
1373,
1085,
237,
236,
1174,
581,
1178,
1003,
589,
984,
1651,
1656,
1010,
857,
1089,
997,
967,
2102,
675,
1287,
569,
867,
1225,
644,
581,
862,
1046,
413,
570,
861,
921,
411,
829,
2109,
560,
657,
184,
368,
1380,
384,
188,
1469,
728,
173,
806,
1098,
1760,
1713,
865,
870,
1060,
297,
1471,
790,
577,
846,
614,
437,
212,
555,
161,
189,
549,
188,
179,
176,
844,
1833,
368,
592,
349,
340,
569,
141,
208,
193,
221,
116,
218,
234,
171,
832,
165,
182,
177,
129,
149,
286,
267,
1134,
147,
118,
238,
239,
575,
607,
153,
186,
1989,
593,
1967,
143,
584,
174,
210,
68,
139,
1283,
124,
561,
1853,
448,
328,
169,
882,
592,
1848,
582,
571,
536,
1147,
125,
111,
1138,
117,
168,
1116,
1013,
113,
798,
111,
1801,
1158,
80,
106,
1139,
1301,
460,
624,
402,
66,
1253,
794,
1136,
470,
46,
1184,
1270,
1116,
45,
612,
871,
806,
860,
1078,
1020,
1267,
1620,
528,
580,
643,
1322,
636,
1021,
612,
1200,
1654,
625,
828,
693,
1653,
802,
568,
746,
478,
810,
744,
1071,
742,
525,
855,
803,
1860,
500,
609,
1322,
742,
1480,
274,
804,
1200,
302,
1570,
245,
223,
1577,
725,
627,
669,
760,
614,
822,
653,
780,
1079,
1246,
722,
1419,
617,
835,
926,
1374,
481,
659,
1394,
1080,
1113,
1371,
1342,
816,
724,
1103,
608,
1364,
695,
585,
671,
822,
1347,
1674,
581,
650,
686,
1274,
1002,
838,
555,
1343,
1075,
679,
623,
560,
678,
993,
1688,
698,
1330,
834,
1400,
412,
536,
642,
702,
820,
818,
192,
322,
1083,
912,
778,
989,
676,
522,
296,
666,
815,
803,
524,
750,
834,
519,
881,
795,
510,
1447,
894,
672,
629,
1204,
645,
504,
1221,
431,
884,
789,
1368,
669,
497,
224,
343,
358,
243,
1089,
694,
282,
507,
1015,
967,
717,
788,
721,
838,
1048,
823,
984,
327,
1093,
785,
1105,
1090,
1775,
1770,
681,
477,
1287,
630,
1257,
1060,
174,
820,
1079,
629,
1865,
819,
1529,
839,
626,
171,
616,
263,
799,
720,
694,
814,
559,
1538,
178,
1444,
554,
542,
552,
559,
124,
1605,
539,
542,
542,
505,
824,
1397,
538,
495,
752,
677,
1186,
537,
1079,
500,
673,
1411,
517,
1382,
669,
1533,
727,
1082,
655,
1219,
1392,
542,
1020,
1079,
355,
353,
709,
837,
544,
341,
540,
351,
971,
808,
337,
530,
743,
1725,
329,
529,
349,
525,
401,
777,
1602,
514,
282,
634,
554,
1364,
1200,
280,
1587,
525,
576,
336,
533,
1595,
382,
1065,
890,
731,
2280,
1355,
713,
1012,
1037,
485,
241,
513,
526,
709,
511,
872,
512,
1031,
941,
1540,
522,
555,
498,
1285,
78,
1023,
1400,
1184,
1350,
1325,
1494,
592,
853,
1330,
416,
1341,
713,
997,
585,
75,
943,
1234,
694,
879,
844,
693,
878,
877,
413,
2120,
950,
1342,
899,
581,
591,
157,
325,
880,
155,
573,
874,
170,
1126,
626,
299,
146,
614,
319,
137,
505,
618,
378,
1229,
1844,
625,
1478,
130,
948,
138,
1491,
199,
426,
840,
125,
921,
133,
123,
139,
364,
86,
1481,
109,
467,
460,
121,
135,
1295,
87,
114,
112,
530,
89,
469,
1378,
387,
88,
102,
1580,
387,
1281,
101,
99,
963,
984,
1341,
79,
889,
996,
1262,
45,
837,
978,
821,
397,
522,
752,
523,
1507,
403,
1403,
805,
654,
706,
265,
1116,
1863,
413,
71,
792,
965,
446,
986,
1749,
167,
521,
457,
1800,
494,
1053,
1166,
409,
492,
404,
859,
442,
885,
798,
571,
795,
1166,
570,
1851,
1538,
395,
564,
791,
753,
484,
868,
462,
817,
563,
825,
2314,
498,
838,
502,
750,
689,
564,
744,
1856,
1504,
1379,
874,
877,
2400,
709,
866,
685,
683,
1436,
892,
1869,
1277,
727,
465,
802,
279,
1938,
286,
667,
873,
837,
517,
1915,
1350,
677,
1396,
1454,
1133,
1395,
454,
724,
419,
668,
1762,
675,
476,
895,
759,
669,
880,
1393,
402,
1473,
884,
817,
841,
1870,
881,
1884,
778,
527,
708,
826,
912,
1653,
640,
388,
1340,
448,
478,
1713,
1389,
873,
735,
627,
383,
2039,
1653,
339,
1527,
835,
1032,
337,
679,
425,
1336,
723,
672,
737,
1406,
955,
699,
545,
1425,
896,
1176,
1378,
1371,
872,
1592,
525,
2407,
531,
1087,
880,
496,
723,
2155,
166,
606,
1448,
865,
891,
1471,
572,
1103,
138,
987,
144,
874,
650,
1060,
1083,
660,
308,
719,
773,
2104,
113,
954,
580,
1028,
910,
1039,
837,
1177,
841,
497,
668,
531,
1026,
76,
820,
1396,
1008,
509,
829,
1026,
314,
785,
506,
335,
894,
428,
1026,
725,
858,
346,
561,
541,
1020,
842,
1012,
357,
679,
1116,
935,
879,
708,
752,
593,
521,
1821,
874,
273,
1424,
740,
765,
310,
697,
555,
249,
747,
1542,
215,
76,
173,
594,
751,
1577,
510,
520,
673,
456,
271,
621,
1308,
537,
224,
1050,
517,
263,
456,
644,
510,
1064,
219,
1164,
537,
497,
75,
603,
984,
740,
950,
540,
1386,
906,
180,
458,
173,
439,
1379,
333,
542,
381,
1390,
170,
572,
169,
552,
160,
461,
949,
152,
408,
162,
169,
604,
143,
781,
2000,
897,
1408,
1544,
140,
1331,
1373,
1199,
1369,
137,
525,
153,
1650,
791,
1082,
773,
807,
135,
1521,
1685,
121,
716,
814,
425,
195,
658,
138,
209,
1288,
106,
206,
360,
117,
663,
107,
103,
108,
209,
2033,
851,
847,
1090,
55,
1077,
131,
84,
80,
2371,
719,
44,
1449,
92,
838,
868,
426,
39,
466,
2183,
718,
995,
1020,
1068,
821,
78,
464,
958,
885,
557,
1042,
767,
991,
600,
757,
575,
706,
595,
2081,
220,
707,
785,
839,
1570,
41,
1599,
680,
436,
850,
1522,
82,
770,
418,
593,
2069,
1535,
2032,
734,
807,
578,
667,
830,
1000,
847,
1444,
778,
781,
41,
861,
878,
578,
986,
864,
213,
702,
590,
588,
1021,
1708,
741,
821,
602,
1001,
583,
414,
45,
613,
1824,
626,
1000,
431,
760,
757,
799,
2017,
1007,
433,
772,
784,
692,
600,
639,
1755,
777,
699,
785,
758,
433,
841,
682,
42,
1010,
510,
492,
855,
1855,
702,
40,
448,
945,
289,
770,
1178,
529,
505,
1505,
524,
1628,
484,
2047,
477,
314,
818,
524,
931,
2104,
484,
290,
300,
1005,
1178,
475,
307,
558,
678,
828,
511,
470,
718,
2071,
219,
364,
439,
518,
209,
1972,
516,
852,
595,
303,
495,
600,
1479,
828,
503,
461,
691,
447,
439,
649,
379,
697,
502,
1276,
200,
530,
384,
1331,
414,
462,
817,
768,
1549,
223,
449,
338,
767,
1976,
326,
345,
675,
1807,
222,
901,
398,
662,
284,
921,
439,
744,
2104,
2070,
690,
428,
599,
591,
498,
1548,
376,
666,
375,
761,
494,
2461,
333,
153,
546,
348,
120,
525,
1675,
428,
569,
531,
346,
373,
1499,
1417,
119,
1810,
106,
123,
1539,
649,
797,
235,
1561,
567,
1535,
418,
1533,
83,
565,
1285,
564,
293,
1691,
541,
503,
1683,
1393,
1020,
1360,
527,
578,
560,
300,
491,
312,
75,
610,
184,
480,
176,
1525,
477,
486,
1710,
610,
305,
468,
472,
318,
507,
316,
288,
301,
624,
484,
655,
298,
483,
1603,
522,
751,
556,
491,
325,
406,
402,
1570,
560,
310,
554,
519,
1227,
417,
397,
291,
392,
78,
193,
415,
74,
144,
401,
408,
399,
509,
76,
396,
307,
1185,
76,
139,
1386,
692,
1167,
680,
876,
424,
112,
127,
431,
1908,
111,
726,
2192,
104,
637,
122,
450,
1104,
1450,
167,
112,
736,
462,
473,
303,
449,
154,
108,
165,
2206,
163,
447,
2341,
655,
660,
305,
141,
304,
1262,
88,
79,
118,
2299,
82,
81,
73,
54,
57,
53,
52,
2308,
163,
36,
1430,
41,
71,
644,
1582,
475,
424,
601,
720,
1127,
1635,
1337,
1942,
449,
1801,
958,
448,
1318,
877,
1817,
1023,
278,
1645,
1096,
945,
1613,
735,
787,
1362,
1811,
1654,
1613,
514,
529,
501,
697,
2057,
1446,
472,
40,
739,
1931,
623,
695,
854,
447,
2101,
481,
308,
2137,
1637,
305,
314,
2284,
502,
656,
671,
305,
616,
312,
1759,
490,
413,
1493,
44,
670,
325,
43,
1664,
1498,
425,
41,
1494,
513,
1688,
862,
724,
274,
721,
1036,
627,
216,
398,
495,
201,
490,
1054,
736,
125,
289,
311,
177,
430,
436,
251,
197,
2087,
506,
2264,
757,
1681,
2176,
499,
367,
477,
434,
374,
311,
1724,
755,
494,
2036,
516,
1612,
1774,
829,
687,
462,
420,
1491,
1594,
674,
794,
499,
2230,
493,
369,
510,
337,
442,
418,
626,
288,
382,
615,
437,
1290,
399,
509,
415,
430,
699,
285,
330,
964,
483,
1844,
2091,
2197,
2232,
1688,
1716,
244,
468,
1673,
439,
592,
300,
355,
1858,
735,
1820,
661,
665,
1852,
326,
346,
51,
471,
101,
217,
100,
214,
543,
317,
155,
40,
351,
188,
1860,
1662,
164,
157,
196,
192,
953,
304,
1483,
1669,
1658,
1728,
122,
1722,
1714,
224,
1699,
455,
114,
232,
1046,
69,
225,
337,
102,
635,
1069,
1588,
561,
763,
556,
1602,
79,
77,
1803,
1800,
1808,
377,
237,
384,
111,
1826,
1705,
373,
1794,
1835,
324,
79,
612,
182,
80,
351,
585,
171,
186,
375,
136,
163,
1662,
369,
132,
1748,
390,
1657,
1644,
138,
124,
1912,
1786,
137,
1628,
120,
476,
762,
440,
1654,
434,
203,
138,
1966,
821,
712,
196,
1595,
708,
112,
674,
224,
1947,
110,
108,
104,
71,
102,
186,
976,
149,
110,
128,
157,
168,
149,
94,
1818,
126,
186,
87,
83,
153,
130,
77,
82,
1850,
1848,
2112,
2067,
78,
44,
1585,
64,
1694,
1843,
48,
829,
342,
209,
1616,
1893,
1812,
428,
785,
633,
424,
540,
1857,
673,
549,
1239,
778,
1846,
567,
681,
37,
746,
1275,
285,
711,
767,
611,
998,
1812,
564,
2351,
418,
640,
778,
402,
631,
620,
1384,
2702,
430,
608,
769,
1825,
417,
408,
421,
507,
580,
775,
340,
608,
876,
819,
628,
635,
793,
990,
530,
811,
613,
481,
622,
610,
602,
306,
1852,
1166,
585,
598,
437,
2369,
502,
2475,
213,
624,
347,
500,
766,
883,
586,
382,
359,
2365,
274,
508,
1830,
725,
263,
605,
812,
241,
358,
491,
960,
507,
344,
879,
549,
440,
649,
209,
1815,
619,
528,
614,
608,
206,
1913,
2434,
447,
453,
204,
532,
592,
756,
793,
670,
265,
1010,
726,
271,
699,
2075,
224,
441,
2478,
767,
611,
2153,
446,
76,
757,
1158,
702,
634,
914,
440,
642,
508,
1927,
514,
784,
525,
332,
2461,
1969,
179,
505,
469,
305,
1890,
533,
517,
2352,
294,
2203,
152,
147,
794,
492,
767,
677,
408,
1161,
439,
348,
313,
724,
503,
308,
102,
391,
916,
1434,
1973,
714,
548,
1432,
286,
346,
1830,
326,
307,
436,
241,
420,
205,
411,
916,
553,
189,
186,
541,
185,
641,
550,
159,
749,
422,
304,
418,
667,
1959,
235,
161,
353,
1617,
430,
391,
480,
162,
478,
386,
656,
1962,
366,
89,
592,
747,
113,
84,
578,
1951,
1959,
1050,
82,
745,
662,
305,
81,
79,
2139,
66,
646,
63,
375,
1997,
360,
346,
402,
308,
1511,
1473,
162,
194,
192,
1768,
1095,
625,
1131,
616,
835,
2299,
278,
1768,
2310,
138,
139,
978,
1277,
477,
138,
154,
1407,
2013,
198,
137,
1769,
136,
703,
1616,
2015,
130,
128,
466,
1002,
1437,
217,
1449,
109,
808,
1184,
619,
1132,
825,
91,
2011,
106,
205,
75,
181,
213,
97,
158,
98,
182,
143,
141,
2213,
99,
97,
275,
93,
81,
541,
1273,
433,
94,
512,
2080,
288,
545,
1304,
284,
403,
659,
264,
2075,
2050,
387,
637,
599,
399,
76,
434,
367,
380,
351,
270,
355,
49,
852,
994,
285,
2076,
557,
81,
75,
512,
843,
474,
514,
378,
606,
1093,
344,
399,
620,
392,
398,
900,
913,
1043,
964,
353,
390,
580,
469,
558,
846,
413,
844,
480,
302,
390,
424,
375,
928,
558,
799,
296,
334,
381,
281,
977,
725,
363,
352,
1287,
794,
864,
614,
365,
594,
280,
469,
860,
767,
1297,
932,
814,
289,
381,
293,
1031,
1264,
522,
375,
339,
1042,
277,
777,
1062,
315,
264,
785,
283,
867,
728,
183,
735,
442,
2062,
370,
1037,
462,
453,
573,
473,
879,
645,
542,
452,
2062,
929,
1088,
443,
1222,
1080,
434,
309,
1335,
462,
2082,
273,
1069,
372,
528,
328,
190,
465,
307,
332,
1075,
781,
718,
278,
364,
433,
1220,
489,
403,
463,
361,
182,
586,
478,
456,
566,
472,
433,
399,
1233,
2086,
566,
906,
428,
577,
447,
735,
1399,
463,
475,
554,
2108,
1307,
378,
457,
495,
500,
403,
368,
762,
466,
450,
441,
348,
18,
1083,
743,
229,
703,
2870,
425,
249,
752,
1884,
26,
1996,
527,
2263,
738,
466,
972,
1764,
491,
1112,
509,
189,
671,
461,
490,
116,
509,
1574,
613,
216,
1555,
152,
2168,
480,
525,
499,
1563,
488,
342,
682,
486,
472,
482,
1463,
123,
1616,
678,
99,
120,
408,
734,
405,
203,
396,
208,
78,
227,
392,
398,
686,
752,
76,
419,
381,
76,
373,
354,
474,
354,
437,
733,
413,
350,
2999,
394,
390,
2359,
350,
1360,
237,
1355,
412,
204,
337,
1719,
1287,
197,
189,
157,
175,
77,
73,
389,
1603,
162,
150,
49,
274,
141,
254,
746,
703,
226,
48,
253,
644,
95,
478,
1710,
343,
2378,
48,
77,
742,
477,
217,
141,
347,
400,
128,
597,
806,
330,
721,
342,
347,
341,
40,
579,
400,
313,
1177,
89,
115,
303,
465,
298,
2180,
114,
222,
539,
1297,
113,
402,
337,
280,
344,
332,
380,
736,
505,
267,
295,
479,
277,
263,
380,
760,
370,
368,
398,
2750,
2169,
311,
217,
567,
278,
342,
278,
1409,
755,
270,
174,
499,
687,
142,
278,
429,
336,
215,
359,
180,
288,
384,
121,
109,
98,
134,
402,
1261,
311,
109,
431,
95,
123,
108,
278,
89,
82,
432,
253,
38,
285,
336,
246,
600,
571,
1631,
302,
597,
88,
2522,
771,
520,
553,
559,
1613,
445,
802,
504,
1208,
1244,
425,
41,
439,
597,
1214,
497,
795,
1808,
582,
263,
400,
851,
639,
796,
504,
691,
2233,
460,
41,
1463,
596,
545,
790,
490,
638,
1621,
504,
688,
540,
504,
607,
1048,
887,
458,
1049,
376,
502,
1820,
700,
1046,
868,
384,
165,
638,
547,
544,
1473,
647,
1259,
635,
1072,
891,
860,
738,
585,
304,
421,
61,
459,
651,
538,
505,
409,
326,
634,
400,
620,
470,
526,
202,
624,
506,
885,
344,
195,
809,
369,
370,
427,
158,
588,
69,
459,
1854,
1260,
538,
424,
841,
519,
335,
198,
2007,
1258,
526,
311,
659,
438,
311,
530,
532,
428,
273,
499,
537,
459,
445,
417,
830,
1275,
800,
561,
421,
466,
370,
514,
2169,
317,
825,
507,
328,
1578,
382,
129,
194,
790,
840,
91,
152,
546,
387,
74,
2252,
187,
3159,
885,
375,
862,
881,
319,
74,
1184,
87,
302,
607,
2121,
62,
801,
299,
1581,
583,
1532,
420,
1403,
343,
854,
377,
807,
1478,
775,
359,
217,
809,
761,
353,
559,
183,
2052,
85,
814,
361,
730,
191,
377,
814,
553,
439,
613,
954,
163,
423,
2706,
267,
1194,
766,
569,
165,
2339,
130,
164,
1201,
212,
462,
431,
2603,
211,
525,
164,
2048,
225,
450,
2363,
223,
182,
851,
175,
144,
97,
148,
2080,
3295,
86,
161,
154,
144,
138,
142,
134,
119,
106,
137,
120,
221,
113,
106,
1750,
1768,
219,
441,
776,
46,
1735,
1707,
447,
459,
476,
444,
473,
392,
875,
1251,
565,
87,
710,
618,
176,
2409,
381,
1419,
517,
501,
1011,
561,
381,
495,
835,
795,
314,
887,
327,
360,
932,
917,
308,
320,
170,
491,
470,
514,
507,
424,
473,
420,
941,
409,
596,
887,
402,
397,
295,
378,
321,
373,
487,
482,
393,
554,
313,
259,
1258,
549,
1018,
313,
556,
606,
545,
510,
175,
433,
425,
463,
1266,
575,
642,
479,
2012,
538,
546,
513,
727,
409,
944,
860,
819,
702,
533,
576,
151,
501,
149,
658,
538,
398,
372,
440,
371,
1279,
625,
406,
575,
504,
1255,
197,
473,
357,
656,
925,
252,
957,
485,
437,
445,
498,
493,
386,
659,
435,
464,
645,
385,
664,
395,
947,
502,
630,
848,
953,
399,
455,
304,
859,
940,
2765,
399,
369,
1396,
455,
516,
917,
260,
427,
379,
304,
629,
599,
359,
948,
398,
489,
421,
249,
641,
701,
441,
214,
489,
187,
474,
883,
571,
896,
285,
944,
392,
841,
310,
889,
510,
406,
862,
580,
1379,
1373,
375,
928,
1766,
198,
472,
856,
221,
902,
376,
861,
245,
533,
199,
388,
2170,
413,
516,
190,
272,
505,
271,
417,
182,
271,
522,
269,
169,
291,
890,
185,
157,
188,
882,
187,
158,
806,
150,
881,
95,
90,
364,
264,
338,
535,
215,
862,
220,
345,
264,
338,
235,
354,
173,
337,
396,
333,
329,
868,
322,
2815,
364,
903,
1344,
851,
306,
239,
1345,
911,
271,
172,
254,
76,
368,
164,
2976,
248,
2660,
3029,
256,
172,
163,
155,
223,
2748,
147,
151,
250,
2108,
973,
2820,
541,
220,
295,
814,
132,
602,
2389,
453,
973,
693,
764,
2394,
130,
124,
146,
519,
758,
548,
277,
754,
124,
2993,
221,
1930,
534,
113,
486,
1938,
2184,
110,
646,
189,
97,
1880,
131,
107,
114,
39,
498,
174,
200,
306,
2808,
99,
246,
484,
2491,
125,
1050,
2816,
86,
1028,
975,
1087,
617,
303,
91,
42,
618,
737,
414,
1530,
783,
158,
603,
506,
640,
1046,
569,
1310,
1050,
394,
382,
42,
648,
860,
51,
1309,
603,
295,
2037,
382,
373,
1046,
2338,
1065,
588,
2002,
425,
364,
371,
265,
1018,
430,
1032,
387,
517,
526,
332,
550,
1029,
305,
930,
510,
379,
567,
506,
444,
526,
575,
944,
500,
1008,
1175,
376,
1735,
835,
521,
337,
467,
453,
1932,
485,
488,
176,
922,
483,
439,
1048,
664,
503,
974,
978,
988,
464,
1043,
691,
985,
858,
882,
261,
447,
698,
752,
525,
406,
523,
443,
546,
325,
1020,
540,
425,
421,
534,
333,
1374,
436,
864,
393,
406,
28,
416,
596,
494,
498,
526,
1040,
1120,
366,
1038,
1716,
2329,
657,
550,
463,
679,
3598,
569,
152,
676,
435,
452,
509,
1958,
659,
416,
974,
945,
744,
536,
458,
750,
639,
581,
413,
693,
262,
565,
896,
428,
560,
443,
439,
424,
214,
419,
447,
243,
198,
192,
178,
481,
163,
1064,
193,
2226,
162,
156,
170,
191,
125,
159,
155,
91,
140,
2349,
90,
1012,
782,
705,
117,
100,
105,
259,
2314,
176,
176,
145,
160,
255,
243,
141,
147,
241,
257,
131,
77,
2011,
2538,
78,
735,
525,
500,
512,
942,
2297,
492,
1549,
214,
209,
196,
201,
2122,
189,
80,
192,
149,
84,
147,
76,
134,
3672,
599,
1136,
2840,
2265,
649,
606,
114,
587,
585,
80,
2912,
758,
588,
591,
752,
875,
1315,
1030,
601,
862,
271,
750,
742,
1004,
1539,
998,
1663,
550,
535,
305,
1003,
805,
652,
838,
855,
46,
1103,
549,
699,
532,
3406,
541,
477,
648,
594,
648,
511,
333,
507,
766,
807,
2410,
2248,
2815,
2634,
579,
449,
136,
134,
178,
454,
119,
109,
183,
713,
2621,
745,
488,
507,
677,
1213,
593,
2175,
52,
637,
675,
1200,
190,
1077,
650,
75,
666,
696,
78,
1202,
76,
1185,
506,
1092,
763,
797,
1286,
594,
242,
1241,
44,
908,
1254,
30,
637,
1183,
2183,
879,
3691,
1094,
638,
802,
1230,
36,
117,
496,
571,
1244,
101,
1171,
669,
548,
278,
1019,
1013,
275,
660,
3693,
1008,
1156,
1143,
1249,
536,
2435,
55,
1663,
1010,
2152,
1020,
1969,
455,
2375,
1934,
2135,
1968,
3237,
427,
1908,
3238,
34,
2493,
2384,
1151,
987,
610,
633,
1230,
2814,
1244,
413,
305,
3824,
160,
1276,
719,
628,
156,
2271,
749,
3763,
672,
113,
482,
128,
332,
113,
681,
868,
2107,
115,
820,
106,
2069,
689,
116,
599,
762,
79,
681,
803,
830,
598,
79,
659,
3630,
597,
738,
617,
626,
613,
764,
773,
768,
2589,
506,
2566,
642,
636,
457,
626,
712,
588,
942,
613,
544,
606,
512,
595,
558,
648,
525,
556,
637,
579,
657,
533,
78,
587,
514,
779,
524,
533,
2668,
438,
541,
305,
2314,
708,
631,
80,
599,
599,
550,
549,
647,
637,
628,
655,
647,
560,
405,
636,
941,
748,
75,
616,
629,
1366,
592,
747,
126,
805,
120,
380,
723,
633,
636,
718,
592,
1391,
823,
799,
734,
1238,
2103,
1238,
506,
845,
1281,
506,
716,
338,
632,
501,
764,
712,
564,
706,
1156,
965,
1286,
555,
684,
565,
2544,
1143,
349,
100,
1081,
671,
537,
792,
2191,
1107,
2678,
738,
807,
384,
1518,
1105,
386,
982,
356,
496,
579,
552,
657,
109,
731,
2886,
151,
595,
151,
150,
36,
2395,
2485,
575,
566,
428,
1159,
3358,
3402,
91,
574,
569,
429,
525,
1398,
743,
806,
991,
2914,
818,
861,
3033,
808,
834,
1199,
1332,
80,
775,
770,
793,
2869,
766,
2897,
1216,
1184,
1181,
1193,
711,
877,
2730,
634,
1021,
1035,
3094,
601,
161,
748,
734,
1172,
984,
1334,
947,
421,
2646,
812,
411,
1058,
419,
4073,
632,
2853,
1016,
1022,
2917,
909,
2916,
171,
171,
156,
135,
154,
137,
2180,
127,
88,
2415,
756,
491,
501,
490,
2251,
505,
2001,
1991,
628,
2266,
438,
1400,
436,
85,
906,
430,
678,
86,
1372,
95,
3482,
1389,
2767,
689,
1401,
1791,
626,
76,
77,
933,
1287,
1796,
140,
261,
115,
89,
904,
257,
1032,
1219,
572,
625,
620,
1004,
698,
770,
694,
967,
529,
489,
989,
905,
736,
769,
669,
811,
709,
4162,
2748,
682,
859,
2231,
773,
1002,
1142,
1427,
695,
950,
878,
233,
307,
877,
781,
936,
321,
875,
799,
1275,
745,
752,
1131,
761,
1466,
2366,
693,
637,
275,
812,
2305,
215,
1247,
219,
695,
3513,
1135,
533,
904,
662,
1030,
1128,
975,
1156,
701,
531,
663,
1347,
613,
1143,
1005,
667,
1337,
715,
1156,
1168,
2834,
908,
645,
520,
1173,
725,
738,
847,
1044,
737,
511,
566,
521,
1169,
717,
683,
891,
1342,
1149,
1317,
187,
776,
510,
508,
828,
1144,
533,
1166,
2830,
507,
548,
539,
684,
723,
235,
1491,
1300,
1304,
595,
1114,
1126,
536,
74,
1145,
3398,
1032,
532,
515,
1052,
1337,
1146,
186,
682,
1501,
950,
433,
1382,
1142,
756,
611,
1199,
502,
936,
601,
723,
1149,
531,
483,
161,
499,
1002,
894,
528,
2717,
132,
191,
799,
1049,
499,
503,
152,
755,
795,
1296,
545,
149,
96,
708,
131,
136,
1328,
873,
1509,
509,
916,
501,
1154,
393,
940,
922,
1296,
954,
188,
1155,
360,
1221,
344,
198,
745,
163,
183,
3240,
846,
305,
2609,
949,
137,
4328,
182,
135,
161,
182,
3456,
150,
137,
142,
129,
3842,
106,
105,
40,
574,
39,
2642,
791,
788,
4133,
3182,
2544,
772,
778,
2925,
3067,
80,
2614,
78,
846,
817,
76,
2429,
76,
1140,
2804,
779,
245,
105,
736,
1187,
74,
84,
737,
789,
762,
766,
832,
1003,
675,
822,
739,
619,
856,
842,
1169,
600,
726,
830,
701,
597,
535,
1124,
665,
834,
525,
734,
1618,
888,
931,
725,
996,
263,
1255,
851,
1319,
827,
1004,
1266,
915,
726,
898,
701,
716,
819,
899,
817,
810,
687,
1240,
708,
44,
699,
870,
967,
780,
818,
870,
845,
1086,
693,
720,
4188,
297,
791,
346,
784,
916,
1456,
861,
1324,
731,
732,
1454,
755,
1243,
850,
1289,
1463,
386,
1025,
894,
1469,
1159,
1447,
919,
1092,
758,
640,
765,
735,
534,
3318,
912,
1168,
1318,
344,
825,
531,
775,
840,
887,
762,
2761,
904,
537,
1237,
776,
868,
1311,
1910,
894,
759,
341,
641,
4066,
827,
876,
1295,
469,
605,
1291,
887,
1804,
538,
1338,
77,
939,
1253,
1158,
1325,
1163,
1479,
531,
587,
538,
1146,
1028,
898,
708,
1236,
538,
855,
764,
771,
1986,
828,
839,
106,
1163,
3649,
967,
1261,
97,
4009,
533,
158,
3272,
98,
496,
510,
86,
1142,
198,
188,
923,
160,
166,
180,
1534,
160,
158,
159,
565,
1524,
76,
80,
821,
78,
1180,
125,
955,
1158,
203,
73,
196,
2502,
182,
2455,
162,
3046,
3095,
37,
160,
2446,
2537,
156,
2964,
148,
140,
147,
139,
2685,
139,
2405,
138,
145,
728,
76,
589,
599,
122,
606,
110,
1593,
682,
2671,
569,
978,
131,
26,
101,
78,
627,
79,
384,
566,
1768,
978,
1006,
965,
1724,
998,
1705,
1686,
528,
619,
138,
526,
654,
1748,
1690,
526,
348,
983,
522,
963,
3800,
679,
529,
456,
974,
899,
859,
20,
855,
823,
3871,
974,
828,
536,
492,
489,
455,
803,
436,
987,
908,
432,
430,
794,
287,
836,
2794,
868,
567,
399,
318,
1046,
3423,
429,
787,
441,
635,
2911,
938,
1037,
1000,
2673,
648,
862,
287,
2661,
1063,
976,
704,
1594,
990,
646,
286,
1322,
413,
643,
1049,
631,
662,
638,
622,
434,
504,
454,
1280,
3201,
613,
1321,
602,
757,
521,
454,
3713,
452,
84,
813,
368,
4470,
430,
314,
26,
693,
495,
432,
352,
301,
482,
332,
449,
1304,
346,
1441,
489,
309,
416,
1850,
622,
287,
595,
3314,
605,
2209,
304,
2795,
1716,
1542,
1515,
3203,
660,
1171,
1045,
50,
359,
1381,
323,
47,
1703,
1213,
3764,
576,
1123,
354,
340,
995,
1154,
1130,
1184,
1146,
270,
1164,
869,
477,
2137,
230,
4212,
559,
527,
1688,
3671,
265,
1139,
507,
3156,
1355,
1163,
267,
518,
579,
1095,
907,
928,
160,
181,
155,
492,
516,
433,
1548,
103,
400,
398,
134,
166,
119,
350,
100,
85,
191,
993,
171,
170,
653,
170,
169,
164,
441,
156,
159,
72,
545,
663,
317,
148,
850,
523,
80,
521,
815,
3891,
161,
3495,
148,
286,
517,
509,
513,
508,
505,
545,
122,
639,
1008,
398,
3321,
863,
699,
137,
521,
735,
978,
538,
77,
684,
509,
373,
556,
388,
42,
699,
569,
1768,
394,
511,
435,
1618,
328,
555,
679,
365,
2939,
378,
4440,
469,
1792,
686,
632,
360,
394,
632,
594,
183,
327,
1060,
1823,
4597,
620,
1431,
267,
469,
974,
3982,
1224,
1275,
262,
136,
276,
430,
404,
152,
82,
263,
645,
1029,
115,
141,
629,
1027,
725,
698,
446,
80,
265,
1627,
261,
279,
2055,
860,
2034,
1602,
1072,
1497,
816,
705,
1669,
519,
1796,
1034,
505,
2754,
681,
667,
2824,
708,
1314,
975,
2748,
1496,
667,
1684,
489,
1265,
33,
1205,
2996,
848,
3338,
1264,
1425,
26,
2519,
1517,
26,
874,
2263,
1510,
1494,
1218,
3133,
735,
1376,
1141,
28,
1231,
1264,
1478,
1162,
1335,
1301,
2688,
598,
739,
1285,
103,
4531,
1130,
1660,
1290,
4693,
88,
640,
520,
1390,
597,
907,
1299,
1530,
521,
918,
1506,
570,
1049,
1157,
545,
338,
1308,
1101,
1137,
280,
1306,
501,
1321,
1217,
258,
450,
300,
948,
1445,
307,
1172,
498,
1197,
695,
643,
497,
1146,
466,
1300,
761,
770,
673,
737,
857,
775,
805,
1153,
1178,
495,
381,
305,
1062,
726,
886,
1129,
4001,
301,
305,
732,
65,
1273,
534,
688,
319,
1258,
281,
857,
314,
1315,
294,
1291,
277,
1485,
2342,
360,
720,
769,
270,
1114,
547,
701,
3586,
289,
2593,
1354,
1201,
1318,
455,
281,
500,
289,
795,
1331,
1240,
570,
1312,
1100,
2020,
385,
1369,
1311,
723,
3990,
1261,
503,
309,
265,
1265,
2971,
311,
260,
459,
768,
3147,
1334,
3637,
1323,
326,
197,
204,
344,
1517,
552,
549,
397,
570,
965,
804,
117,
413,
202,
374,
197,
3975,
3666,
190,
193,
1722,
182,
3207,
190,
324,
168,
978,
160,
1714,
637,
164,
187,
1731,
846,
155,
160,
480,
873,
3976,
441,
146,
543,
140,
162,
711,
537,
156,
281,
511,
279,
152,
163,
142,
51,
138,
120,
153,
128,
138,
586,
127,
121,
1766,
672,
130,
128,
125,
3478,
121,
4888,
42,
77,
68,
4941,
79,
75,
3592,
3648,
3991,
3689,
4200,
307,
3734,
3007,
4014,
470,
625,
1781,
443,
463,
44,
35,
435,
1774,
643,
563,
629,
153,
135,
181,
1416,
1704,
4621,
143,
1708,
94,
64,
105,
470,
1569,
3534,
601,
413,
618,
753,
751,
435,
2114,
422,
360,
358,
619,
562,
370,
381,
441,
3546,
354,
691,
18,
299,
963,
625,
335,
504,
1308,
1833,
1775,
896,
19,
355,
268,
362,
1619,
541,
678,
370,
538,
216,
477,
1749,
547,
375,
1369,
928,
211,
3445,
328,
134,
728,
806,
342,
711,
430,
940,
1118,
130,
1113,
1332,
613,
425,
884,
729,
711,
3761,
1468,
1397,
276,
340,
919,
1276,
269,
141,
839,
1463,
766,
424,
449,
274,
1479,
437,
1509,
429,
266,
1656,
524,
864,
279,
776,
1068,
692,
266,
624,
265,
1429,
275,
705,
1399,
261,
916,
653,
768,
260,
1465,
754,
1345,
1293,
781,
740,
704,
579,
896,
3683,
1068,
552,
703,
1503,
713,
723,
3662,
1123,
1111,
1483,
716,
574,
880,
906,
1914,
1523,
755,
1474,
738,
1472,
429,
987,
1903,
1130,
453,
540,
1125,
444,
1854,
724,
698,
19,
3253,
717,
3580,
1848,
1320,
947,
171,
471,
1092,
451,
1085,
810,
938,
571,
962,
446,
519,
531,
1114,
41,
1502,
473,
1473,
487,
487,
1470,
542,
882,
1156,
1145,
726,
976,
799,
1870,
991,
3208,
768,
525,
4832,
536,
948,
535,
4303,
559,
1389,
187,
4831,
1658,
186,
1360,
496,
1328,
3397,
170,
3418,
658,
1691,
1176,
1131,
4239,
102,
148,
121,
771,
1850,
4192,
147,
89,
1900,
400,
3580,
422,
1137,
1156,
1154,
117,
1360,
1149,
4334,
161,
3603,
149,
732,
300,
147,
117,
940,
298,
3011,
986,
359,
91,
88,
345,
5052,
3291,
347,
621,
1666,
3648,
992,
512,
1520,
1686,
75,
34,
987,
979,
304,
4975,
960,
81,
997,
73,
946,
925,
444,
432,
329,
1385,
467,
398,
761,
728,
1742,
1728,
466,
455,
3657,
481,
3604,
96,
104,
421,
390,
837,
642,
51,
860,
391,
386,
56,
58,
385,
404,
3376,
441,
60,
367,
554,
386,
3392,
607,
376,
373,
69,
3355,
532,
422,
3758,
851,
390,
385,
377,
386,
405,
3519,
878,
450,
457,
578,
453,
460,
547,
4353,
560,
318,
324,
514,
637,
184,
1169,
1953,
575,
487,
526,
559,
1821,
1809,
694,
531,
181,
543,
4271,
3664,
465,
682,
604,
3325,
301,
3563,
519,
959,
541,
3697,
1282,
1266,
549,
944,
1196,
324,
1087,
952,
804,
531,
989,
504,
1037,
508,
515,
500,
1641,
1146,
1099,
814,
5224,
1091,
780,
821,
511,
1080,
599,
3765,
490,
518,
3694,
425,
1082,
621,
81,
1050,
528,
1066,
534,
1083,
377,
617,
1060,
486,
502,
1041,
899,
610,
600,
1813,
1488,
1082,
488,
595,
201,
926,
915,
515,
681,
1195,
930,
1131,
1351,
591,
935,
457,
203,
481,
1101,
538,
525,
1056,
538,
1517,
1805,
3172,
178,
1002,
754,
546,
945,
482,
683,
1664,
767,
667,
750,
748,
937,
1150,
60,
647,
560,
1194,
461,
977,
453,
3766,
1163,
747,
502,
751,
1243,
1268,
460,
558,
1527,
525,
449,
591,
1103,
1107,
556,
1533,
1071,
475,
772,
758,
1550,
55,
504,
75,
819,
747,
1836,
66,
739,
1099,
737,
1087,
3616,
561,
1509,
489,
440,
1681,
1273,
1139,
760,
1556,
435,
429,
1123,
778,
873,
435,
122,
28,
365,
474,
123,
155,
745,
119,
360,
349,
322,
161,
39,
736,
345,
321,
84,
151,
39,
83,
415,
113,
1217,
345,
1564,
112,
391,
194,
319,
202,
200,
3797,
320,
3792,
187,
171,
547,
4462,
3626,
398,
313,
3643,
168,
3640,
121,
300,
154,
3432,
3530,
1063,
94,
1178,
127,
241,
4139,
3962,
3575,
85,
287,
3561,
4484,
3591,
1014,
4499,
608,
2835,
1014,
1013,
4117,
1012,
3859,
38,
3821,
1011,
642,
965,
73,
3729,
68,
3718,
1750,
1929,
3436,
524,
1076,
532,
1147,
1754,
37,
4268,
3171,
527,
489,
75,
44,
4323,
3658,
551,
44,
81,
45,
120,
3375,
50,
43,
5122,
4604,
4007,
5112,
514,
3986,
72,
3594,
756,
3420,
492,
1959,
641,
43,
550,
582,
471,
649,
442,
896,
537,
3722,
550,
142,
534,
3353,
589,
606,
4264,
279,
546,
464,
3471,
544,
170,
610,
611,
552,
461,
3932,
815,
449,
465,
412,
302,
505,
457,
695,
393,
437,
403,
594,
352,
78,
423,
287,
393,
1416,
776,
531,
3749,
346,
606,
307,
297,
311,
534,
969,
3903,
5541,
306,
545,
4884,
558,
305,
536,
1272,
284,
4513,
1267,
1196,
473,
357,
5244,
274,
858,
535,
651,
352,
3684,
1179,
821,
522,
428,
3682,
348,
700,
365,
1231,
3629,
474,
494,
1089,
425,
3767,
1157,
5078,
768,
462,
733,
1275,
448,
1856,
340,
203,
892,
3710,
1249,
447,
185,
1104,
189,
948,
160,
1007,
413,
451,
930,
1851,
426,
387,
152,
401,
193,
4227,
183,
191,
145,
927,
810,
97,
176,
152,
1353,
561,
150,
2247,
3553,
47,
767,
4625,
3672,
1109,
1281,
3553,
3571,
174,
168,
1023,
2726,
656,
37,
3539,
822,
558,
3667,
470,
167,
162,
3637,
579,
565,
1290,
47,
725,
4139,
866,
157,
405,
3563,
156,
3933,
802,
156,
3614,
3589,
3665,
4155,
89,
87,
5065,
187,
3387,
1016,
91,
3384,
94,
89,
83,
4917,
182,
174,
51,
4141,
967,
232,
781,
3382,
938,
976,
393,
179,
178,
4255,
4641,
953,
966,
964,
168,
467,
2342,
79,
4692,
583,
4658,
4005,
4068,
508,
3904,
4004,
3629,
995,
635,
341,
3856,
561,
4492,
589,
884,
4057,
578,
3943,
594,
4087,
1155,
1758,
843,
1194,
3694,
4659,
3605,
3931,
532,
166,
535,
765,
1052,
1035,
279,
133,
786,
146,
538,
748,
3713,
1408,
3455,
3726,
173,
588,
585,
630,
567,
3992,
605,
616,
1118,
588,
385,
605,
383,
580,
625,
89,
614,
75,
392,
503,
400,
622,
593,
399,
588,
384,
572,
3685,
612,
390,
619,
925,
3982,
1038,
588,
3901,
358,
323,
3675,
586,
3897,
585,
456,
299,
600,
267,
449,
923,
3721,
514,
259,
242,
864,
583,
1470,
919,
314,
305,
731,
760,
630,
303,
4099,
298,
342,
3665,
592,
3816,
297,
316,
928,
3711,
333,
448,
295,
3763,
434,
1427,
95,
288,
340,
64,
345,
1344,
287,
887,
930,
3511,
1090,
578,
1406,
338,
3525,
268,
1392,
1319,
630,
776,
481,
1014,
620,
919,
2534,
615,
749,
4428,
910,
4562,
622,
1498,
4243,
3063,
3519,
3406,
963,
1907,
1281,
951,
674,
1447,
635,
1667,
618,
998,
1111,
1080,
610,
3062,
614,
3524,
1008,
746,
1344,
1457,
903,
950,
940,
775,
3380,
755,
1114,
1374,
1367,
1132,
1474,
1142,
785,
1083,
4271,
1115,
4270,
702,
741,
4181,
1336,
722,
4034,
131,
4285,
102,
1356,
1376,
301,
1325,
82,
350,
332,
18,
1341,
333,
960,
317,
333,
347,
343,
336,
3668,
83,
3745,
328,
1982,
310,
314,
302,
862,
330,
379,
3664,
2139,
325,
369,
3661,
3979,
893,
3845,
4098,
299,
574,
306,
291,
234,
1541,
81,
2568,
818,
839,
2569,
995,
901,
571,
641,
207,
596,
199,
180,
40,
438,
1008,
565,
732,
1022,
1004,
1073,
767,
5647,
669,
164,
41,
1168,
762,
1202,
1457,
449,
4111,
540,
3519,
477,
399,
732,
1593,
471,
1444,
398,
521,
551,
3743,
444,
357,
393,
50,
391,
471,
41,
448,
54,
397,
416,
509,
87,
464,
393,
560,
417,
53,
39,
393,
411,
82,
38,
606,
392,
390,
58,
376,
345,
389,
55,
364,
388,
385,
413,
37,
4508,
346,
483,
376,
371,
344,
421,
337,
445,
389,
4099,
378,
331,
395,
4312,
315,
457,
452,
412,
390,
484,
471,
467,
336,
392,
451,
370,
367,
658,
938,
363,
1508,
418,
865,
317,
853,
307,
3625,
812,
4050,
4483,
1508,
1600,
315,
245,
4486,
4438,
2433,
1504,
4442,
183,
1444,
4420,
1495,
3773,
1248,
3772,
4845,
459,
4220,
1491,
1716,
1489,
114,
1496,
4630,
112,
608,
523,
105,
381,
348,
365,
1506,
1517,
4152,
4561,
3608,
542,
2942,
745,
1292,
3606,
376,
606,
1276,
1304,
432,
1622,
2640,
3972,
534,
1407,
4828,
1252,
1070,
453,
4611,
598,
4038,
5455,
1002,
462,
943,
4653,
2668,
1590,
1295,
3801,
545,
3790,
395,
598,
1277,
324,
3927,
688,
323,
683,
552,
2374,
1093,
1218,
869,
1124,
4458,
4454,
554,
688,
1659,
866,
1278,
3989,
594,
3878,
601,
741,
621,
499,
973,
542,
4823,
1673,
656,
457,
1654,
384,
4757,
666,
384,
387,
371,
1519,
1013,
1652,
736,
682,
817,
1606,
45,
4756,
1349,
360,
5505,
548,
457,
415,
484,
1312,
402,
360,
1030,
1564,
710,
489,
1117,
1139,
506,
702,
167,
3781,
405,
166,
1435,
508,
350,
552,
3029,
1343,
802,
321,
490,
5873,
1110,
966,
5633,
534,
4894,
316,
3468,
1533,
5686,
1121,
76,
326,
5764,
921,
152,
312,
2113,
5079,
1767,
882,
122,
199,
312,
174,
455,
921,
4886,
459,
109,
729,
166,
774,
5007,
158,
91,
490,
1731,
153,
45,
883,
4760,
152,
917,
151,
74,
907,
801,
151,
400,
922,
46,
202,
143,
1746,
186,
490,
151,
136,
739,
150,
47,
1735,
785,
143,
770,
935,
556,
144,
139,
638,
138,
438,
543,
509,
503,
498,
