33,
40,
40,
32,
84,
88,
77,
33,
77,
62,
72,
64,
44,
89,
81,
103,
69,
70,
90,
43,
110,
34,
115,
121,
117,
105,
112,
107,
101,
113,
102,
107,
137,
120,
130,
136,
120,
40,
113,
133,
136,
124,
129,
109,
45,
125,
124,
43,
45,
100,
127,
35,
132,
105,
130,
140,
128,
45,
137,
120,
127,
119,
130,
116,
112,
79,
174,
112,
154,
83,
96,
35,
41,
85,
134,
49,
32,
169,
93,
169,
175,
157,
153,
173,
73,
178,
75,
36,
156,
163,
65,
143,
162,
119,
156,
143,
128,
99,
135,
103,
186,
145,
118,
125,
73,
163,
89,
86,
100,
39,
193,
176,
182,
198,
199,
105,
117,
196,
190,
110,
173,
150,
92,
128,
166,
187,
35,
148,
65,
131,
200,
130,
153,
163,
111,
190,
117,
168,
168,
132,
136,
180,
214,
217,
175,
206,
196,
157,
162,
194,
165,
106,
63,
183,
208,
211,
182,
188,
222,
113,
118,
215,
198,
211,
220,
176,
178,
230,
192,
207,
195,
170,
187,
213,
174,
214,
231,
220,
200,
232,
231,
172,
178,
207,
210,
142,
212,
195,
139,
189,
157,
238,
132,
136,
114,
222,
232,
154,
181,
226,
134,
34,
190,
171,
105,
200,
134,
185,
186,
176,
159,
44,
210,
133,
204,
141,
148,
121,
110,
121,
125,
103,
164,
237,
217,
248,
178,
171,
237,
196,
89,
149,
216,
102,
79,
47,
41,
244,
155,
169,
113,
115,
270,
83,
130,
84,
157,
269,
149,
150,
122,
35,
39,
70,
169,
220,
104,
169,
132,
130,
199,
42,
171,
220,
194,
181,
263,
161,
221,
113,
146,
265,
250,
72,
174,
221,
135,
252,
209,
107,
77,
171,
165,
121,
144,
206,
35,
232,
162,
171,
231,
164,
130,
204,
249,
243,
235,
44,
213,
103,
133,
96,
43,
290,
307,
218,
194,
296,
285,
227,
37,
30,
124,
240,
276,
238,
221,
205,
290,
190,
227,
175,
221,
231,
214,
286,
307,
219,
186,
201,
230,
193,
131,
150,
165,
211,
36,
186,
193,
173,
222,
263,
218,
322,
284,
218,
214,
196,
187,
239,
173,
231,
236,
308,
223,
202,
159,
221,
286,
198,
34,
210,
263,
328,
156,
218,
178,
177,
150,
200,
245,
329,
179,
208,
198,
309,
338,
34,
237,
270,
249,
186,
318,
112,
165,
178,
325,
320,
289,
338,
114,
225,
168,
102,
195,
105,
278,
325,
192,
165,
70,
312,
87,
165,
62,
54,
52,
51,
45,
43,
255,
269,
172,
125,
45,
184,
56,
156,
41,
170,
190,
178,
169,
224,
48,
267,
135,
213,
189,
251,
186,
233,
218,
153,
175,
41,
138,
155,
377,
261,
260,
165,
192,
216,
133,
185,
210,
213,
223,
141,
215,
328,
169,
200,
240,
180,
129,
257,
213,
102,
274,
122,
149,
212,
313,
87,
126,
39,
218,
166,
164,
184,
197,
274,
197,
333,
202,
196,
175,
325,
123,
194,
97,
177,
207,
343,
160,
120,
93,
240,
328,
212,
290,
95,
219,
89,
253,
251,
232,
170,
198,
227,
297,
318,
267,
45,
256,
37,
164,
155,
278,
243,
91,
298,
102,
254,
250,
164,
239,
281,
206,
267,
237,
202,
54,
276,
270,
224,
298,
386,
213,
239,
201,
273,
283,
385,
217,
181,
314,
45,
363,
175,
236,
280,
224,
259,
300,
226,
269,
242,
385,
163,
169,
244,
45,
253,
229,
257,
49,
164,
269,
171,
158,
191,
202,
297,
36,
366,
141,
248,
171,
322,
133,
137,
206,
368,
260,
124,
151,
301,
302,
388,
91,
311,
118,
37,
117,
82,
415,
168,
109,
171,
199,
193,
338,
46,
113,
326,
73,
45,
305,
171,
337,
244,
183,
43,
170,
251,
167,
248,
42,
147,
252,
199,
336,
198,
249,
132,
139,
201,
321,
239,
166,
260,
208,
240,
185,
236,
279,
224,
245,
300,
182,
150,
48,
388,
318,
223,
248,
282,
190,
245,
193,
348,
236,
152,
164,
278,
137,
250,
319,
222,
236,
190,
256,
269,
290,
445,
137,
190,
240,
232,
256,
267,
263,
130,
130,
174,
192,
166,
236,
154,
291,
191,
100,
272,
282,
284,
278,
114,
132,
135,
271,
116,
106,
299,
43,
344,
52,
155,
189,
358,
287,
323,
307,
154,
297,
349,
202,
129,
127,
289,
278,
131,
262,
139,
259,
345,
302,
278,
145,
212,
258,
191,
314,
236,
266,
331,
158,
272,
435,
271,
299,
450,
341,
335,
250,
241,
221,
229,
254,
461,
188,
187,
208,
182,
293,
231,
315,
451,
459,
399,
393,
440,
254,
416,
48,
356,
195,
256,
207,
351,
264,
337,
399,
254,
213,
172,
199,
453,
43,
467,
181,
153,
152,
365,
197,
345,
297,
293,
348,
296,
208,
163,
314,
475,
212,
221,
360,
334,
192,
289,
266,
292,
161,
347,
40,
205,
297,
243,
244,
188,
439,
284,
125,
471,
487,
318,
246,
231,
202,
314,
248,
441,
198,
465,
246,
242,
291,
298,
405,
223,
317,
138,
158,
243,
32,
124,
242,
479,
334,
32,
180,
142,
447,
90,
119,
186,
50,
346,
216,
242,
173,
203,
179,
435,
84,
480,
205,
157,
128,
426,
75,
186,
152,
183,
199,
178,
226,
282,
200,
124,
335,
232,
167,
266,
169,
234,
178,
210,
133,
271,
140,
232,
220,
240,
177,
195,
359,
200,
159,
434,
266,
48,
172,
135,
208,
228,
424,
38,
234,
347,
111,
279,
165,
198,
133,
216,
98,
433,
277,
334,
316,
245,
213,
45,
215,
242,
406,
327,
303,
156,
117,
309,
339,
293,
245,
196,
326,
300,
205,
163,
308,
231,
178,
126,
112,
213,
348,
312,
119,
182,
168,
109,
285,
132,
217,
234,
346,
129,
225,
217,
147,
441,
132,
186,
215,
296,
261,
254,
310,
263,
221,
212,
330,
300,
291,
206,
247,
241,
327,
104,
359,
214,
174,
291,
265,
367,
348,
43,
285,
220,
296,
169,
248,
330,
364,
256,
192,
463,
337,
189,
148,
476,
294,
164,
181,
290,
41,
276,
166,
470,
205,
241,
207,
496,
262,
397,
422,
455,
284,
131,
383,
335,
400,
482,
324,
451,
520,
301,
346,
303,
307,
486,
151,
197,
228,
483,
253,
42,
242,
34,
241,
161,
357,
532,
328,
205,
196,
240,
160,
138,
280,
35,
497,
187,
243,
283,
236,
270,
241,
45,
122,
208,
224,
432,
176,
474,
142,
559,
210,
191,
401,
160,
201,
332,
513,
487,
227,
154,
231,
352,
190,
159,
272,
562,
504,
258,
241,
331,
590,
136,
45,
190,
32,
401,
266,
593,
181,
546,
173,
43,
328,
293,
239,
292,
197,
173,
431,
38,
183,
135,
147,
302,
161,
246,
47,
206,
244,
161,
177,
116,
456,
230,
175,
335,
302,
166,
39,
199,
470,
212,
278,
407,
445,
211,
114,
245,
137,
151,
207,
216,
188,
95,
229,
165,
244,
360,
50,
224,
171,
152,
263,
167,
245,
147,
270,
256,
110,
147,
351,
338,
243,
138,
293,
146,
177,
41,
385,
138,
281,
518,
148,
210,
251,
239,
261,
184,
48,
165,
376,
298,
268,
180,
124,
223,
162,
131,
210,
253,
285,
337,
288,
374,
123,
245,
153,
204,
329,
253,
228,
227,
207,
172,
226,
109,
140,
193,
120,
178,
149,
182,
215,
361,
383,
183,
108,
151,
224,
450,
303,
469,
361,
150,
148,
140,
202,
243,
148,
310,
37,
179,
271,
186,
206,
453,
40,
36,
213,
449,
219,
315,
185,
145,
297,
191,
592,
388,
226,
281,
157,
352,
181,
237,
452,
167,
380,
362,
548,
189,
387,
332,
185,
153,
211,
152,
145,
199,
437,
167,
551,
542,
555,
232,
51,
294,
178,
548,
532,
458,
455,
548,
277,
542,
491,
313,
334,
547,
224,
309,
40,
226,
158,
293,
174,
186,
146,
209,
188,
272,
216,
183,
542,
553,
213,
522,
143,
242,
207,
290,
136,
36,
553,
42,
389,
316,
225,
566,
474,
535,
204,
333,
384,
563,
239,
543,
293,
477,
212,
408,
224,
32,
215,
555,
401,
101,
523,
109,
520,
96,
243,
489,
132,
339,
405,
281,
334,
235,
285,
190,
575,
330,
130,
143,
233,
555,
108,
46,
551,
107,
40,
218,
246,
194,
246,
83,
32,
190,
47,
356,
110,
182,
265,
171,
190,
563,
180,
186,
170,
206,
513,
256,
160,
359,
252,
224,
176,
46,
529,
213,
159,
399,
183,
240,
167,
353,
148,
174,
256,
283,
168,
176,
233,
209,
158,
270,
34,
202,
156,
461,
473,
277,
155,
183,
182,
304,
340,
154,
246,
144,
233,
197,
300,
106,
168,
153,
195,
246,
509,
176,
186,
131,
129,
172,
150,
203,
237,
142,
291,
190,
209,
193,
231,
138,
209,
119,
109,
226,
242,
128,
208,
205,
270,
169,
182,
117,
381,
201,
217,
307,
217,
150,
224,
418,
193,
414,
201,
364,
130,
147,
416,
431,
192,
222,
158,
312,
305,
575,
193,
142,
192,
440,
291,
126,
239,
373,
350,
396,
436,
230,
179,
211,
493,
350,
390,
321,
252,
134,
143,
323,
151,
311,
228,
185,
212,
485,
220,
151,
189,
527,
252,
544,
39,
220,
561,
288,
37,
205,
388,
324,
196,
496,
346,
560,
112,
297,
443,
310,
608,
272,
175,
278,
306,
467,
315,
265,
261,
407,
260,
392,
575,
280,
475,
210,
225,
391,
225,
328,
362,
514,
243,
32,
552,
558,
103,
364,
31,
407,
44,
461,
97,
152,
617,
524,
299,
546,
33,
392,
43,
201,
256,
311,
57,
555,
164,
135,
202,
104,
412,
395,
318,
46,
311,
380,
42,
304,
201,
187,
184,
232,
440,
261,
42,
217,
263,
231,
137,
204,
194,
596,
111,
284,
172,
169,
169,
129,
605,
95,
132,
203,
619,
338,
137,
203,
167,
575,
443,
82,
173,
320,
604,
371,
329,
119,
309,
440,
562,
424,
37,
177,
355,
196,
166,
184,
221,
176,
313,
240,
181,
219,
227,
274,
157,
137,
216,
88,
212,
255,
186,
134,
475,
263,
366,
238,
205,
455,
153,
126,
188,
310,
548,
232,
241,
169,
166,
261,
236,
582,
189,
280,
185,
317,
179,
148,
453,
48,
332,
348,
228,
156,
208,
178,
41,
155,
206,
195,
244,
447,
324,
245,
302,
188,
302,
41,
35,
284,
218,
157,
186,
346,
144,
163,
199,
271,
284,
346,
476,
38,
464,
250,
402,
262,
185,
148,
648,
316,
320,
292,
169,
636,
199,
258,
184,
351,
133,
247,
339,
189,
103,
99,
257,
371,
246,
43,
461,
151,
367,
282,
455,
280,
299,
183,
200,
149,
671,
278,
39,
167,
488,
248,
322,
180,
369,
602,
139,
212,
317,
220,
186,
211,
289,
190,
450,
475,
217,
164,
608,
211,
488,
312,
224,
287,
272,
113,
201,
202,
238,
616,
544,
171,
173,
206,
201,
311,
289,
630,
603,
535,
303,
147,
466,
540,
195,
301,
457,
138,
197,
412,
253,
189,
518,
289,
404,
620,
170,
241,
570,
629,
475,
149,
146,
575,
82,
253,
74,
243,
548,
54,
70,
602,
46,
643,
549,
274,
137,
233,
58,
136,
68,
571,
44,
41,
371,
182,
335,
187,
184,
182,
129,
277,
368,
136,
117,
339,
361,
142,
185,
342,
219,
607,
203,
549,
152,
618,
219,
160,
108,
247,
115,
571,
43,
493,
181,
532,
189,
219,
39,
34,
144,
187,
77,
612,
204,
155,
311,
174,
301,
220,
113,
39,
224,
33,
131,
41,
280,
28,
174,
167,
192,
355,
299,
205,
141,
621,
567,
113,
267,
206,
89,
324,
223,
220,
265,
154,
206,
219,
352,
629,
454,
626,
163,
101,
252,
146,
133,
155,
162,
202,
252,
166,
198,
140,
400,
147,
221,
213,
191,
331,
576,
183,
116,
165,
254,
212,
581,
148,
342,
286,
254,
104,
261,
593,
182,
161,
220,
120,
217,
204,
178,
641,
184,
178,
235,
166,
176,
236,
659,
647,
149,
355,
210,
571,
186,
582,
212,
144,
304,
219,
205,
42,
157,
142,
292,
351,
514,
117,
289,
219,
209,
292,
347,
206,
198,
156,
572,
194,
196,
577,
168,
322,
575,
206,
194,
521,
130,
189,
102,
503,
205,
90,
429,
577,
194,
556,
664,
557,
367,
508,
348,
565,
469,
74,
44,
377,
289,
416,
175,
71,
110,
149,
510,
506,
703,
530,
343,
278,
579,
59,
396,
72,
518,
391,
161,
509,
67,
617,
92,
506,
63,
45,
570,
168,
107,
507,
256,
306,
39,
263,
535,
274,
712,
201,
306,
536,
170,
471,
551,
38,
227,
204,
172,
379,
196,
161,
223,
187,
134,
196,
40,
169,
148,
534,
179,
40,
119,
321,
374,
387,
137,
717,
97,
160,
97,
208,
539,
136,
381,
319,
110,
590,
560,
43,
329,
587,
89,
150,
181,
542,
466,
124,
226,
164,
232,
587,
289,
288,
203,
310,
307,
45,
169,
133,
157,
216,
41,
112,
281,
102,
393,
352,
410,
584,
203,
191,
194,
192,
140,
112,
224,
377,
208,
116,
147,
239,
160,
157,
155,
519,
152,
172,
105,
106,
591,
171,
198,
137,
47,
310,
300,
237,
520,
500,
214,
144,
407,
241,
183,
387,
583,
209,
38,
116,
149,
43,
197,
315,
377,
198,
561,
213,
284,
471,
179,
495,
194,
179,
87,
248,
620,
162,
354,
595,
422,
276,
178,
117,
171,
152,
211,
186,
327,
506,
232,
259,
118,
320,
439,
264,
243,
230,
43,
274,
384,
285,
51,
72,
517,
402,
40,
158,
261,
125,
210,
460,
151,
103,
565,
510,
260,
421,
147,
91,
254,
128,
498,
479,
157,
313,
725,
156,
730,
414,
424,
468,
146,
725,
724,
336,
82,
488,
330,
140,
71,
269,
325,
493,
438,
113,
106,
446,
393,
104,
91,
766,
182,
87,
400,
369,
745,
428,
49,
361,
65,
80,
483,
735,
45,
605,
399,
304,
725,
460,
42,
308,
243,
597,
353,
50,
264,
81,
158,
183,
763,
252,
218,
635,
40,
302,
171,
454,
179,
436,
40,
325,
698,
284,
161,
146,
693,
620,
69,
360,
648,
314,
150,
692,
252,
722,
662,
426,
40,
350,
262,
200,
615,
218,
144,
687,
404,
250,
642,
73,
378,
355,
201,
345,
221,
461,
338,
308,
174,
207,
286,
43,
197,
232,
37,
306,
267,
345,
282,
227,
201,
278,
262,
248,
143,
191,
292,
213,
213,
150,
199,
408,
113,
363,
240,
164,
218,
471,
155,
204,
186,
180,
177,
463,
198,
314,
287,
243,
156,
151,
436,
274,
233,
218,
193,
213,
173,
278,
201,
276,
136,
258,
224,
229,
206,
34,
222,
158,
467,
230,
256,
220,
740,
168,
197,
425,
388,
738,
262,
641,
240,
677,
193,
220,
161,
140,
647,
278,
473,
42,
648,
201,
269,
198,
279,
445,
179,
461,
737,
647,
623,
329,
449,
182,
741,
266,
421,
176,
160,
212,
664,
452,
197,
167,
235,
342,
34,
183,
241,
320,
412,
222,
349,
231,
254,
178,
43,
344,
257,
41,
431,
170,
350,
32,
393,
269,
242,
290,
321,
300,
197,
123,
283,
677,
140,
453,
129,
37,
441,
107,
376,
115,
579,
102,
517,
455,
481,
426,
311,
113,
477,
100,
426,
35,
534,
445,
103,
100,
447,
87,
65,
60,
340,
281,
159,
380,
578,
315,
194,
211,
351,
526,
192,
500,
217,
219,
237,
172,
210,
270,
251,
361,
159,
214,
207,
233,
61,
203,
213,
353,
294,
216,
250,
500,
247,
195,
260,
179,
245,
633,
265,
216,
50,
441,
53,
225,
506,
184,
312,
268,
192,
191,
320,
177,
173,
208,
252,
206,
255,
187,
198,
216,
110,
237,
98,
141,
132,
327,
243,
43,
272,
199,
235,
215,
230,
215,
251,
353,
178,
171,
276,
38,
219,
170,
202,
247,
40,
220,
305,
205,
191,
165,
174,
183,
250,
213,
221,
335,
260,
431,
650,
206,
187,
315,
234,
168,
497,
113,
227,
183,
145,
426,
31,
265,
136,
227,
331,
166,
402,
129,
650,
178,
199,
208,
219,
299,
189,
521,
249,
326,
360,
283,
214,
144,
249,
235,
305,
341,
226,
132,
240,
309,
156,
144,
184,
719,
335,
280,
273,
541,
140,
706,
388,
213,
348,
526,
186,
212,
519,
323,
36,
232,
307,
664,
550,
274,
128,
735,
33,
495,
761,
380,
232,
270,
207,
785,
152,
579,
171,
203,
496,
337,
662,
174,
480,
626,
181,
655,
200,
141,
445,
305,
149,
44,
433,
370,
206,
43,
507,
425,
345,
442,
112,
416,
182,
467,
650,
356,
94,
131,
362,
665,
448,
864,
115,
550,
569,
497,
105,
124,
382,
121,
110,
367,
95,
45,
602,
673,
376,
68,
656,
309,
601,
428,
296,
325,
80,
430,
529,
70,
455,
172,
78,
246,
162,
429,
151,
184,
168,
135,
157,
55,
198,
190,
699,
195,
755,
200,
51,
251,
171,
175,
208,
215,
240,
138,
203,
228,
202,
190,
45,
716,
233,
35,
230,
225,
719,
235,
710,
732,
182,
173,
211,
146,
189,
809,
281,
241,
140,
136,
209,
159,
36,
387,
128,
355,
545,
223,
300,
715,
248,
146,
792,
731,
728,
309,
494,
238,
807,
372,
192,
244,
417,
256,
350,
638,
258,
286,
118,
123,
69,
106,
223,
147,
282,
189,
187,
217,
188,
278,
789,
241,
120,
240,
156,
386,
261,
235,
183,
291,
244,
216,
254,
162,
235,
505,
242,
241,
259,
207,
222,
269,
645,
493,
131,
181,
227,
212,
136,
222,
304,
219,
229,
44,
147,
174,
237,
214,
181,
336,
632,
157,
217,
208,
268,
195,
157,
250,
229,
153,
518,
614,
269,
221,
212,
870,
861,
371,
35,
204,
859,
40,
233,
521,
567,
392,
747,
232,
562,
328,
231,
243,
218,
746,
218,
581,
845,
773,
382,
197,
43,
249,
759,
664,
227,
313,
337,
261,
328,
147,
299,
468,
45,
45,
319,
247,
655,
285,
330,
586,
203,
135,
147,
616,
358,
113,
350,
119,
893,
331,
299,
666,
101,
377,
113,
120,
657,
202,
643,
482,
33,
349,
440,
425,
95,
495,
453,
129,
876,
44,
395,
93,
665,
74,
352,
43,
264,
101,
285,
49,
316,
96,
598,
669,
524,
429,
314,
427,
212,
174,
428,
168,
205,
314,
223,
617,
624,
177,
164,
272,
166,
215,
151,
715,
704,
164,
724,
230,
229,
461,
707,
149,
175,
145,
133,
673,
414,
430,
779,
259,
134,
258,
645,
132,
176,
197,
962,
133,
228,
256,
363,
352,
274,
715,
226,
290,
121,
108,
641,
244,
171,
198,
174,
478,
220,
170,
209,
148,
230,
172,
213,
358,
218,
501,
737,
173,
816,
191,
242,
301,
169,
228,
181,
248,
478,
821,
224,
796,
38,
810,
253,
217,
171,
225,
203,
350,
242,
187,
248,
283,
186,
505,
171,
412,
270,
825,
242,
211,
453,
35,
133,
107,
451,
275,
160,
356,
180,
262,
218,
265,
214,
405,
148,
186,
148,
474,
145,
357,
223,
591,
282,
251,
360,
35,
695,
416,
211,
260,
351,
644,
422,
831,
150,
252,
201,
421,
263,
131,
159,
96,
252,
136,
37,
268,
306,
653,
273,
219,
613,
287,
741,
240,
261,
38,
546,
252,
934,
662,
228,
158,
826,
820,
252,
286,
257,
294,
253,
242,
42,
34,
384,
251,
188,
325,
292,
272,
829,
398,
198,
224,
104,
273,
242,
208,
329,
499,
237,
207,
619,
267,
478,
284,
472,
253,
223,
92,
397,
465,
193,
366,
117,
1006,
152,
112,
299,
111,
42,
331,
702,
267,
286,
321,
512,
120,
245,
95,
303,
237,
117,
707,
76,
602,
114,
345,
316,
495,
72,
633,
466,
258,
600,
69,
225,
316,
51,
441,
413,
166,
67,
211,
241,
66,
166,
217,
199,
155,
295,
787,
169,
228,
238,
201,
227,
165,
174,
710,
203,
720,
626,
125,
201,
187,
319,
390,
158,
927,
207,
217,
201,
178,
175,
65,
126,
268,
889,
298,
551,
268,
158,
246,
167,
277,
718,
708,
309,
167,
798,
221,
340,
147,
419,
725,
199,
573,
159,
215,
181,
283,
223,
272,
281,
185,
251,
304,
292,
199,
248,
208,
405,
163,
808,
139,
451,
233,
165,
191,
113,
35,
303,
291,
81,
808,
85,
381,
133,
264,
386,
74,
403,
120,
101,
500,
241,
296,
244,
223,
268,
272,
217,
110,
282,
624,
327,
238,
231,
141,
490,
201,
313,
241,
402,
738,
115,
230,
223,
273,
259,
656,
136,
266,
284,
128,
293,
289,
289,
292,
500,
400,
427,
560,
288,
259,
324,
174,
208,
247,
581,
506,
201,
44,
274,
206,
433,
213,
264,
580,
206,
276,
250,
137,
327,
269,
155,
567,
231,
149,
216,
207,
503,
338,
276,
179,
517,
667,
48,
800,
161,
386,
537,
172,
135,
515,
139,
762,
187,
240,
520,
378,
183,
249,
358,
306,
295,
194,
305,
292,
194,
284,
313,
217,
292,
933,
469,
44,
231,
843,
319,
786,
246,
680,
285,
241,
577,
771,
142,
374,
712,
309,
309,
643,
682,
276,
114,
399,
258,
792,
240,
92,
96,
213,
119,
198,
769,
312,
78,
112,
107,
305,
277,
97,
198,
853,
239,
82,
774,
211,
78,
148,
50,
324,
181,
470,
603,
74,
468,
169,
418,
204,
162,
73,
64,
153,
167,
167,
589,
77,
426,
714,
196,
274,
42,
76,
50,
141,
156,
281,
115,
165,
200,
259,
171,
322,
166,
807,
297,
43,
639,
243,
341,
475,
298,
38,
486,
244,
147,
641,
436,
110,
484,
358,
245,
134,
97,
641,
128,
263,
241,
273,
272,
219,
218,
359,
245,
228,
267,
123,
259,
232,
261,
246,
127,
163,
409,
237,
255,
215,
277,
244,
198,
139,
166,
192,
327,
334,
191,
262,
270,
171,
170,
242,
124,
336,
201,
257,
161,
284,
45,
207,
232,
306,
276,
196,
193,
233,
200,
122,
252,
232,
241,
367,
196,
194,
363,
212,
168,
832,
252,
227,
505,
252,
246,
244,
259,
165,
187,
152,
652,
40,
194,
203,
222,
170,
250,
227,
241,
280,
337,
212,
134,
121,
360,
382,
210,
246,
41,
352,
238,
234,
253,
293,
124,
117,
827,
341,
469,
228,
276,
225,
202,
154,
268,
398,
119,
298,
401,
196,
160,
228,
368,
342,
753,
349,
434,
131,
749,
265,
290,
348,
660,
328,
117,
261,
320,
551,
246,
312,
449,
179,
313,
121,
235,
323,
552,
300,
319,
287,
189,
367,
624,
184,
544,
346,
119,
314,
528,
300,
106,
298,
209,
121,
257,
258,
111,
257,
92,
454,
256,
300,
292,
260,
240,
141,
274,
153,
84,
296,
525,
172,
511,
167,
45,
243,
436,
449,
16,
50,
241,
168,
209,
432,
213,
190,
502,
193,
210,
497,
358,
65,
131,
124,
172,
149,
359,
521,
62,
157,
192,
303,
44,
311,
791,
60,
180,
189,
148,
157,
143,
271,
59,
260,
269,
138,
714,
290,
351,
167,
136,
276,
197,
175,
482,
75,
56,
189,
132,
48,
269,
288,
339,
135,
125,
131,
45,
336,
163,
269,
180,
49,
162,
186,
216,
162,
197,
198,
494,
813,
218,
238,
253,
728,
41,
368,
44,
338,
210,
40,
232,
130,
127,
173,
190,
277,
245,
206,
275,
262,
185,
231,
244,
142,
44,
164,
242,
195,
244,
187,
326,
910,
232,
575,
220,
268,
226,
287,
110,
507,
541,
176,
340,
225,
377,
233,
156,
216,
216,
497,
233,
142,
223,
193,
289,
229,
201,
222,
234,
503,
387,
207,
366,
189,
183,
300,
374,
833,
222,
161,
429,
651,
650,
450,
176,
750,
156,
430,
255,
149,
230,
383,
430,
173,
155,
520,
240,
592,
269,
223,
193,
212,
836,
510,
425,
757,
225,
600,
245,
143,
181,
211,
290,
288,
244,
146,
112,
331,
124,
265,
181,
235,
216,
838,
600,
133,
163,
33,
230,
322,
223,
599,
301,
391,
226,
761,
296,
392,
598,
289,
278,
380,
588,
344,
295,
401,
664,
261,
265,
42,
227,
208,
357,
857,
360,
571,
378,
128,
254,
174,
159,
454,
234,
451,
112,
140,
273,
210,
320,
103,
403,
226,
84,
102,
95,
36,
276,
315,
59,
81,
73,
571,
572,
309,
42,
134,
258,
167,
163,
970,
218,
297,
712,
292,
226,
153,
1279,
232,
31,
217,
258,
166,
468,
154,
220,
174,
38,
194,
45,
628,
143,
125,
235,
229,
203,
301,
385,
383,
285,
627,
231,
346,
250,
188,
146,
197,
157,
370,
418,
558,
450,
240,
222,
627,
527,
70,
489,
406,
722,
249,
106,
219,
721,
156,
394,
132,
124,
81,
218,
158,
175,
354,
194,
161,
399,
183,
395,
223,
171,
357,
333,
110,
189,
408,
271,
489,
342,
260,
237,
210,
341,
122,
107,
235,
648,
209,
229,
153,
242,
468,
100,
121,
820,
200,
271,
137,
239,
227,
791,
651,
165,
341,
353,
376,
174,
214,
585,
740,
263,
205,
918,
505,
257,
34,
427,
339,
647,
298,
423,
147,
255,
230,
463,
133,
351,
326,
362,
483,
361,
268,
128,
240,
225,
192,
278,
198,
647,
175,
162,
46,
140,
190,
210,
511,
319,
444,
733,
127,
842,
199,
144,
353,
317,
231,
149,
249,
755,
333,
348,
182,
184,
747,
244,
257,
598,
50,
185,
333,
214,
1082,
264,
320,
306,
31,
44,
671,
1017,
523,
285,
276,
38,
437,
292,
281,
671,
264,
181,
436,
360,
191,
503,
382,
1087,
271,
789,
379,
241,
760,
359,
301,
707,
132,
213,
337,
34,
228,
108,
715,
190,
645,
347,
186,
234,
373,
190,
632,
708,
88,
350,
628,
97,
433,
1054,
92,
868,
614,
70,
242,
245,
412,
219,
93,
606,
603,
83,
302,
788,
43,
1069,
316,
42,
302,
332,
590,
378,
293,
56,
599,
76,
342,
62,
464,
561,
1065,
300,
77,
271,
43,
106,
189,
367,
89,
215,
260,
556,
224,
281,
493,
181,
297,
44,
200,
388,
153,
194,
44,
250,
212,
146,
236,
126,
311,
484,
623,
166,
337,
281,
154,
287,
100,
632,
325,
310,
142,
283,
478,
283,
333,
296,
196,
299,
228,
275,
244,
457,
243,
322,
224,
268,
464,
252,
496,
31,
377,
896,
326,
188,
724,
208,
43,
407,
220,
251,
195,
449,
177,
233,
290,
223,
349,
131,
167,
324,
360,
230,
278,
361,
259,
210,
652,
32,
173,
347,
241,
1014,
252,
219,
735,
389,
283,
506,
353,
146,
489,
229,
458,
150,
220,
41,
358,
653,
142,
199,
342,
651,
155,
465,
285,
405,
162,
232,
137,
649,
262,
189,
428,
432,
231,
204,
485,
357,
182,
422,
933,
272,
402,
209,
313,
261,
439,
205,
667,
325,
180,
826,
252,
45,
735,
341,
1158,
251,
658,
266,
246,
309,
188,
843,
240,
273,
176,
200,
354,
276,
287,
239,
338,
359,
232,
204,
378,
750,
351,
301,
245,
459,
397,
664,
231,
343,
670,
337,
421,
363,
301,
186,
377,
35,
357,
370,
344,
989,
31,
628,
43,
376,
107,
1298,
334,
111,
331,
59,
82,
85,
88,
316,
83,
92,
277,
607,
253,
43,
321,
313,
83,
842,
56,
245,
247,
788,
803,
308,
635,
525,
571,
610,
40,
569,
302,
50,
526,
345,
211,
215,
110,
164,
208,
1235,
152,
205,
362,
171,
174,
136,
288,
230,
206,
86,
239,
622,
127,
202,
91,
134,
226,
1124,
32,
212,
243,
1352,
95,
196,
191,
124,
330,
243,
155,
484,
182,
232,
313,
628,
534,
246,
118,
237,
111,
386,
256,
189,
384,
323,
262,
160,
544,
177,
408,
264,
267,
308,
202,
406,
300,
110,
45,
157,
361,
103,
328,
496,
267,
219,
405,
394,
122,
363,
237,
261,
247,
271,
254,
336,
221,
169,
244,
311,
236,
217,
208,
305,
468,
280,
152,
298,
330,
279,
226,
268,
39,
197,
275,
1025,
246,
118,
149,
253,
338,
211,
194,
443,
229,
213,
337,
257,
1005,
230,
381,
422,
1015,
35,
329,
211,
340,
324,
197,
328,
130,
183,
474,
182,
671,
267,
224,
324,
242,
248,
161,
182,
201,
423,
238,
236,
433,
584,
475,
641,
142,
278,
278,
254,
327,
477,
850,
283,
296,
219,
929,
168,
433,
206,
279,
203,
240,
298,
252,
684,
358,
116,
102,
466,
445,
253,
358,
1260,
233,
563,
101,
348,
373,
410,
1288,
140,
1195,
234,
433,
380,
548,
89,
139,
1161,
288,
134,
317,
1295,
74,
77,
44,
308,
310,
40,
291,
637,
321,
527,
281,
402,
574,
80,
368,
72,
197,
527,
522,
214,
62,
521,
201,
196,
48,
410,
277,
1143,
261,
293,
238,
42,
196,
390,
218,
267,
136,
233,
168,
518,
793,
132,
149,
520,
299,
111,
206,
31,
187,
348,
68,
134,
374,
146,
171,
321,
405,
307,
245,
413,
90,
32,
214,
345,
296,
352,
41,
257,
721,
342,
139,
260,
350,
134,
149,
301,
146,
273,
139,
214,
224,
280,
333,
271,
319,
231,
32,
273,
509,
193,
278,
273,
255,
252,
402,
359,
376,
228,
279,
195,
223,
41,
285,
253,
233,
138,
176,
346,
525,
257,
282,
302,
122,
414,
265,
375,
312,
341,
227,
262,
277,
407,
263,
239,
248,
226,
420,
221,
226,
688,
294,
141,
210,
327,
250,
1109,
331,
696,
303,
38,
201,
506,
750,
320,
818,
271,
213,
1222,
263,
179,
748,
1024,
31,
299,
261,
411,
327,
331,
745,
280,
250,
355,
243,
549,
432,
428,
841,
217,
324,
41,
186,
245,
355,
238,
1023,
443,
408,
252,
327,
34,
44,
295,
322,
335,
424,
364,
219,
138,
444,
453,
244,
486,
263,
502,
387,
296,
1105,
326,
757,
305,
290,
754,
699,
272,
140,
676,
356,
129,
338,
793,
236,
532,
266,
467,
395,
370,
372,
335,
945,
330,
384,
1176,
322,
282,
374,
372,
469,
982,
98,
230,
430,
94,
385,
110,
627,
77,
830,
367,
241,
591,
909,
488,
56,
731,
612,
391,
101,
89,
381,
47,
582,
1427,
83,
78,
70,
58,
86,
411,
337,
232,
48,
262,
491,
700,
71,
424,
292,
223,
266,
268,
693,
1075,
248,
197,
414,
62,
194,
286,
289,
180,
625,
890,
178,
411,
244,
716,
227,
262,
231,
132,
478,
431,
257,
991,
216,
128,
171,
274,
235,
251,
254,
132,
215,
212,
522,
846,
174,
259,
198,
295,
415,
219,
271,
378,
584,
728,
164,
192,
36,
189,
637,
271,
444,
200,
172,
42,
192,
335,
258,
225,
238,
120,
239,
808,
725,
142,
461,
310,
288,
1088,
723,
232,
257,
379,
466,
244,
137,
185,
104,
162,
721,
331,
258,
324,
229,
349,
284,
293,
212,
298,
261,
290,
205,
227,
304,
220,
268,
253,
211,
192,
278,
486,
317,
299,
734,
197,
274,
244,
295,
279,
384,
358,
292,
412,
41,
343,
199,
341,
241,
305,
258,
373,
229,
1287,
431,
142,
321,
243,
213,
340,
747,
244,
261,
41,
300,
282,
283,
276,
298,
401,
237,
241,
282,
739,
209,
325,
234,
394,
284,
254,
46,
1305,
1281,
199,
521,
460,
426,
233,
422,
309,
345,
340,
746,
324,
272,
210,
45,
238,
618,
305,
46,
320,
44,
510,
834,
184,
412,
936,
254,
628,
420,
419,
319,
379,
330,
844,
365,
354,
337,
260,
606,
550,
311,
557,
295,
1219,
250,
249,
391,
388,
349,
330,
542,
758,
248,
169,
308,
535,
193,
293,
227,
244,
855,
672,
289,
437,
268,
327,
537,
943,
230,
397,
400,
527,
688,
381,
255,
1409,
429,
681,
1399,
649,
414,
871,
613,
310,
111,
120,
1224,
540,
202,
111,
611,
116,
861,
110,
391,
833,
100,
112,
80,
540,
391,
202,
351,
62,
59,
277,
817,
128,
611,
75,
609,
430,
73,
1049,
401,
587,
339,
585,
633,
71,
404,
306,
584,
56,
196,
353,
54,
203,
282,
381,
257,
283,
287,
47,
134,
299,
611,
264,
427,
189,
354,
309,
53,
116,
295,
524,
604,
1071,
48,
709,
297,
98,
281,
624,
1021,
532,
187,
301,
303,
272,
337,
1007,
99,
248,
128,
277,
274,
302,
200,
241,
248,
720,
264,
282,
312,
196,
211,
183,
173,
198,
149,
212,
545,
214,
246,
39,
456,
144,
312,
144,
295,
360,
265,
185,
80,
293,
261,
141,
86,
37,
232,
232,
139,
220,
295,
129,
232,
379,
365,
266,
95,
352,
206,
268,
406,
157,
283,
216,
123,
264,
385,
291,
89,
360,
205,
220,
372,
298,
284,
141,
308,
264,
277,
267,
177,
406,
477,
238,
175,
236,
331,
233,
1091,
351,
270,
324,
255,
200,
316,
215,
298,
493,
290,
423,
413,
297,
1100,
229,
928,
422,
375,
33,
340,
294,
1020,
431,
748,
652,
1271,
395,
392,
314,
406,
313,
425,
253,
385,
230,
180,
749,
280,
307,
337,
343,
935,
249,
44,
248,
42,
239,
308,
333,
223,
149,
328,
219,
402,
240,
373,
384,
270,
289,
297,
334,
559,
228,
301,
472,
321,
474,
458,
291,
308,
383,
498,
380,
344,
35,
585,
236,
268,
477,
408,
243,
272,
295,
458,
371,
160,
1270,
370,
982,
282,
251,
414,
224,
680,
287,
265,
109,
325,
272,
33,
721,
312,
271,
1499,
266,
33,
88,
724,
273,
362,
413,
110,
541,
248,
263,
284,
199,
84,
301,
160,
639,
46,
1278,
294,
83,
368,
70,
577,
289,
376,
88,
69,
315,
596,
385,
256,
626,
588,
469,
300,
294,
280,
376,
588,
40,
607,
267,
231,
152,
752,
297,
318,
371,
284,
760,
252,
276,
307,
179,
424,
405,
239,
160,
588,
717,
415,
706,
203,
191,
286,
261,
248,
258,
194,
486,
178,
279,
484,
615,
127,
265,
187,
114,
151,
343,
585,
219,
190,
196,
85,
270,
150,
241,
272,
130,
275,
811,
166,
344,
275,
210,
34,
203,
220,
81,
605,
303,
356,
44,
192,
258,
152,
530,
227,
194,
380,
190,
301,
206,
176,
505,
155,
182,
181,
231,
250,
139,
36,
123,
161,
362,
184,
135,
133,
113,
418,
240,
307,
105,
827,
218,
332,
195,
46,
201,
918,
161,
336,
248,
275,
246,
357,
132,
41,
246,
322,
396,
226,
173,
345,
385,
336,
221,
210,
366,
310,
542,
459,
375,
201,
314,
330,
303,
220,
227,
128,
306,
421,
241,
260,
822,
245,
1004,
195,
171,
487,
209,
746,
487,
527,
293,
389,
281,
353,
449,
746,
239,
277,
194,
452,
275,
181,
347,
291,
211,
366,
264,
282,
1005,
416,
308,
358,
485,
145,
403,
414,
359,
503,
174,
370,
366,
1323,
351,
581,
50,
232,
325,
405,
1320,
478,
260,
277,
241,
167,
319,
230,
243,
364,
1333,
456,
188,
301,
363,
348,
190,
40,
205,
1077,
310,
172,
258,
337,
353,
294,
239,
491,
380,
410,
676,
30,
193,
270,
379,
510,
318,
384,
340,
264,
270,
682,
366,
214,
342,
330,
262,
368,
280,
332,
281,
276,
308,
276,
318,
307,
32,
43,
342,
272,
264,
322,
39,
284,
173,
504,
158,
200,
180,
150,
258,
744,
324,
87,
94,
584,
112,
84,
403,
363,
1421,
965,
643,
597,
607,
337,
44,
82,
384,
593,
656,
691,
157,
255,
878,
380,
613,
242,
207,
552,
269,
175,
225,
285,
195,
190,
207,
663,
309,
241,
165,
255,
201,
302,
117,
166,
89,
1404,
310,
287,
131,
162,
292,
418,
176,
330,
172,
653,
435,
150,
1403,
139,
438,
509,
296,
723,
237,
33,
88,
201,
722,
200,
550,
893,
276,
270,
307,
233,
192,
325,
335,
369,
319,
161,
406,
240,
450,
364,
300,
196,
270,
211,
245,
111,
230,
379,
112,
727,
227,
280,
120,
223,
224,
379,
237,
328,
725,
214,
201,
226,
732,
274,
318,
31,
231,
263,
156,
202,
378,
219,
282,
293,
408,
226,
482,
235,
252,
231,
436,
393,
256,
522,
305,
259,
220,
41,
825,
213,
740,
312,
273,
254,
351,
277,
263,
217,
275,
275,
246,
242,
311,
247,
235,
338,
187,
416,
224,
275,
425,
304,
315,
250,
220,
1027,
381,
201,
240,
1372,
308,
38,
412,
232,
371,
430,
239,
280,
329,
309,
264,
321,
356,
38,
311,
384,
672,
313,
324,
677,
365,
339,
422,
346,
368,
341,
335,
394,
340,
257,
315,
411,
307,
327,
351,
351,
332,
44,
345,
308,
1356,
175,
324,
256,
201,
41,
724,
343,
246,
604,
343,
44,
319,
42,
578,
179,
275,
140,
53,
48,
68,
148,
102,
271,
685,
44,
106,
159,
288,
505,
544,
457,
305,
593,
679,
289,
608,
314,
260,
328,
47,
728,
61,
257,
126,
375,
42,
57,
277,
38,
103,
237,
606,
153,
153,
345,
203,
264,
714,
481,
630,
188,
394,
297,
104,
315,
205,
236,
351,
352,
795,
710,
251,
462,
601,
119,
292,
34,
216,
256,
699,
1490,
128,
152,
101,
244,
280,
264,
142,
121,
84,
656,
273,
303,
170,
553,
266,
226,
634,
807,
340,
249,
173,
497,
318,
309,
141,
261,
263,
239,
301,
396,
299,
133,
198,
184,
735,
295,
132,
321,
121,
101,
264,
189,
280,
212,
277,
123,
464,
105,
735,
354,
404,
261,
786,
212,
382,
323,
36,
302,
265,
200,
167,
267,
458,
287,
214,
269,
231,
225,
29,
248,
203,
766,
192,
329,
371,
185,
406,
370,
150,
353,
270,
747,
215,
366,
139,
146,
266,
300,
135,
375,
249,
331,
295,
366,
42,
472,
133,
326,
273,
268,
263,
300,
313,
463,
267,
241,
131,
341,
314,
748,
751,
287,
357,
497,
247,
137,
311,
211,
266,
306,
348,
358,
521,
350,
43,
344,
366,
343,
464,
330,
407,
164,
278,
270,
469,
417,
200,
264,
281,
237,
41,
677,
340,
428,
345,
178,
287,
299,
305,
257,
430,
442,
235,
414,
335,
366,
221,
222,
253,
404,
364,
269,
1358,
331,
366,
291,
294,
756,
331,
326,
318,
749,
111,
42,
98,
531,
125,
617,
285,
83,
307,
313,
82,
241,
101,
72,
47,
321,
742,
69,
207,
41,
524,
562,
302,
980,
166,
555,
41,
793,
279,
76,
203,
254,
551,
574,
274,
269,
280,
83,
267,
170,
564,
180,
200,
702,
237,
307,
193,
347,
260,
266,
139,
194,
523,
158,
400,
720,
223,
96,
164,
228,
267,
721,
112,
64,
107,
266,
134,
235,
227,
92,
378,
441,
444,
40,
307,
151,
217,
92,
220,
34,
131,
315,
178,
281,
285,
276,
282,
373,
174,
65,
628,
122,
274,
381,
265,
241,
357,
270,
229,
167,
568,
223,
204,
312,
153,
201,
562,
280,
293,
167,
255,
221,
352,
228,
528,
299,
109,
140,
193,
355,
814,
450,
226,
384,
228,
344,
331,
316,
140,
182,
376,
305,
383,
149,
267,
321,
831,
384,
339,
383,
45,
37,
288,
132,
227,
262,
322,
367,
356,
278,
269,
240,
299,
193,
728,
238,
253,
262,
290,
324,
530,
534,
191,
244,
314,
336,
134,
354,
511,
216,
303,
36,
316,
808,
340,
374,
277,
333,
330,
762,
313,
438,
356,
1034,
140,
337,
282,
331,
324,
186,
411,
139,
727,
398,
366,
760,
1105,
416,
338,
307,
477,
347,
235,
1514,
384,
397,
85,
334,
95,
83,
1468,
508,
46,
442,
356,
50,
446,
39,
332,
436,
443,
357,
47,
205,
329,
202,
438,
321,
113,
98,
340,
281,
273,
441,
135,
84,
366,
47,
591,
754,
79,
191,
753,
1055,
611,
522,
752,
277,
77,
1623,
125,
598,
498,
367,
239,
252,
316,
520,
536,
224,
268,
570,
195,
211,
716,
301,
880,
362,
1075,
627,
566,
285,
378,
189,
1071,
351,
804,
342,
376,
183,
194,
329,
344,
361,
257,
698,
510,
309,
128,
82,
626,
77,
264,
526,
329,
331,
231,
172,
625,
619,
808,
133,
543,
128,
135,
263,
77,
129,
279,
176,
1596,
266,
727,
377,
141,
487,
485,
125,
279,
385,
323,
269,
33,
1088,
1079,
303,
269,
525,
233,
99,
157,
354,
256,
354,
128,
116,
140,
281,
353,
298,
309,
240,
392,
490,
293,
347,
271,
816,
311,
345,
330,
278,
173,
418,
350,
238,
824,
293,
738,
353,
321,
37,
139,
436,
234,
434,
261,
319,
223,
402,
254,
198,
385,
188,
346,
391,
228,
476,
133,
186,
334,
112,
289,
421,
327,
309,
376,
315,
369,
394,
346,
190,
751,
311,
442,
509,
307,
396,
118,
280,
47,
481,
760,
77,
161,
329,
385,
755,
358,
827,
863,
321,
428,
458,
444,
358,
160,
198,
282,
176,
680,
203,
329,
41,
330,
814,
362,
677,
802,
219,
342,
339,
454,
1119,
341,
325,
447,
320,
390,
185,
456,
309,
42,
360,
75,
1388,
72,
445,
381,
299,
315,
223,
356,
314,
687,
313,
47,
372,
526,
276,
373,
86,
362,
259,
41,
797,
379,
281,
295,
280,
573,
889,
262,
131,
614,
232,
95,
389,
320,
382,
169,
187,
173,
465,
1645,
613,
296,
396,
238,
228,
522,
380,
802,
260,
488,
186,
277,
438,
343,
40,
215,
143,
313,
304,
194,
77,
243,
255,
226,
381,
401,
888,
48,
206,
100,
354,
313,
242,
342,
160,
641,
203,
88,
815,
121,
300,
330,
86,
430,
286,
314,
123,
88,
279,
108,
426,
378,
243,
551,
719,
213,
470,
312,
247,
452,
112,
272,
87,
286,
276,
814,
257,
97,
42,
362,
267,
263,
444,
113,
183,
401,
398,
94,
71,
909,
738,
199,
229,
381,
548,
277,
230,
352,
455,
477,
444,
462,
324,
148,
442,
472,
349,
348,
720,
317,
277,
334,
294,
67,
49,
432,
421,
347,
401,
314,
422,
188,
387,
291,
926,
337,
273,
363,
922,
39,
346,
742,
455,
1013,
421,
285,
344,
423,
417,
137,
329,
460,
438,
258,
413,
316,
118,
244,
183,
665,
235,
332,
46,
406,
43,
218,
242,
417,
353,
944,
373,
433,
365,
180,
112,
667,
394,
248,
152,
474,
189,
430,
360,
84,
176,
946,
311,
468,
446,
879,
162,
405,
167,
306,
127,
464,
675,
363,
202,
75,
240,
362,
41,
258,
320,
684,
318,
888,
521,
210,
245,
1468,
314,
873,
304,
311,
779,
241,
109,
328,
592,
107,
863,
363,
268,
229,
105,
409,
332,
384,
260,
100,
776,
66,
238,
261,
301,
857,
187,
195,
361,
699,
59,
530,
598,
55,
37,
539,
251,
211,
41,
235,
416,
627,
84,
184,
187,
251,
412,
443,
246,
381,
327,
58,
390,
661,
425,
650,
80,
538,
210,
390,
385,
142,
403,
377,
55,
452,
485,
180,
462,
897,
320,
257,
725,
382,
203,
47,
463,
430,
1714,
362,
252,
198,
892,
194,
445,
203,
130,
303,
366,
214,
221,
186,
169,
47,
378,
319,
250,
317,
410,
174,
31,
431,
145,
362,
355,
385,
271,
127,
201,
288,
333,
279,
265,
433,
289,
378,
134,
822,
46,
374,
736,
477,
531,
383,
361,
117,
41,
254,
135,
161,
118,
328,
256,
285,
157,
329,
265,
102,
356,
216,
272,
249,
337,
312,
248,
210,
130,
281,
835,
401,
36,
243,
351,
323,
191,
156,
286,
494,
180,
429,
300,
416,
386,
232,
222,
428,
397,
290,
249,
391,
383,
390,
656,
349,
167,
246,
325,
352,
341,
325,
367,
480,
206,
273,
348,
234,
233,
298,
363,
403,
412,
180,
573,
199,
327,
581,
430,
340,
234,
469,
1011,
369,
182,
294,
159,
273,
851,
462,
287,
394,
373,
423,
416,
423,
308,
251,
343,
345,
412,
122,
217,
174,
263,
358,
167,
245,
245,
202,
215,
468,
143,
43,
257,
402,
479,
214,
175,
280,
674,
267,
410,
249,
207,
115,
232,
327,
571,
291,
542,
245,
767,
250,
542,
34,
537,
351,
497,
332,
1547,
322,
280,
96,
257,
77,
590,
253,
154,
874,
326,
59,
221,
178,
520,
839,
17,
404,
437,
208,
53,
60,
52,
336,
216,
44,
169,
228,
315,
175,
227,
218,
38,
245,
202,
45,
187,
273,
147,
1792,
253,
56,
357,
198,
438,
180,
796,
184,
382,
398,
587,
431,
197,
209,
126,
577,
34,
413,
282,
389,
807,
262,
812,
891,
341,
323,
721,
343,
477,
250,
286,
247,
275,
418,
393,
310,
281,
392,
722,
398,
469,
126,
195,
225,
265,
625,
309,
279,
119,
244,
282,
337,
238,
273,
190,
340,
46,
300,
199,
519,
40,
159,
439,
351,
450,
442,
45,
155,
243,
483,
221,
236,
100,
125,
450,
495,
219,
627,
403,
255,
902,
229,
206,
213,
429,
505,
472,
402,
365,
516,
312,
367,
388,
362,
166,
234,
415,
913,
907,
42,
484,
955,
319,
496,
493,
133,
271,
373,
291,
209,
730,
391,
379,
302,
307,
257,
951,
198,
326,
39,
348,
175,
242,
255,
38,
220,
173,
397,
408,
219,
280,
925,
398,
325,
747,
355,
952,
331,
246,
335,
229,
398,
138,
312,
475,
243,
218,
432,
374,
415,
395,
325,
294,
295,
953,
243,
475,
369,
348,
451,
360,
344,
346,
467,
229,
213,
332,
468,
540,
139,
277,
198,
424,
46,
313,
759,
253,
42,
359,
266,
112,
581,
122,
511,
766,
349,
190,
231,
276,
222,
304,
251,
167,
950,
893,
221,
380,
206,
173,
45,
534,
188,
44,
248,
93,
340,
352,
32,
378,
39,
287,
339,
522,
45,
899,
489,
1608,
229,
326,
340,
594,
866,
405,
395,
385,
300,
602,
205,
123,
102,
294,
266,
146,
361,
82,
150,
415,
325,
250,
77,
45,
277,
196,
871,
44,
223,
696,
135,
77,
856,
42,
246,
366,
183,
307,
641,
179,
431,
171,
145,
61,
149,
435,
413,
129,
192,
53,
144,
463,
273,
232,
261,
43,
818,
508,
35,
337,
239,
42,
750,
120,
184,
336,
707,
41,
433,
35,
171,
302,
149,
308,
123,
241,
95,
722,
169,
205,
128,
233,
176,
129,
348,
165,
166,
181,
121,
519,
149,
170,
409,
38,
300,
322,
459,
167,
326,
428,
589,
809,
234,
172,
439,
210,
506,
382,
898,
186,
322,
38,
399,
353,
270,
190,
208,
819,
459,
301,
181,
425,
353,
281,
391,
336,
375,
40,
440,
219,
258,
432,
39,
512,
369,
357,
741,
254,
341,
299,
390,
371,
273,
212,
364,
251,
427,
245,
338,
282,
230,
302,
340,
267,
462,
202,
743,
437,
275,
312,
257,
247,
406,
272,
238,
428,
220,
487,
268,
197,
232,
343,
747,
507,
360,
431,
392,
207,
438,
420,
346,
273,
291,
291,
268,
181,
375,
460,
930,
501,
278,
171,
335,
158,
921,
204,
266,
214,
248,
299,
170,
178,
291,
337,
252,
259,
451,
181,
212,
361,
753,
760,
39,
183,
275,
470,
163,
31,
503,
379,
179,
196,
283,
311,
340,
390,
302,
852,
318,
179,
288,
396,
176,
265,
193,
496,
449,
465,
133,
454,
379,
448,
333,
151,
385,
490,
306,
180,
854,
212,
372,
461,
339,
208,
297,
303,
366,
337,
445,
270,
338,
361,
32,
437,
229,
635,
217,
241,
211,
167,
238,
490,
393,
313,
125,
627,
247,
190,
357,
356,
87,
423,
678,
120,
517,
940,
334,
461,
323,
82,
375,
1720,
69,
239,
349,
128,
361,
339,
939,
201,
83,
82,
918,
371,
200,
916,
35,
181,
129,
251,
908,
36,
229,
192,
707,
188,
34,
175,
169,
175,
790,
159,
140,
166,
162,
708,
116,
152,
166,
194,
161,
204,
553,
1965,
149,
395,
450,
1943,
719,
41,
140,
393,
206,
159,
367,
382,
178,
258,
487,
125,
247,
90,
142,
217,
204,
190,
121,
342,
200,
343,
907,
155,
363,
103,
156,
184,
152,
898,
328,
421,
225,
438,
107,
247,
246,
330,
139,
496,
327,
374,
250,
639,
379,
167,
303,
240,
137,
241,
349,
182,
343,
97,
96,
307,
430,
248,
297,
288,
46,
184,
411,
970,
210,
226,
216,
189,
186,
302,
319,
242,
370,
218,
204,
820,
1004,
199,
328,
269,
167,
178,
388,
359,
163,
417,
568,
377,
446,
177,
370,
254,
657,
267,
413,
226,
165,
262,
439,
214,
461,
413,
298,
837,
462,
222,
399,
122,
383,
182,
234,
453,
378,
211,
216,
348,
378,
747,
227,
270,
225,
666,
268,
353,
214,
416,
187,
332,
442,
360,
42,
321,
185,
224,
380,
232,
229,
344,
295,
32,
348,
531,
209,
359,
361,
136,
522,
169,
450,
302,
391,
536,
463,
350,
370,
679,
159,
258,
750,
44,
198,
381,
137,
147,
382,
402,
533,
276,
44,
414,
167,
127,
254,
308,
202,
127,
377,
206,
325,
627,
348,
759,
237,
284,
142,
204,
369,
45,
103,
408,
701,
680,
413,
44,
536,
297,
639,
120,
633,
145,
396,
111,
176,
389,
303,
331,
632,
234,
137,
363,
1714,
475,
136,
113,
157,
301,
140,
539,
338,
301,
1705,
281,
326,
46,
169,
105,
336,
297,
150,
175,
121,
982,
131,
1000,
412,
100,
313,
1931,
90,
44,
72,
67,
342,
189,
193,
341,
171,
86,
242,
366,
223,
920,
182,
135,
395,
188,
56,
173,
39,
347,
129,
210,
920,
226,
169,
176,
148,
189,
36,
180,
356,
137,
807,
118,
921,
145,
181,
170,
246,
119,
108,
175,
124,
149,
911,
35,
122,
89,
721,
482,
159,
220,
247,
542,
256,
86,
434,
117,
166,
183,
209,
175,
814,
274,
235,
179,
268,
106,
282,
305,
383,
167,
254,
213,
208,
356,
347,
334,
226,
193,
315,
307,
106,
267,
354,
411,
252,
1032,
735,
162,
401,
224,
146,
351,
273,
177,
295,
348,
431,
436,
230,
141,
142,
335,
457,
314,
42,
310,
318,
454,
235,
736,
399,
287,
219,
394,
216,
179,
335,
292,
252,
396,
149,
837,
175,
387,
482,
359,
239,
835,
197,
163,
459,
375,
380,
455,
377,
162,
230,
235,
286,
662,
161,
280,
159,
443,
384,
605,
480,
41,
359,
912,
336,
309,
354,
545,
172,
928,
191,
460,
582,
273,
306,
394,
393,
672,
302,
358,
255,
44,
341,
542,
768,
362,
1635,
274,
698,
31,
446,
594,
549,
30,
544,
342,
1626,
214,
129,
469,
1559,
280,
112,
348,
245,
1557,
325,
378,
1042,
375,
316,
212,
489,
992,
79,
119,
448,
116,
424,
686,
290,
347,
758,
688,
96,
292,
215,
994,
295,
527,
64,
83,
322,
315,
166,
994,
948,
323,
267,
44,
309,
534,
298,
277,
246,
144,
165,
215,
130,
149,
170,
133,
198,
173,
223,
1954,
258,
211,
154,
150,
417,
126,
340,
142,
139,
390,
487,
411,
209,
233,
301,
491,
207,
129,
267,
360,
354,
133,
64,
185,
101,
272,
223,
177,
242,
156,
296,
353,
263,
195,
143,
253,
230,
271,
477,
104,
440,
234,
586,
213,
488,
42,
248,
586,
257,
253,
269,
179,
39,
274,
248,
373,
203,
243,
165,
347,
318,
195,
176,
732,
35,
48,
238,
142,
109,
592,
286,
733,
816,
304,
329,
273,
406,
108,
234,
297,
252,
118,
358,
358,
593,
329,
229,
232,
233,
276,
203,
117,
366,
223,
323,
192,
398,
173,
178,
377,
204,
203,
258,
491,
240,
233,
217,
170,
156,
47,
334,
269,
207,
311,
143,
46,
156,
236,
274,
377,
398,
739,
664,
178,
290,
295,
657,
206,
842,
482,
200,
204,
41,
252,
240,
141,
43,
239,
334,
140,
1135,
760,
703,
143,
614,
499,
316,
45,
39,
699,
743,
152,
551,
237,
188,
748,
42,
547,
177,
208,
400,
212,
676,
555,
247,
99,
396,
385,
1019,
350,
1013,
313,
285,
309,
353,
2006,
239,
305,
87,
72,
91,
77,
57,
313,
42,
277,
290,
885,
513,
298,
430,
579,
583,
290,
944,
180,
936,
187,
289,
279,
190,
284,
402,
72,
445,
206,
276,
453,
750,
415,
267,
205,
77,
347,
580,
209,
174,
151,
283,
139,
188,
58,
132,
43,
192,
719,
109,
530,
50,
435,
155,
232,
95,
100,
252,
895,
149,
201,
470,
216,
189,
137,
516,
441,
65,
253,
175,
501,
494,
179,
341,
221,
139,
385,
813,
243,
811,
423,
217,
246,
42,
306,
559,
511,
226,
194,
261,
423,
209,
276,
242,
182,
407,
470,
196,
292,
259,
388,
298,
296,
317,
341,
229,
115,
48,
253,
203,
357,
189,
437,
182,
321,
387,
128,
132,
240,
230,
246,
161,
336,
44,
231,
319,
273,
609,
654,
218,
207,
601,
227,
328,
162,
214,
309,
258,
314,
275,
345,
607,
250,
735,
357,
266,
266,
186,
327,
750,
135,
212,
394,
239,
274,
228,
1067,
840,
471,
41,
211,
351,
186,
713,
141,
998,
308,
474,
204,
921,
345,
395,
35,
390,
203,
1714,
326,
1635,
247,
180,
626,
196,
621,
323,
537,
328,
615,
476,
765,
177,
631,
203,
932,
764,
936,
327,
1707,
676,
169,
356,
315,
370,
1007,
336,
207,
1637,
1633,
435,
677,
47,
233,
339,
536,
79,
299,
77,
225,
1082,
264,
492,
71,
69,
852,
311,
310,
452,
86,
318,
68,
476,
42,
96,
89,
308,
942,
272,
88,
257,
96,
844,
78,
81,
2090,
273,
471,
550,
55,
268,
55,
466,
254,
347,
53,
413,
188,
863,
52,
823,
192,
63,
44,
861,
439,
267,
417,
167,
208,
202,
418,
46,
707,
178,
330,
376,
807,
704,
357,
805,
541,
50,
151,
130,
485,
506,
447,
143,
168,
214,
293,
146,
369,
308,
353,
131,
268,
223,
301,
154,
193,
471,
119,
39,
71,
367,
261,
808,
449,
273,
373,
207,
591,
377,
156,
223,
264,
170,
241,
155,
133,
40,
590,
362,
600,
343,
333,
264,
341,
238,
171,
218,
294,
240,
235,
200,
222,
177,
356,
583,
294,
175,
819,
555,
158,
365,
421,
188,
158,
97,
826,
202,
265,
350,
290,
317,
232,
207,
214,
158,
986,
233,
738,
251,
213,
439,
205,
524,
306,
282,
257,
225,
263,
171,
372,
390,
171,
230,
230,
157,
268,
514,
271,
213,
358,
243,
169,
437,
616,
657,
280,
1005,
343,
211,
321,
536,
385,
200,
151,
144,
222,
418,
996,
323,
743,
755,
234,
516,
327,
992,
749,
263,
359,
668,
980,
521,
196,
351,
444,
618,
936,
530,
349,
412,
395,
245,
403,
487,
625,
858,
305,
302,
432,
229,
725,
373,
110,
133,
232,
344,
135,
217,
259,
347,
96,
123,
340,
95,
242,
588,
288,
128,
251,
336,
121,
405,
429,
239,
105,
685,
265,
118,
88,
254,
782,
452,
95,
255,
93,
294,
241,
253,
456,
69,
394,
78,
61,
264,
967,
687,
480,
68,
935,
285,
494,
55,
67,
608,
63,
73,
51,
698,
453,
965,
41,
691,
51,
1171,
269,
389,
187,
847,
164,
191,
510,
87,
233,
182,
173,
43,
72,
459,
423,
412,
229,
257,
380,
162,
430,
173,
192,
565,
199,
157,
38,
707,
205,
244,
218,
67,
466,
172,
196,
131,
179,
232,
120,
201,
529,
44,
1112,
70,
187,
406,
55,
368,
196,
195,
161,
161,
42,
212,
808,
173,
374,
477,
152,
455,
208,
337,
433,
148,
384,
120,
335,
155,
1113,
261,
494,
235,
381,
100,
109,
519,
816,
104,
445,
398,
94,
544,
269,
258,
270,
280,
292,
677,
221,
239,
218,
669,
250,
269,
258,
237,
677,
825,
155,
225,
206,
213,
203,
493,
337,
184,
258,
171,
526,
237,
378,
333,
318,
163,
458,
334,
372,
158,
190,
324,
378,
297,
464,
317,
202,
230,
386,
333,
266,
198,
290,
233,
280,
246,
352,
170,
426,
188,
368,
190,
339,
197,
357,
337,
219,
302,
192,
324,
226,
44,
263,
836,
297,
179,
181,
210,
393,
37,
291,
270,
347,
377,
417,
664,
323,
155,
159,
300,
329,
231,
513,
145,
339,
450,
219,
282,
334,
221,
275,
260,
168,
419,
352,
225,
354,
323,
514,
294,
85,
556,
986,
567,
289,
413,
345,
265,
412,
283,
195,
389,
328,
232,
109,
44,
927,
125,
467,
311,
1735,
227,
32,
926,
1733,
92,
767,
264,
925,
1730,
271,
98,
95,
242,
259,
93,
370,
410,
241,
328,
271,
250,
344,
1657,
1649,
220,
440,
646,
446,
437,
311,
211,
270,
87,
32,
417,
247,
364,
434,
85,
50,
180,
122,
192,
440,
520,
346,
924,
975,
298,
603,
547,
963,
704,
77,
68,
345,
2274,
174,
42,
39,
180,
73,
160,
41,
1242,
165,
190,
1158,
182,
194,
222,
970,
178,
200,
208,
205,
249,
211,
167,
168,
442,
2278,
387,
514,
192,
982,
374,
171,
222,
223,
94,
220,
2202,
212,
892,
203,
258,
42,
165,
224,
198,
142,
372,
320,
309,
280,
158,
169,
41,
178,
149,
421,
574,
282,
243,
317,
210,
187,
125,
297,
816,
330,
154,
165,
152,
296,
257,
146,
448,
345,
292,
113,
729,
149,
174,
727,
285,
99,
276,
462,
143,
218,
258,
153,
142,
161,
315,
160,
496,
245,
443,
140,
128,
369,
266,
445,
625,
139,
47,
391,
326,
381,
440,
348,
205,
185,
440,
367,
445,
191,
339,
342,
208,
153,
221,
205,
625,
433,
332,
189,
103,
204,
207,
121,
267,
174,
532,
45,
185,
248,
335,
42,
235,
469,
290,
133,
215,
833,
165,
168,
342,
358,
445,
327,
218,
326,
113,
486,
158,
316,
416,
324,
222,
354,
607,
259,
230,
370,
293,
250,
374,
492,
207,
270,
504,
573,
218,
153,
188,
274,
243,
265,
242,
248,
294,
257,
250,
278,
587,
167,
230,
244,
193,
469,
575,
165,
139,
222,
560,
426,
256,
146,
551,
925,
222,
301,
431,
197,
924,
458,
177,
380,
211,
290,
221,
335,
922,
309,
481,
195,
125,
215,
1010,
134,
113,
238,
197,
121,
1719,
105,
288,
276,
397,
577,
1644,
237,
347,
724,
258,
418,
159,
251,
50,
205,
246,
263,
47,
331,
42,
409,
727,
264,
159,
347,
344,
285,
238,
248,
234,
938,
70,
607,
64,
237,
101,
606,
442,
371,
928,
233,
562,
153,
366,
1203,
216,
47,
204,
2281,
199,
272,
2253,
297,
62,
60,
196,
239,
886,
133,
137,
270,
795,
216,
224,
129,
162,
802,
460,
229,
223,
539,
208,
133,
269,
257,
248,
373,
135,
288,
142,
383,
724,
557,
807,
132,
176,
394,
238,
144,
204,
441,
587,
472,
804,
724,
131,
232,
724,
215,
85,
236,
721,
357,
191,
322,
314,
729,
506,
264,
361,
144,
725,
394,
197,
97,
95,
255,
359,
196,
93,
237,
242,
288,
208,
116,
505,
532,
242,
118,
216,
414,
314,
543,
219,
221,
321,
369,
229,
136,
393,
125,
207,
509,
498,
196,
33,
286,
187,
122,
206,
303,
275,
357,
481,
468,
445,
490,
240,
452,
121,
417,
310,
239,
138,
395,
348,
477,
391,
658,
557,
301,
200,
147,
657,
269,
224,
285,
122,
426,
211,
1007,
745,
261,
187,
406,
41,
468,
272,
386,
347,
332,
505,
256,
143,
392,
331,
238,
333,
399,
493,
396,
421,
126,
522,
219,
409,
462,
380,
107,
361,
301,
541,
472,
165,
455,
284,
301,
514,
268,
229,
711,
213,
930,
683,
706,
104,
280,
224,
390,
929,
304,
506,
512,
133,
425,
567,
708,
942,
218,
867,
245,
967,
1656,
934,
149,
384,
268,
229,
509,
245,
293,
285,
141,
146,
246,
549,
251,
607,
252,
936,
243,
606,
1081,
64,
527,
375,
57,
314,
153,
1022,
97,
177,
377,
931,
526,
867,
56,
228,
51,
866,
698,
862,
163,
52,
193,
284,
619,
302,
622,
449,
1024,
47,
165,
188,
265,
628,
198,
140,
169,
624,
430,
53,
162,
138,
40,
382,
191,
1286,
243,
33,
152,
378,
346,
444,
492,
146,
368,
217,
244,
175,
491,
171,
567,
277,
309,
158,
97,
134,
162,
36,
45,
359,
145,
273,
149,
501,
254,
624,
289,
242,
726,
276,
715,
308,
227,
38,
115,
352,
193,
269,
318,
215,
307,
383,
174,
253,
723,
102,
439,
253,
406,
279,
268,
352,
232,
457,
367,
160,
222,
389,
386,
241,
539,
333,
122,
154,
281,
313,
283,
127,
473,
215,
197,
263,
312,
129,
267,
1004,
389,
220,
43,
508,
325,
1180,
267,
299,
445,
283,
236,
217,
415,
258,
182,
326,
261,
306,
247,
261,
39,
377,
359,
208,
231,
343,
481,
99,
341,
275,
236,
287,
282,
375,
249,
321,
36,
276,
487,
200,
367,
270,
469,
35,
401,
206,
277,
309,
454,
397,
175,
235,
276,
458,
328,
192,
748,
343,
227,
93,
766,
177,
193,
188,
228,
211,
175,
116,
189,
206,
258,
217,
424,
484,
177,
307,
1037,
271,
276,
230,
142,
290,
301,
446,
271,
228,
745,
703,
685,
268,
264,
333,
290,
617,
670,
346,
268,
615,
133,
360,
584,
176,
601,
431,
434,
1307,
499,
220,
256,
116,
245,
318,
231,
253,
249,
1651,
1028,
122,
208,
181,
135,
932,
395,
1090,
225,
136,
459,
256,
265,
123,
529,
288,
180,
43,
104,
184,
197,
1083,
57,
1076,
96,
39,
132,
1073,
606,
95,
51,
1058,
235,
497,
694,
262,
148,
242,
306,
280,
708,
346,
1227,
234,
154,
158,
1070,
129,
184,
322,
632,
168,
215,
363,
631,
637,
296,
143,
301,
392,
435,
43,
289,
265,
462,
264,
720,
549,
292,
631,
163,
288,
278,
251,
34,
236,
286,
213,
392,
230,
294,
723,
389,
197,
340,
188,
284,
999,
133,
388,
367,
203,
317,
392,
357,
34,
241,
284,
241,
323,
352,
41,
332,
363,
105,
219,
290,
326,
246,
358,
437,
286,
494,
385,
290,
384,
331,
474,
254,
157,
301,
250,
243,
183,
173,
241,
453,
449,
331,
186,
262,
41,
457,
342,
294,
235,
494,
223,
249,
367,
148,
167,
253,
227,
178,
163,
173,
325,
278,
306,
256,
206,
259,
316,
287,
191,
478,
359,
159,
246,
270,
311,
158,
156,
169,
1034,
338,
211,
207,
148,
373,
284,
273,
327,
304,
203,
165,
470,
991,
516,
927,
436,
192,
337,
624,
927,
230,
618,
339,
926,
616,
678,
687,
328,
349,
666,
132,
946,
408,
576,
334,
372,
595,
263,
289,
318,
456,
136,
588,
359,
179,
602,
605,
526,
307,
227,
300,
602,
277,
132,
289,
73,
1410,
938,
859,
119,
349,
276,
245,
71,
222,
860,
260,
252,
206,
514,
166,
71,
126,
125,
322,
439,
153,
159,
271,
1308,
256,
262,
208,
412,
260,
140,
254,
202,
237,
149,
281,
1052,
470,
332,
488,
342,
129,
72,
106,
344,
425,
217,
316,
183,
79,
211,
345,
290,
99,
290,
324,
995,
144,
366,
205,
293,
64,
387,
1069,
224,
636,
260,
154,
540,
182,
357,
311,
162,
995,
351,
65,
214,
490,
171,
290,
110,
64,
343,
230,
313,
543,
727,
221,
312,
225,
447,
443,
366,
288,
378,
725,
396,
63,
204,
395,
529,
349,
512,
453,
323,
269,
448,
452,
118,
252,
259,
736,
114,
517,
304,
401,
158,
553,
317,
318,
304,
561,
136,
360,
248,
293,
229,
354,
228,
185,
400,
564,
108,
290,
169,
732,
176,
227,
150,
219,
175,
146,
211,
549,
205,
203,
228,
533,
221,
528,
249,
342,
527,
202,
402,
370,
362,
207,
662,
313,
355,
444,
233,
655,
523,
514,
306,
201,
306,
525,
523,
421,
221,
286,
334,
366,
334,
349,
566,
523,
581,
249,
340,
190,
592,
505,
128,
334,
368,
500,
438,
350,
418,
334,
189,
227,
276,
332,
94,
172,
256,
123,
222,
230,
360,
240,
221,
115,
356,
485,
536,
372,
257,
312,
104,
305,
362,
251,
94,
92,
342,
353,
1059,
403,
394,
463,
108,
1042,
318,
393,
104,
241,
505,
1013,
606,
1030,
938,
297,
105,
2277,
72,
945,
234,
916,
239,
1330,
260,
235,
347,
864,
362,
251,
885,
863,
593,
282,
62,
321,
145,
1298,
157,
259,
214,
206,
205,
89,
373,
457,
881,
297,
189,
155,
421,
205,
125,
174,
183,
321,
1295,
240,
629,
158,
133,
155,
145,
243,
470,
404,
430,
180,
435,
148,
229,
184,
47,
463,
440,
114,
92,
330,
200,
613,
198,
408,
258,
82,
506,
176,
235,
453,
163,
322,
227,
264,
297,
299,
96,
507,
329,
67,
314,
196,
461,
371,
117,
280,
235,
274,
325,
228,
44,
276,
323,
456,
43,
468,
267,
292,
168,
69,
243,
297,
415,
528,
386,
310,
325,
455,
348,
248,
196,
288,
119,
469,
236,
405,
532,
278,
477,
428,
225,
282,
370,
255,
286,
418,
372,
350,
272,
291,
487,
204,
140,
356,
279,
404,
743,
293,
375,
132,
992,
547,
276,
272,
474,
441,
356,
268,
393,
364,
362,
279,
562,
268,
449,
402,
257,
419,
252,
323,
420,
246,
556,
339,
495,
168,
257,
293,
255,
223,
230,
237,
274,
256,
310,
475,
331,
155,
439,
580,
357,
290,
225,
537,
245,
430,
214,
1029,
179,
255,
450,
451,
343,
191,
364,
251,
412,
341,
359,
151,
1729,
285,
266,
360,
132,
545,
241,
123,
994,
1726,
399,
1716,
930,
334,
132,
284,
125,
123,
130,
200,
99,
537,
351,
44,
494,
546,
442,
370,
267,
108,
307,
300,
283,
344,
249,
605,
951,
221,
554,
42,
912,
923,
868,
235,
601,
911,
56,
392,
2278,
861,
390,
83,
2211,
859,
195,
228,
236,
320,
223,
906,
218,
209,
865,
280,
448,
251,
357,
177,
313,
423,
248,
249,
72,
282,
233,
517,
206,
287,
139,
420,
1207,
324,
183,
326,
113,
249,
143,
62,
161,
359,
274,
253,
53,
169,
114,
1208,
106,
247,
225,
74,
191,
268,
461,
230,
201,
449,
452,
193,
445,
548,
475,
170,
287,
447,
493,
394,
814,
594,
222,
376,
330,
221,
200,
253,
389,
256,
304,
595,
407,
311,
308,
43,
724,
252,
224,
327,
411,
254,
196,
408,
184,
245,
409,
240,
253,
186,
512,
172,
316,
39,
281,
487,
480,
396,
251,
46,
366,
197,
335,
318,
339,
400,
384,
532,
451,
295,
348,
347,
39,
744,
388,
327,
490,
203,
225,
438,
404,
257,
247,
244,
280,
245,
46,
326,
158,
353,
351,
323,
609,
42,
752,
187,
740,
256,
269,
665,
454,
568,
42,
261,
273,
188,
663,
236,
456,
38,
237,
510,
438,
418,
590,
318,
294,
545,
358,
408,
425,
927,
462,
240,
571,
421,
457,
460,
30,
374,
130,
554,
852,
225,
404,
621,
256,
333,
328,
487,
344,
923,
609,
1001,
275,
261,
156,
47,
33,
131,
482,
43,
328,
135,
349,
550,
52,
246,
394,
450,
193,
354,
492,
273,
266,
264,
43,
505,
32,
427,
369,
342,
273,
246,
194,
398,
262,
127,
411,
276,
298,
217,
387,
380,
94,
301,
297,
49,
91,
47,
224,
95,
182,
470,
295,
2198,
48,
397,
72,
46,
2181,
285,
203,
1183,
268,
414,
195,
939,
928,
890,
285,
866,
842,
2126,
864,
195,
201,
54,
267,
396,
2117,
216,
266,
407,
222,
212,
283,
164,
197,
388,
495,
246,
296,
572,
238,
248,
219,
271,
232,
290,
178,
330,
241,
819,
281,
209,
198,
239,
196,
628,
317,
154,
186,
451,
1106,
334,
141,
259,
124,
167,
760,
194,
426,
210,
171,
318,
150,
258,
102,
162,
130,
376,
2118,
120,
192,
373,
173,
418,
146,
182,
204,
394,
267,
306,
238,
46,
366,
44,
234,
348,
294,
229,
521,
818,
904,
471,
609,
244,
334,
261,
378,
442,
247,
166,
440,
420,
216,
339,
493,
138,
479,
207,
328,
549,
224,
251,
578,
439,
606,
401,
152,
441,
732,
428,
738,
390,
216,
239,
193,
45,
500,
288,
247,
221,
116,
184,
261,
120,
735,
177,
529,
633,
277,
731,
439,
513,
468,
206,
251,
252,
393,
245,
491,
321,
372,
629,
373,
243,
324,
204,
468,
281,
329,
509,
301,
365,
167,
262,
363,
272,
919,
247,
547,
278,
179,
176,
556,
371,
211,
290,
372,
280,
252,
361,
508,
668,
522,
359,
249,
851,
463,
260,
290,
48,
180,
369,
412,
251,
1038,
37,
140,
246,
341,
757,
262,
386,
670,
507,
204,
199,
404,
233,
1720,
629,
210,
407,
583,
355,
580,
205,
195,
458,
410,
357,
623,
530,
401,
309,
272,
198,
203,
508,
212,
309,
864,
383,
489,
208,
449,
314,
417,
532,
561,
329,
503,
538,
468,
623,
224,
274,
452,
355,
138,
107,
468,
317,
271,
152,
112,
397,
332,
2086,
364,
415,
403,
991,
239,
364,
334,
420,
276,
279,
176,
273,
420,
253,
944,
991,
396,
231,
251,
911,
82,
294,
242,
934,
350,
919,
186,
216,
41,
292,
287,
787,
204,
911,
180,
339,
370,
232,
215,
224,
210,
2032,
485,
717,
176,
194,
319,
189,
237,
175,
306,
169,
523,
324,
311,
144,
361,
2020,
208,
252,
323,
158,
310,
129,
370,
1954,
117,
137,
316,
155,
128,
44,
361,
547,
117,
156,
330,
172,
288,
166,
299,
378,
137,
250,
161,
137,
121,
218,
87,
184,
482,
723,
191,
43,
641,
477,
315,
152,
726,
462,
271,
206,
40,
610,
381,
465,
306,
135,
264,
95,
149,
420,
690,
452,
522,
479,
485,
218,
240,
122,
142,
181,
230,
326,
109,
196,
415,
405,
326,
225,
252,
108,
423,
561,
295,
269,
475,
231,
216,
396,
327,
244,
226,
161,
369,
599,
319,
371,
230,
131,
233,
354,
272,
443,
210,
331,
214,
144,
346,
123,
140,
282,
257,
702,
340,
135,
231,
211,
924,
269,
420,
214,
264,
328,
145,
350,
316,
414,
186,
253,
491,
454,
175,
328,
419,
122,
322,
340,
327,
296,
226,
346,
395,
503,
350,
336,
602,
323,
252,
419,
151,
234,
190,
504,
189,
360,
254,
587,
43,
439,
137,
463,
136,
294,
156,
233,
267,
324,
400,
198,
352,
526,
283,
226,
397,
352,
330,
166,
238,
275,
529,
303,
177,
627,
44,
299,
258,
263,
124,
137,
457,
237,
334,
33,
383,
461,
140,
543,
260,
273,
249,
248,
257,
404,
325,
433,
1020,
269,
945,
251,
565,
435,
331,
227,
190,
533,
220,
946,
387,
375,
217,
516,
172,
53,
51,
278,
201,
210,
467,
990,
135,
491,
51,
155,
599,
174,
950,
497,
370,
918,
209,
142,
132,
943,
174,
128,
914,
249,
219,
430,
54,
199,
127,
227,
168,
35,
144,
914,
46,
193,
141,
175,
188,
714,
786,
35,
427,
183,
102,
439,
664,
318,
188,
178,
142,
457,
137,
349,
757,
126,
35,
166,
183,
555,
714,
121,
127,
97,
376,
177,
356,
122,
650,
216,
583,
204,
125,
175,
295,
1178,
382,
385,
542,
91,
288,
317,
79,
197,
32,
419,
536,
151,
291,
159,
121,
730,
554,
128,
195,
117,
435,
819,
492,
217,
254,
227,
262,
196,
434,
405,
317,
217,
449,
374,
390,
440,
238,
124,
33,
246,
192,
254,
371,
177,
41,
240,
380,
426,
818,
434,
109,
318,
464,
601,
408,
227,
131,
210,
379,
319,
126,
601,
296,
143,
267,
222,
219,
195,
378,
172,
405,
331,
378,
299,
409,
540,
394,
401,
290,
553,
199,
159,
482,
402,
169,
357,
342,
244,
269,
281,
303,
403,
382,
266,
279,
322,
740,
242,
668,
473,
288,
740,
145,
204,
156,
132,
189,
463,
236,
153,
360,
150,
162,
370,
171,
479,
142,
406,
430,
281,
165,
409,
328,
346,
132,
495,
428,
193,
369,
44,
393,
348,
677,
482,
310,
172,
667,
471,
34,
197,
546,
286,
388,
422,
43,
490,
387,
261,
391,
535,
266,
383,
374,
580,
1713,
205,
345,
460,
138,
273,
232,
339,
1730,
1646,
228,
177,
272,
31,
155,
338,
125,
422,
227,
540,
330,
137,
345,
324,
594,
258,
155,
386,
96,
202,
315,
153,
378,
281,
251,
311,
129,
95,
244,
374,
98,
236,
348,
101,
105,
147,
50,
45,
190,
73,
821,
135,
277,
161,
751,
610,
1016,
993,
952,
121,
160,
950,
384,
446,
48,
428,
949,
219,
160,
341,
933,
315,
1039,
152,
408,
947,
321,
326,
51,
134,
212,
219,
880,
923,
88,
102,
141,
243,
50,
227,
553,
397,
198,
159,
89,
280,
293,
84,
214,
183,
35,
67,
88,
444,
120,
183,
243,
683,
396,
252,
517,
124,
222,
267,
303,
201,
816,
808,
201,
298,
198,
207,
180,
138,
151,
290,
135,
338,
387,
249,
805,
199,
180,
932,
361,
134,
159,
235,
124,
65,
340,
123,
289,
44,
441,
260,
358,
603,
498,
131,
225,
922,
328,
218,
184,
433,
202,
648,
409,
312,
399,
438,
376,
209,
370,
200,
676,
381,
360,
538,
359,
352,
330,
203,
600,
344,
668,
156,
463,
548,
204,
624,
170,
736,
436,
232,
163,
293,
180,
154,
178,
633,
400,
218,
285,
648,
127,
532,
354,
739,
658,
351,
372,
270,
242,
394,
169,
561,
301,
140,
501,
214,
461,
388,
238,
38,
310,
189,
481,
212,
137,
660,
221,
253,
362,
536,
463,
232,
465,
406,
220,
431,
300,
410,
283,
357,
134,
280,
289,
338,
383,
41,
174,
132,
306,
485,
457,
488,
367,
297,
384,
126,
324,
335,
320,
281,
311,
285,
385,
132,
675,
127,
180,
83,
264,
343,
540,
343,
396,
332,
242,
1727,
361,
85,
315,
1716,
344,
410,
439,
343,
120,
248,
533,
101,
107,
525,
237,
421,
93,
473,
349,
361,
206,
399,
468,
225,
457,
395,
348,
304,
69,
354,
38,
374,
222,
65,
422,
315,
420,
2106,
374,
84,
280,
342,
2095,
340,
420,
289,
356,
2028,
348,
254,
59,
33,
199,
501,
169,
2030,
232,
181,
160,
869,
708,
193,
204,
175,
152,
40,
512,
200,
168,
377,
952,
224,
252,
477,
238,
944,
118,
144,
188,
199,
176,
418,
474,
375,
552,
114,
931,
175,
333,
411,
291,
153,
924,
153,
253,
286,
811,
241,
129,
296,
633,
351,
816,
537,
923,
128,
124,
97,
404,
350,
122,
255,
329,
268,
244,
286,
909,
230,
814,
220,
263,
137,
263,
598,
806,
177,
206,
502,
561,
674,
181,
369,
34,
301,
329,
388,
313,
909,
231,
317,
557,
227,
642,
300,
332,
222,
533,
577,
275,
321,
518,
556,
371,
231,
358,
356,
317,
292,
262,
178,
250,
366,
277,
132,
109,
237,
235,
46,
447,
338,
672,
395,
271,
245,
533,
305,
164,
332,
312,
262,
322,
233,
615,
330,
383,
170,
170,
627,
358,
150,
387,
216,
235,
294,
321,
229,
230,
273,
199,
188,
336,
208,
175,
402,
583,
833,
250,
289,
32,
1381,
348,
239,
377,
237,
345,
122,
238,
321,
135,
155,
306,
154,
280,
151,
185,
436,
220,
675,
305,
96,
242,
303,
401,
264,
331,
102,
70,
122,
127,
352,
83,
350,
635,
76,
449,
346,
70,
1739,
339,
236,
65,
1737,
268,
335,
243,
63,
452,
224,
79,
263,
336,
135,
1098,
316,
403,
499,
231,
1035,
230,
1033,
319,
789,
215,
1033,
1018,
349,
270,
69,
220,
275,
289,
949,
248,
213,
49,
207,
431,
337,
501,
200,
268,
709,
357,
174,
353,
187,
520,
166,
153,
857,
727,
242,
274,
938,
165,
144,
713,
406,
140,
132,
301,
2112,
207,
211,
208,
287,
134,
367,
1431,
308,
255,
295,
336,
341,
541,
183,
33,
148,
365,
158,
153,
238,
204,
190,
550,
549,
305,
42,
808,
506,
270,
154,
594,
374,
218,
907,
284,
345,
805,
328,
255,
233,
163,
158,
211,
240,
173,
255,
321,
316,
339,
205,
237,
641,
310,
151,
183,
275,
362,
113,
916,
212,
332,
279,
236,
330,
281,
330,
829,
259,
315,
160,
138,
114,
315,
201,
228,
325,
221,
453,
216,
259,
213,
160,
313,
370,
525,
195,
188,
315,
195,
254,
297,
541,
340,
287,
212,
194,
226,
216,
330,
226,
128,
280,
168,
228,
332,
358,
323,
832,
165,
393,
325,
375,
233,
38,
314,
338,
396,
159,
278,
1471,
322,
144,
372,
177,
236,
261,
408,
312,
245,
193,
324,
263,
715,
196,
156,
269,
225,
596,
745,
332,
322,
570,
290,
247,
323,
224,
40,
375,
205,
152,
398,
769,
667,
143,
379,
687,
405,
194,
180,
273,
194,
191,
270,
100,
295,
416,
164,
362,
93,
671,
387,
130,
331,
309,
72,
90,
236,
115,
322,
108,
275,
530,
306,
521,
1025,
292,
241,
1024,
239,
273,
1019,
211,
526,
308,
311,
294,
327,
685,
304,
340,
40,
289,
283,
369,
285,
1016,
255,
204,
192,
40,
426,
198,
204,
66,
194,
172,
226,
192,
379,
341,
32,
539,
227,
310,
392,
809,
162,
143,
202,
440,
292,
30,
946,
448,
311,
434,
426,
202,
256,
189,
2137,
188,
696,
211,
161,
165,
87,
214,
169,
345,
136,
357,
299,
154,
160,
86,
128,
163,
715,
416,
242,
154,
232,
351,
423,
241,
817,
260,
152,
824,
205,
197,
430,
239,
301,
410,
300,
241,
278,
414,
335,
188,
325,
410,
281,
192,
36,
349,
631,
342,
316,
182,
299,
40,
446,
216,
906,
147,
644,
191,
487,
327,
385,
193,
387,
295,
257,
909,
217,
249,
153,
295,
354,
325,
365,
743,
185,
336,
320,
363,
371,
202,
289,
212,
142,
393,
160,
279,
175,
257,
198,
320,
194,
419,
175,
379,
310,
202,
180,
306,
150,
310,
395,
300,
231,
195,
161,
214,
336,
378,
159,
295,
370,
342,
483,
420,
404,
199,
141,
153,
182,
555,
178,
655,
176,
311,
275,
215,
195,
129,
555,
325,
305,
119,
279,
324,
298,
275,
361,
373,
477,
222,
340,
231,
33,
196,
278,
655,
399,
33,
407,
306,
573,
105,
333,
317,
88,
673,
119,
225,
76,
113,
347,
128,
139,
308,
285,
305,
117,
124,
1025,
307,
612,
1834,
89,
194,
88,
84,
71,
2194,
1031,
65,
488,
1029,
56,
2185,
50,
430,
286,
252,
365,
1015,
49,
1020,
314,
340,
338,
232,
89,
50,
238,
227,
41,
465,
231,
306,
232,
356,
336,
192,
360,
168,
446,
154,
359,
454,
171,
239,
518,
170,
221,
215,
168,
1530,
299,
177,
369,
176,
232,
137,
194,
184,
39,
158,
367,
188,
197,
267,
165,
873,
151,
427,
147,
140,
342,
630,
408,
206,
358,
903,
438,
162,
154,
433,
727,
1021,
283,
113,
338,
256,
710,
473,
138,
195,
154,
848,
465,
77,
382,
120,
520,
216,
438,
221,
269,
218,
192,
814,
168,
127,
272,
332,
331,
175,
379,
246,
252,
232,
314,
258,
236,
276,
303,
38,
375,
358,
248,
388,
396,
136,
404,
241,
195,
42,
131,
265,
40,
338,
474,
471,
376,
270,
912,
247,
537,
124,
709,
333,
377,
634,
311,
189,
474,
235,
373,
372,
269,
202,
181,
152,
373,
183,
155,
211,
249,
314,
182,
189,
366,
224,
389,
194,
318,
286,
278,
179,
125,
467,
473,
242,
364,
171,
271,
162,
126,
221,
259,
152,
310,
119,
348,
246,
918,
307,
294,
258,
229,
317,
369,
316,
164,
925,
267,
193,
191,
33,
182,
174,
191,
145,
159,
319,
388,
369,
425,
718,
165,
420,
222,
271,
249,
469,
433,
297,
639,
341,
483,
343,
214,
194,
263,
295,
438,
216,
135,
1088,
383,
348,
317,
134,
103,
370,
305,
134,
353,
371,
124,
1015,
131,
237,
244,
129,
111,
1014,
215,
115,
416,
1025,
126,
94,
115,
378,
113,
584,
389,
302,
374,
95,
111,
92,
251,
84,
84,
367,
330,
71,
292,
451,
71,
413,
1182,
673,
68,
416,
199,
1115,
52,
382,
779,
342,
607,
72,
1014,
77,
374,
65,
384,
356,
348,
52,
278,
47,
73,
69,
392,
999,
559,
213,
334,
311,
272,
1603,
182,
217,
305,
2214,
200,
48,
333,
387,
229,
372,
252,
174,
338,
34,
546,
206,
719,
210,
94,
180,
196,
280,
158,
295,
217,
297,
168,
140,
362,
195,
183,
42,
159,
174,
403,
904,
198,
255,
188,
530,
188,
94,
143,
399,
800,
277,
442,
314,
1530,
718,
439,
252,
46,
442,
483,
111,
545,
394,
36,
271,
286,
457,
369,
557,
1629,
548,
382,
393,
349,
303,
264,
274,
39,
382,
376,
262,
273,
239,
208,
251,
909,
387,
319,
351,
332,
285,
192,
265,
282,
247,
234,
344,
726,
41,
222,
230,
479,
41,
229,
298,
477,
319,
435,
467,
174,
434,
193,
277,
38,
474,
232,
317,
93,
145,
232,
1553,
328,
366,
312,
214,
480,
255,
409,
279,
46,
322,
250,
372,
425,
412,
43,
404,
256,
137,
465,
210,
479,
228,
248,
363,
368,
349,
237,
163,
41,
367,
341,
183,
683,
535,
348,
682,
429,
297,
308,
214,
428,
43,
374,
931,
556,
209,
316,
1972,
365,
1902,
371,
425,
368,
519,
234,
404,
619,
421,
198,
618,
852,
321,
278,
349,
34,
413,
1093,
347,
238,
408,
572,
363,
483,
1016,
285,
532,
41,
356,
1015,
314,
29,
479,
670,
39,
107,
1002,
957,
1015,
38,
116,
310,
1001,
107,
141,
303,
1489,
286,
1125,
105,
364,
216,
123,
244,
1102,
87,
34,
105,
158,
1075,
336,
261,
43,
1102,
442,
302,
79,
310,
2208,
413,
313,
1014,
781,
303,
319,
256,
917,
77,
61,
1025,
433,
42,
528,
352,
956,
377,
333,
234,
471,
386,
623,
955,
1100,
307,
273,
251,
290,
273,
441,
135,
46,
364,
183,
1100,
308,
230,
268,
244,
1004,
576,
385,
256,
900,
216,
108,
75,
274,
988,
145,
937,
197,
340,
898,
174,
279,
515,
211,
500,
264,
219,
36,
126,
308,
41,
983,
453,
312,
343,
471,
269,
521,
313,
339,
603,
445,
409,
528,
214,
343,
330,
448,
727,
169,
321,
37,
429,
245,
233,
225,
315,
243,
320,
290,
552,
192,
346,
424,
302,
344,
305,
736,
448,
284,
185,
384,
428,
238,
298,
457,
392,
285,
326,
168,
326,
290,
186,
426,
37,
234,
273,
255,
831,
285,
259,
158,
305,
290,
521,
219,
472,
200,
919,
239,
188,
353,
229,
503,
919,
397,
493,
614,
273,
914,
153,
500,
41,
507,
488,
176,
358,
152,
361,
290,
493,
198,
842,
451,
202,
839,
281,
394,
262,
841,
169,
177,
327,
839,
561,
302,
272,
401,
351,
371,
290,
357,
253,
469,
375,
261,
249,
206,
265,
101,
839,
246,
1904,
362,
299,
363,
210,
1899,
328,
361,
266,
359,
338,
377,
292,
356,
405,
109,
292,
339,
285,
510,
305,
342,
290,
286,
395,
1102,
341,
249,
371,
39,
245,
123,
455,
41,
394,
108,
1021,
279,
40,
287,
989,
427,
435,
1024,
988,
350,
252,
2204,
425,
71,
98,
271,
947,
379,
416,
1684,
312,
522,
367,
350,
606,
39,
226,
47,
978,
523,
282,
303,
998,
275,
290,
275,
276,
918,
273,
39,
701,
273,
1006,
616,
295,
267,
176,
528,
231,
329,
296,
938,
276,
274,
39,
139,
260,
147,
890,
254,
543,
266,
188,
639,
238,
874,
166,
385,
335,
130,
223,
1694,
41,
1701,
342,
1625,
165,
221,
104,
279,
114,
144,
300,
2219,
133,
484,
199,
141,
292,
96,
197,
275,
659,
357,
163,
721,
477,
134,
184,
303,
261,
157,
729,
471,
595,
248,
130,
42,
42,
301,
726,
185,
731,
347,
245,
400,
318,
289,
344,
333,
625,
271,
300,
267,
269,
373,
730,
180,
316,
275,
827,
113,
459,
278,
395,
165,
43,
246,
314,
269,
498,
298,
154,
572,
253,
392,
669,
390,
279,
302,
192,
43,
412,
147,
520,
423,
145,
433,
397,
287,
391,
357,
419,
266,
355,
211,
839,
333,
158,
347,
421,
339,
328,
347,
837,
296,
173,
329,
226,
151,
334,
121,
283,
322,
614,
619,
226,
312,
146,
252,
232,
476,
233,
380,
353,
316,
836,
133,
323,
335,
427,
211,
159,
132,
178,
357,
406,
315,
351,
277,
237,
265,
282,
254,
226,
385,
194,
222,
281,
346,
307,
284,
322,
124,
284,
404,
1079,
354,
646,
796,
42,
329,
385,
300,
343,
344,
1095,
452,
718,
497,
1910,
506,
1017,
707,
218,
1669,
444,
463,
409,
1899,
1017,
327,
295,
333,
245,
295,
287,
125,
1833,
510,
241,
306,
244,
215,
642,
293,
640,
360,
79,
45,
601,
1832,
323,
358,
464,
113,
294,
1001,
399,
1000,
116,
952,
338,
278,
115,
55,
881,
930,
51,
269,
296,
612,
239,
43,
274,
215,
292,
861,
321,
992,
282,
309,
623,
292,
306,
314,
124,
198,
845,
561,
287,
641,
363,
218,
319,
2294,
44,
440,
244,
400,
67,
191,
202,
313,
1707,
482,
146,
205,
302,
512,
144,
478,
209,
2220,
808,
160,
137,
314,
251,
108,
359,
112,
483,
156,
393,
625,
98,
476,
392,
211,
267,
153,
233,
67,
242,
235,
550,
581,
248,
231,
81,
268,
823,
257,
412,
233,
810,
197,
373,
426,
176,
278,
277,
488,
458,
251,
185,
33,
321,
194,
407,
373,
411,
166,
234,
128,
414,
523,
118,
505,
201,
137,
256,
173,
48,
267,
346,
179,
427,
124,
105,
112,
323,
331,
290,
251,
112,
174,
352,
268,
111,
433,
411,
310,
300,
318,
418,
259,
522,
304,
261,
42,
434,
379,
254,
164,
209,
328,
376,
245,
125,
368,
405,
364,
327,
358,
657,
344,
399,
257,
575,
207,
271,
460,
256,
300,
750,
257,
330,
748,
311,
201,
237,
187,
198,
206,
1751,
578,
326,
217,
178,
516,
763,
270,
149,
229,
753,
218,
195,
252,
217,
762,
279,
40,
386,
519,
273,
203,
348,
332,
240,
398,
496,
1823,
500,
371,
501,
449,
626,
262,
168,
362,
387,
1808,
408,
339,
350,
550,
446,
412,
280,
138,
511,
629,
449,
442,
243,
409,
299,
251,
239,
775,
274,
361,
273,
113,
268,
260,
235,
348,
245,
411,
289,
779,
1113,
1102,
600,
948,
416,
1036,
607,
260,
946,
159,
905,
942,
281,
889,
282,
133,
148,
336,
396,
268,
141,
70,
888,
224,
220,
399,
476,
194,
283,
1009,
280,
288,
303,
244,
708,
878,
203,
694,
194,
109,
195,
198,
704,
294,
998,
467,
265,
158,
240,
408,
132,
717,
621,
196,
122,
307,
420,
104,
57,
85,
161,
154,
265,
101,
120,
405,
436,
182,
318,
162,
384,
410,
46,
244,
562,
250,
145,
221,
191,
250,
377,
393,
264,
50,
420,
470,
540,
206,
533,
272,
90,
357,
1059,
242,
850,
236,
325,
320,
188,
269,
383,
384,
446,
237,
444,
257,
225,
372,
344,
221,
472,
311,
330,
272,
45,
329,
418,
362,
383,
370,
243,
420,
179,
377,
238,
249,
386,
327,
332,
421,
331,
211,
331,
426,
434,
205,
378,
205,
198,
230,
210,
492,
324,
255,
149,
365,
486,
405,
372,
129,
378,
153,
123,
50,
663,
654,
466,
424,
336,
132,
333,
418,
432,
385,
559,
283,
121,
280,
547,
350,
541,
262,
375,
566,
317,
487,
429,
760,
274,
45,
356,
264,
284,
298,
45,
288,
263,
214,
308,
264,
153,
263,
136,
554,
538,
132,
394,
251,
417,
533,
406,
270,
493,
107,
537,
363,
267,
224,
42,
314,
461,
263,
229,
350,
347,
334,
267,
390,
312,
1829,
186,
276,
383,
185,
302,
458,
1691,
328,
313,
313,
365,
266,
163,
291,
244,
949,
143,
947,
78,
943,
231,
553,
897,
222,
359,
895,
287,
799,
194,
544,
295,
284,
308,
862,
148,
70,
194,
936,
262,
257,
192,
143,
231,
455,
709,
862,
687,
177,
192,
64,
492,
418,
269,
241,
214,
474,
2302,
246,
206,
371,
333,
162,
176,
2291,
264,
246,
278,
717,
316,
62,
212,
381,
361,
246,
267,
57,
439,
181,
396,
44,
841,
495,
382,
725,
262,
352,
323,
234,
365,
319,
112,
41,
346,
743,
231,
272,
303,
240,
507,
243,
191,
511,
217,
269,
281,
418,
621,
296,
283,
303,
241,
112,
315,
403,
255,
148,
529,
283,
212,
224,
478,
215,
298,
270,
313,
467,
290,
231,
269,
161,
275,
140,
121,
222,
293,
106,
189,
212,
204,
105,
235,
287,
425,
257,
229,
300,
237,
447,
212,
273,
385,
230,
178,
409,
1052,
407,
249,
400,
197,
204,
409,
534,
311,
236,
304,
94,
146,
310,
179,
241,
309,
433,
225,
538,
1153,
243,
405,
290,
307,
173,
569,
229,
645,
327,
554,
506,
339,
307,
145,
218,
313,
175,
213,
374,
398,
48,
350,
209,
296,
593,
326,
361,
376,
350,
266,
356,
567,
582,
538,
344,
467,
489,
267,
192,
302,
313,
839,
269,
303,
171,
224,
348,
193,
186,
321,
44,
350,
465,
270,
275,
766,
183,
173,
271,
514,
602,
101,
172,
345,
269,
136,
1803,
129,
220,
1733,
147,
524,
232,
681,
430,
305,
266,
101,
72,
401,
1749,
268,
372,
244,
244,
310,
502,
302,
425,
240,
159,
299,
157,
369,
404,
244,
217,
52,
538,
411,
202,
902,
591,
50,
189,
495,
344,
42,
387,
885,
80,
155,
884,
159,
425,
1091,
948,
336,
945,
242,
194,
347,
223,
299,
2282,
250,
256,
238,
577,
99,
183,
406,
84,
365,
175,
370,
249,
264,
226,
279,
239,
84,
170,
273,
242,
68,
413,
98,
305,
340,
164,
136,
96,
193,
199,
706,
162,
439,
159,
241,
68,
2225,
251,
228,
92,
267,
226,
414,
568,
438,
302,
291,
254,
301,
193,
277,
174,
75,
103,
67,
550,
216,
300,
236,
311,
450,
284,
811,
532,
253,
732,
441,
213,
63,
188,
809,
322,
485,
636,
248,
257,
504,
73,
431,
248,
376,
732,
641,
381,
260,
308,
560,
50,
510,
282,
553,
732,
172,
407,
318,
533,
274,
299,
168,
256,
48,
468,
166,
390,
173,
225,
191,
437,
335,
381,
277,
385,
96,
350,
542,
246,
256,
39,
247,
546,
538,
275,
325,
491,
208,
596,
383,
248,
531,
172,
742,
450,
369,
339,
369,
324,
429,
41,
172,
358,
353,
314,
742,
416,
354,
489,
146,
283,
358,
154,
192,
295,
446,
301,
376,
302,
404,
355,
166,
154,
755,
161,
257,
334,
361,
412,
390,
196,
349,
326,
559,
316,
848,
249,
516,
205,
317,
360,
456,
208,
515,
392,
322,
227,
244,
510,
427,
40,
188,
298,
509,
362,
478,
455,
245,
419,
278,
266,
363,
42,
259,
307,
232,
244,
356,
277,
381,
511,
386,
164,
309,
181,
373,
77,
394,
512,
48,
138,
46,
900,
196,
275,
258,
241,
258,
257,
601,
1082,
153,
119,
1081,
256,
268,
853,
256,
165,
48,
145,
378,
46,
2206,
513,
338,
422,
349,
804,
353,
949,
787,
144,
1040,
332,
164,
384,
951,
73,
1966,
259,
516,
293,
71,
117,
390,
233,
289,
214,
69,
162,
229,
274,
1886,
184,
181,
64,
59,
120,
227,
162,
245,
322,
285,
450,
217,
173,
138,
281,
1017,
231,
51,
163,
202,
149,
116,
275,
1014,
223,
716,
416,
103,
207,
796,
220,
723,
638,
197,
756,
114,
237,
309,
213,
1957,
181,
299,
232,
490,
356,
340,
285,
313,
84,
271,
276,
34,
292,
599,
713,
305,
340,
428,
192,
242,
282,
304,
723,
35,
294,
201,
362,
1061,
422,
34,
213,
410,
815,
471,
736,
308,
349,
509,
478,
738,
273,
260,
514,
35,
44,
329,
299,
272,
242,
430,
423,
360,
220,
250,
282,
165,
226,
286,
386,
628,
396,
188,
339,
277,
226,
144,
181,
44,
275,
332,
399,
166,
149,
256,
276,
205,
219,
443,
41,
191,
274,
390,
667,
356,
535,
483,
32,
304,
379,
385,
211,
520,
353,
591,
255,
275,
379,
196,
461,
272,
671,
344,
193,
246,
37,
361,
440,
419,
323,
365,
70,
403,
381,
2265,
463,
335,
443,
37,
2199,
1092,
416,
281,
449,
813,
48,
534,
1027,
43,
812,
611,
126,
811,
405,
270,
444,
93,
792,
1012,
1016,
950,
251,
609,
340,
330,
616,
334,
47,
160,
302,
520,
46,
50,
924,
307,
444,
199,
743,
804,
403,
393,
228,
218,
2212,
192,
165,
435,
43,
249,
164,
317,
208,
415,
732,
554,
209,
191,
520,
167,
713,
2144,
301,
591,
232,
287,
224,
141,
192,
713,
218,
347,
857,
184,
207,
154,
206,
169,
495,
148,
691,
296,
855,
218,
695,
136,
193,
550,
132,
213,
727,
232,
265,
331,
707,
277,
197,
231,
245,
303,
147,
297,
151,
240,
313,
371,
187,
346,
202,
38,
426,
306,
289,
350,
318,
272,
828,
180,
297,
829,
318,
226,
352,
457,
475,
439,
423,
212,
311,
137,
53,
647,
201,
238,
295,
235,
329,
405,
186,
415,
504,
217,
380,
344,
415,
354,
393,
343,
298,
638,
214,
224,
275,
487,
488,
201,
34,
210,
494,
202,
150,
442,
162,
313,
44,
206,
375,
496,
146,
405,
408,
306,
831,
318,
511,
341,
616,
222,
628,
443,
1889,
429,
333,
289,
154,
398,
547,
454,
449,
563,
567,
364,
404,
580,
365,
433,
656,
265,
454,
159,
279,
332,
341,
490,
487,
504,
255,
186,
213,
152,
356,
347,
324,
35,
351,
382,
477,
297,
191,
295,
342,
347,
499,
2020,
319,
279,
582,
35,
263,
318,
372,
672,
334,
414,
46,
156,
331,
339,
562,
342,
577,
253,
438,
34,
354,
331,
767,
342,
42,
34,
341,
303,
331,
311,
728,
1900,
430,
328,
140,
316,
113,
402,
2190,
304,
1105,
104,
1839,
334,
410,
1838,
86,
400,
195,
343,
2178,
689,
2110,
1033,
2107,
285,
1031,
209,
307,
337,
743,
294,
206,
140,
737,
199,
76,
405,
833,
206,
146,
360,
410,
839,
466,
348,
708,
265,
2029,
202,
351,
348,
227,
145,
170,
634,
639,
359,
334,
42,
326,
195,
224,
622,
168,
190,
130,
187,
49,
225,
189,
158,
636,
147,
475,
169,
34,
187,
635,
249,
160,
265,
222,
146,
141,
210,
150,
209,
625,
209,
228,
177,
227,
181,
214,
679,
106,
149,
244,
191,
104,
208,
87,
170,
661,
47,
186,
163,
135,
267,
138,
182,
727,
504,
37,
470,
400,
199,
157,
323,
159,
163,
347,
178,
160,
356,
287,
318,
318,
536,
724,
149,
150,
284,
405,
2075,
488,
300,
194,
291,
347,
159,
630,
197,
442,
331,
326,
312,
151,
179,
51,
297,
171,
433,
313,
414,
393,
132,
191,
173,
453,
452,
381,
435,
236,
519,
246,
282,
320,
318,
425,
435,
911,
313,
289,
336,
430,
331,
333,
533,
271,
838,
374,
444,
380,
480,
148,
342,
244,
171,
261,
294,
278,
837,
345,
266,
836,
431,
440,
259,
841,
835,
325,
491,
473,
368,
338,
1812,
351,
370,
33,
580,
346,
276,
450,
351,
319,
341,
356,
308,
2104,
619,
197,
460,
312,
294,
565,
224,
424,
339,
37,
396,
414,
540,
413,
456,
149,
359,
440,
313,
703,
113,
365,
375,
2079,
123,
69,
336,
192,
391,
170,
645,
495,
322,
194,
107,
458,
178,
489,
2015,
185,
369,
646,
166,
486,
479,
386,
709,
356,
317,
1112,
361,
714,
1033,
636,
368,
296,
275,
639,
688,
394,
348,
369,
1414,
1111,
237,
336,
409,
623,
235,
507,
407,
512,
404,
688,
636,
308,
237,
562,
274,
275,
668,
408,
168,
222,
704,
292,
635,
211,
696,
197,
209,
625,
195,
660,
569,
182,
145,
176,
297,
566,
399,
148,
195,
182,
565,
218,
170,
529,
726,
175,
109,
464,
155,
222,
152,
103,
498,
145,
615,
122,
579,
443,
132,
271,
102,
149,
561,
637,
239,
669,
303,
177,
386,
209,
114,
328,
608,
902,
603,
197,
296,
322,
718,
152,
305,
108,
394,
103,
827,
523,
361,
1137,
86,
172,
189,
316,
639,
320,
381,
333,
1077,
581,
667,
367,
293,
130,
401,
140,
338,
295,
128,
624,
318,
294,
348,
247,
364,
326,
123,
349,
266,
571,
314,
391,
189,
604,
738,
341,
156,
508,
370,
376,
453,
412,
282,
501,
663,
425,
258,
222,
376,
339,
339,
235,
332,
322,
350,
835,
337,
272,
278,
460,
506,
1884,
328,
273,
272,
606,
1902,
129,
326,
487,
422,
439,
568,
224,
724,
112,
129,
184,
162,
325,
461,
165,
443,
388,
341,
454,
343,
442,
114,
104,
140,
82,
436,
108,
537,
1742,
1723,
137,
602,
114,
1650,
310,
639,
428,
148,
161,
106,
145,
647,
99,
662,
95,
725,
691,
161,
79,
396,
77,
477,
75,
1119,
442,
361,
698,
318,
425,
1033,
798,
73,
2226,
510,
298,
637,
321,
261,
174,
538,
459,
1845,
261,
311,
378,
1029,
196,
278,
109,
2035,
243,
368,
296,
194,
222,
621,
138,
708,
341,
179,
205,
168,
633,
211,
147,
711,
456,
270,
104,
188,
95,
283,
85,
103,
195,
407,
92,
152,
805,
79,
164,
223,
405,
150,
105,
180,
726,
706,
259,
433,
813,
458,
165,
209,
162,
257,
170,
407,
224,
374,
564,
416,
90,
176,
301,
644,
684,
526,
95,
823,
236,
495,
434,
505,
108,
164,
388,
376,
161,
568,
407,
94,
587,
493,
139,
364,
458,
501,
305,
721,
374,
825,
562,
488,
549,
371,
121,
577,
95,
543,
1150,
408,
134,
548,
351,
569,
1080,
641,
735,
158,
194,
922,
310,
54,
133,
520,
919,
560,
472,
625,
366,
507,
918,
532,
173,
436,
139,
341,
382,
496,
360,
636,
665,
838,
344,
388,
554,
364,
437,
392,
173,
329,
199,
367,
920,
433,
128,
306,
306,
473,
566,
400,
447,
374,
432,
658,
136,
205,
330,
263,
535,
797,
273,
132,
548,
302,
319,
505,
503,
555,
341,
609,
429,
389,
635,
344,
485,
577,
281,
322,
316,
541,
295,
307,
279,
262,
329,
186,
450,
510,
266,
479,
315,
72,
264,
520,
791,
346,
77,
451,
405,
1820,
68,
368,
548,
333,
540,
722,
478,
185,
778,
395,
1114,
666,
531,
169,
138,
472,
1564,
726,
149,
149,
412,
441,
405,
148,
179,
509,
380,
186,
87,
243,
310,
289,
685,
328,
142,
140,
1031,
138,
661,
299,
1070,
310,
134,
340,
153,
303,
2115,
125,
112,
319,
466,
68,
267,
2104,
457,
1025,
124,
720,
246,
621,
716,
338,
348,
477,
270,
292,
141,
216,
290,
101,
277,
214,
469,
307,
397,
708,
429,
300,
240,
743,
127,
358,
339,
110,
164,
85,
635,
257,
256,
807,
214,
295,
646,
81,
93,
219,
163,
291,
284,
616,
176,
292,
90,
168,
101,
277,
2047,
297,
634,
152,
730,
142,
219,
86,
820,
2327,
265,
706,
111,
653,
159,
460,
134,
433,
178,
72,
546,
395,
65,
500,
140,
227,
611,
649,
530,
543,
1157,
656,
158,
615,
400,
137,
529,
706,
191,
298,
221,
229,
283,
112,
354,
711,
390,
278,
515,
289,
104,
248,
609,
68,
354,
209,
582,
432,
237,
308,
586,
366,
146,
359,
655,
639,
829,
100,
504,
281,
307,
146,
180,
473,
249,
70,
744,
413,
188,
550,
456,
571,
581,
382,
324,
373,
204,
56,
734,
455,
583,
133,
386,
52,
566,
518,
141,
750,
638,
514,
444,
469,
346,
630,
427,
566,
282,
257,
421,
657,
191,
379,
46,
213,
680,
428,
285,
238,
207,
811,
419,
183,
528,
413,
838,
771,
180,
229,
146,
541,
439,
459,
592,
408,
277,
375,
144,
424,
426,
33,
662,
380,
411,
415,
178,
255,
415,
484,
140,
34,
513,
523,
279,
310,
394,
174,
548,
270,
705,
458,
634,
191,
338,
382,
201,
372,
449,
145,
34,
612,
637,
118,
548,
69,
359,
336,
112,
433,
1564,
323,
349,
162,
111,
151,
147,
344,
179,
435,
179,
113,
1125,
724,
417,
250,
110,
1124,
98,
410,
179,
363,
1123,
391,
697,
327,
741,
280,
271,
737,
322,
508,
264,
199,
619,
259,
52,
314,
236,
716,
42,
318,
149,
554,
99,
139,
150,
313,
297,
571,
302,
182,
119,
687,
717,
274,
709,
220,
181,
91,
693,
160,
629,
124,
152,
317,
263,
388,
210,
282,
693,
115,
245,
714,
137,
182,
117,
142,
802,
101,
148,
186,
309,
266,
153,
394,
729,
265,
36,
343,
195,
153,
131,
399,
105,
211,
158,
101,
464,
360,
141,
32,
151,
163,
897,
495,
132,
244,
100,
104,
511,
86,
489,
111,
714,
541,
559,
364,
420,
155,
826,
161,
772,
111,
504,
717,
580,
409,
500,
734,
490,
670,
403,
355,
588,
379,
426,
470,
2132,
474,
494,
453,
705,
342,
310,
629,
433,
114,
115,
332,
418,
140,
415,
656,
562,
512,
533,
510,
412,
106,
641,
391,
408,
506,
724,
508,
687,
502,
386,
664,
560,
579,
109,
404,
694,
361,
519,
523,
364,
507,
315,
519,
2093,
686,
522,
666,
303,
839,
490,
324,
403,
374,
227,
506,
602,
326,
406,
266,
493,
504,
398,
307,
385,
101,
518,
31,
399,
514,
517,
368,
1099,
613,
472,
545,
271,
100,
266,
1755,
365,
439,
1098,
194,
421,
245,
253,
227,
239,
517,
86,
354,
626,
532,
285,
293,
209,
637,
604,
348,
229,
87,
620,
201,
545,
364,
432,
380,
83,
678,
341,
617,
675,
447,
1627,
638,
343,
166,
378,
342,
411,
220,
1103,
358,
455,
221,
367,
162,
353,
865,
260,
527,
1648,
444,
381,
338,
526,
410,
340,
311,
454,
488,
145,
148,
320,
145,
716,
384,
485,
112,
753,
133,
264,
645,
1331,
345,
109,
731,
855,
472,
230,
175,
801,
310,
1041,
280,
170,
111,
104,
697,
318,
723,
160,
117,
318,
132,
243,
726,
186,
834,
241,
524,
288,
801,
614,
597,
121,
249,
712,
774,
204,
386,
554,
193,
798,
761,
476,
722,
249,
224,
120,
356,
345,
637,
101,
124,
139,
153,
800,
230,
87,
231,
187,
375,
752,
342,
438,
651,
314,
188,
836,
164,
264,
575,
156,
634,
577,
353,
516,
522,
171,
477,
626,
160,
499,
127,
635,
196,
387,
493,
576,
574,
650,
377,
126,
128,
466,
320,
423,
617,
368,
193,
699,
303,
421,
553,
481,
751,
646,
597,
725,
285,
137,
408,
532,
590,
555,
674,
148,
485,
163,
139,
102,
717,
518,
1464,
360,
389,
457,
2183,
283,
632,
260,
105,
1164,
301,
616,
439,
593,
552,
395,
1464,
367,
328,
1462,
197,
457,
535,
732,
377,
242,
369,
412,
375,
387,
448,
548,
588,
581,
734,
652,
410,
188,
513,
121,
841,
1887,
31,
163,
412,
130,
618,
685,
168,
129,
679,
515,
109,
501,
629,
395,
512,
515,
692,
574,
605,
382,
342,
1471,
365,
672,
423,
459,
694,
404,
323,
214,
377,
226,
222,
508,
109,
126,
484,
252,
275,
386,
382,
255,
861,
109,
201,
386,
450,
604,
362,
492,
109,
664,
318,
98,
226,
755,
216,
686,
379,
33,
351,
422,
33,
860,
1182,
87,
446,
268,
1648,
1117,
121,
342,
869,
87,
363,
409,
1112,
524,
504,
373,
199,
371,
354,
328,
316,
335,
332,
193,
285,
78,
338,
176,
262,
1118,
720,
160,
329,
60,
462,
462,
601,
271,
347,
265,
901,
223,
485,
234,
256,
624,
715,
241,
360,
840,
395,
797,
284,
165,
696,
271,
159,
248,
260,
121,
173,
391,
724,
204,
150,
267,
142,
389,
796,
718,
239,
137,
349,
121,
286,
364,
296,
256,
311,
603,
218,
806,
394,
268,
266,
239,
624,
356,
152,
246,
543,
230,
125,
235,
680,
806,
776,
239,
141,
348,
160,
154,
107,
354,
102,
117,
214,
330,
287,
174,
350,
40,
258,
193,
295,
310,
499,
36,
174,
725,
282,
350,
134,
543,
35,
508,
88,
490,
820,
497,
450,
1368,
376,
286,
465,
234,
487,
1451,
285,
421,
413,
402,
129,
1364,
462,
34,
315,
1445,
646,
457,
209,
561,
401,
531,
528,
615,
613,
645,
413,
573,
136,
146,
832,
363,
232,
659,
681,
226,
689,
426,
181,
556,
133,
479,
389,
461,
582,
443,
135,
103,
227,
187,
457,
517,
546,
467,
709,
138,
99,
452,
132,
112,
367,
168,
449,
372,
143,
664,
621,
614,
82,
381,
550,
553,
186,
422,
615,
517,
388,
396,
294,
607,
76,
678,
562,
554,
629,
652,
470,
398,
69,
846,
497,
362,
186,
163,
68,
429,
332,
208,
402,
409,
411,
763,
492,
68,
390,
292,
338,
290,
433,
372,
62,
544,
417,
55,
325,
215,
585,
466,
199,
343,
138,
44,
52,
300,
393,
196,
1721,
539,
342,
391,
1652,
540,
484,
1187,
317,
77,
430,
324,
338,
342,
320,
1125,
79,
313,
1119,
1123,
321,
287,
361,
299,
1117,
294,
305,
589,
1414,
587,
1107,
1043,
528,
199,
303,
289,
242,
292,
223,
239,
287,
282,
216,
546,
59,
82,
2220,
199,
360,
192,
626,
517,
539,
262,
225,
45,
140,
260,
254,
231,
731,
222,
990,
753,
226,
225,
89,
252,
239,
221,
818,
130,
221,
332,
225,
40,
353,
718,
273,
214,
553,
168,
561,
190,
205,
287,
605,
145,
214,
812,
628,
40,
218,
278,
312,
41,
216,
486,
189,
141,
182,
187,
184,
451,
292,
42,
169,
595,
375,
268,
267,
516,
211,
730,
430,
719,
416,
217,
293,
43,
1148,
644,
544,
155,
240,
184,
474,
264,
305,
399,
573,
42,
431,
788,
616,
193,
1141,
577,
1102,
638,
742,
626,
450,
224,
350,
228,
212,
910,
709,
211,
468,
405,
235,
526,
400,
361,
624,
636,
831,
503,
580,
171,
245,
158,
577,
536,
334,
396,
495,
352,
629,
493,
435,
584,
481,
668,
618,
381,
420,
754,
301,
575,
375,
191,
239,
273,
106,
649,
435,
46,
407,
141,
452,
179,
256,
603,
220,
44,
380,
749,
204,
99,
601,
132,
96,
847,
601,
343,
88,
466,
315,
392,
106,
274,
766,
42,
362,
373,
241,
402,
568,
617,
346,
788,
381,
1718,
76,
411,
590,
323,
348,
362,
225,
345,
580,
206,
300,
346,
154,
320,
329,
1119,
402,
352,
550,
314,
1127,
1116,
49,
262,
310,
338,
1041,
224,
486,
2055,
873,
46,
306,
119,
182,
277,
235,
176,
1042,
952,
321,
174,
182,
367,
895,
325,
688,
830,
330,
892,
85,
703,
57,
601,
803,
807,
638,
558,
827,
217,
107,
445,
648,
105,
271,
245,
376,
821,
157,
294,
341,
156,
813,
445,
436,
219,
201,
718,
395,
1168,
58,
540,
217,
176,
417,
98,
576,
206,
167,
773,
222,
196,
420,
406,
430,
40,
190,
117,
521,
194,
154,
478,
188,
133,
675,
183,
909,
662,
1161,
329,
161,
277,
336,
176,
736,
730,
812,
86,
650,
132,
662,
466,
264,
348,
186,
172,
610,
225,
338,
353,
304,
579,
508,
159,
420,
465,
554,
288,
45,
270,
543,
156,
626,
456,
633,
429,
499,
548,
579,
341,
689,
46,
506,
709,
136,
426,
424,
570,
262,
454,
703,
293,
250,
723,
281,
343,
595,
1195,
720,
566,
412,
542,
702,
339,
313,
592,
718,
255,
400,
123,
271,
711,
249,
395,
439,
480,
379,
542,
112,
267,
109,
39,
354,
602,
95,
119,
314,
223,
416,
468,
224,
274,
199,
603,
477,
572,
453,
297,
335,
374,
100,
42,
293,
417,
301,
327,
256,
407,
132,
263,
304,
337,
173,
243,
446,
384,
638,
390,
494,
377,
442,
265,
212,
580,
768,
252,
445,
618,
509,
544,
388,
373,
376,
454,
316,
516,
1137,
315,
283,
129,
788,
345,
313,
614,
688,
190,
527,
624,
237,
253,
328,
520,
228,
459,
183,
253,
450,
881,
242,
180,
209,
228,
877,
117,
602,
40,
547,
65,
201,
156,
226,
111,
212,
607,
346,
218,
770,
785,
149,
205,
425,
485,
111,
110,
235,
258,
224,
875,
224,
200,
245,
534,
178,
213,
508,
137,
861,
330,
2292,
158,
459,
227,
111,
78,
92,
2212,
230,
260,
185,
238,
219,
124,
77,
231,
133,
247,
285,
242,
182,
274,
414,
202,
567,
187,
59,
566,
320,
229,
546,
525,
791,
454,
666,
487,
461,
566,
220,
203,
638,
467,
57,
221,
517,
672,
735,
549,
203,
210,
674,
46,
774,
684,
445,
803,
723,
221,
290,
191,
1232,
563,
784,
671,
620,
640,
369,
328,
203,
687,
207,
435,
498,
609,
429,
340,
350,
289,
525,
522,
183,
262,
127,
471,
360,
493,
347,
302,
368,
458,
449,
552,
515,
463,
493,
349,
413,
317,
97,
286,
328,
243,
406,
324,
346,
223,
254,
486,
360,
345,
218,
408,
380,
293,
113,
299,
281,
378,
388,
66,
423,
575,
314,
800,
406,
1822,
491,
527,
286,
377,
378,
411,
1813,
493,
284,
621,
631,
47,
423,
477,
46,
513,
392,
44,
376,
423,
415,
335,
680,
395,
352,
69,
159,
554,
501,
689,
341,
1105,
571,
315,
49,
1201,
340,
248,
213,
653,
164,
1788,
147,
1042,
979,
692,
327,
245,
187,
213,
950,
184,
81,
200,
181,
907,
227,
59,
239,
1045,
440,
485,
447,
215,
261,
258,
164,
211,
195,
240,
245,
464,
169,
237,
207,
210,
202,
41,
191,
594,
207,
103,
194,
608,
83,
221,
126,
85,
212,
363,
184,
84,
130,
189,
909,
494,
918,
550,
523,
565,
909,
456,
127,
477,
361,
676,
1159,
170,
448,
583,
332,
444,
1159,
657,
34,
513,
433,
526,
558,
416,
302,
317,
543,
869,
234,
761,
754,
628,
791,
300,
316,
360,
679,
728,
304,
647,
318,
528,
43,
303,
408,
214,
155,
617,
498,
369,
387,
238,
41,
437,
326,
183,
300,
295,
326,
591,
317,
633,
880,
398,
209,
900,
373,
1021,
158,
507,
276,
412,
300,
366,
382,
40,
314,
370,
292,
366,
117,
295,
341,
428,
288,
318,
330,
108,
330,
316,
410,
224,
135,
204,
392,
701,
108,
303,
90,
31,
266,
265,
630,
311,
939,
365,
318,
300,
291,
373,
332,
592,
275,
880,
1807,
759,
69,
347,
274,
298,
407,
769,
43,
508,
327,
42,
414,
262,
356,
297,
296,
290,
690,
618,
253,
288,
193,
266,
613,
1207,
880,
251,
429,
437,
40,
1042,
213,
1039,
1252,
196,
217,
1035,
1205,
41,
326,
462,
325,
407,
172,
632,
159,
42,
176,
727,
341,
33,
2304,
128,
428,
630,
448,
342,
224,
348,
1160,
2291,
892,
887,
537,
391,
982,
327,
111,
130,
214,
163,
338,
45,
147,
205,
211,
413,
252,
266,
84,
323,
368,
192,
226,
307,
597,
381,
321,
206,
263,
271,
267,
345,
302,
679,
188,
669,
331,
297,
349,
466,
616,
906,
198,
305,
594,
633,
729,
825,
972,
333,
274,
328,
101,
300,
965,
283,
349,
723,
694,
267,
508,
594,
293,
875,
348,
504,
260,
341,
587,
541,
393,
527,
556,
689,
341,
466,
386,
1005,
532,
405,
259,
892,
536,
342,
144,
325,
521,
41,
676,
681,
286,
35,
756,
471,
666,
515,
417,
770,
463,
515,
560,
320,
284,
638,
831,
325,
796,
638,
420,
527,
680,
752,
431,
772,
435,
33,
719,
40,
340,
355,
901,
823,
450,
510,
40,
690,
572,
760,
72,
405,
630,
1360,
236,
126,
455,
43,
35,
234,
197,
948,
271,
432,
475,
672,
42,
299,
540,
261,
715,
719,
286,
608,
256,
630,
35,
274,
899,
586,
724,
64,
182,
234,
875,
411,
605,
378,
52,
681,
353,
707,
528,
52,
181,
337,
555,
484,
524,
1103,
268,
384,
326,
596,
1037,
497,
403,
48,
616,
275,
150,
310,
343,
232,
330,
228,
207,
51,
227,
234,
738,
52,
208,
615,
45,
972,
224,
606,
194,
361,
147,
254,
261,
617,
174,
665,
323,
45,
1064,
885,
329,
314,
294,
540,
157,
892,
44,
722,
725,
285,
488,
812,
1066,
712,
494,
900,
722,
639,
285,
551,
270,
702,
293,
544,
582,
445,
726,
580,
580,
775,
303,
330,
165,
1091,
162,
44,
879,
541,
713,
76,
320,
576,
958,
614,
755,
509,
137,
907,
278,
320,
453,
813,
167,
319,
779,
721,
1009,
302,
302,
1086,
276,
273,
1245,
681,
272,
311,
302,
249,
111,
702,
1193,
132,
894,
477,
1015,
291,
46,
99,
836,
545,
1239,
355,
570,
467,
927,
242,
339,
191,
632,
977,
194,
351,
249,
566,
102,
779,
258,
423,
553,
640,
629,
969,
184,
365,
662,
1189,
327,
192,
312,
46,
367,
41,
450,
368,
348,
359,
398,
558,
492,
211,
752,
386,
105,
357,
485,
283,
638,
360,
389,
619,
796,
559,
316,
380,
835,
349,
398,
541,
31,
381,
1913,
288,
1905,
402,
1816,
387,
1114,
275,
44,
1111,
343,
325,
361,
321,
260,
36,
334,
68,
380,
345,
370,
341,
287,
67,
234,
1130,
46,
1108,
266,
67,
73,
641,
263,
1036,
1128,
337,
1024,
1021,
34,
548,
307,
238,
328,
195,
183,
189,
1162,
547,
329,
1128,
217,
644,
186,
165,
37,
1128,
720,
803,
382,
197,
236,
140,
353,
715,
299,
168,
296,
657,
1166,
180,
1086,
270,
126,
987,
577,
272,
614,
247,
306,
430,
46,
604,
184,
327,
246,
96,
109,
555,
213,
278,
187,
792,
424,
497,
634,
1180,
340,
722,
565,
918,
331,
579,
298,
503,
491,
293,
743,
1087,
325,
160,
355,
327,
279,
132,
811,
172,
164,
360,
383,
105,
159,
337,
262,
759,
448,
635,
155,
246,
1182,
891,
648,
293,
369,
777,
171,
239,
220,
250,
905,
549,
331,
633,
44,
484,
464,
311,
898,
411,
444,
627,
472,
920,
198,
911,
879,
561,
131,
155,
433,
1103,
368,
533,
439,
388,
321,
894,
166,
1102,
587,
399,
558,
983,
573,
393,
910,
644,
288,
931,
31,
785,
809,
480,
167,
434,
712,
119,
375,
472,
793,
361,
178,
1018,
1019,
392,
177,
374,
244,
130,
324,
570,
700,
181,
251,
388,
228,
303,
456,
605,
544,
448,
376,
611,
151,
98,
393,
424,
528,
932,
351,
575,
338,
655,
48,
584,
1106,
46,
207,
1105,
987,
74,
382,
45,
207,
365,
305,
994,
979,
362,
279,
203,
46,
225,
635,
715,
992,
349,
1838,
173,
392,
586,
438,
48,
44,
447,
70,
401,
526,
371,
312,
1035,
352,
59,
1458,
189,
181,
298,
372,
296,
268,
712,
324,
259,
884,
717,
42,
44,
788,
403,
350,
234,
187,
1469,
200,
1063,
355,
145,
185,
219,
1215,
165,
115,
317,
161,
627,
1168,
544,
399,
417,
663,
123,
267,
993,
274,
373,
804,
300,
383,
250,
321,
317,
188,
527,
285,
874,
526,
151,
390,
256,
967,
794,
814,
154,
611,
1094,
377,
1092,
385,
356,
857,
557,
650,
414,
90,
1088,
722,
389,
278,
382,
420,
738,
242,
351,
375,
212,
660,
173,
369,
274,
650,
166,
172,
830,
812,
870,
488,
371,
519,
517,
171,
437,
621,
476,
515,
209,
599,
902,
113,
168,
197,
180,
650,
260,
404,
804,
614,
438,
244,
344,
800,
139,
115,
200,
711,
979,
501,
1199,
177,
123,
205,
443,
927,
661,
203,
217,
70,
259,
69,
831,
453,
36,
820,
1002,
297,
196,
410,
157,
220,
426,
331,
421,
334,
422,
364,
149,
239,
758,
117,
748,
34,
407,
323,
169,
739,
192,
398,
160,
524,
131,
645,
416,
1901,
950,
628,
73,
403,
408,
666,
492,
355,
89,
385,
83,
1015,
995,
184,
81,
1118,
1149,
1099,
418,
721,
521,
399,
1231,
494,
691,
1035,
428,
420,
1231,
525,
1035,
345,
152,
1034,
352,
174,
448,
414,
152,
1034,
1460,
357,
148,
277,
494,
47,
402,
1024,
379,
427,
223,
374,
186,
379,
1454,
393,
254,
354,
588,
160,
301,
372,
436,
822,
343,
244,
223,
351,
335,
79,
414,
228,
330,
805,
325,
156,
735,
201,
134,
182,
431,
30,
999,
126,
419,
541,
386,
274,
296,
188,
807,
137,
1467,
208,
802,
244,
255,
211,
545,
668,
239,
721,
1799,
805,
181,
810,
369,
373,
157,
244,
545,
154,
730,
131,
157,
313,
803,
1053,
641,
239,
461,
1164,
203,
398,
650,
392,
371,
700,
511,
1062,
661,
715,
714,
103,
165,
573,
171,
381,
158,
159,
745,
1086,
476,
740,
198,
414,
168,
686,
508,
805,
109,
1167,
424,
419,
172,
483,
698,
999,
155,
529,
688,
414,
890,
1163,
192,
108,
1174,
391,
377,
521,
117,
122,
417,
109,
385,
387,
1076,
559,
1062,
668,
371,
133,
688,
371,
446,
469,
630,
523,
328,
119,
698,
542,
653,
446,
380,
149,
459,
31,
139,
177,
193,
749,
120,
666,
509,
824,
191,
683,
316,
840,
124,
259,
369,
357,
160,
705,
353,
222,
205,
358,
145,
452,
614,
840,
1175,
396,
220,
472,
360,
527,
1091,
292,
402,
119,
654,
325,
546,
757,
390,
573,
664,
560,
319,
2465,
308,
1188,
424,
127,
546,
540,
